   31.5    -5.59   0.043  -0.0012
   32.8    -5.86   0.082   0.0017
   34.2    -6.12   0.126   0.0007
   35.6    -6.67   0.169  -0.0063
   36.9    -7.32   0.210  -0.0122
   38.3    -7.44   0.250  -0.0124
   39.6    -8.37   0.295  -0.0199
   41.1    -8.47   0.337  -0.0173
   42.4    -9.17   0.379  -0.0178
   44.0    -9.02   0.423  -0.0174
   45.4    -9.91   0.466  -0.0187
   46.8   -10.27   0.510  -0.0207
   48.3   -10.61   0.555  -0.0213
   49.8   -10.99   0.599  -0.0266
   51.1   -11.27   0.637  -0.0275
   52.3   -12.22   0.679  -0.0283
   53.7   -12.05   0.721  -0.0260
   55.1   -12.42   0.764  -0.0300
   56.4   -13.19   0.805  -0.0311
   57.8   -12.95   0.846  -0.0323
   59.0   -13.93   0.888  -0.0331
   60.3   -13.92   0.929  -0.0318
   61.5   -14.45   0.970  -0.0311
   62.5   -15.17   1.012  -0.0333
   64.0   -14.97   1.056  -0.0315
   65.3   -15.27   1.100  -0.0352
   66.5   -15.81   1.141  -0.0436
   67.6   -16.08   1.182  -0.0427
   68.8   -16.54   1.224  -0.0696
   69.9   -16.96   1.265  -0.0717
   71.1   -17.04   1.308  -0.0762
   72.3   -16.56   1.349  -0.0708
   73.3   -17.64   1.391  -0.0782
   74.4   -17.88   1.431  -0.0611
   75.4   -18.32   1.473  -0.0741
   76.5   -18.18   1.515  -0.0780
   77.5   -18.72   1.558  -0.0835
   78.9   -18.55   1.648  -0.0793
   80.7   -19.49   1.689  -0.0873
   81.8   -19.30   1.731  -0.0914
   82.7   -19.50   1.773  -0.0908
   83.6   -20.24   1.816  -0.0872
   84.6   -20.34   1.855  -0.0894
   85.4   -20.38   1.894  -0.0887
   86.2   -20.88   1.937  -0.0913
   88.7   -20.93   2.082  -0.0937
   90.1   -21.82   2.126  -0.1000
   91.2   -21.57   2.169  -0.0652
   92.1   -21.26   2.210  -0.0610
   92.7   -22.16   2.252  -0.0623
   93.4   -22.48   2.294  -0.0644
   94.3   -22.35   2.337  -0.0617
   95.0   -22.31   2.380  -0.0594
   95.7   -23.10   2.422  -0.0603
   96.5   -23.09   2.463  -0.0678
   97.2   -22.92   2.504  -0.0684
   97.9   -23.38   2.546  -0.0574
   98.5   -23.50   2.586  -0.0623
   99.3   -23.56   2.629  -0.0621
   99.9   -23.69   2.674  -0.0472
  100.5   -24.25   2.717  -0.0576
  101.3   -23.99   2.760  -0.0736
  101.9   -24.07   2.801  -0.0853
  102.4   -24.58   2.841  -0.0875
  103.0   -24.66   2.882  -0.0855
  103.8   -24.31   2.925  -0.0838
  104.3   -24.81   2.968  -0.0845
  105.1   -24.59   3.027  -0.0902
  105.8   -24.54   3.070  -0.0933
  106.2   -25.23   3.112  -0.0925
  106.8   -25.41   3.156  -0.0899
  107.4   -25.32   3.198  -0.0904
  108.0   -24.72   3.241  -0.0964
  108.4   -25.43   3.285  -0.0970
  108.9   -25.54   3.326  -0.1034
  109.6   -25.30   3.369  -0.1058
  110.0   -25.81   3.410  -0.1123
  110.4   -25.85   3.452  -0.1063
  110.9   -25.83   3.496  -0.1028
  111.5   -25.73   3.538  -0.0999
  111.8   -26.25   3.579  -0.1109
  112.3   -26.06   3.623  -0.0996
  112.8   -26.13   3.667  -0.0937
  113.2   -26.48   3.711  -0.1100
  113.6   -26.45   3.755  -0.1136
  113.9   -27.02   3.796  -0.1491
  114.6   -26.38   3.837  -0.1527
  114.9   -26.64   3.881  -0.1596
  115.4   -26.45   3.922  -0.1583
  115.8   -26.52   3.965  -0.1551
  116.0   -26.92   4.007  -0.1606
  116.4   -26.95   4.049  -0.1583
  116.8   -27.13   4.092  -0.1662
  117.2   -26.94   4.134  -0.1650
  117.6   -26.79   4.184  -0.1699
  117.9   -27.48   4.229  -0.1753
  118.4   -27.09   4.272  -0.1739
  118.7   -27.36   4.315  -0.1738
  119.0   -27.37   4.356  -0.1778
  119.2   -27.92   4.399  -0.1741
  119.6   -27.73   4.442  -0.1761
  119.9   -27.92   4.485  -0.1828
  120.2   -27.82   4.528  -0.1783
  120.5   -27.69   4.569  -0.1740
  120.7   -28.52   4.611  -0.1722
  121.1   -27.85   4.654  -0.1748
  121.4   -28.05   4.697  -0.1811
  121.6   -28.02   4.738  -0.1828
  122.0   -27.80   4.782  -0.1819
  122.2   -28.18   4.825  -0.1845
  122.4   -28.53   4.868  -0.1911
  122.8   -28.34   4.907  -0.1923
  123.0   -28.54   4.949  -0.1873
  123.2   -28.57   4.992  -0.1914
  123.4   -28.74   5.034  -0.1964
  123.6   -28.48   5.077  -0.1964
  123.9   -28.68   5.118  -0.1976
  124.1   -29.02   5.160  -0.1939
  124.2   -29.01   5.201  -0.1927
  124.5   -29.05   5.243  -0.2018
  124.8   -28.92   5.285  -0.2006
  124.9   -29.28   5.329  -0.2042
  125.2   -28.99   5.372  -0.2098
  125.5   -28.88   5.415  -0.2099
  125.6   -29.09   5.458  -0.2086
  125.8   -29.14   5.502  -0.2088
  126.0   -29.15   5.542  -0.2128
  126.2   -29.02   5.586  -0.2195
  126.3   -29.35   5.627  -0.2162
  126.6   -29.11   5.667  -0.2151
  126.8   -28.97   5.709  -0.2197
  126.9   -29.01   5.751  -0.2266
  127.0   -29.61   5.792  -0.2261
  127.2   -29.63   5.837  -0.2247
  127.5   -29.05   5.879  -0.2268
  127.6   -29.39   5.922  -0.2281
  127.6   -29.90   5.964  -0.2318
  127.7   -29.98   6.005  -0.2317
  128.0   -29.60   6.047  -0.2285
  128.1   -29.64   6.089  -0.2277
  128.3   -29.59   6.131  -0.2303
  128.3   -30.10   6.173  -0.2303
  128.4   -30.41   6.219  -0.2320
  128.7   -29.72   6.263  -0.2302
  128.8   -30.02   6.305  -0.2303
  128.8   -30.39   6.346  -0.2393
  129.0   -30.41   6.390  -0.2430
  129.1   -30.25   6.433  -0.2383
  129.3   -29.93   6.474  -0.2333
  129.4   -29.98   6.516  -0.2319
  129.3   -30.83   6.560  -0.2366
  129.7   -30.05   6.601  -0.2395
  129.7   -30.44   6.643  -0.2368
  129.9   -29.89   6.684  -0.2350
  129.9   -30.48   6.728  -0.2360
  129.9   -30.60   6.771  -0.2450
  130.2   -30.35   6.811  -0.2526
  130.1   -30.46   6.855  -0.2487
  130.2   -30.77   6.898  -0.2591
  130.4   -30.46   6.941  -0.2598
  130.5   -30.44   6.984  -0.2561
  130.6   -30.16   7.028  -0.2565
  130.6   -30.62   7.071  -0.2398
  130.7   -30.38   7.113  -0.2471
  130.8   -30.58   7.154  -0.2566
  130.9   -30.80   7.195  -0.2598
  130.9   -30.77   7.237  -0.2570
  131.0   -30.63   7.278  -0.2614
  131.0   -30.80   7.322  -0.2623
  131.1   -30.73   7.362  -0.2509
  131.4   -30.13   7.403  -0.2500
  131.3   -30.55   7.445  -0.2490
  131.3   -30.67   7.487  -0.2712
  131.6   -30.10   7.528  -0.2677
  131.5   -30.55   7.571  -0.2661
  131.5   -30.70   7.613  -0.2724
  131.7   -30.44   7.658  -0.2679
  131.6   -30.90   7.701  -0.2579
  131.8   -30.35   7.742  -0.2598
  131.7   -31.01   7.783  -0.2637
  132.0   -29.98   7.825  -0.2631
  131.8   -31.08   7.866  -0.2705
  131.9   -30.68   7.910  -0.2601
  132.0   -30.51   7.955  -0.2591
  132.0   -30.38   8.000  -0.2755
  132.0   -30.74   8.042  -0.2730
  132.0   -30.75   8.082  -0.2618
  132.1   -30.72   8.125  -0.2795
  132.0   -30.77   8.167  -0.2854
  132.2   -30.61   8.208  -0.2629
  132.2   -30.62   8.250  -0.2702
  132.3   -30.39   8.292  -0.2745
  132.3   -30.44   8.333  -0.2839
  132.4   -30.16   8.375  -0.2809
  132.5   -30.07   8.417  -0.2823
  132.3   -30.77   8.460  -0.2778
  132.4   -30.45   8.507  -0.2840
  132.5   -30.39   8.554  -0.2843
  132.6   -30.25   8.601  -0.2881
  132.6   -30.27   8.648  -0.2851
  132.6   -30.15   8.697  -0.2896
  132.6   -30.13   8.745  -0.2856
  132.6   -30.02   8.793  -0.2749
  132.7   -30.08   8.840  -0.2788
  132.7   -29.90   8.887  -0.2884
  132.7   -29.80   8.934  -0.2880
  132.7   -30.37   8.982  -0.2928
  132.7   -30.13   9.030  -0.2929
  132.8   -29.55   9.080  -0.2891
  132.8   -29.89   9.127  -0.2925
  132.8   -29.94   9.176  -0.2953
  132.8   -29.80   9.224  -0.2891
  132.9   -29.57   9.272  -0.2921
  132.8   -29.50   9.320  -0.2899
  132.9   -29.53   9.368  -0.2938
  133.0   -29.19   9.417  -0.2960
  133.0   -29.33   9.463  -0.2912
  132.9   -29.66   9.509  -0.2973
  132.8   -29.65   9.556  -0.3070
  132.9   -29.55   9.604  -0.3032
  132.8   -29.84   9.653  -0.3007
  132.8   -29.34   9.701  -0.3048
  133.0   -28.76   9.748  -0.3062
  133.1   -28.86   9.796  -0.3043
  132.9   -29.14   9.844  -0.3019
  132.8   -29.35   9.892  -0.3022
  132.9   -29.01   9.940  -0.3063
  132.8   -29.53   9.988  -0.3047
  132.9   -28.77  10.037  -0.3067
  133.1   -28.24  10.083  -0.2973
  133.0   -28.55  10.130  -0.3035
  132.9   -28.76  10.178  -0.3066
  132.9   -28.83  10.226  -0.3123
  132.8   -28.63  10.273  -0.3042
  132.9   -28.46  10.322  -0.3087
  132.8   -28.92  10.371  -0.3015
  132.9   -28.35  10.420  -0.3129
  133.0   -27.90  10.468  -0.3124
  132.9   -28.25  10.515  -0.3114
  132.7   -28.81  10.564  -0.3032
  132.7   -28.51  10.613  -0.3001
  132.9   -27.94  10.660  -0.3117
  132.7   -28.09  10.708  -0.3129
  132.7   -28.36  10.754  -0.3205
  132.8   -28.02  10.803  -0.3192
  132.7   -28.04  10.851  -0.3199
  132.9   -27.60  10.898  -0.3190
  132.7   -27.69  10.947  -0.3038
  132.6   -28.16  10.994  -0.3146
  132.6   -27.67  11.041  -0.3198
  132.7   -27.65  11.089  -0.3109
  132.6   -27.63  11.136  -0.3141
  132.7   -27.03  11.186  -0.3172
  132.6   -27.52  11.235  -0.3164
  132.7   -27.03  11.283  -0.3230
  132.6   -27.30  11.331  -0.3137
  132.6   -27.11  11.380  -0.3189
  132.6   -27.09  11.427  -0.3242
  132.5   -27.18  11.475  -0.3203
  132.6   -26.76  11.521  -0.3241
  132.5   -26.78  11.568  -0.3229
  132.6   -26.54  11.616  -0.3320
  132.5   -26.51  11.666  -0.3137
  132.4   -26.46  11.714  -0.2954
  132.4   -26.64  11.763  -0.3185
  132.5   -26.19  11.810  -0.3207
  132.4   -26.59  11.863  -0.3182
  132.4   -26.05  11.915  -0.3214
  132.3   -26.19  11.964  -0.3229
  132.2   -26.43  12.013  -0.3365
  132.3   -26.19  12.061  -0.3322
  132.3   -25.63  12.108  -0.3271
  132.1   -26.17  12.156  -0.3324
  132.1   -26.10  12.203  -0.3317
  132.2   -25.64  12.251  -0.3372
  132.1   -25.73  12.300  -0.3370
  132.1   -25.44  12.349  -0.3405
  132.0   -25.83  12.397  -0.3411
  132.2   -24.91  12.446  -0.3337
  131.9   -25.62  12.492  -0.3269
  132.1   -25.14  12.541  -0.3274
  132.0   -25.20  12.590  -0.3308
  131.8   -25.53  12.638  -0.3222
  131.8   -25.18  12.686  -0.3160
  131.8   -25.04  12.734  -0.2919
  131.9   -24.81  12.783  -0.2490
  131.7   -25.43  12.831  -0.2679
  131.9   -24.51  12.878  -0.2910
  131.8   -24.59  12.927  -0.2660
  131.7   -24.75  12.975  -0.2587
  131.7   -24.50  13.022  -0.3060
  131.7   -24.45  13.070  -0.3232
  131.6   -24.49  13.118  -0.3239
  131.6   -24.32  13.166  -0.3170
  131.6   -23.87  13.214  -0.3222
  131.4   -24.36  13.262  -0.3265
  131.6   -23.64  13.310  -0.3321
  131.5   -24.10  13.358  -0.3266
  131.4   -24.28  13.406  -0.3262
  131.5   -23.77  13.454  -0.3260
  131.5   -23.67  13.502  -0.3280
  131.4   -23.66  13.549  -0.3312
  131.3   -23.76  13.598  -0.3281
  131.4   -23.26  13.645  -0.3284
  131.4   -23.48  13.693  -0.3280
  131.3   -23.45  13.741  -0.3201
  131.3   -23.31  13.789  -0.3237
  131.2   -23.34  13.836  -0.3233
  131.3   -22.85  13.884  -0.3118
  131.3   -22.76  13.932  -0.3205
  131.2   -22.98  13.980  -0.3306
  131.3   -22.62  14.027  -0.3258
  131.3   -22.62  14.076  -0.3288
  131.3   -22.43  14.124  -0.3248
  131.2   -22.98  14.172  -0.3195
  131.1   -22.89  14.219  -0.3237
  131.2   -22.59  14.268  -0.3213
  131.1   -22.81  14.316  -0.3230
  131.3   -22.11  14.364  -0.3182
  131.2   -22.65  14.411  -0.3119
  131.2   -22.12  14.458  -0.3168
  131.2   -22.43  14.506  -0.3143
  131.2   -22.40  14.553  -0.3031
  131.3   -22.27  14.600  -0.3044
  131.3   -21.95  14.648  -0.3081
  131.3   -22.26  14.696  -0.2948
  131.4   -22.10  14.743  -0.3019
  131.5   -22.01  14.792  -0.3000
  131.6   -21.33  14.841  -0.2927
  131.4   -22.38  14.889  -0.2888
  131.6   -22.26  14.937  -0.2963
  131.7   -21.77  14.984  -0.2853
  131.7   -22.00  15.032  -0.2870
  131.9   -21.88  15.079  -0.2844
  132.0   -21.88  15.127  -0.2937
  132.1   -21.47  15.175  -0.2870
  132.2   -21.55  15.223  -0.2763
  132.3   -21.46  15.271  -0.2876
  132.3   -21.69  15.320  -0.2849
  132.4   -22.08  15.369  -0.2833
  132.8   -21.07  15.418  -0.2890
  132.6   -21.94  15.466  -0.2840
  132.8   -21.70  15.514  -0.2777
  132.9   -22.07  15.561  -0.2789
  133.1   -21.89  15.608  -0.2792
  133.3   -21.71  15.657  -0.2823
  133.5   -21.95  15.705  -0.2918
  133.6   -22.07  15.752  -0.2697
  133.7   -21.97  15.799  -0.2693
  133.9   -22.32  15.846  -0.2772
  134.2   -21.67  15.893  -0.2738
  134.3   -22.18  15.940  -0.2815
  134.5   -22.26  15.987  -0.2840
  134.7   -22.16  16.034  -0.2826
  134.9   -22.46  16.082  -0.2855
  135.2   -22.26  16.130  -0.2769
  135.5   -22.05  16.179  -0.2765
  135.6   -22.36  16.227  -0.2770
  135.9   -22.22  16.275  -0.2811
  136.1   -22.61  16.322  -0.2755
  136.5   -22.00  16.369  -0.2776
  136.7   -22.39  16.417  -0.2815
  136.9   -22.47  16.465  -0.2728
  137.2   -22.65  16.514  -0.2507
  137.5   -22.76  16.560  -0.2474
  137.8   -22.09  16.608  -0.2611
  138.0   -23.09  16.655  -0.2765
  138.2   -23.42  16.702  -0.2851
  138.7   -23.05  16.750  -0.2868
  139.0   -22.84  16.798  -0.2558
  139.2   -23.38  16.845  -0.2549
  139.5   -23.55  16.894  -0.2605
  139.9   -23.48  16.942  -0.2703
  140.3   -23.59  16.990  -0.2588
  140.7   -23.29  17.039  -0.2620
  140.9   -23.84  17.085  -0.2679
  141.4   -23.89  17.133  -0.2792
  141.8   -23.79  17.180  -0.2891
  142.1   -23.97  17.226  -0.2831
  142.4   -23.93  17.272  -0.2809
  142.8   -24.26  17.320  -0.2598
  143.2   -24.39  17.369  -0.2617
  143.4   -24.79  17.416  -0.2547
  143.9   -24.38  17.462  -0.2535
  144.2   -24.86  17.509  -0.2539
  144.6   -25.12  17.559  -0.2606
  145.1   -24.87  17.605  -0.2603
  145.4   -25.34  17.652  -0.2683
  145.9   -25.25  17.699  -0.2600
  146.2   -25.56  17.746  -0.2617
  146.7   -25.64  17.793  -0.2752
  147.2   -25.62  17.841  -0.2699
  147.6   -25.81  17.889  -0.2790
  148.0   -25.86  17.936  -0.2782
  148.4   -26.30  17.983  -0.2837
  148.8   -26.20  18.031  -0.2729
  149.2   -26.62  18.078  -0.2717
  149.7   -26.32  18.126  -0.2688
  150.1   -27.00  18.174  -0.2688
  150.4   -27.07  18.222  -0.2569
  151.0   -27.25  18.271  -0.2780
  151.5   -26.91  18.320  -0.2821
  151.9   -27.57  18.367  -0.2919
  152.3   -27.96  18.415  -0.2894
  152.8   -27.95  18.463  -0.2901
  153.5   -27.29  18.511  -0.3131
  153.9   -27.94  18.560  -0.3072
  154.3   -28.14  18.608  -0.3133
  154.9   -28.06  18.655  -0.3064
  155.2   -28.54  18.703  -0.3092
  155.8   -28.34  18.750  -0.3057
  156.2   -28.97  18.798  -0.3101
  156.7   -29.13  18.847  -0.3177
  157.1   -29.41  18.895  -0.3167
  157.6   -29.52  18.943  -0.3257
  158.3   -28.83  18.990  -0.3180
  158.8   -29.27  19.037  -0.3209
  159.2   -29.37  19.085  -0.3221
  159.5   -30.46  19.131  -0.3228
  160.2   -29.94  19.181  -0.3175
  160.7   -29.82  19.228  -0.3073
  161.1   -30.59  19.275  -0.3014
  161.6   -30.55  19.324  -0.3133
  162.1   -30.99  19.371  -0.3232
  162.6   -30.99  19.419  -0.3130
  163.1   -31.21  19.468  -0.3246
  163.8   -30.81  19.515  -0.3237
  164.2   -31.24  19.563  -0.3230
  164.8   -31.44  19.612  -0.3245
  165.2   -31.92  19.660  -0.3369
  165.8   -31.62  19.708  -0.3333
  166.2   -32.16  19.755  -0.3455
  166.8   -32.32  19.804  -0.3434
  167.3   -32.67  19.851  -0.3514
  167.8   -32.87  19.899  -0.3503
  168.3   -33.08  19.947  -0.3518
  168.8   -33.14  19.995  -0.3538
  169.5   -32.75  20.043  -0.3542
  169.9   -33.20  20.090  -0.3548
  170.4   -33.07  20.138  -0.3576
  170.9   -33.62  20.186  -0.3535
  171.4   -33.79  20.233  -0.3609
  172.0   -33.52  20.281  -0.3561
  172.5   -33.90  20.329  -0.3493
  173.2   -33.89  20.379  -0.3608
  173.5   -34.42  20.427  -0.3658
  174.2   -34.32  20.475  -0.3663
  174.7   -34.30  20.522  -0.3709
  175.1   -34.94  20.569  -0.3818
  175.7   -34.46  20.616  -0.3803
  176.3   -34.58  20.664  -0.3836
  176.9   -34.50  20.711  -0.3919
  177.3   -35.07  20.758  -0.3859
  177.8   -35.08  20.806  -0.3991
  178.2   -35.26  20.853  -0.3961
  179.0   -34.87  20.901  -0.3925
  179.2   -35.92  20.949  -0.3930
  179.9   -35.52  20.997  -0.4048
  180.4   -35.70  21.045  -0.4073
  181.0   -35.68  21.093  -0.4037
  181.7   -35.32  21.142  -0.4127
  182.1   -35.96  21.191  -0.4163
  182.6   -35.97  21.239  -0.4096
  183.0   -36.05  21.285  -0.4194
  183.5   -36.22  21.332  -0.4197
  184.0   -36.18  21.379  -0.4253
  184.6   -36.07  21.427  -0.4251
  185.2   -36.37  21.476  -0.4170
  185.8   -35.87  21.525  -0.4221
  186.1   -36.82  21.573  -0.4176
  186.7   -36.73  21.621  -0.4286
  187.2   -36.79  21.669  -0.4255
  187.8   -36.66  21.717  -0.4275
  188.4   -36.19  21.764  -0.4293
  188.9   -36.65  21.812  -0.4317
  189.5   -36.48  21.860  -0.4372
  189.9   -36.63  21.908  -0.4398
  190.4   -37.00  21.955  -0.4410
  191.0   -36.81  22.005  -0.4441
  191.6   -36.44  22.053  -0.4469
  191.9   -37.24  22.100  -0.4448
  192.6   -36.50  22.148  -0.4408
  193.0   -37.25  22.197  -0.4417
  193.7   -36.62  22.245  -0.4398
  194.2   -36.83  22.293  -0.4435
  194.7   -36.95  22.340  -0.4559
  195.2   -36.64  22.387  -0.4399
  195.5   -37.06  22.434  -0.4451
  196.1   -36.78  22.481  -0.4430
  196.8   -36.71  22.530  -0.4402
  197.2   -36.77  22.577  -0.4512
  197.8   -36.27  22.625  -0.4476
  198.2   -36.96  22.672  -0.4451
  198.7   -36.93  22.719  -0.4519
  199.4   -36.41  22.767  -0.4543
  199.9   -36.28  22.815  -0.4495
  200.4   -36.71  22.861  -0.4572
  200.9   -36.69  22.910  -0.4465
  201.4   -36.38  22.958  -0.4520
  201.8   -36.93  23.005  -0.4488
  202.5   -36.38  23.053  -0.4593
  203.0   -36.13  23.100  -0.4651
  203.5   -36.22  23.149  -0.4519
  203.9   -36.39  23.195  -0.4507
  204.6   -35.79  23.243  -0.4568
  205.1   -35.68  23.290  -0.4568
  205.5   -36.30  23.338  -0.4522
  206.0   -36.11  23.385  -0.4554
  206.6   -35.85  23.433  -0.4606
  207.0   -35.85  23.482  -0.4574
  207.7   -35.53  23.529  -0.4568
  208.2   -35.66  23.576  -0.4626
  208.7   -35.80  23.624  -0.4616
  209.1   -35.86  23.674  -0.4592
  209.7   -35.31  23.721  -0.4625
  210.3   -34.87  23.769  -0.4605
  210.8   -35.03  23.818  -0.4687
  211.2   -35.16  23.865  -0.4688
  211.7   -34.89  23.913  -0.4653
  212.3   -35.09  23.962  -0.4709
  212.8   -34.84  24.009  -0.4641
  213.3   -34.58  24.057  -0.4653
  213.8   -34.61  24.105  -0.4654
  214.3   -34.58  24.153  -0.4656
  214.9   -34.33  24.202  -0.4696
  215.5   -33.84  24.249  -0.4607
  215.9   -33.84  24.297  -0.4635
  216.5   -33.77  24.344  -0.4646
  216.8   -33.75  24.392  -0.4626
  217.5   -33.65  24.441  -0.4699
  217.9   -33.40  24.489  -0.4628
  218.4   -33.65  24.536  -0.4622
  219.0   -33.22  24.583  -0.4702
  219.4   -33.41  24.631  -0.4649
  219.9   -33.45  24.679  -0.4668
  220.4   -33.06  24.726  -0.4635
  221.0   -33.13  24.775  -0.4700
  221.5   -32.34  24.822  -0.4723
  222.1   -32.40  24.870  -0.4688
  222.6   -32.28  24.919  -0.4688
  222.9   -32.54  24.967  -0.4663
  223.5   -32.22  25.015  -0.4670
  224.1   -31.75  25.062  -0.4637
  224.5   -31.86  25.109  -0.4687
  225.1   -31.37  25.157  -0.4628
  225.5   -31.48  25.206  -0.4655
  226.1   -31.18  25.254  -0.4671
  226.5   -31.43  25.303  -0.4690
  227.0   -31.61  25.350  -0.4670
  227.6   -31.17  25.399  -0.4686
  228.1   -30.92  25.447  -0.4676
  228.6   -30.70  25.496  -0.4694
  229.2   -30.55  25.544  -0.4651
  229.7   -30.43  25.592  -0.4694
  230.3   -29.80  25.640  -0.4676
  230.6   -30.13  25.689  -0.4640
  231.2   -30.01  25.736  -0.4648
  231.6   -30.15  25.784  -0.4584
  232.2   -29.98  25.832  -0.4674
  232.7   -29.43  25.877  -0.4661
  233.2   -29.41  25.925  -0.4724
  233.8   -28.95  25.973  -0.4727
  234.2   -29.25  26.021  -0.4671
  234.7   -29.29  26.068  -0.4710
  235.3   -28.89  26.116  -0.4629
  235.8   -28.79  26.164  -0.4659
  236.3   -28.22  26.214  -0.4709
  236.8   -28.37  26.262  -0.4713
  237.2   -28.61  26.309  -0.4767
  237.9   -27.88  26.358  -0.4750
  238.5   -27.55  26.405  -0.4770
  238.8   -27.75  26.454  -0.4768
  239.3   -27.72  26.502  -0.4706
  239.9   -27.67  26.552  -0.4794
  240.4   -27.39  26.600  -0.4748
  240.9   -27.21  26.649  -0.4769
  241.3   -27.28  26.696  -0.4771
  241.8   -27.14  26.744  -0.4718
  242.4   -26.68  26.793  -0.4788
  243.0   -26.36  26.842  -0.4804
  243.4   -26.56  26.889  -0.4733
  244.0   -26.24  26.937  -0.4767
  244.5   -26.04  26.985  -0.4801
  245.0   -26.20  27.035  -0.4751
  245.5   -25.75  27.083  -0.4802
  246.1   -25.22  27.130  -0.4747
  246.5   -25.64  27.179  -0.4781
  246.9   -25.60  27.227  -0.4815
  247.4   -25.48  27.275  -0.4815
  248.0   -25.36  27.323  -0.4842
  248.6   -24.80  27.371  -0.4820
  249.1   -24.57  27.420  -0.4833
  249.6   -24.69  27.466  -0.4837
  250.1   -24.30  27.514  -0.4800
  250.6   -24.55  27.562  -0.4775
  251.1   -24.08  27.610  -0.4825
  251.6   -23.78  27.658  -0.4820
  252.0   -24.28  27.706  -0.4843
  252.7   -23.42  27.753  -0.4861
  253.2   -23.52  27.801  -0.4786
  253.6   -23.71  27.849  -0.4822
  254.2   -23.13  27.896  -0.4870
  254.7   -23.04  27.945  -0.4828
  255.2   -22.62  27.991  -0.4807
  255.8   -22.21  28.039  -0.4822
  256.1   -22.93  28.089  -0.4779
  256.8   -22.24  28.137  -0.4816
  257.3   -22.00  28.186  -0.4822
  257.8   -21.78  28.233  -0.4802
  258.2   -21.96  28.281  -0.4836
  258.9   -21.21  28.328  -0.4889
  259.4   -20.90  28.377  -0.4863
  260.0   -20.83  28.425  -0.4891
  260.3   -21.17  28.473  -0.4921
  260.8   -21.17  28.521  -0.4860
  261.4   -20.86  28.569  -0.4854
  262.0   -19.95  28.618  -0.4901
  262.4   -20.25  28.666  -0.4889
  262.9   -20.26  28.715  -0.4934
  263.3   -19.93  28.763  -0.4950
  264.1   -19.25  28.810  -0.4913
  264.4   -19.59  28.857  -0.4915
  264.9   -19.78  28.905  -0.4976
  265.5   -19.22  28.952  -0.4984
  266.0   -19.34  29.000  -0.4955
  266.6   -18.64  29.047  -0.5039
  267.0   -18.49  29.094  -0.4998
  267.4   -19.05  29.141  -0.5028
  268.2   -17.98  29.188  -0.5103
  268.5   -17.88  29.237  -0.5011
  269.2   -17.49  29.284  -0.5032
  269.5   -17.91  29.331  -0.5106
  270.1   -17.40  29.380  -0.5099
  270.7   -17.40  29.429  -0.5145
  271.1   -17.20  29.476  -0.5120
  271.5   -17.57  29.524  -0.5168
  272.0   -17.27  29.572  -0.5207
  272.7   -16.82  29.620  -0.5182
  273.2   -16.66  29.668  -0.5251
  273.6   -16.75  29.715  -0.5220
  274.2   -16.08  29.763  -0.5273
  274.7   -16.08  29.810  -0.5336
  275.1   -15.96  29.857  -0.5273
  275.8   -15.40  29.906  -0.5358
  276.2   -15.51  29.954  -0.5390
  276.7   -15.10  30.001  -0.5372
  277.3   -15.07  30.050  -0.5489
  277.8   -14.57  30.097  -0.5472
  278.3   -14.47  30.145  -0.5444
  278.9   -13.87  30.190  -0.5489
  279.2   -14.29  30.239  -0.5533
  279.8   -14.14  30.287  -0.5609
  280.3   -13.57  30.336  -0.5664
  280.7   -13.72  30.385  -0.5690
  281.3   -13.35  30.432  -0.5735
  281.9   -12.94  30.480  -0.5788
  282.3   -13.17  30.527  -0.5837
  282.8   -12.84  30.576  -0.5928
  283.4   -12.30  30.625  -0.5885
  283.9   -12.06  30.672  -0.5953
  284.6   -11.25  30.720  -0.5974
  285.0   -11.63  30.768  -0.6131
  285.6   -10.86  30.816  -0.6145
  286.1   -10.62  30.863  -0.6123
  286.6   -10.39  30.912  -0.6248
  287.1    -9.79  30.960  -0.6289
  287.5    -9.83  31.008  -0.6432
  288.1    -9.20  31.055  -0.6512
  288.6    -8.97  31.103  -0.6597
  289.1    -8.59  31.150  -0.6727
  289.8    -7.74  31.198  -0.6781
  290.3    -7.25  31.247  -0.6843
  290.8    -6.83  31.295  -0.6921
  291.5    -5.87  31.342  -0.7062
  291.8    -5.85  31.391  -0.7073
  292.4    -5.40  31.437  -0.7229
  293.0    -4.57  31.486  -0.7255
  293.5    -3.68  31.535  -0.7363
  294.1    -3.12  31.583  -0.7410
  294.6    -2.64  31.630  -0.7534
  295.1    -2.08  31.680  -0.7636
  295.6    -1.49  31.727  -0.7800
  296.3    -0.12  31.775  -0.7903
  296.8     0.59  31.825  -0.8011
  297.3     0.91  31.874  -0.8110
  297.8     1.73  31.922  -0.8271
  298.3     2.86  31.972  -0.8328
  298.8     3.02  32.021  -0.8448
  299.5     4.60  32.068  -0.8490
  300.0     4.58  32.130  -0.8621
  300.7     5.77  32.178  -0.8694
  301.2     6.67  32.235  -0.8894
  302.1     8.36  32.304  -0.8891
  302.7     8.75  32.364  -0.9032
  303.4     9.66  32.414  -0.9027
  304.0    10.29  32.463  -0.9228
  304.6    11.34  32.511  -0.9168
  305.1    11.61  32.559  -0.9185
  305.7    12.66  32.606  -0.9288
  306.1    12.86  32.653  -0.9184
  306.7    13.44  32.701  -0.9068
  307.3    14.10  32.750  -0.9125
  307.8    14.36  32.798  -0.8500
  308.4    14.86  32.848  -0.8638
  308.9    15.20  32.897  -0.9217
  309.5    15.83  32.945  -0.9215
  310.0    16.03  32.993  -0.9463
  310.6    16.77  33.040  -0.9475
  311.0    16.47  33.088  -0.9521
  311.5    16.70  33.135  -0.9663
  312.2    17.11  33.184  -0.9354
  312.9    18.07  33.232  -0.9238
  313.4    18.29  33.279  -0.9255
  313.9    18.43  33.326  -0.9555
  314.3    18.00  33.372  -0.9762
  314.9    18.48  33.421  -1.0048
  315.5    18.79  33.470  -1.0276
  315.9    18.44  33.518  -1.0293
  316.4    18.09  33.566  -1.0282
  316.9    18.49  33.613  -1.0450
  317.5    18.42  33.661  -1.0749
  318.1    18.41  33.711  -1.0746
  318.6    18.43  33.759  -1.0701
  319.4    19.36  33.808  -1.0374
  319.9    19.19  33.856  -1.0764
  320.4    19.20  33.904  -1.0880
  320.7    18.54  33.952  -1.1083
  321.4    18.38  34.001  -1.1015
  321.9    18.72  34.048  -1.0718
  322.4    18.39  34.096  -1.0934
  323.0    18.47  34.145  -1.1030
  323.3    17.85  34.192  -1.0477
  324.0    18.16  34.238  -1.0375
  324.6    18.43  34.287  -1.0017
  325.0    17.77  34.335  -1.0676
  325.4    17.70  34.382  -1.0465
  326.0    17.34  34.429  -1.0394
  326.5    17.02  34.478  -1.1005
  327.1    17.39  34.526  -1.1356
  327.6    17.26  34.573  -1.1495
  328.1    16.91  34.620  -1.1454
  328.6    16.60  34.668  -1.1590
  329.1    16.37  34.716  -1.1760
  329.6    16.25  34.765  -1.1715
  330.1    16.08  34.812  -1.1779
  330.6    15.61  34.860  -1.1548
  331.1    15.50  34.907  -1.1245
  331.8    15.92  34.955  -1.1237
  332.2    15.26  35.004  -1.1204
  332.6    14.68  35.052  -1.1376
  333.2    14.68  35.100  -1.0854
  333.7    14.63  35.148  -1.0962
  334.2    14.22  35.197  -1.1028
  334.7    13.95  35.245  -1.1083
  335.3    13.86  35.294  -1.0678
  335.8    13.76  35.344  -1.0798
  336.3    13.03  35.390  -1.0745
  336.9    13.33  35.438  -1.0886
  337.4    13.31  35.486  -1.0882
  337.9    12.84  35.534  -1.0966
  338.2    12.39  35.582  -1.1151
  338.8    11.97  35.630  -1.1225
  339.3    12.02  35.678  -1.1318
  339.9    11.88  35.726  -1.1320
  340.5    11.86  35.774  -1.1439
  340.9    11.46  35.821  -1.1492
  341.3    10.82  35.870  -1.1619
  342.0    11.13  35.918  -1.1610
  342.4    10.90  35.966  -1.1709
  342.8    10.33  36.014  -1.1715
  343.5    10.58  36.063  -1.1880
  344.0    10.32  36.112  -1.1909
  344.6    10.35  36.160  -1.2155
  345.0    10.02  36.208  -1.2179
  345.5     9.56  36.261  -1.2221
  346.3     9.61  36.321  -1.2341
  346.8     9.21  36.371  -1.2453
  347.2     8.94  36.419  -1.2473
  347.7     8.77  36.466  -1.2635
  348.3     9.12  36.524  -1.2866
  348.7     8.51  36.573  -1.2805
  349.3     8.40  36.620  -1.2975
  349.8     8.68  36.668  -1.2969
  350.2     8.10  36.715  -1.3086
  350.9     8.79  36.763  -1.3095
  351.3     8.13  36.830  -1.3309
  352.0     7.94  36.900  -1.3431
  352.7     8.22  36.949  -1.3491
  353.3     8.17  37.021  -1.3592
  354.1     8.61  37.078  -1.3704
  354.6     8.47  37.125  -1.3913
  355.2     8.93  37.187  -1.3935
  355.8     8.78  37.257  -1.4012
  356.5     8.96  37.325  -1.4071
  357.2     9.42  37.378  -1.4094
  357.6     9.08  37.427  -1.4350
  358.4    10.07  37.482  -1.4635
  358.7     9.94  37.532  -1.5522
  359.3    10.23  37.591  -1.5405
  359.9    10.66  37.647  -1.5464
  360.3    10.18  37.696  -1.5251
  360.9    10.81  37.744  -1.5089
  361.4    11.05  37.792  -1.4829
  362.0    12.02  37.840  -1.4589
  362.3    11.37  37.889  -1.4592
  362.9    11.80  37.937  -1.4545
  363.3    11.94  37.985  -1.4883
  363.9    12.23  38.032  -1.4770
  364.4    12.44  38.079  -1.4595
  364.9    12.76  38.128  -1.4760
  365.3    12.51  38.175  -1.4672
  365.8    12.67  38.222  -1.5065
  366.3    13.00  38.271  -1.5134
  366.9    13.55  38.319  -1.5333
  367.3    13.30  38.367  -1.5267
  367.8    13.24  38.417  -1.5276
  368.3    13.48  38.465  -1.4921
  368.8    13.67  38.514  -1.5235
  369.4    14.21  38.563  -1.5431
  369.8    13.76  38.610  -1.5690
  370.2    13.54  38.657  -1.5626
  370.8    14.09  38.707  -1.5501
  371.3    13.79  38.755  -1.5429
  371.8    14.09  38.804  -1.5466
  372.3    14.02  38.852  -1.5546
  372.6    13.49  38.900  -1.5839
  373.2    13.93  38.949  -1.5839
  373.8    14.16  38.997  -1.5642
  374.2    14.16  39.045  -1.5258
  374.6    13.88  39.093  -1.5516
  375.2    14.19  39.141  -1.5418
  375.7    14.30  39.190  -1.5328
  376.2    14.13  39.239  -1.5214
  376.5    13.72  39.288  -1.5404
  377.1    14.33  39.336  -1.5183
  377.5    13.96  39.384  -1.4950
  378.2    14.66  39.432  -1.4878
  378.6    14.31  39.480  -1.5026
  379.1    14.51  39.528  -1.4956
  379.5    14.36  39.576  -1.4850
  380.1    14.43  39.624  -1.5272
  380.6    14.58  39.671  -1.4918
  381.0    14.47  39.720  -1.4986
  381.4    14.41  39.767  -1.5011
  382.0    14.77  39.815  -1.5127
  382.4    14.27  39.864  -1.5181
  382.9    14.55  39.913  -1.4983
  383.5    15.15  39.961  -1.4834
  383.9    14.81  40.009  -1.4899
  384.4    14.86  40.058  -1.4988
  385.0    15.17  40.106  -1.5132
  385.5    15.31  40.155  -1.4994
  385.9    15.12  40.203  -1.5519
  386.4    15.35  40.252  -1.5836
  386.9    15.36  40.301  -1.5942
  387.4    15.29  40.351  -1.6015
  387.9    15.50  40.399  -1.5949
  388.5    15.98  40.447  -1.6105
  389.0    15.90  40.495  -1.6349
  389.2    15.31  40.543  -1.6356
  389.9    16.02  40.592  -1.6684
  390.4    16.04  40.640  -1.7049
  390.8    16.26  40.688  -1.7056
  391.3    16.19  40.736  -1.7075
  391.8    16.61  40.784  -1.7164
  392.5    17.16  40.833  -1.7372
  392.8    16.57  40.882  -1.7453
  393.3    16.63  40.930  -1.7676
  393.9    16.89  41.003  -1.7758
  394.8    17.45  41.077  -1.7825
  395.5    17.44  41.140  -1.7869
  395.9    17.13  41.188  -1.7797
  396.5    17.81  41.236  -1.7862
  397.1    18.17  41.284  -1.7829
  397.4    17.62  41.333  -1.7879
  397.9    17.85  41.381  -1.7982
  398.6    18.74  41.430  -1.7856
  398.8    18.20  41.478  -1.7918
  399.5    18.93  41.526  -1.7840
  399.9    18.53  41.574  -1.7843
  400.4    18.94  41.624  -1.7826
  400.9    18.92  41.672  -1.7809
  401.3    18.63  41.720  -1.7919
  401.8    19.00  41.767  -1.7883
  402.3    18.97  41.812  -1.7832
  402.7    18.78  41.859  -1.7852
  403.4    19.62  41.907  -1.7774
  403.8    19.29  41.956  -1.7799
  404.3    19.50  42.006  -1.7896
  404.9    19.75  42.053  -1.7822
  405.4    20.07  42.100  -1.7857
  405.8    19.78  42.148  -1.7861
  406.3    19.74  42.196  -1.7808
  406.8    19.92  42.245  -1.7932
  407.4    20.39  42.292  -1.7904
  407.7    19.72  42.341  -1.7948
  408.3    20.28  42.389  -1.7946
  408.8    19.92  42.438  -1.7920
  409.4    20.20  42.486  -1.7971
  409.7    19.73  42.534  -1.7911
  410.3    20.16  42.581  -1.7954
  410.7    19.96  42.628  -1.7987
  411.3    20.60  42.676  -1.7884
  411.7    20.07  42.725  -1.7973
  412.4    20.64  42.773  -1.8014
  412.7    20.02  42.821  -1.8004
  413.3    20.22  42.869  -1.8054
  413.8    20.35  42.917  -1.7986
  414.3    20.41  42.965  -1.8051
  414.7    20.18  43.013  -1.8059
  415.4    20.43  43.059  -1.8073
  415.6    19.99  43.107  -1.8110
  416.3    20.21  43.155  -1.8094
  416.7    20.08  43.204  -1.8071
  417.2    20.07  43.252  -1.8098
  417.8    20.43  43.301  -1.8066
  418.2    19.57  43.349  -1.8049
  418.7    19.79  43.397  -1.8072
  419.2    19.85  43.445  -1.8047
  419.6    19.44  43.493  -1.8125
  420.2    19.77  43.542  -1.8136
  420.6    19.17  43.590  -1.8101
  421.2    19.45  43.638  -1.8070
  421.7    19.07  43.688  -1.8149
  422.1    19.06  43.737  -1.8029
  422.5    18.48  43.786  -1.8016
  423.2    19.10  43.835  -1.8084
  423.5    18.38  43.883  -1.8107
  424.0    18.38  43.932  -1.8127
  424.5    18.25  43.980  -1.8076
  425.0    18.07  44.027  -1.8019
  425.4    17.86  44.075  -1.7947
  426.1    18.21  44.123  -1.7947
  426.4    17.46  44.171  -1.8017
  427.0    17.53  44.218  -1.8044
  427.5    17.84  44.266  -1.7970
  427.8    17.25  44.314  -1.7948
  428.4    17.07  44.363  -1.7887
  428.9    17.08  44.411  -1.7918
  429.4    16.95  44.460  -1.7887
  429.8    16.58  44.508  -1.8049
  430.3    16.10  44.555  -1.8090
  430.9    16.70  44.603  -1.8104
  431.2    15.90  44.652  -1.7965
  431.9    16.53  44.700  -1.7967
  432.2    15.77  44.749  -1.7950
  432.7    15.42  44.797  -1.8043
  433.2    15.15  44.845  -1.7949
  433.7    15.24  44.894  -1.8067
  434.3    15.46  44.942  -1.7996
  434.6    14.43  44.989  -1.8115
  435.1    14.60  45.037  -1.8047
  435.7    14.68  45.086  -1.8016
  436.0    13.85  45.134  -1.7950
  436.6    14.13  45.182  -1.7948
  437.0    13.93  45.230  -1.7927
  437.4    13.70  45.277  -1.8066
  438.0    13.43  45.325  -1.8076
  438.5    13.41  45.373  -1.8053
  438.9    12.68  45.422  -1.8003
  439.4    13.01  45.470  -1.8098
  439.8    12.49  45.518  -1.8067
  440.5    12.90  45.567  -1.8066
  440.9    12.52  45.615  -1.8070
  441.4    12.55  45.664  -1.8165
  441.8    11.87  45.713  -1.8123
  442.3    11.94  45.759  -1.8131
  442.7    11.40  45.808  -1.8088
  443.3    11.73  45.855  -1.8095
  443.6    11.03  45.903  -1.8115
  444.3    11.71  45.951  -1.8128
  444.6    10.90  46.000  -1.8078
  445.2    11.16  46.049  -1.8094
  445.8    11.04  46.096  -1.8081
  446.2    10.83  46.143  -1.8127
  446.6    10.08  46.191  -1.8142
  447.1    10.22  46.239  -1.8209
  447.5     9.80  46.286  -1.8170
  448.1     9.93  46.333  -1.8219
  448.6     9.98  46.381  -1.8201
  449.0     9.68  46.430  -1.8323
  449.6    10.01  46.477  -1.8336
  450.1     9.73  46.524  -1.8338
  450.5     9.46  46.571  -1.8284
  450.9     8.93  46.620  -1.8280
  451.4     8.93  46.668  -1.8305
  451.9     8.81  46.716  -1.8235
  452.3     8.38  46.764  -1.8259
  453.0     9.24  46.813  -1.8256
  453.5     8.93  46.861  -1.8214
  453.9     8.29  46.909  -1.8210
  454.5     8.90  46.957  -1.8247
  454.9     8.55  47.007  -1.8253
  455.2     7.54  47.054  -1.8189
  455.7     7.68  47.102  -1.8273
  456.4     8.02  47.150  -1.8100
  456.8     7.80  47.199  -1.8137
  457.2     7.61  47.247  -1.8031
  457.6     7.21  47.295  -1.8140
  458.2     7.26  47.343  -1.8161
  458.7     7.29  47.390  -1.8247
  459.1     7.03  47.440  -1.8203
  459.6     7.10  47.489  -1.8221
  460.2     7.34  47.537  -1.8164
  460.5     6.37  47.586  -1.8256
  461.1     6.81  47.635  -1.8226
  461.4     6.44  47.683  -1.8280
  462.1     7.16  47.731  -1.8204
  462.6     6.81  47.779  -1.8162
  462.9     6.42  47.828  -1.8183
  463.4     6.48  47.876  -1.8099
  463.9     6.51  47.925  -1.8147
  464.4     6.41  47.971  -1.8155
  464.8     6.00  48.021  -1.8083
  465.4     6.22  48.069  -1.8136
  465.9     6.21  48.118  -1.8245
  466.5     6.57  48.165  -1.8187
  466.8     6.00  48.213  -1.8151
  467.3     5.78  48.261  -1.8305
  467.7     5.83  48.310  -1.8287
  468.2     5.62  48.358  -1.8226
  468.6     5.33  48.406  -1.8201
  469.1     5.58  48.454  -1.8191
  469.7     5.84  48.502  -1.8148
  470.1     5.29  48.550  -1.8172
  470.7     5.59  48.599  -1.8306
  471.0     5.25  48.646  -1.8280
  471.4     5.07  48.696  -1.8210
  472.1     5.40  48.745  -1.8162
  472.6     5.42  48.794  -1.8147
  472.9     4.93  48.842  -1.8138
  473.4     4.79  48.890  -1.8028
  473.9     4.63  48.938  -1.8016
  474.6     5.42  48.986  -1.8123
  474.8     4.67  49.034  -1.8101
  475.4     4.96  49.083  -1.8054
  475.8     4.61  49.131  -1.8056
  476.3     4.68  49.179  -1.8128
  476.7     4.27  49.227  -1.8050
  477.3     4.70  49.277  -1.7992
  477.8     4.45  49.332  -1.8105
  478.3     4.35  49.380  -1.8177
  478.9     4.66  49.437  -1.8217
  479.4     3.72  49.510  -1.8182
  480.1     4.10  49.580  -1.8209
  481.0     4.59  49.642  -1.8259
  481.4     4.03  49.690  -1.8215
  481.9     4.27  49.741  -1.8196
  482.5     3.92  49.810  -1.8237
  483.2     4.03  49.866  -1.8343
  483.6     3.92  49.915  -1.8349
  483.9     3.49  49.963  -1.8219
  484.6     3.86  50.011  -1.8208
  485.0     3.68  50.059  -1.8269
  485.5     3.79  50.107  -1.8259
  486.1     3.79  50.157  -1.8245
  486.5     3.77  50.207  -1.8268
  487.0     3.46  50.254  -1.8271
  487.5     3.36  50.302  -1.8277
  488.1     3.72  50.352  -1.8296
  488.4     3.33  50.399  -1.8251
  489.1     4.00  50.449  -1.8264
  489.4     3.22  50.496  -1.8259
  490.0     3.18  50.552  -1.8295
  490.7     3.30  50.651  -1.8232
  491.6     3.18  50.721  -1.8216
  492.3     3.15  50.781  -1.8181
  492.9     3.36  50.840  -1.8143
  493.4     3.08  50.898  -1.8170
  494.1     3.13  50.967  -1.8188
  494.6     2.88  51.034  -1.8130
  495.3     2.84  51.095  -1.8090
  495.9     3.13  51.143  -1.8136
  496.2     2.91  51.191  -1.8126
  496.8     3.12  51.240  -1.8026
  497.2     2.79  51.287  -1.8079
  497.7     2.61  51.336  -1.8163
  498.1     2.61  51.385  -1.8073
  498.8     3.18  51.433  -1.8014
  499.2     2.74  51.481  -1.8019
  499.7     3.07  51.530  -1.8085
  500.2     2.78  51.578  -1.8090
  500.6     2.65  51.628  -1.7994
  501.1     2.68  51.676  -1.8084
  501.7     3.18  51.725  -1.8057
  502.1     2.95  51.772  -1.7975
  502.5     2.45  51.821  -1.7971
  503.0     2.78  51.869  -1.8008
  503.5     2.53  51.918  -1.8024
  504.0     2.82  51.966  -1.7968
  504.4     2.28  52.016  -1.8049
  505.0     2.60  52.064  -1.8134
  505.4     2.59  52.113  -1.8074
  505.9     2.39  52.161  -1.8087
  506.4     2.24  52.210  -1.8083
  506.8     2.31  52.258  -1.8147
  507.3     2.59  52.308  -1.8141
  507.8     2.23  52.356  -1.8083
  508.2     2.11  52.404  -1.8184
  508.8     2.34  52.452  -1.8202
  509.3     3.12  52.500  -1.8176
  509.7     2.36  52.549  -1.8126
  510.1     2.16  52.597  -1.8186
  510.6     2.11  52.646  -1.8205
  511.1     2.20  52.693  -1.8218
  511.7     2.82  52.740  -1.8122
  512.1     2.23  52.788  -1.8152
  512.5     2.02  52.837  -1.8146
  513.0     2.03  52.885  -1.8029
  513.4     1.85  52.931  -1.8025
  513.9     2.10  52.980  -1.8082
  514.3     1.80  53.028  -1.8031
  514.7     1.58  53.077  -1.8004
  515.3     1.98  53.127  -1.8087
  515.8     2.02  53.175  -1.8032
  516.3     1.91  53.223  -1.8014
  516.9     2.40  53.273  -1.8128
  517.3     1.82  53.323  -1.8111
  517.8     1.78  53.371  -1.8137
  518.2     1.59  53.419  -1.8158
  518.7     1.64  53.468  -1.8125
  519.1     1.50  53.515  -1.8025
  519.7     1.52  53.564  -1.8085
  520.2     1.88  53.613  -1.8132
  520.6     1.56  53.661  -1.8061
  521.2     1.71  53.711  -1.8149
  521.6     1.54  53.760  -1.8153
  522.1     1.53  53.808  -1.8130
  522.6     1.35  53.856  -1.8118
  523.0     1.55  53.905  -1.8120
  523.5     1.51  53.953  -1.8068
  523.9     0.98  54.002  -1.8093
  524.5     1.61  54.051  -1.8128
  525.1     1.67  54.098  -1.8075
  525.4     1.42  54.146  -1.8018
  526.0     1.58  54.195  -1.8126
  526.4     1.37  54.242  -1.8187
  526.9     1.30  54.290  -1.8138
  527.4     1.34  54.338  -1.8161
  527.8     1.09  54.386  -1.8264
  528.4     1.53  54.434  -1.8266
  528.9     1.38  54.483  -1.8236
  529.2     0.84  54.530  -1.8270
  529.7     0.93  54.578  -1.8328
  530.2     0.83  54.627  -1.8301
  530.8     1.11  54.675  -1.8239
  531.1     0.71  54.723  -1.8319
  531.7     0.82  54.771  -1.8372
  532.3     1.52  54.819  -1.8278
  532.6     0.95  54.866  -1.8266
  533.0     0.71  54.914  -1.8314
  533.6     1.13  54.964  -1.8325
  534.2     0.87  55.012  -1.8252
  534.6     0.69  55.061  -1.8197
  535.1     0.75  55.111  -1.8249
  535.5     0.69  55.158  -1.8228
  536.1     1.06  55.206  -1.8166
  536.5     0.54  55.255  -1.8113
  537.0     0.60  55.302  -1.8174
  537.5     0.88  55.352  -1.8246
  538.0     0.76  55.399  -1.8191
  538.5     0.72  55.449  -1.8173
  538.9     0.76  55.496  -1.8262
  539.4     0.75  55.544  -1.8298
  540.0     0.95  55.593  -1.8272
  540.3     0.39  55.640  -1.8277
  540.8     0.30  55.687  -1.8406
  541.4     0.98  55.736  -1.8429
  541.8     0.55  55.783  -1.8381
  542.3     0.73  55.831  -1.8299
  542.7     0.38  55.879  -1.8349
  543.3     0.71  55.927  -1.8350
  543.7     0.52  55.975  -1.8351
  544.3     0.93  56.023  -1.8210
  544.6     0.27  56.072  -1.8221
  545.2     0.48  56.120  -1.8187
  545.6     0.33  56.168  -1.8245
  546.3     0.96  56.217  -1.8081
  546.6     0.45  56.265  -1.8043
  547.1     0.33  56.313  -1.8153
  547.6     0.79  56.363  -1.8197
  548.1     0.66  56.412  -1.8167
  548.5     0.30  56.460  -1.8098
  549.0     0.48  56.509  -1.8075
  549.4     0.65  56.558  -1.8102
  549.8    -0.09  56.605  -1.8039
  550.3     0.25  56.653  -1.8126
  550.9     0.60  56.701  -1.8151
  551.2    -0.11  56.750  -1.8054
  551.8     0.57  56.798  -1.8123
  552.3     0.45  56.847  -1.8099
  552.7     0.12  56.893  -1.8161
  553.1     0.39  56.940  -1.8227
  553.8     0.81  56.989  -1.8187
  554.1     0.10  57.040  -1.8161
  554.7     0.33  57.088  -1.8240
  555.2     0.48  57.138  -1.8157
  555.6     0.11  57.188  -1.8235
  556.2     0.61  57.237  -1.8319
  556.5     0.21  57.285  -1.8278
  557.0    -0.14  57.333  -1.8419
  557.4     0.17  57.381  -1.8723
  557.9     0.03  57.430  -1.8743
  558.4     0.14  57.477  -1.8800
  558.8    -0.08  57.524  -1.8854
  559.4     0.20  57.571  -1.8906
  559.9     0.67  57.621  -1.8979
  560.3     0.22  57.669  -1.8934
  560.7     0.07  57.717  -1.9008
  561.1     0.07  57.766  -1.8912
  561.7     0.36  57.814  -1.9012
  562.1     0.07  57.862  -1.9094
  562.6     0.52  57.909  -1.9041
  563.1     0.11  57.956  -1.9063
  563.5     0.35  58.005  -1.9087
  564.0     0.22  58.053  -1.9063
  564.4    -0.02  58.100  -1.9041
  564.9     0.21  58.147  -1.8942
  565.3     0.20  58.194  -1.8964
  565.8     0.25  58.241  -1.9030
  566.2     0.16  58.289  -1.8988
  566.7     0.13  58.338  -1.9017
  567.1     0.03  58.387  -1.9060
  567.6     0.19  58.436  -1.9041
  568.1     0.22  58.485  -1.9010
  568.5     0.36  58.533  -1.9022
  569.0     0.30  58.581  -1.8905
  569.4    -0.16  58.629  -1.8909
  569.9     0.42  58.679  -1.8942
  570.3    -0.11  58.728  -1.8920
  570.8    -0.05  58.776  -1.9002
  571.2    -0.07  58.824  -1.8874
  571.6    -0.41  58.872  -1.8891
  572.2     0.11  58.920  -1.8934
  572.8     0.38  58.969  -1.8949
  573.1    -0.10  59.018  -1.8978
  573.7     0.24  59.064  -1.9002
  574.1    -0.27  59.112  -1.9026
  574.7     0.72  59.160  -1.9096
  575.1     0.18  59.208  -1.9069
  575.5    -0.06  59.257  -1.9056
  576.0    -0.06  59.305  -1.9012
  576.5    -0.02  59.353  -1.9036
  577.0     0.03  59.403  -1.9101
  577.4     0.07  59.450  -1.8953
  578.0     0.26  59.499  -1.8933
  578.3    -0.24  59.548  -1.8998
  578.9     0.26  59.597  -1.8826
  579.3    -0.44  59.644  -1.8765
  579.8    -0.00  59.692  -1.8730
  580.3    -0.18  59.740  -1.8666
  580.8     0.04  59.790  -1.8700
  581.2    -0.21  59.838  -1.8772
  581.9     0.35  59.886  -1.8741
  582.3    -0.00  59.935  -1.8795
  582.7    -0.06  59.983  -1.8812
  583.3     0.56  60.033  -1.8815
  583.6    -0.11  60.081  -1.8927
  584.1     0.13  60.129  -1.8902
  584.6    -0.12  60.177  -1.8883
  585.2     0.10  60.226  -1.8949
  585.6     0.23  60.274  -1.8913
  586.2     0.21  60.324  -1.8933
  586.6     0.17  60.373  -1.8933
  587.2     0.45  60.423  -1.8843
  587.5    -0.29  60.470  -1.8894
  588.1     0.23  60.518  -1.8889
  588.6     0.25  60.566  -1.8838
  589.0     0.17  60.614  -1.8826
  589.4    -0.08  60.664  -1.8810
  590.0     0.30  60.713  -1.8796
  590.3    -0.21  60.762  -1.8848
  591.0     0.06  60.811  -1.8892
  591.5     0.29  60.861  -1.8844
  591.9     0.18  60.910  -1.8829
  592.3    -0.42  60.955  -1.8919
  593.0     0.53  61.004  -1.8925
  593.4     0.00  61.052  -1.8857
  593.9     0.08  61.102  -1.8900
  594.3     0.06  61.150  -1.8951
  594.8    -0.09  61.199  -1.8910
  595.3     0.25  61.249  -1.8813
  595.9     0.34  61.296  -1.8853
  596.3     0.13  61.344  -1.8905
  597.0     0.56  61.391  -1.8851
  597.4     0.23  61.440  -1.8830
  597.8    -0.02  61.488  -1.8870
  598.4     0.34  61.537  -1.8775
  598.8     0.03  61.586  -1.8676
  599.4     0.03  61.635  -1.8742
  599.9     0.01  61.684  -1.8760
  600.4     0.08  61.732  -1.8740
