   15.0     0.92   0.040  -0.5171
   15.0     0.89   0.082  -0.5202
   15.1     0.87   0.125  -0.5212
   15.2     0.99   0.225  -0.5213
   15.0     0.51   0.267  -0.5235
   15.2     0.75   0.307  -0.5229
   15.3     0.82   0.349  -0.5236
   15.2     0.67   0.393  -0.5230
   15.3     0.80   0.435  -0.5181
   15.3     0.92   0.479  -0.5215
   15.4     0.87   0.519  -0.5227
   15.4     0.54   0.561  -0.5238
   15.4     0.59   0.606  -0.5201
   15.5     0.83   0.650  -0.5195
   15.5     0.86   0.692  -0.5205
   15.5     0.64   0.734  -0.5188
   15.5     0.54   0.776  -0.5182
   15.5     0.45   0.817  -0.5201
   15.6     0.49   0.860  -0.5156
   15.6     0.55   0.901  -0.5186
   15.7     0.59   0.942  -0.5175
   15.7     0.50   0.983  -0.5197
   15.7     0.44   1.023  -0.5150
   15.7     0.35   1.066  -0.5202
   15.9     0.41   1.109  -0.5215
   15.8     0.33   1.154  -0.5142
   15.8     0.13   1.197  -0.5243
   16.0     0.53   1.237  -0.5229
   16.0     0.29   1.277  -0.5210
   15.9     0.18   1.320  -0.5180
   16.0     0.47   1.362  -0.5168
   16.0     0.00   1.404  -0.5165
   16.1     0.32   1.447  -0.5185
   16.2     0.41   1.489  -0.5141
   16.3     0.42   1.531  -0.5179
   16.3     0.35   1.571  -0.5205
   16.4     0.43   1.614  -0.5156
   16.4     0.45   1.655  -0.5168
   16.4     0.15   1.695  -0.5180
   16.5     0.31   1.737  -0.5150
   16.5     0.18   1.778  -0.5094
   16.5    -0.15   1.823  -0.5077
   16.5     0.18   1.865  -0.5064
   16.7     0.17   1.906  -0.5090
   16.7    -0.20   1.947  -0.5131
   16.7     0.14   1.992  -0.5087
   16.8    -0.07   2.035  -0.5085
   16.9     0.08   2.080  -0.5095
   17.1     0.16   2.122  -0.5073
   17.0    -0.19   2.163  -0.5083
   17.0    -0.33   2.205  -0.5102
   17.1    -0.10   2.247  -0.5086
   17.2    -0.04   2.290  -0.5116
   17.3    -0.23   2.333  -0.5082
   17.4    -0.23   2.374  -0.5066
   17.4    -0.42   2.417  -0.5063
   17.5    -0.36   2.459  -0.5089
   17.7    -0.41   2.502  -0.5096
   17.6    -0.61   2.546  -0.5107
   17.8    -0.54   2.588  -0.5089
   17.9    -0.29   2.628  -0.5071
   18.1    -0.38   2.670  -0.5040
   18.1    -0.63   2.713  -0.5069
   18.1    -0.73   2.755  -0.5080
   18.3    -0.67   2.798  -0.5114
   18.4    -0.89   2.839  -0.5139
   18.5    -0.66   2.882  -0.5125
   18.6    -1.00   2.924  -0.5099
   18.6    -0.99   2.967  -0.5135
   18.9    -0.88   3.014  -0.5104
   19.0    -1.06   3.058  -0.5093
   19.1    -1.10   3.099  -0.5062
   19.3    -0.99   3.142  -0.5056
   19.4    -1.34   3.184  -0.5051
   19.6    -1.48   3.229  -0.5084
   19.8    -1.35   3.271  -0.5081
   19.9    -1.43   3.313  -0.5091
   20.0    -1.70   3.355  -0.5066
   20.2    -1.79   3.396  -0.5094
   20.4    -1.72   3.438  -0.5090
   20.5    -1.65   3.481  -0.5136
   20.8    -1.71   3.524  -0.5072
   20.9    -1.89   3.565  -0.5070
   21.0    -2.05   3.607  -0.5048
   21.2    -1.94   3.648  -0.4997
   21.4    -2.05   3.692  -0.5035
   21.6    -2.16   3.733  -0.5066
   21.8    -2.59   3.775  -0.5079
   21.9    -2.59   3.817  -0.5055
   22.1    -2.48   3.860  -0.5034
   22.3    -2.66   3.901  -0.5053
   22.5    -2.71   3.944  -0.5070
   22.8    -2.81   3.990  -0.5104
   23.0    -2.96   4.032  -0.5060
   23.2    -3.02   4.075  -0.5104
   23.5    -2.71   4.116  -0.5054
   23.6    -2.98   4.156  -0.5061
   23.8    -3.40   4.198  -0.5143
   24.0    -3.32   4.236  -0.5094
   24.3    -3.27   4.275  -0.5088
   24.6    -3.10   4.318  -0.5100
   24.7    -3.76   4.359  -0.5038
   25.0    -3.72   4.401  -0.5120
   25.2    -3.71   4.443  -0.5087
   25.5    -3.86   4.485  -0.5149
   25.7    -4.23   4.525  -0.5120
   26.0    -4.05   4.565  -0.5126
   26.2    -4.47   4.608  -0.5105
   26.4    -4.16   4.651  -0.5183
   26.7    -4.14   4.692  -0.5108
   27.0    -4.64   4.737  -0.5052
   27.2    -4.79   4.778  -0.5103
   27.5    -4.87   4.820  -0.5123
   27.8    -4.74   4.861  -0.5103
   28.1    -4.89   4.905  -0.5104
   28.3    -5.11   4.946  -0.5136
   28.6    -5.29   4.990  -0.5109
   28.8    -5.45   5.032  -0.5143
   29.2    -5.20   5.073  -0.5124
   29.5    -5.49   5.117  -0.5102
   29.9    -5.39   5.158  -0.5161
   30.1    -5.39   5.201  -0.5128
   30.5    -5.85   5.243  -0.5122
   30.7    -6.00   5.283  -0.5155
   31.0    -5.96   5.324  -0.5130
   31.3    -6.30   5.367  -0.5130
   31.7    -6.08   5.410  -0.5086
   31.8    -6.48   5.452  -0.5099
   32.3    -6.38   5.494  -0.5134
   32.5    -6.40   5.536  -0.5096
   32.9    -6.59   5.579  -0.5065
   33.1    -6.93   5.621  -0.5089
   33.5    -6.95   5.664  -0.5112
   33.9    -7.14   5.707  -0.5142
   34.2    -7.18   5.747  -0.5117
   34.5    -7.13   5.789  -0.5096
   34.8    -7.48   5.832  -0.5108
   35.1    -7.71   5.874  -0.5118
   35.5    -7.77   5.917  -0.5172
   35.8    -7.68   5.960  -0.5151
   36.2    -7.92   6.000  -0.5101
   36.5    -7.97   6.041  -0.5123
   36.9    -7.74   6.083  -0.5100
   37.1    -8.37   6.125  -0.5128
   37.6    -8.07   6.166  -0.5161
   37.9    -8.08   6.207  -0.5114
   38.2    -8.39   6.249  -0.5127
   38.5    -8.78   6.290  -0.5110
   38.8    -9.04   6.330  -0.5116
   39.2    -9.09   6.371  -0.5091
   39.7    -8.54   6.414  -0.5070
   39.9    -9.11   6.457  -0.5087
   40.3    -9.38   6.498  -0.5087
   40.7    -9.09   6.540  -0.5069
   41.1    -8.95   6.581  -0.5099
   41.4    -9.51   6.622  -0.5048
   41.7    -9.88   6.665  -0.5092
   42.1    -9.59   6.706  -0.5065
   42.4    -9.96   6.749  -0.5062
   42.8    -9.94   6.791  -0.5104
   43.2   -10.07   6.836  -0.5070
   43.7   -10.01   6.880  -0.5076
   44.0   -10.09   6.921  -0.5060
   44.4   -10.35   6.962  -0.5037
   44.7   -10.54   7.004  -0.4982
   45.0   -10.77   7.045  -0.5074
   45.5   -10.56   7.088  -0.5083
   45.8   -10.74   7.129  -0.5051
   46.2   -10.92   7.169  -0.5015
   46.6   -11.05   7.212  -0.4937
   46.9   -11.22   7.254  -0.5010
   47.4   -10.82   7.296  -0.5008
   47.6   -11.64   7.338  -0.5063
   48.1   -11.21   7.378  -0.5113
   48.3   -11.72   7.420  -0.5092
   48.8   -11.65   7.462  -0.5128
   49.1   -11.94   7.506  -0.5114
   49.6   -11.86   7.548  -0.5171
   49.9   -12.07   7.591  -0.5095
   50.3   -12.19   7.632  -0.5076
   50.7   -12.57   7.675  -0.5086
   51.1   -12.13   7.717  -0.5061
   51.5   -12.14   7.762  -0.5054
   51.9   -12.41   7.805  -0.5063
   52.2   -12.79   7.849  -0.5057
   52.7   -12.59   7.890  -0.5077
   53.0   -13.08   7.932  -0.5033
   53.5   -12.90   7.975  -0.5026
   53.9   -12.91   8.017  -0.5040
   54.3   -13.11   8.058  -0.5084
   54.7   -13.03   8.100  -0.5063
   54.9   -13.48   8.142  -0.5066
   55.3   -13.41   8.181  -0.5048
   55.7   -13.53   8.223  -0.5060
   56.1   -13.67   8.264  -0.5055
   56.5   -13.64   8.304  -0.5015
   56.8   -13.81   8.347  -0.5099
   57.3   -13.90   8.386  -0.5058
   57.6   -13.83   8.428  -0.5068
   58.1   -13.86   8.471  -0.5067
   58.4   -14.19   8.512  -0.4978
   58.8   -14.13   8.555  -0.5071
   59.1   -14.53   8.597  -0.5049
   59.6   -14.48   8.639  -0.5089
   59.8   -14.98   8.682  -0.5081
   60.4   -14.63   8.728  -0.5120
   60.7   -15.04   8.769  -0.5067
   61.2   -14.86   8.813  -0.5077
   61.6   -14.96   8.854  -0.5084
   61.9   -15.10   8.893  -0.5084
   62.3   -15.19   8.935  -0.5052
   62.7   -15.35   8.977  -0.5094
   63.1   -15.14   9.017  -0.5047
   63.3   -15.63   9.060  -0.5035
   63.9   -15.70   9.101  -0.5038
   64.2   -15.59   9.142  -0.4987
   64.7   -15.27   9.183  -0.5021
   65.0   -16.01   9.223  -0.5066
   65.4   -15.98   9.267  -0.5010
   65.8   -16.11   9.309  -0.5059
   66.3   -15.82   9.351  -0.5020
   66.6   -16.23   9.393  -0.5110
   66.9   -16.45   9.434  -0.5094
   67.3   -16.57   9.477  -0.5101
   67.8   -16.57   9.520  -0.5113
   68.2   -16.65   9.561  -0.5105
   68.6   -16.51   9.603  -0.5068
   69.0   -16.82   9.649  -0.5071
   69.5   -16.69   9.693  -0.5111
   69.8   -17.18   9.736  -0.5104
   70.3   -17.07   9.778  -0.5124
   70.6   -17.29   9.820  -0.5083
   71.0   -17.17   9.860  -0.5081
   71.5   -16.87   9.903  -0.5052
   71.7   -17.58   9.945  -0.5085
   72.2   -17.52   9.988  -0.5094
   72.6   -17.46  10.030  -0.5076
   73.1   -17.40  10.071  -0.5101
   73.5   -17.32  10.114  -0.5126
   73.8   -17.71  10.154  -0.5086
   74.1   -18.04  10.196  -0.5102
   74.6   -18.00  10.238  -0.5088
   75.0   -18.03  10.280  -0.5066
   75.4   -17.89  10.322  -0.5109
   75.8   -18.27  10.365  -0.5074
   76.2   -18.13  10.407  -0.5090
   76.5   -18.47  10.449  -0.5010
   77.0   -18.30  10.491  -0.5032
   77.4   -18.68  10.533  -0.5062
   77.7   -18.75  10.576  -0.5061
   78.2   -18.86  10.620  -0.5090
   78.6   -18.75  10.664  -0.5062
   79.0   -18.85  10.705  -0.5032
   79.3   -19.18  10.747  -0.5066
   79.8   -18.92  10.789  -0.5093
   80.2   -18.81  10.831  -0.5093
   80.5   -19.34  10.874  -0.5107
   81.0   -19.25  10.917  -0.5063
   81.3   -19.40  10.959  -0.5043
   81.8   -19.47  11.001  -0.5028
   82.2   -19.50  11.043  -0.4982
   82.6   -19.33  11.086  -0.5013
   82.9   -19.73  11.127  -0.5004
   83.2   -20.02  11.170  -0.5004
   83.8   -19.63  11.211  -0.5014
   84.1   -19.81  11.254  -0.5079
   84.6   -19.70  11.296  -0.5120
   85.0   -19.73  11.340  -0.5062
   85.3   -20.19  11.381  -0.5054
   85.8   -19.84  11.423  -0.5072
   86.2   -20.01  11.467  -0.5016
   86.5   -20.13  11.509  -0.5065
   87.0   -20.18  11.553  -0.5028
   87.4   -20.45  11.597  -0.5005
   87.8   -20.29  11.641  -0.5045
   88.1   -20.57  11.681  -0.5005
   88.5   -20.53  11.720  -0.5014
   88.8   -20.42  11.762  -0.5041
   89.3   -20.74  11.804  -0.5042
   89.6   -20.86  11.847  -0.5055
   90.0   -20.82  11.887  -0.5046
   90.5   -20.51  11.929  -0.5065
   90.8   -21.13  11.971  -0.5040
   91.1   -21.47  12.012  -0.5059
   91.6   -21.00  12.056  -0.5018
   92.0   -21.05  12.096  -0.5023
   92.4   -21.13  12.135  -0.5082
   92.8   -21.04  12.176  -0.5101
   93.0   -21.45  12.217  -0.5111
   93.5   -21.33  12.261  -0.5090
   93.9   -21.67  12.307  -0.5083
   94.4   -21.32  12.349  -0.5098
   94.7   -21.47  12.390  -0.5070
   95.2   -21.29  12.431  -0.5100
   95.4   -21.74  12.475  -0.5175
   95.9   -21.99  12.520  -0.5110
   96.3   -21.98  12.565  -0.5130
   96.7   -21.86  12.606  -0.5123
   97.1   -21.98  12.650  -0.5129
   97.5   -21.95  12.691  -0.5132
   97.8   -22.34  12.731  -0.5165
   98.1   -22.26  12.773  -0.5145
   98.6   -22.55  12.815  -0.5159
   99.0   -22.20  12.857  -0.5089
   99.4   -22.28  12.897  -0.5032
   99.6   -22.53  12.936  -0.5063
  100.0   -22.65  12.978  -0.5077
  100.5   -22.34  13.019  -0.5067
  100.8   -22.75  13.061  -0.5104
  101.3   -22.35  13.102  -0.5125
  101.6   -22.74  13.144  -0.5099
  102.0   -22.81  13.186  -0.5158
  102.4   -22.80  13.230  -0.5126
  102.8   -22.96  13.274  -0.5169
  103.2   -22.99  13.318  -0.5144
  103.6   -23.13  13.360  -0.5198
  104.0   -22.92  13.401  -0.5208
  104.3   -23.64  13.447  -0.5146
  104.8   -23.50  13.492  -0.5175
  105.2   -23.35  13.535  -0.5186
  105.6   -23.77  13.579  -0.5164
  106.0   -23.62  13.621  -0.5162
  106.3   -23.94  13.664  -0.5155
  106.8   -23.82  13.709  -0.5133
  107.2   -23.72  13.751  -0.5155
  107.7   -23.57  13.791  -0.5111
  107.9   -23.89  13.833  -0.5136
  108.3   -24.13  13.874  -0.5172
  108.7   -24.09  13.917  -0.5198
  109.0   -24.38  13.960  -0.5263
  109.6   -23.97  14.000  -0.5181
  109.9   -24.23  14.043  -0.5179
  110.3   -24.31  14.085  -0.5143
  110.6   -24.79  14.127  -0.5190
  111.0   -24.88  14.167  -0.5201
  111.4   -24.90  14.208  -0.5209
  111.8   -24.72  14.250  -0.5222
  112.3   -24.68  14.292  -0.5223
  112.6   -24.68  14.332  -0.5208
  113.0   -24.99  14.375  -0.5187
  113.4   -24.75  14.418  -0.5234
  113.7   -25.46  14.462  -0.5241
  114.2   -25.34  14.504  -0.5236
  114.5   -25.55  14.546  -0.5215
  114.9   -25.66  14.585  -0.5252
  115.3   -25.69  14.627  -0.5271
  115.9   -25.48  14.670  -0.5253
  116.3   -25.47  14.713  -0.5269
  116.5   -25.93  14.756  -0.5254
  117.0   -25.96  14.797  -0.5214
  117.3   -26.10  14.838  -0.5205
  117.6   -26.32  14.880  -0.5270
  118.1   -26.09  14.920  -0.5265
  118.6   -26.06  14.963  -0.5290
  118.9   -26.54  15.005  -0.5299
  119.3   -26.67  15.047  -0.5220
  119.7   -26.48  15.090  -0.5176
  120.2   -26.80  15.132  -0.5189
  120.5   -26.91  15.175  -0.5210
  121.0   -26.91  15.217  -0.5189
  121.2   -27.42  15.259  -0.5246
  121.8   -27.14  15.303  -0.5244
  122.1   -27.36  15.346  -0.5229
  122.6   -27.42  15.392  -0.5278
  122.9   -27.49  15.433  -0.5152
  123.4   -27.63  15.476  -0.5185
  123.8   -28.08  15.518  -0.5260
  124.2   -27.90  15.561  -0.5215
  124.6   -27.98  15.604  -0.5235
  125.0   -28.26  15.647  -0.5276
  125.5   -27.91  15.688  -0.5260
  125.9   -28.42  15.729  -0.5232
  126.2   -28.54  15.770  -0.5279
  126.7   -28.49  15.812  -0.5289
  127.1   -28.68  15.854  -0.5344
  127.5   -28.91  15.899  -0.5320
  128.0   -28.89  15.940  -0.5367
  128.4   -29.07  15.983  -0.5310
  128.7   -29.26  16.025  -0.5356
  129.1   -29.38  16.068  -0.5392
  129.7   -29.41  16.111  -0.5320
  130.0   -29.67  16.154  -0.5365
  130.4   -29.87  16.195  -0.5391
  130.8   -30.04  16.239  -0.5328
  131.2   -29.95  16.283  -0.5395
  131.6   -30.65  16.328  -0.5314
  132.2   -30.59  16.372  -0.5358
  132.4   -30.86  16.412  -0.5409
  132.9   -30.70  16.454  -0.5312
  133.3   -31.07  16.496  -0.5370
  133.8   -30.80  16.536  -0.5371
  134.2   -31.18  16.580  -0.5333
  134.6   -31.35  16.623  -0.5350
  135.0   -31.77  16.663  -0.5406
  135.4   -31.89  16.704  -0.5469
  135.8   -31.97  16.745  -0.5384
  136.1   -32.36  16.786  -0.5423
  136.5   -32.83  16.828  -0.5422
  137.0   -32.57  16.869  -0.5421
  137.3   -33.04  16.910  -0.5450
  137.8   -33.24  16.951  -0.5433
  138.1   -33.36  16.993  -0.5471
  138.6   -33.63  17.035  -0.5477
  139.1   -33.56  17.077  -0.5465
  139.4   -33.77  17.119  -0.5501
  139.8   -34.07  17.161  -0.5520
  140.2   -34.75  17.203  -0.5580
  140.6   -35.13  17.247  -0.5535
  141.1   -34.82  17.292  -0.5581
  141.5   -35.24  17.335  -0.5532
  141.9   -35.53  17.377  -0.5573
  142.3   -36.02  17.419  -0.5534
  142.8   -36.05  17.458  -0.5561
  143.1   -36.23  17.502  -0.5579
  143.6   -36.71  17.544  -0.5536
  144.0   -36.86  17.586  -0.5628
  144.4   -37.09  17.628  -0.5618
  144.8   -37.34  17.670  -0.5652
  145.2   -37.75  17.714  -0.5615
  145.5   -38.23  17.756  -0.5672
  146.0   -38.39  17.796  -0.5653
  146.5   -38.41  17.838  -0.5642
  146.8   -39.00  17.877  -0.5657
  147.3   -38.95  17.918  -0.5624
  147.6   -39.72  17.959  -0.5694
  148.0   -39.85  18.000  -0.5717
  148.5   -39.96  18.043  -0.5670
  148.9   -40.45  18.085  -0.5723
  149.2   -40.78  18.126  -0.5789
  149.7   -40.90  18.167  -0.5747
  150.0   -41.41  18.212  -0.5763
  150.6   -41.52  18.256  -0.5790
  150.9   -41.97  18.299  -0.5804
  151.3   -42.47  18.343  -0.5867
  151.7   -42.69  18.384  -0.5840
  152.2   -42.75  18.426  -0.5772
  152.6   -43.27  18.469  -0.5837
  153.0   -43.39  18.512  -0.5843
  153.4   -43.79  18.553  -0.5881
  153.8   -44.30  18.595  -0.5926
  154.2   -44.25  18.636  -0.5930
  154.6   -44.89  18.677  -0.5891
  155.0   -45.12  18.718  -0.5923
  155.3   -45.51  18.761  -0.5896
  155.9   -45.66  18.804  -0.5939
  156.1   -45.95  18.845  -0.5960
  156.6   -46.18  18.886  -0.5896
  157.0   -46.59  18.929  -0.5956
  157.5   -46.52  18.972  -0.5922
  157.8   -46.99  19.014  -0.5991
  158.4   -46.84  19.056  -0.5969
  158.5   -47.93  19.099  -0.5980
  159.0   -47.96  19.142  -0.5929
  159.5   -48.44  19.188  -0.5988
  159.9   -48.56  19.233  -0.5990
  160.3   -48.96  19.276  -0.6007
  160.7   -49.30  19.316  -0.5984
  161.1   -49.61  19.358  -0.5994
  161.6   -49.48  19.401  -0.6023
  161.9   -50.34  19.443  -0.6090
  162.4   -50.03  19.485  -0.6094
  162.7   -50.57  19.528  -0.6073
  163.2   -50.80  19.571  -0.6100
  163.6   -51.10  19.612  -0.6126
  164.1   -51.33  19.655  -0.6084
  164.5   -51.67  19.699  -0.6051
  164.8   -51.99  19.741  -0.6130
  165.3   -52.18  19.780  -0.6206
  165.7   -52.64  19.824  -0.6149
  166.1   -53.04  19.864  -0.6198
  166.5   -52.99  19.906  -0.6203
  166.9   -53.29  19.947  -0.6213
  167.3   -53.61  19.987  -0.6204
  167.6   -53.95  20.028  -0.6191
  168.1   -53.87  20.070  -0.6262
  168.6   -54.32  20.114  -0.6229
  168.9   -54.74  20.157  -0.6216
  169.4   -55.07  20.201  -0.6210
  169.8   -55.20  20.242  -0.6298
  170.3   -55.23  20.283  -0.6349
  170.6   -55.81  20.325  -0.6318
  171.0   -55.87  20.368  -0.6339
  171.4   -56.19  20.408  -0.6334
  171.8   -56.63  20.449  -0.6367
  172.3   -56.63  20.491  -0.6352
  172.7   -57.20  20.534  -0.6348
  173.1   -57.29  20.575  -0.6392
  173.5   -57.46  20.618  -0.6356
  174.0   -57.65  20.659  -0.6386
  174.3   -58.00  20.699  -0.6417
  174.7   -58.39  20.741  -0.6366
  175.1   -58.60  20.782  -0.6419
  175.6   -58.53  20.824  -0.6325
  176.0   -58.66  20.867  -0.6404
  176.3   -59.37  20.909  -0.6392
  176.8   -59.39  20.950  -0.6440
  177.3   -59.30  20.993  -0.6495
  177.6   -59.77  21.036  -0.6431
  178.0   -60.31  21.082  -0.6479
  178.5   -60.31  21.126  -0.6527
  179.0   -60.60  21.168  -0.6518
  179.4   -60.47  21.212  -0.6496
  179.8   -60.95  21.253  -0.6505
  180.2   -61.20  21.294  -0.6509
  180.6   -61.27  21.338  -0.6550
  181.0   -61.80  21.381  -0.6586
  181.4   -61.97  21.422  -0.6550
  181.9   -62.14  21.463  -0.6542
  182.3   -62.11  21.504  -0.6506
  182.6   -62.51  21.546  -0.6589
  183.1   -62.60  21.589  -0.6612
  183.5   -62.61  21.629  -0.6589
  183.9   -63.07  21.671  -0.6625
  184.4   -63.08  21.711  -0.6627
  184.8   -63.20  21.753  -0.6598
  185.1   -63.64  21.794  -0.6662
  185.5   -63.66  21.836  -0.6647
  186.0   -63.95  21.879  -0.6667
  186.3   -64.21  21.921  -0.6718
  186.6   -64.74  21.963  -0.6658
  187.3   -64.34  22.007  -0.6659
  187.6   -64.77  22.049  -0.6687
  188.0   -65.21  22.092  -0.6739
  188.5   -65.27  22.133  -0.6656
  188.8   -65.65  22.177  -0.6702
  189.2   -65.87  22.217  -0.6724
  189.8   -65.30  22.259  -0.6724
  190.1   -65.96  22.302  -0.6750
  190.6   -66.22  22.346  -0.6759
  191.0   -66.21  22.387  -0.6743
  191.4   -66.48  22.428  -0.6782
  191.8   -66.68  22.470  -0.6777
  192.3   -66.65  22.513  -0.6769
  192.7   -66.85  22.553  -0.6800
  193.0   -67.22  22.597  -0.6805
  193.5   -67.29  22.639  -0.6783
  194.0   -67.46  22.681  -0.6791
  194.4   -67.66  22.724  -0.6859
  194.8   -67.58  22.766  -0.6802
  195.2   -68.03  22.810  -0.6826
  195.8   -67.84  22.852  -0.6875
  196.0   -68.54  22.895  -0.6837
  196.6   -68.42  22.938  -0.6816
  197.0   -68.25  22.985  -0.6826
  197.7   -68.32  23.029  -0.6866
  197.9   -68.96  23.072  -0.6851
  198.3   -68.96  23.114  -0.6916
  198.8   -69.18  23.154  -0.6898
  199.3   -69.08  23.195  -0.6923
  199.6   -69.13  23.238  -0.6954
  200.0   -69.51  23.280  -0.6921
  200.6   -69.24  23.321  -0.6942
  200.9   -69.76  23.362  -0.6948
  201.4   -69.61  23.404  -0.7011
  201.9   -69.45  23.448  -0.7009
  202.2   -70.12  23.491  -0.7041
  202.7   -70.10  23.534  -0.7022
  203.2   -70.24  23.575  -0.6992
  203.5   -70.56  23.618  -0.7019
  204.1   -70.38  23.660  -0.6981
  204.4   -70.59  23.704  -0.6982
  205.0   -70.58  23.746  -0.7092
  205.4   -70.28  23.790  -0.6987
  205.7   -70.67  23.832  -0.7009
  206.2   -70.73  23.875  -0.7038
  206.7   -71.11  23.921  -0.7061
  207.1   -71.22  23.964  -0.7114
  207.6   -71.19  24.008  -0.7077
  208.0   -71.52  24.049  -0.7088
  208.4   -71.40  24.090  -0.7063
  208.8   -71.38  24.130  -0.7099
  209.4   -71.13  24.174  -0.7158
  209.9   -70.89  24.215  -0.7172
  210.2   -71.46  24.258  -0.7121
  210.6   -71.64  24.298  -0.7168
  211.0   -71.69  24.340  -0.7165
  211.4   -71.87  24.383  -0.7174
  211.9   -71.86  24.425  -0.7132
  212.3   -71.89  24.469  -0.7143
  212.9   -71.44  24.511  -0.7133
  213.2   -71.90  24.553  -0.7134
  213.7   -71.67  24.594  -0.7158
  214.1   -71.78  24.635  -0.7186
  214.5   -71.80  24.677  -0.7154
  214.9   -72.25  24.718  -0.7198
  215.5   -71.85  24.761  -0.7195
  215.8   -72.06  24.803  -0.7158
  216.3   -72.00  24.846  -0.7209
  216.6   -72.25  24.893  -0.7241
  217.2   -71.89  24.939  -0.7170
  217.7   -72.20  24.982  -0.7204
  218.1   -72.00  25.023  -0.7213
  218.5   -72.25  25.064  -0.7256
  219.0   -71.91  25.104  -0.7269
  219.5   -71.71  25.147  -0.7261
  219.8   -72.07  25.190  -0.7255
  220.3   -72.08  25.233  -0.7282
  220.7   -71.77  25.276  -0.7305
  221.1   -72.04  25.317  -0.7333
  221.6   -71.81  25.358  -0.7325
  222.1   -71.76  25.400  -0.7322
  222.5   -71.73  25.441  -0.7333
  222.9   -71.78  25.484  -0.7297
  223.4   -71.59  25.525  -0.7280
  223.8   -71.87  25.567  -0.7333
  224.1   -71.66  25.608  -0.7301
  224.6   -71.79  25.653  -0.7289
  225.1   -71.86  25.694  -0.7337
  225.5   -71.64  25.736  -0.7289
  226.0   -71.61  25.780  -0.7295
  226.5   -71.07  25.822  -0.7301
  226.9   -71.26  25.867  -0.7314
  227.3   -71.50  25.909  -0.7333
  227.8   -71.22  25.951  -0.7328
  228.2   -71.26  25.993  -0.7359
  228.6   -71.08  26.034  -0.7369
  229.1   -71.02  26.077  -0.7346
  229.5   -70.98  26.119  -0.7403
  230.0   -70.85  26.160  -0.7433
  230.4   -70.78  26.203  -0.7368
  230.9   -70.71  26.244  -0.7383
  231.3   -70.56  26.287  -0.7344
  231.7   -70.71  26.331  -0.7344
  232.2   -70.77  26.374  -0.7435
  232.7   -70.26  26.417  -0.7345
  233.1   -70.38  26.459  -0.7352
  233.5   -70.29  26.501  -0.7391
  233.9   -70.45  26.543  -0.7388
  234.4   -70.32  26.586  -0.7447
  234.8   -70.10  26.629  -0.7406
  235.3   -69.90  26.672  -0.7379
  235.8   -69.87  26.715  -0.7437
  236.2   -69.74  26.758  -0.7363
  236.6   -69.67  26.803  -0.7414
  237.1   -69.30  26.845  -0.7412
  237.5   -69.20  26.888  -0.7363
  237.9   -69.50  26.931  -0.7395
  238.5   -69.19  26.971  -0.7407
  238.8   -69.01  27.016  -0.7431
  239.4   -68.65  27.058  -0.7446
  239.8   -68.58  27.097  -0.7392
  240.2   -68.36  27.140  -0.7392
  240.7   -68.46  27.182  -0.7387
  241.1   -68.12  27.225  -0.7387
  241.6   -68.13  27.267  -0.7424
  242.0   -67.80  27.309  -0.7464
  242.4   -68.00  27.350  -0.7437
  242.9   -67.79  27.391  -0.7538
  243.2   -67.90  27.432  -0.7495
  243.7   -67.61  27.474  -0.7462
  244.1   -67.60  27.518  -0.7492
  244.6   -67.30  27.561  -0.7410
  245.0   -67.32  27.603  -0.7426
  245.6   -66.80  27.643  -0.7518
  245.9   -66.98  27.685  -0.7428
  246.3   -67.11  27.729  -0.7452
  246.8   -66.99  27.773  -0.7479
  247.3   -66.39  27.817  -0.7436
  247.8   -66.16  27.860  -0.7483
  248.3   -65.99  27.900  -0.7481
  248.5   -66.27  27.943  -0.7451
  249.0   -66.12  27.985  -0.7457
  249.6   -65.67  28.028  -0.7507
  250.0   -65.59  28.071  -0.7502
  250.5   -65.29  28.114  -0.7478
  250.9   -65.31  28.155  -0.7537
  251.4   -64.87  28.196  -0.7573
  251.9   -64.55  28.236  -0.7564
  252.2   -64.79  28.280  -0.7569
  252.6   -64.82  28.321  -0.7552
  253.0   -64.52  28.364  -0.7602
  253.6   -64.14  28.407  -0.7525
  253.9   -64.62  28.450  -0.7553
  254.4   -64.07  28.492  -0.7573
  254.9   -64.10  28.535  -0.7511
  255.3   -63.97  28.577  -0.7553
  255.9   -63.42  28.619  -0.7556
  256.2   -63.69  28.662  -0.7486
  256.7   -63.41  28.707  -0.7505
  257.2   -63.09  28.749  -0.7534
  257.6   -63.00  28.793  -0.7531
  258.1   -62.78  28.832  -0.7575
  258.5   -62.53  28.874  -0.7569
  258.9   -62.46  28.917  -0.7558
  259.4   -62.40  28.961  -0.7502
  259.9   -62.04  29.004  -0.7513
  260.4   -61.86  29.046  -0.7553
  260.9   -61.65  29.088  -0.7528
  261.2   -61.76  29.131  -0.7528
  261.7   -61.42  29.175  -0.7465
  262.2   -61.41  29.219  -0.7512
  262.6   -61.29  29.260  -0.7566
  263.1   -61.09  29.300  -0.7556
  263.6   -60.82  29.341  -0.7551
  264.1   -60.46  29.384  -0.7599
  264.4   -60.64  29.428  -0.7615
  264.9   -60.39  29.472  -0.7603
  265.4   -60.38  29.523  -0.7597
  265.9   -60.20  29.568  -0.7594
  266.4   -59.96  29.611  -0.7605
  266.9   -59.79  29.660  -0.7608
  267.5   -59.59  29.713  -0.7607
  268.0   -59.41  29.766  -0.7559
  268.7   -58.94  29.808  -0.7564
  269.2   -58.50  29.850  -0.7598
  269.5   -58.79  29.903  -0.7548
  270.1   -58.34  29.947  -0.7570
  270.6   -58.36  29.988  -0.7631
  271.0   -58.29  30.029  -0.7688
  271.5   -57.87  30.071  -0.7652
  271.9   -57.91  30.112  -0.7665
  272.3   -57.77  30.154  -0.7708
  272.9   -57.38  30.196  -0.7671
  273.2   -57.42  30.238  -0.7707
  273.6   -57.49  30.280  -0.7657
  274.1   -57.23  30.321  -0.7687
  274.5   -57.22  30.364  -0.7665
  275.0   -56.93  30.407  -0.7649
  275.5   -56.69  30.449  -0.7672
  276.0   -56.36  30.491  -0.7636
  276.4   -56.23  30.533  -0.7650
  276.8   -56.19  30.576  -0.7692
  277.3   -55.98  30.620  -0.7717
  277.8   -55.70  30.663  -0.7695
  278.3   -55.66  30.704  -0.7659
  278.7   -55.75  30.746  -0.7750
  279.2   -55.44  30.787  -0.7661
  279.7   -55.20  30.831  -0.7667
  280.1   -54.99  30.872  -0.7675
  280.6   -55.14  30.913  -0.7718
  281.0   -54.74  30.955  -0.7742
  281.4   -54.82  30.998  -0.7724
  282.0   -54.23  31.042  -0.7755
  282.3   -54.44  31.085  -0.7758
  282.8   -54.26  31.126  -0.7796
  283.3   -54.10  31.168  -0.7806
  283.7   -53.99  31.209  -0.7808
  284.2   -53.64  31.250  -0.7773
  284.6   -53.40  31.291  -0.7796
  285.0   -53.40  31.332  -0.7764
  285.6   -53.00  31.374  -0.7791
  286.0   -53.14  31.417  -0.7798
  286.5   -52.84  31.459  -0.7840
  286.9   -52.90  31.502  -0.7837
  287.4   -52.25  31.549  -0.7838
  287.8   -52.71  31.593  -0.7865
  288.3   -52.30  31.637  -0.7851
  288.8   -52.12  31.680  -0.7832
  289.3   -52.01  31.719  -0.7913
  289.7   -52.07  31.761  -0.7873
  290.1   -51.89  31.803  -0.7837
  290.6   -51.56  31.843  -0.7908
  291.1   -51.27  31.887  -0.7944
  291.6   -51.19  31.929  -0.7990
  291.9   -51.47  31.972  -0.8018
  292.4   -51.14  32.014  -0.7988
  292.8   -50.82  32.056  -0.8003
  293.2   -51.09  32.096  -0.8004
  293.7   -50.74  32.138  -0.8082
  294.2   -50.35  32.178  -0.8045
  294.6   -50.38  32.219  -0.8068
  295.0   -50.22  32.262  -0.8126
  295.5   -50.01  32.305  -0.8101
  296.0   -49.82  32.347  -0.8135
  296.5   -49.52  32.390  -0.8124
  296.8   -49.68  32.432  -0.8197
  297.2   -49.54  32.475  -0.8146
  297.8   -49.33  32.520  -0.8201
  298.2   -49.01  32.563  -0.8192
  298.6   -49.16  32.606  -0.8208
  299.2   -48.86  32.646  -0.8306
  299.6   -48.57  32.686  -0.8277
  300.0   -48.47  32.728  -0.8288
  300.5   -48.33  32.770  -0.8379
  301.1   -47.68  32.812  -0.8348
  301.3   -48.02  32.854  -0.8403
  301.8   -47.81  32.896  -0.8436
  302.4   -47.30  32.934  -0.8412
  302.8   -47.31  32.977  -0.8492
  303.3   -47.02  33.018  -0.8488
  303.7   -46.91  33.060  -0.8528
  304.0   -47.20  33.101  -0.8554
  304.5   -46.96  33.143  -0.8550
  305.0   -46.92  33.186  -0.8574
  305.5   -46.42  33.229  -0.8642
  305.9   -46.32  33.272  -0.8733
  306.5   -45.91  33.315  -0.8716
  306.9   -45.87  33.357  -0.8734
  307.4   -45.58  33.400  -0.8787
  307.8   -45.36  33.444  -0.8838
  308.4   -45.19  33.486  -0.8912
  308.9   -44.81  33.530  -0.8987
  309.2   -44.64  33.572  -0.8951
  309.7   -44.71  33.613  -0.9008
  310.2   -44.16  33.656  -0.9058
  310.7   -43.90  33.700  -0.9077
  311.1   -44.19  33.745  -0.9129
  311.7   -43.30  33.786  -0.9258
  312.1   -43.26  33.828  -0.9337
  312.6   -43.00  33.871  -0.9404
  313.0   -42.72  33.914  -0.9493
  313.6   -42.31  33.955  -0.9535
  314.1   -41.94  33.998  -0.9586
  314.5   -41.70  34.038  -0.9630
  314.9   -41.55  34.080  -0.9800
  315.4   -40.97  34.121  -0.9805
  315.8   -41.01  34.165  -0.9989
  316.3   -40.35  34.207  -1.0029
  316.8   -40.00  34.250  -1.0156
  317.2   -39.83  34.292  -1.0182
  317.8   -39.16  34.332  -1.0318
  318.3   -38.75  34.376  -1.0425
  318.8   -38.26  34.421  -1.0480
  319.2   -38.20  34.464  -1.0588
  319.8   -37.50  34.508  -1.0755
  320.2   -36.89  34.550  -1.0850
  320.7   -36.58  34.592  -1.0983
  321.3   -35.66  34.634  -1.1069
  321.7   -35.56  34.677  -1.1191
  322.1   -34.92  34.717  -1.1315
  322.7   -34.50  34.759  -1.1431
  323.3   -33.45  34.801  -1.1557
  323.7   -32.83  34.842  -1.1685
  324.1   -32.53  34.887  -1.1807
  324.6   -31.92  34.931  -1.1966
  325.1   -30.96  34.972  -1.2050
  325.6   -30.63  35.015  -1.2131
  326.2   -29.87  35.057  -1.2282
  326.7   -29.27  35.102  -1.2378
  327.2   -28.29  35.144  -1.2526
  327.8   -27.68  35.186  -1.2633
  328.2   -27.24  35.229  -1.2773
  328.7   -26.20  35.270  -1.2924
  329.2   -25.57  35.314  -1.3035
  329.7   -24.97  35.360  -1.3183
  330.5   -23.41  35.403  -1.3308
  330.8   -23.54  35.444  -1.3349
  331.3   -22.76  35.485  -1.3577
  331.8   -22.02  35.526  -1.3675
  332.3   -21.33  35.569  -1.3834
  332.9   -20.26  35.612  -1.3963
  333.3   -19.80  35.653  -1.4109
  333.9   -19.26  35.696  -1.4237
  334.4   -18.68  35.739  -1.4371
  334.8   -17.73  35.780  -1.4468
  335.4   -17.32  35.822  -1.4579
  335.9   -16.43  35.864  -1.4786
  336.4   -16.17  35.905  -1.4863
  337.0   -14.95  35.947  -1.4952
  337.3   -15.17  35.990  -1.5106
  337.9   -14.24  36.032  -1.5243
  338.4   -13.73  36.078  -1.5376
  339.0   -12.96  36.120  -1.5484
  339.4   -12.70  36.163  -1.5638
  340.0   -12.17  36.204  -1.5777
  340.5   -11.61  36.246  -1.5825
  341.0   -11.18  36.291  -1.5942
  341.5   -10.91  36.336  -1.6050
  342.1   -10.34  36.378  -1.6187
  342.7    -9.63  36.421  -1.6286
  343.1    -9.55  36.462  -1.6441
  343.6    -9.36  36.502  -1.6557
  344.0    -9.08  36.545  -1.6650
  344.5    -8.70  36.585  -1.6771
  345.2    -8.06  36.627  -1.6875
  345.7    -7.86  36.670  -1.6917
  346.1    -7.86  36.708  -1.7036
  346.6    -7.25  36.748  -1.7166
  347.1    -7.46  36.802  -1.7319
  347.8    -7.02  36.856  -1.7439
  348.3    -6.74  36.898  -1.7635
  348.9    -6.35  36.940  -1.7714
  349.3    -6.61  36.985  -1.7831
  349.8    -6.47  37.028  -1.8005
  350.3    -6.08  37.071  -1.8124
  350.8    -6.01  37.114  -1.8232
  351.3    -6.07  37.155  -1.8391
  351.9    -5.76  37.198  -1.8516
  352.3    -5.74  37.240  -1.8657
  352.8    -5.72  37.283  -1.8833
  353.3    -5.72  37.327  -1.8944
  353.8    -5.78  37.370  -1.9131
  354.4    -5.80  37.411  -1.9238
  354.8    -5.94  37.453  -1.9351
  355.2    -5.99  37.496  -1.9542
  355.7    -5.73  37.538  -1.9641
  356.3    -5.91  37.580  -1.9824
  356.6    -6.04  37.621  -1.9918
  357.1    -6.09  37.663  -2.0098
  357.6    -6.23  37.706  -2.0259
  358.1    -6.30  37.747  -2.0376
  358.7    -6.31  37.788  -2.0547
  359.0    -6.82  37.829  -2.0691
  359.6    -6.77  37.872  -2.0880
  360.0    -6.77  37.915  -2.1020
  360.5    -7.13  37.959  -2.1176
  361.0    -7.13  38.001  -2.1396
  361.6    -7.08  38.043  -2.1478
  361.8    -7.79  38.083  -2.1686
  362.4    -7.67  38.126  -2.1834
  362.8    -8.08  38.169  -2.1962
  363.4    -8.04  38.213  -2.2164
  363.8    -8.38  38.257  -2.2307
  364.4    -8.31  38.300  -2.2530
  364.9    -8.71  38.342  -2.2629
  365.3    -9.08  38.382  -2.2814
  365.8    -9.01  38.422  -2.2934
  366.1    -9.60  38.465  -2.3052
  366.6    -9.53  38.506  -2.3281
  367.2    -9.75  38.548  -2.3344
  367.6   -10.01  38.590  -2.3514
  368.1    -9.91  38.632  -2.3621
  368.6   -10.33  38.673  -2.3859
  368.9   -10.61  38.715  -2.3956
  369.5   -10.73  38.756  -2.4127
  369.9   -10.71  38.797  -2.4272
  370.2   -11.24  38.840  -2.4431
  370.9   -10.73  38.885  -2.4575
  371.3   -10.96  38.928  -2.4733
  371.8   -11.22  38.968  -2.4894
  372.2   -11.35  39.011  -2.4932
  372.6   -11.55  39.056  -2.5145
  373.2   -11.27  39.099  -2.5214
  373.6   -11.76  39.143  -2.5423
  374.1   -11.66  39.189  -2.5484
  374.5   -11.94  39.232  -2.5617
  375.1   -11.68  39.276  -2.5694
  375.5   -11.69  39.318  -2.5843
  376.0   -11.90  39.359  -2.5973
  376.5   -11.12  39.403  -2.6005
  376.9   -11.27  39.443  -2.6177
  377.3   -11.53  39.484  -2.6260
  377.8   -11.41  39.526  -2.6336
  378.3   -10.90  39.569  -2.6479
  378.7   -10.77  39.609  -2.6516
  379.2   -10.64  39.655  -2.6628
  379.5   -10.31  39.698  -2.6676
  380.2    -9.88  39.741  -2.6716
  380.5    -9.92  39.783  -2.6875
  381.1    -8.67  39.824  -2.6893
  381.4    -8.94  39.865  -2.6996
  381.9    -8.48  39.908  -2.7062
  382.3    -8.41  39.952  -2.7052
  382.8    -7.88  39.994  -2.7218
  383.1    -7.49  40.037  -2.7134
  383.6    -6.99  40.080  -2.7232
  384.2    -6.15  40.127  -2.7244
  384.7    -5.92  40.171  -2.7269
  385.2    -5.15  40.214  -2.7381
  385.6    -4.58  40.257  -2.7358
  386.1    -4.37  40.297  -2.7481
  386.4    -3.37  40.339  -2.7486
  386.9    -3.01  40.382  -2.7490
  387.2    -2.88  40.425  -2.7604
  387.8    -2.14  40.468  -2.7538
  388.2    -1.96  40.511  -2.7579
  388.7    -1.30  40.553  -2.7580
  389.3    -0.40  40.595  -2.7595
  389.5    -0.50  40.635  -2.7602
  389.9     0.05  40.676  -2.7693
  390.5     0.73  40.717  -2.7629
  390.8     0.94  40.760  -2.7719
  391.3     1.21  40.801  -2.7794
  391.7     1.74  40.842  -2.7727
  392.1     2.11  40.885  -2.7820
  392.7     2.84  40.927  -2.7763
  393.1     2.99  40.968  -2.7801
  393.4     3.41  41.011  -2.7835
  393.9     3.82  41.056  -2.7797
  394.5     4.61  41.101  -2.7909
  394.9     4.95  41.146  -2.7904
  395.4     5.28  41.188  -2.8013
  395.9     6.02  41.227  -2.7986
  396.2     5.98  41.269  -2.7960
  396.8     6.57  41.314  -2.8077
  397.2     7.34  41.356  -2.8047
  397.5     7.22  41.399  -2.8141
  398.0     7.67  41.440  -2.8204
  398.5     8.13  41.481  -2.8164
  398.9     8.56  41.523  -2.8179
  399.4     9.36  41.565  -2.8182
  399.8     9.33  41.610  -2.8248
  400.2     9.71  41.650  -2.8260
  400.7    10.19  41.692  -2.8230
  401.1    10.72  41.734  -2.8321
  401.6    11.22  41.777  -2.8280
  402.1    11.58  41.820  -2.8360
  402.5    11.99  41.862  -2.8270
  402.9    12.31  41.904  -2.8346
  403.4    13.05  41.947  -2.8360
  403.8    13.41  41.991  -2.8401
  404.3    13.74  42.034  -2.8477
  404.7    13.94  42.078  -2.8439
  405.3    14.59  42.123  -2.8514
  405.6    14.93  42.164  -2.8430
  406.1    15.21  42.217  -2.8496
  406.8    16.17  42.272  -2.8432
  407.3    16.42  42.327  -2.8537
  407.9    17.22  42.377  -2.8477
  408.4    17.60  42.420  -2.8556
  408.9    17.97  42.464  -2.8519
  409.3    18.36  42.506  -2.8583
  409.7    18.64  42.548  -2.8652
  410.1    18.86  42.590  -2.8547
  410.7    19.27  42.632  -2.8596
  411.0    19.50  42.674  -2.8597
  411.6    20.57  42.715  -2.8574
  411.9    20.45  42.756  -2.8692
  412.4    20.77  42.797  -2.8618
  412.8    21.17  42.839  -2.8702
  413.2    21.35  42.881  -2.8759
  413.7    21.74  42.925  -2.8747
  414.3    22.24  42.969  -2.8838
  414.7    22.38  43.012  -2.8753
  415.0    22.34  43.057  -2.8857
  415.6    22.79  43.100  -2.8861
  416.0    23.03  43.142  -2.8783
  416.5    23.05  43.185  -2.8903
  417.0    23.44  43.228  -2.8843
  417.4    23.42  43.273  -2.8892
  417.9    23.61  43.315  -2.8938
  418.4    24.18  43.357  -2.8907
  418.8    24.25  43.399  -2.8951
  419.1    24.09  43.441  -2.8993
  419.7    24.37  43.484  -2.8935
  420.0    24.15  43.524  -2.8942
  420.4    24.27  43.565  -2.9049
  421.0    24.40  43.607  -2.9038
  421.4    24.28  43.648  -2.9042
  421.8    24.51  43.690  -2.9094
  422.3    24.56  43.731  -2.9036
  422.6    24.10  43.772  -2.9082
  423.0    24.19  43.814  -2.9170
  423.5    24.19  43.856  -2.9100
  424.0    24.14  43.899  -2.9153
  424.4    23.90  43.943  -2.9133
  424.9    24.11  43.986  -2.9152
  425.2    23.49  44.028  -2.9190
  425.8    23.65  44.069  -2.9160
  426.2    23.56  44.110  -2.9230
  426.5    23.10  44.153  -2.9146
  427.1    23.31  44.197  -2.9172
  427.5    22.64  44.239  -2.9144
  427.9    22.77  44.282  -2.9246
  428.4    22.85  44.320  -2.9225
  428.7    22.18  44.361  -2.9229
  429.2    22.14  44.403  -2.9280
  429.6    21.82  44.445  -2.9209
  430.0    21.53  44.487  -2.9296
  430.4    21.32  44.530  -2.9278
  430.9    21.13  44.571  -2.9244
  431.2    20.93  44.613  -2.9352
  431.7    20.50  44.656  -2.9291
  432.2    20.30  44.697  -2.9237
  432.5    19.98  44.740  -2.9325
  432.9    19.60  44.781  -2.9297
  433.5    19.50  44.826  -2.9263
  433.8    18.86  44.870  -2.9321
  434.4    19.21  44.914  -2.9250
  434.7    18.46  44.957  -2.9297
  435.2    18.36  45.000  -2.9329
  435.4    17.63  45.041  -2.9257
  435.9    17.48  45.083  -2.9328
  436.4    17.30  45.126  -2.9358
  436.8    17.24  45.168  -2.9234
  437.2    16.40  45.210  -2.9324
  437.6    16.63  45.251  -2.9329
  438.0    16.06  45.292  -2.9292
  438.3    15.41  45.333  -2.9366
  438.8    15.50  45.375  -2.9291
  439.2    14.97  45.416  -2.9296
  439.6    14.91  45.457  -2.9372
  440.1    14.61  45.500  -2.9316
  440.6    14.32  45.542  -2.9378
  440.9    13.73  45.585  -2.9444
  441.4    13.76  45.628  -2.9343
  441.8    13.22  45.671  -2.9442
  442.2    13.46  45.713  -2.9438
  442.7    13.05  45.754  -2.9395
  443.0    12.13  45.798  -2.9474
  443.4    11.98  45.843  -2.9438
  443.9    11.82  45.887  -2.9415
  444.4    11.57  45.930  -2.9497
  444.8    11.63  45.970  -2.9512
  445.3    11.24  46.012  -2.9432
  445.6    10.76  46.055  -2.9498
  445.9    10.21  46.097  -2.9597
  446.4     9.98  46.140  -2.9550
  446.9     9.98  46.181  -2.9506
  447.2     9.45  46.224  -2.9568
  447.6     8.89  46.267  -2.9559
  448.1     9.30  46.309  -2.9483
  448.4     8.63  46.351  -2.9546
  448.9     8.75  46.393  -2.9616
  449.3     8.54  46.436  -2.9571
  449.6     7.85  46.478  -2.9495
  450.1     7.68  46.521  -2.9549
  450.6     7.81  46.563  -2.9617
  450.9     7.47  46.606  -2.9569
  451.4     7.35  46.649  -2.9492
  451.8     6.90  46.690  -2.9549
  452.2     6.94  46.732  -2.9584
  452.6     6.49  46.776  -2.9506
  453.0     6.45  46.819  -2.9510
  453.4     5.97  46.862  -2.9609
  454.0     6.15  46.903  -2.9635
  454.3     5.51  46.944  -2.9526
  454.6     5.15  46.987  -2.9549
  455.2     5.40  47.031  -2.9619
  455.5     5.11  47.077  -2.9523
  455.9     4.87  47.119  -2.9569
  456.4     4.88  47.161  -2.9582
  456.8     4.17  47.225  -2.9583
  457.5     4.13  47.284  -2.9601
  458.0     3.75  47.341  -2.9612
  458.6     3.80  47.396  -2.9665
  459.1     3.83  47.436  -2.9637
  459.3     3.22  47.477  -2.9724
  459.9     3.43  47.519  -2.9583
  460.2     2.97  47.561  -2.9654
  460.5     3.00  47.602  -2.9663
  461.0     2.69  47.645  -2.9597
  461.5     2.74  47.688  -2.9687
  461.9     2.48  47.732  -2.9637
  462.2     2.41  47.775  -2.9696
  462.7     2.49  47.818  -2.9633
  463.1     2.04  47.861  -2.9701
  463.5     1.80  47.903  -2.9727
  463.8     1.57  47.943  -2.9640
  464.3     1.64  47.987  -2.9706
  464.6     1.28  48.028  -2.9675
  465.1     1.52  48.071  -2.9734
  465.4     1.07  48.114  -2.9715
  466.0     1.33  48.156  -2.9683
  466.3     1.04  48.198  -2.9772
  466.7     1.12  48.241  -2.9744
  467.2     1.07  48.281  -2.9737
  467.7     1.04  48.323  -2.9768
  468.0     0.67  48.366  -2.9746
  468.4     0.93  48.407  -2.9809
  468.8     0.55  48.450  -2.9691
  469.3     0.53  48.493  -2.9787
  469.5     0.08  48.536  -2.9673
  470.0     0.14  48.577  -2.9794
  470.5     0.24  48.621  -2.9700
  471.0     0.26  48.665  -2.9741
  471.3    -0.02  48.711  -2.9710
  471.8    -0.24  48.752  -2.9698
  472.2    -0.12  48.794  -2.9741
  472.6    -0.21  48.837  -2.9697
  473.1    -0.36  48.879  -2.9772
  473.4    -0.50  48.922  -2.9700
  473.7    -0.74  48.962  -2.9702
  474.2    -0.63  49.004  -2.9798
  474.6    -0.95  49.046  -2.9743
  475.0    -0.89  49.087  -2.9809
  475.4    -0.81  49.131  -2.9786
  475.8    -1.16  49.176  -2.9787
  476.2    -1.08  49.218  -2.9845
  476.7    -1.02  49.261  -2.9774
  477.1    -1.17  49.302  -2.9852
  477.6    -1.07  49.345  -2.9811
  477.9    -1.58  49.389  -2.9820
  478.3    -1.52  49.433  -2.9839
  478.8    -1.41  49.475  -2.9757
  479.1    -1.73  49.516  -2.9764
  479.6    -1.35  49.557  -2.9815
  480.0    -1.53  49.601  -2.9794
  480.4    -1.50  49.646  -2.9889
  480.9    -1.45  49.690  -2.9772
  481.3    -1.66  49.734  -2.9842
  481.7    -1.88  49.775  -2.9873
  482.1    -1.81  49.819  -2.9784
  482.6    -1.69  49.862  -2.9795
  482.9    -1.91  49.905  -2.9842
  483.4    -1.68  49.944  -2.9756
  483.7    -2.13  49.987  -2.9808
  484.0    -2.37  50.028  -2.9852
  484.6    -2.08  50.071  -2.9794
  484.9    -2.55  50.116  -2.9898
  485.4    -2.31  50.157  -2.9935
  485.8    -2.34  50.199  -2.9849
  486.3    -2.16  50.241  -2.9864
  486.7    -2.18  50.282  -2.9907
  487.0    -2.53  50.328  -2.9839
  487.6    -2.34  50.369  -2.9803
  488.0    -2.30  50.412  -2.9864
  488.3    -2.50  50.453  -2.9881
  488.7    -2.55  50.496  -2.9826
  489.2    -2.55  50.539  -2.9852
  489.7    -2.38  50.584  -2.9922
  490.0    -2.43  50.627  -2.9841
  490.5    -2.71  50.673  -2.9916
  490.9    -2.81  50.714  -2.9978
  491.3    -2.59  50.753  -2.9870
  491.7    -3.04  50.795  -2.9900
  492.1    -2.88  50.837  -2.9957
  492.5    -2.79  50.877  -2.9901
  492.9    -3.04  50.920  -2.9931
  493.3    -3.05  50.961  -2.9993
  493.8    -2.53  51.003  -2.9909
  494.1    -3.04  51.044  -2.9930
  494.4    -3.19  51.084  -2.9979
  495.0    -2.88  51.125  -2.9904
  495.3    -2.99  51.165  -2.9962
  495.8    -3.07  51.207  -3.0006
  496.2    -2.92  51.250  -2.9914
  496.7    -2.80  51.294  -2.9993
  497.0    -2.97  51.337  -2.9921
  497.4    -3.23  51.380  -2.9985
  497.9    -3.08  51.422  -3.0022
  498.4    -2.75  51.465  -2.9917
  498.6    -3.51  51.510  -2.9999
  499.2    -3.06  51.555  -2.9923
  499.6    -2.98  51.599  -2.9966
  500.0    -3.29  51.640  -2.9972
  500.4    -3.53  51.681  -2.9938
  500.8    -3.31  51.722  -3.0060
  501.3    -3.19  51.764  -2.9931
  501.7    -3.00  51.807  -3.0021
  502.2    -2.81  51.848  -3.0007
  502.4    -3.60  51.891  -3.0011
  502.9    -3.18  51.934  -3.0036
  503.3    -3.46  51.979  -2.9978
  503.7    -3.61  52.022  -3.0030
  504.2    -3.21  52.065  -3.0005
  504.5    -3.32  52.108  -2.9979
  505.0    -3.48  52.150  -3.0028
  505.4    -3.33  52.193  -3.0019
  505.9    -3.50  52.237  -2.9934
  506.2    -3.77  52.279  -2.9987
  506.6    -3.53  52.322  -3.0041
  507.1    -3.60  52.364  -2.9915
  507.4    -3.53  52.406  -2.9988
  507.8    -4.01  52.449  -3.0045
  508.4    -3.22  52.494  -2.9952
  508.7    -3.63  52.539  -3.0004
  509.2    -3.30  52.581  -2.9927
  509.5    -3.86  52.622  -2.9979
  510.0    -3.61  52.666  -3.0014
  510.4    -3.52  52.709  -2.9997
  510.8    -3.67  52.752  -3.0015
  511.2    -3.67  52.793  -3.0073
  511.6    -3.78  52.836  -2.9977
  512.1    -3.75  52.876  -3.0023
  512.4    -3.87  52.919  -3.0076
  512.9    -3.92  52.962  -3.0006
  513.2    -3.80  53.002  -3.0032
  513.7    -3.51  53.043  -3.0109
  514.0    -3.95  53.086  -3.0063
  514.5    -3.79  53.129  -3.0008
  514.9    -3.78  53.173  -3.0099
  515.3    -3.72  53.215  -3.0110
  515.8    -3.70  53.259  -3.0017
  516.2    -3.88  53.301  -3.0090
  516.4    -4.36  53.344  -3.0100
  517.0    -3.43  53.385  -3.0046
  517.4    -3.97  53.431  -3.0151
  517.9    -3.90  53.474  -3.0121
  518.3    -3.91  53.515  -3.0115
  518.7    -3.71  53.557  -3.0158
  519.0    -4.05  53.598  -3.0073
  519.4    -3.99  53.641  -3.0186
  519.8    -3.97  53.683  -3.0107
  520.4    -3.70  53.724  -3.0117
  520.7    -4.00  53.767  -3.0129
  521.2    -3.79  53.809  -3.0109
  521.5    -3.61  53.851  -3.0177
  522.0    -3.74  53.895  -3.0145
  522.4    -3.60  53.941  -3.0186
  522.7    -3.88  53.982  -3.0115
  523.2    -3.85  54.025  -3.0170
  523.6    -3.87  54.068  -3.0101
  524.0    -4.08  54.114  -3.0122
  524.5    -3.89  54.158  -3.0039
  524.8    -4.29  54.199  -3.0100
  525.3    -3.93  54.242  -3.0042
  525.8    -4.01  54.283  -3.0147
  526.1    -3.92  54.325  -3.0110
  526.7    -3.99  54.370  -3.0155
  527.1    -3.89  54.415  -3.0126
  527.5    -4.08  54.457  -3.0158
  527.8    -4.06  54.499  -3.0134
  528.3    -4.21  54.540  -3.0065
  528.7    -4.06  54.583  -3.0168
  529.2    -4.04  54.627  -3.0111
  529.5    -4.24  54.667  -3.0183
  529.9    -4.13  54.710  -3.0119
  530.3    -4.36  54.753  -3.0138
  530.9    -3.90  54.795  -3.0145
  531.2    -4.11  54.837  -3.0104
  531.6    -4.37  54.882  -3.0169
  532.0    -4.45  54.924  -3.0158
  532.5    -4.33  54.967  -3.0175
  532.9    -4.32  55.009  -3.0214
  533.3    -4.30  55.051  -3.0212
  533.7    -4.54  55.097  -3.0127
  534.3    -4.15  55.160  -3.0191
  534.8    -4.21  55.203  -3.0237
  535.5    -3.80  55.270  -3.0177
  535.9    -4.47  55.323  -3.0260
  536.4    -4.11  55.366  -3.0223
  536.9    -4.32  55.412  -3.0177
  537.3    -4.42  55.455  -3.0204
  537.9    -4.10  55.495  -3.0244
  538.1    -4.15  55.536  -3.0164
  538.6    -4.22  55.580  -3.0178
  538.9    -4.55  55.623  -3.0338
  539.4    -4.13  55.667  -3.0296
  539.8    -4.22  55.708  -3.0269
  540.1    -4.32  55.751  -3.0368
  540.5    -4.20  55.790  -3.0319
  540.9    -4.35  55.834  -3.0248
  541.3    -4.60  55.876  -3.0311
  541.6    -4.51  55.918  -3.0328
  542.1    -4.49  55.960  -3.0242
  542.4    -4.57  56.003  -3.0276
  542.9    -4.50  56.045  -3.0315
  543.3    -4.35  56.088  -3.0262
  543.7    -4.24  56.131  -3.0287
  544.2    -4.48  56.172  -3.0371
  544.6    -4.39  56.215  -3.0305
  545.0    -4.53  56.256  -3.0228
  545.4    -4.54  56.301  -3.0355
  545.8    -4.28  56.346  -3.0296
  546.4    -4.35  56.389  -3.0165
  546.7    -4.35  56.430  -3.0278
  547.1    -4.34  56.472  -3.0337
  547.7    -3.95  56.516  -3.0279
  547.8    -4.73  56.559  -3.0309
  548.3    -4.53  56.602  -3.0409
  548.8    -4.20  56.643  -3.0343
  549.2    -4.57  56.686  -3.0347
  549.6    -4.58  56.728  -3.0400
  550.0    -4.26  56.769  -3.0409
  550.5    -4.21  56.812  -3.0305
  550.8    -4.68  56.852  -3.0377
  551.3    -4.67  56.892  -3.0419
  551.6    -4.71  56.933  -3.0346
  552.0    -4.59  56.976  -3.0381
  552.5    -4.93  57.021  -3.0420
  552.9    -4.39  57.064  -3.0326
  553.4    -4.45  57.107  -3.0384
  553.8    -4.36  57.149  -3.0425
  554.3    -4.28  57.193  -3.0379
  554.5    -4.70  57.239  -3.0412
  555.0    -4.79  57.285  -3.0394
  555.5    -4.78  57.331  -3.0371
  555.9    -4.54  57.374  -3.0438
  556.3    -4.79  57.417  -3.0402
  556.9    -4.52  57.460  -3.0384
  557.2    -4.66  57.505  -3.0378
  557.7    -4.59  57.550  -3.0387
  558.2    -4.73  57.595  -3.0401
  558.5    -4.62  57.639  -3.0362
  558.9    -5.04  57.683  -3.0361
  559.3    -4.89  57.728  -3.0319
  559.8    -4.61  57.770  -3.0328
  560.3    -4.55  57.815  -3.0296
  560.7    -4.91  57.861  -3.0234
  561.2    -4.45  57.904  -3.0336
  561.6    -4.75  57.949  -3.0312
  562.1    -4.45  57.995  -3.0304
  562.5    -4.64  58.040  -3.0355
  562.9    -4.70  58.085  -3.0311
  563.3    -4.66  58.129  -3.0358
  563.6    -5.17  58.176  -3.0335
  564.2    -4.52  58.222  -3.0322
  564.6    -4.86  58.267  -3.0378
  565.0    -4.95  58.312  -3.0395
  565.6    -4.75  58.357  -3.0402
  566.0    -4.65  58.402  -3.0477
  566.5    -4.45  58.447  -3.0419
  566.8    -4.68  58.490  -3.0372
  567.2    -4.94  58.534  -3.0436
  567.6    -4.78  58.579  -3.0365
  568.1    -4.72  58.621  -3.0425
  568.5    -4.77  58.666  -3.0487
  569.0    -4.53  58.711  -3.0395
  569.4    -4.53  58.753  -3.0451
  569.8    -4.72  58.798  -3.0504
  570.1    -4.98  58.840  -3.0417
  570.7    -4.76  58.885  -3.0447
  571.0    -4.76  58.930  -3.0494
  571.4    -4.80  58.973  -3.0479
  571.9    -4.96  59.019  -3.0459
  572.4    -4.84  59.062  -3.0482
  572.7    -4.67  59.105  -3.0431
  573.2    -4.73  59.152  -3.0388
  573.6    -4.90  59.195  -3.0479
  574.1    -4.54  59.239  -3.0438
  574.4    -5.07  59.281  -3.0399
  574.9    -4.76  59.323  -3.0525
  575.3    -4.77  59.365  -3.0520
  575.8    -4.62  59.406  -3.0422
  576.2    -4.58  59.449  -3.0517
  576.7    -4.69  59.494  -3.0446
  577.1    -4.64  59.536  -3.0446
  577.4    -4.92  59.576  -3.0536
  577.8    -4.65  59.620  -3.0520
  578.3    -4.67  59.662  -3.0473
  578.7    -4.96  59.704  -3.0518
  579.2    -4.61  59.743  -3.0534
  579.4    -5.09  59.784  -3.0438
  580.0    -4.78  59.828  -3.0537
  580.3    -4.95  59.872  -3.0537
  580.7    -5.07  59.916  -3.0487
  581.2    -5.02  59.959  -3.0489
  581.6    -5.16  60.002  -3.0528
  582.1    -4.79  60.047  -3.0516
  582.5    -4.68  60.092  -3.0595
  583.1    -4.52  60.137  -3.0525
  583.3    -4.84  60.182  -3.0523
  583.8    -4.85  60.224  -3.0578
  584.2    -4.93  60.264  -3.0507
  584.6    -5.17  60.309  -3.0535
  585.1    -4.90  60.349  -3.0613
  585.4    -4.96  60.389  -3.0529
  585.9    -4.79  60.433  -3.0572
  586.3    -4.86  60.474  -3.0535
  586.7    -4.79  60.517  -3.0514
  587.1    -4.84  60.559  -3.0486
  587.6    -4.59  60.602  -3.0548
  588.0    -4.80  60.646  -3.0548
  588.4    -4.59  60.688  -3.0552
  588.8    -4.68  60.731  -3.0475
  589.1    -5.07  60.774  -3.0489
  589.6    -4.81  60.817  -3.0604
  590.0    -4.89  60.860  -3.0569
  590.5    -4.78  60.904  -3.0615
  590.8    -4.88  60.945  -3.0681
  591.3    -4.65  60.989  -3.0581
  591.7    -4.81  61.034  -3.0639
  592.2    -4.51  61.078  -3.0608
  592.5    -4.92  61.122  -3.0593
  593.0    -4.67  61.162  -3.0629
  593.4    -4.65  61.205  -3.0575
  593.8    -4.73  61.247  -3.0656
  594.3    -4.46  61.292  -3.0615
  594.5    -4.97  61.335  -3.0619
  595.1    -4.50  61.376  -3.0707
  595.5    -4.65  61.417  -3.0620
  595.9    -4.86  61.461  -3.0674
  596.4    -4.63  61.504  -3.0648
  596.8    -4.76  61.550  -3.0691
  597.1    -4.79  61.591  -3.0703
  597.6    -4.41  61.632  -3.0622
  598.0    -4.61  61.673  -3.0698
  598.5    -4.66  61.716  -3.0755
  598.9    -4.29  61.761  -3.0700
  599.3    -4.64  61.803  -3.0743
  599.7    -4.58  61.845  -3.0797
  600.1    -4.61  61.887  -3.0725
