    8.8     3.38   0.043  -0.0036
    8.8     2.84   0.083  -0.0093
    8.8     2.77   0.125  -0.0135
    8.9     3.08   0.167  -0.0247
    8.9     3.04   0.207  -0.0290
    8.8     2.69   0.248  -0.0280
    9.1     3.35   0.286  -0.0284
    9.0     3.46   0.325  -0.0152
    9.0     2.76   0.369  -0.0179
    9.0     2.95   0.412  -0.0177
    9.0     2.89   0.452  -0.0149
    9.2     3.23   0.494  -0.0357
    9.2     3.31   0.535  -0.0441
    9.2     2.93   0.575  -0.0529
    9.1     3.19   0.617  -0.0513
    9.2     2.53   0.659  -0.0537
    9.2     2.84   0.700  -0.0492
    9.2     2.67   0.742  -0.0551
    9.6     3.63   0.783  -0.0471
    9.3     3.03   0.825  -0.0460
    9.5     3.19   0.867  -0.0518
    9.4     2.82   0.912  -0.0495
    9.5     3.11   0.953  -0.0536
    9.5     2.56   0.993  -0.0516
    9.6     3.36   1.035  -0.0504
    9.6     3.23   1.076  -0.0529
    9.7     2.95   1.117  -0.0503
    9.6     2.79   1.157  -0.0513
    9.8     3.10   1.200  -0.0541
    9.9     3.10   1.240  -0.0475
    9.7     2.95   1.281  -0.0505
   10.0     3.40   1.322  -0.0612
    9.8     3.17   1.365  -0.0645
   10.0     2.70   1.410  -0.0448
    9.8     2.71   1.453  -0.0392
   10.0     3.09   1.493  -0.0503
   10.2     3.33   1.535  -0.0542
   10.1     2.85   1.576  -0.0617
   10.2     2.63   1.616  -0.0635
   10.4     3.13   1.658  -0.0649
   10.4     2.87   1.701  -0.0710
   10.5     2.86   1.741  -0.0497
   10.5     3.12   1.784  -0.0410
   10.7     3.39   1.825  -0.0393
   10.6     2.64   1.868  -0.0406
   10.8     3.07   1.913  -0.0434
   10.7     2.66   1.955  -0.0458
   10.9     3.25   1.997  -0.0492
   11.1     3.25   2.040  -0.0412
   11.0     3.12   2.080  -0.0425
   11.3     3.39   2.123  -0.0435
   11.4     3.44   2.163  -0.0460
   11.5     3.51   2.204  -0.0305
   11.6     3.16   2.244  -0.0283
   11.8     3.64   2.287  -0.0211
   11.7     3.19   2.327  -0.0202
   12.0     3.30   2.372  -0.0240
   12.1     3.38   2.413  -0.0185
   12.1     3.15   2.455  -0.0144
   12.3     3.25   2.497  -0.0201
   12.5     3.72   2.538  -0.0139
   12.5     3.38   2.579  -0.0040
   12.8     3.48   2.620  -0.0156
   13.0     3.75   2.660  -0.0151
   13.0     3.32   2.700  -0.0190
   13.1     2.95   2.741  -0.0401
   13.4     3.32   2.781  -0.0530
   13.6     3.78   2.823  -0.0445
   13.6     3.43   2.865  -0.0582
   13.9     3.38   2.908  -0.0553
   14.3     4.19   2.949  -0.0583
   14.2     3.52   2.991  -0.0482
   14.3     3.45   3.035  -0.0505
   14.5     3.55   3.077  -0.0602
   15.0     4.15   3.118  -0.0608
   14.9     3.48   3.159  -0.0672
   15.1     3.55   3.201  -0.0660
   15.2     3.61   3.239  -0.0592
   15.5     3.46   3.282  -0.0570
   15.9     4.33   3.322  -0.0606
   16.0     3.93   3.363  -0.0630
   16.2     3.93   3.407  -0.0591
   16.4     3.46   3.450  -0.0712
   16.6     3.46   3.491  -0.0712
   16.9     4.16   3.535  -0.0750
   17.1     3.81   3.578  -0.0824
   17.3     3.90   3.620  -0.0833
   17.7     3.76   3.662  -0.0822
   17.7     3.30   3.703  -0.0804
   18.1     3.93   3.743  -0.0729
   18.2     3.80   3.784  -0.0762
   18.6     3.87   3.823  -0.0898
   18.7     3.44   3.865  -0.0897
   18.9     3.58   3.908  -0.0860
   19.5     3.83   3.953  -0.0910
   19.9     4.41   3.994  -0.0938
   19.8     3.57   4.035  -0.0902
   20.2     3.90   4.076  -0.0982
   20.5     3.96   4.118  -0.0849
   20.7     3.98   4.159  -0.0854
   21.0     4.41   4.200  -0.0884
   21.4     4.24   4.241  -0.0947
   21.7     4.26   4.280  -0.0927
   21.7     3.47   4.320  -0.0972
   22.1     4.20   4.359  -0.0970
   22.4     4.12   4.404  -0.1009
   22.7     3.81   4.447  -0.0968
   22.9     3.49   4.487  -0.0976
   23.4     3.68   4.528  -0.1039
   23.6     3.77   4.569  -0.1002
   24.0     4.27   4.610  -0.1066
   24.2     3.82   4.651  -0.1102
   24.4     3.65   4.693  -0.1052
   24.7     3.67   4.732  -0.1001
   25.2     4.13   4.771  -0.1107
   25.4     4.18   4.811  -0.1098
   25.7     3.82   4.853  -0.1103
   26.1     4.21   4.898  -0.1211
   26.5     3.91   4.941  -0.1236
   26.7     3.68   4.984  -0.1225
   27.1     4.27   5.026  -0.1266
   27.3     3.61   5.068  -0.1300
   27.8     3.90   5.109  -0.1306
   28.0     3.69   5.150  -0.1320
   28.4     3.90   5.190  -0.1238
   28.8     3.91   5.232  -0.1200
   29.0     3.35   5.272  -0.1335
   29.5     3.85   5.312  -0.1393
   29.7     3.82   5.355  -0.1383
   29.9     3.08   5.397  -0.1443
   30.4     3.28   5.441  -0.1514
   30.9     3.74   5.484  -0.1505
   30.9     3.08   5.526  -0.1436
   31.4     3.57   5.570  -0.1487
   31.9     3.34   5.612  -0.1508
   32.3     3.41   5.653  -0.1500
   32.4     3.09   5.697  -0.1464
   33.0     3.50   5.739  -0.1541
   33.3     3.03   5.779  -0.1575
   33.6     3.30   5.821  -0.1507
   34.0     3.11   5.864  -0.1532
   34.4     3.37   5.907  -0.1342
   34.8     3.20   5.952  -0.1362
   35.3     3.58   5.994  -0.1455
   35.5     3.10   6.037  -0.1371
   35.9     3.55   6.079  -0.1399
   36.3     3.61   6.121  -0.1548
   36.6     2.97   6.164  -0.1536
   37.0     3.34   6.207  -0.1499
   37.3     3.05   6.250  -0.1638
   37.8     2.91   6.291  -0.1651
   38.1     2.68   6.333  -0.1474
   38.4     2.63   6.376  -0.1484
   39.0     2.84   6.421  -0.1548
   39.1     2.37   6.464  -0.1507
   39.7     2.91   6.506  -0.1541
   40.0     2.50   6.547  -0.1438
   40.4     2.59   6.588  -0.1533
   40.9     2.92   6.630  -0.1561
   41.2     2.52   6.669  -0.1477
   41.5     2.48   6.711  -0.1472
   42.0     2.76   6.751  -0.1441
   42.3     2.71   6.794  -0.1412
   42.6     2.53   6.834  -0.1468
   43.1     2.94   6.874  -0.1489
   43.5     2.84   6.916  -0.1486
   43.8     2.43   6.961  -0.1437
   44.2     2.29   7.002  -0.1491
   44.8     2.87   7.043  -0.1550
   45.2     2.88   7.084  -0.1492
   45.3     2.39   7.126  -0.1459
   45.6     1.69   7.167  -0.1480
   46.2     2.01   7.208  -0.1522
   46.5     1.54   7.251  -0.1597
   46.9     2.07   7.290  -0.1498
   47.2     1.78   7.331  -0.1551
   47.6     1.69   7.371  -0.1613
   47.9     1.46   7.413  -0.1627
   48.3     1.33   7.457  -0.1611
   48.7     1.77   7.498  -0.1705
   49.3     1.72   7.542  -0.1726
   49.5     1.56   7.584  -0.1582
   50.0     1.46   7.624  -0.1567
   50.3     1.24   7.665  -0.1617
   50.7     1.16   7.707  -0.1607
   51.1     1.73   7.750  -0.1604
   51.4     1.10   7.790  -0.1598
   51.8     0.88   7.831  -0.1640
   52.4     1.19   7.871  -0.1703
   52.8     1.59   7.917  -0.1601
   53.1     1.10   7.960  -0.1541
   53.5     0.78   8.002  -0.1655
   54.0     1.13   8.042  -0.1738
   54.5     1.48   8.083  -0.1751
   54.7     0.98   8.125  -0.1703
   55.0     0.79   8.165  -0.1832
   55.4     0.67   8.206  -0.1856
   56.0     0.89   8.248  -0.1735
   56.5     1.19   8.289  -0.1757
   56.7     0.53   8.331  -0.1734
   57.0     0.47   8.372  -0.1640
   57.5     0.29   8.415  -0.1740
   58.0     0.38   8.458  -0.1761
   58.4     0.73   8.500  -0.1710
   58.8     0.44   8.542  -0.1857
   59.1     0.24   8.584  -0.1976
   59.6     0.62   8.624  -0.1990
   59.9    -0.22   8.665  -0.1984
   60.4     0.59   8.706  -0.2012
   60.9     0.59   8.748  -0.2076
   61.2     0.41   8.788  -0.1997
   61.5     0.32   8.830  -0.2058
   62.0     0.06   8.871  -0.2107
   62.4     0.04   8.913  -0.2040
   62.7     0.06   8.956  -0.2087
   63.1    -0.36   8.997  -0.2176
   63.6    -0.03   9.038  -0.2114
   63.9    -0.39   9.080  -0.2157
   64.3    -0.35   9.122  -0.2110
   64.8    -0.36   9.163  -0.2139
   65.4    -0.00   9.205  -0.2142
   65.7    -0.33   9.246  -0.2091
   66.0    -0.13   9.287  -0.2086
   66.5     0.13   9.330  -0.2106
   66.9    -0.45   9.369  -0.2122
   67.2    -0.44   9.413  -0.2106
   67.6    -0.68   9.457  -0.2136
   68.3    -0.07   9.498  -0.2144
   68.4    -1.02   9.538  -0.2125
   68.9    -0.40   9.581  -0.2181
   69.3    -0.37   9.623  -0.2222
   69.6    -0.95   9.665  -0.2168
   70.1    -1.18   9.708  -0.2154
   70.4    -1.14   9.750  -0.2215
   70.8    -1.48   9.792  -0.2228
   71.2    -1.58   9.833  -0.2331
   71.7    -1.15   9.873  -0.2428
   72.2    -1.43   9.917  -0.2383
   72.4    -1.62   9.963  -0.2358
   72.9    -1.86  10.005  -0.2430
   73.4    -1.91  10.046  -0.2470
   73.7    -1.80  10.086  -0.2421
   74.1    -2.12  10.128  -0.2484
   74.6    -1.82  10.169  -0.2488
   75.0    -2.09  10.211  -0.2606
   75.4    -2.00  10.253  -0.2563
   75.9    -1.65  10.294  -0.2700
   76.2    -1.82  10.336  -0.2753
   76.6    -2.03  10.377  -0.2780
   77.1    -1.77  10.418  -0.2828
   77.4    -2.16  10.461  -0.2747
   77.9    -2.16  10.504  -0.2740
   78.2    -2.65  10.544  -0.2706
   78.5    -2.80  10.587  -0.2801
   79.2    -2.38  10.631  -0.2907
   79.6    -1.98  10.672  -0.2827
   79.9    -2.54  10.713  -0.2754
   80.5    -2.27  10.754  -0.3001
   80.7    -2.62  10.798  -0.4328
   81.2    -2.82  10.840  -0.4555
   81.6    -2.71  10.881  -0.3883
   81.8    -3.35  10.924  -0.4028
   82.4    -2.93  10.969  -0.4043
   82.8    -3.50  11.011  -0.4268
   83.3    -2.83  11.053  -0.4783
   83.7    -3.09  11.094  -0.4916
   84.0    -3.45  11.135  -0.4855
   84.5    -3.05  11.176  -0.4898
   84.8    -3.68  11.218  -0.4758
   85.2    -3.28  11.257  -0.4896
   85.7    -2.86  11.299  -0.4883
   85.9    -3.84  11.338  -0.4981
   86.3    -3.88  11.379  -0.5084
   86.9    -3.55  11.421  -0.5240
   87.2    -4.07  11.465  -0.5182
   87.7    -3.86  11.508  -0.5247
   88.1    -4.11  11.550  -0.5211
   88.6    -3.60  11.592  -0.5175
   88.9    -3.81  11.634  -0.5184
   89.4    -3.93  11.676  -0.5264
   89.8    -3.86  11.718  -0.5303
   90.1    -4.58  11.758  -0.5335
   90.6    -4.35  11.799  -0.5306
   90.9    -4.04  11.839  -0.5329
   91.1    -4.78  11.879  -0.5376
   91.6    -4.68  11.921  -0.5412
   92.0    -4.66  11.966  -0.5281
   92.4    -4.88  12.009  -0.5256
   92.9    -5.13  12.049  -0.5257
   93.3    -4.52  12.091  -0.5213
   93.6    -5.14  12.135  -0.5258
   94.2    -4.93  12.177  -0.5320
   94.6    -4.88  12.219  -0.5333
   94.9    -5.49  12.260  -0.5277
   95.4    -4.84  12.300  -0.5279
   95.9    -4.82  12.342  -0.5290
   96.1    -5.56  12.381  -0.5289
   96.4    -5.76  12.423  -0.5284
   96.9    -5.67  12.468  -0.5339
   97.4    -5.70  12.511  -0.5333
   97.8    -5.67  12.552  -0.5327
   98.2    -5.77  12.594  -0.5326
   98.7    -5.74  12.638  -0.5384
   99.2    -5.57  12.679  -0.5362
   99.6    -5.70  12.721  -0.5277
   99.8    -5.99  12.762  -0.5314
  100.3    -5.91  12.804  -0.5351
  100.8    -5.82  12.843  -0.5273
  101.1    -6.16  12.885  -0.5269
  101.5    -6.11  12.926  -0.5303
  101.9    -6.52  12.968  -0.5298
  102.3    -6.39  13.011  -0.5297
  102.6    -6.83  13.053  -0.5291
  103.1    -6.64  13.094  -0.5319
  103.4    -7.18  13.137  -0.5255
  103.9    -6.61  13.179  -0.5270
  104.3    -6.94  13.221  -0.5352
  104.9    -6.65  13.265  -0.5344
  105.2    -7.19  13.305  -0.5361
  105.6    -7.10  13.344  -0.5359
  105.9    -7.39  13.387  -0.5395
  106.3    -7.59  13.427  -0.5443
  106.7    -7.87  13.471  -0.5428
  107.1    -7.80  13.514  -0.5484
  107.6    -7.79  13.555  -0.5461
  108.0    -7.72  13.597  -0.5394
  108.5    -7.33  13.640  -0.5428
  108.9    -7.94  13.682  -0.5408
  109.3    -8.26  13.725  -0.5450
  109.6    -7.85  13.765  -0.5411
  110.1    -8.02  13.808  -0.5399
  110.4    -8.66  13.850  -0.5424
  110.9    -7.93  13.890  -0.5428
  111.3    -8.83  13.931  -0.5460
  111.6    -8.89  13.972  -0.5443
  112.0    -8.74  14.013  -0.5504
  112.6    -8.29  14.054  -0.5545
  112.8    -8.99  14.096  -0.5533
  113.3    -8.85  14.136  -0.5566
  113.7    -9.03  14.177  -0.5562
  114.2    -8.72  14.219  -0.5542
  114.7    -8.70  14.260  -0.5582
  115.2    -8.30  14.302  -0.5561
  115.3    -9.44  14.343  -0.5532
  115.7    -9.04  14.384  -0.5561
  116.3    -9.09  14.427  -0.5595
  116.7    -8.81  14.469  -0.5560
  117.1    -9.35  14.512  -0.5623
  117.5    -9.45  14.553  -0.5527
  117.8    -9.74  14.594  -0.5552
  118.4    -9.72  14.638  -0.5616
  118.8    -9.88  14.679  -0.5560
  119.0   -10.61  14.722  -0.5567
  119.6    -9.98  14.764  -0.5598
  120.0    -9.88  14.807  -0.5628
  120.4   -10.06  14.847  -0.5634
  120.9   -10.32  14.888  -0.5602
  121.3   -10.35  14.929  -0.5613
  121.5   -10.91  14.972  -0.5650
  122.0   -10.79  15.015  -0.5638
  122.3   -10.92  15.057  -0.5694
  123.0   -10.58  15.100  -0.5741
  123.3   -11.03  15.143  -0.5634
  123.6   -11.51  15.185  -0.5707
  124.1   -11.38  15.227  -0.5769
  124.5   -11.87  15.268  -0.5739
  124.8   -11.91  15.309  -0.5728
  125.4   -11.31  15.351  -0.5762
  125.7   -11.78  15.394  -0.5731
  126.2   -11.64  15.435  -0.5772
  126.8   -11.32  15.480  -0.5764
  127.0   -12.14  15.524  -0.5783
  127.5   -11.85  15.566  -0.5808
  128.0   -11.84  15.608  -0.5819
  128.3   -12.38  15.651  -0.5797
  128.8   -12.04  15.692  -0.5788
  129.2   -12.18  15.733  -0.5814
  129.5   -12.69  15.775  -0.5734
  130.0   -12.48  15.816  -0.5793
  130.4   -12.65  15.857  -0.5741
  130.7   -12.84  15.898  -0.5744
  131.1   -12.99  15.937  -0.5755
  131.6   -13.20  15.979  -0.5704
  131.9   -13.66  16.022  -0.5707
  132.3   -13.74  16.064  -0.5707
  132.7   -13.88  16.107  -0.5700
  133.0   -14.30  16.150  -0.5734
  133.7   -13.52  16.193  -0.5702
  134.1   -13.73  16.236  -0.5674
  134.5   -13.51  16.282  -0.5758
  135.0   -14.23  16.325  -0.5784
  135.3   -14.29  16.367  -0.5750
  135.8   -14.55  16.410  -0.5772
  136.2   -14.27  16.452  -0.5831
  136.7   -14.43  16.497  -0.5840
  137.1   -14.76  16.541  -0.5781
  137.3   -15.35  16.584  -0.5860
  137.8   -15.10  16.626  -0.5770
  138.2   -15.25  16.668  -0.5847
  138.8   -14.46  16.710  -0.5870
  139.1   -15.21  16.753  -0.5890
  139.6   -15.30  16.793  -0.5894
  139.8   -15.98  16.836  -0.5847
  140.4   -15.57  16.878  -0.5930
  140.7   -16.20  16.920  -0.5892
  141.2   -15.65  16.963  -0.5876
  141.6   -16.38  17.008  -0.5954
  142.2   -15.86  17.052  -0.5954
  142.3   -16.73  17.095  -0.5913
  142.9   -16.30  17.137  -0.6005
  143.3   -16.40  17.180  -0.5969
  143.6   -17.00  17.222  -0.5911
  144.2   -16.49  17.263  -0.5950
  144.6   -16.98  17.306  -0.5985
  145.0   -16.85  17.348  -0.5918
  145.4   -17.04  17.389  -0.5990
  145.9   -17.24  17.433  -0.6015
  146.2   -17.20  17.476  -0.5988
  146.7   -17.36  17.519  -0.6060
  147.1   -17.51  17.561  -0.5983
  147.6   -17.03  17.604  -0.6036
  148.0   -17.71  17.648  -0.6040
  148.4   -17.97  17.691  -0.5972
  148.8   -18.16  17.733  -0.6008
  149.3   -17.88  17.777  -0.6029
  149.6   -18.41  17.819  -0.6054
  150.1   -18.52  17.861  -0.6074
  150.5   -18.32  17.904  -0.6077
  150.8   -18.72  17.944  -0.6079
  151.4   -18.51  17.987  -0.6119
  151.8   -18.77  18.030  -0.6061
  152.0   -19.35  18.072  -0.6089
  152.5   -19.20  18.114  -0.6086
  153.1   -18.86  18.157  -0.6110
  153.4   -19.45  18.199  -0.6104
  153.8   -19.55  18.241  -0.6176
  154.2   -19.60  18.283  -0.6165
  154.6   -19.59  18.325  -0.6180
  155.0   -19.66  18.367  -0.6175
  155.3   -20.14  18.409  -0.6156
  155.7   -20.59  18.452  -0.6119
  156.3   -20.14  18.496  -0.6173
  156.9   -19.16  18.540  -0.6056
  157.1   -20.71  18.583  -0.6093
  157.6   -20.20  18.623  -0.6114
  158.1   -20.31  18.665  -0.6103
  158.4   -20.65  18.708  -0.6104
  158.8   -20.74  18.750  -0.6112
  159.3   -20.70  18.793  -0.6155
  159.6   -20.86  18.838  -0.6136
  160.0   -21.37  18.880  -0.6150
  160.5   -21.30  18.921  -0.6169
  161.0   -21.11  18.962  -0.6148
  161.4   -21.29  19.004  -0.6199
  161.8   -21.32  19.047  -0.6166
  162.2   -21.04  19.089  -0.6168
  162.9   -20.80  19.132  -0.6173
  163.1   -21.30  19.174  -0.6142
  163.5   -21.58  19.217  -0.6197
  164.0   -21.30  19.259  -0.6137
  164.4   -21.47  19.303  -0.6192
  164.9   -21.68  19.344  -0.6212
  165.1   -22.00  19.386  -0.6158
  165.6   -21.97  19.429  -0.6185
  166.3   -21.71  19.471  -0.6180
  166.4   -21.99  19.513  -0.6154
  166.9   -22.17  19.558  -0.6216
  167.4   -22.24  19.600  -0.6153
  167.7   -22.44  19.643  -0.6140
  168.2   -22.34  19.684  -0.6220
  168.6   -22.13  19.728  -0.6154
  168.9   -22.73  19.770  -0.6160
  169.4   -22.59  19.811  -0.6202
  169.9   -22.81  19.853  -0.6215
  170.3   -22.86  19.895  -0.6234
  170.6   -22.92  19.935  -0.6260
  171.2   -22.40  19.977  -0.6310
  171.6   -22.46  20.021  -0.6246
  172.0   -22.61  20.065  -0.6255
  172.2   -23.44  20.109  -0.6249
  172.8   -23.16  20.151  -0.6274
  173.4   -22.93  20.193  -0.6288
  173.8   -22.77  20.235  -0.6246
  174.1   -22.88  20.276  -0.6245
  174.5   -23.32  20.317  -0.6292
  175.0   -23.06  20.361  -0.6303
  175.5   -23.11  20.402  -0.6287
  175.8   -23.28  20.443  -0.6246
  176.3   -22.95  20.485  -0.6328
  176.7   -23.08  20.529  -0.6395
  177.3   -22.63  20.572  -0.6353
  177.5   -23.36  20.613  -0.6367
  178.0   -23.56  20.655  -0.6414
  178.4   -23.47  20.698  -0.6309
  178.8   -23.39  20.740  -0.6367
  179.3   -23.17  20.781  -0.6408
  179.7   -23.77  20.825  -0.6443
  180.2   -23.04  20.866  -0.6378
  180.6   -23.46  20.908  -0.6421
  181.0   -23.05  20.949  -0.6370
  181.3   -23.67  20.991  -0.6391
  181.9   -23.15  21.035  -0.6377
  182.2   -23.96  21.081  -0.6382
  182.8   -23.56  21.124  -0.6371
  183.2   -23.30  21.168  -0.6366
  183.6   -23.90  21.210  -0.6398
  184.1   -23.34  21.253  -0.6406
  184.5   -23.80  21.293  -0.6373
  184.9   -23.81  21.332  -0.6383
  185.3   -23.75  21.375  -0.6406
  185.8   -23.20  21.415  -0.6395
  186.1   -23.89  21.456  -0.6431
  186.7   -23.49  21.499  -0.6423
  187.0   -23.78  21.542  -0.6436
  187.6   -23.26  21.585  -0.6455
  187.8   -23.87  21.626  -0.6449
  188.4   -23.54  21.667  -0.6489
  188.7   -23.59  21.708  -0.6554
  189.1   -23.82  21.750  -0.6505
  189.7   -23.55  21.792  -0.6558
  190.1   -23.00  21.836  -0.6545
  190.5   -23.54  21.878  -0.6545
  191.0   -22.95  21.921  -0.6547
  191.4   -23.33  21.963  -0.6533
  191.9   -22.77  22.005  -0.6521
  192.2   -23.68  22.049  -0.6518
  192.7   -23.39  22.094  -0.6588
  193.2   -23.21  22.138  -0.6541
  193.7   -23.10  22.184  -0.6583
  194.1   -23.30  22.225  -0.6563
  194.5   -23.32  22.266  -0.6517
  194.9   -23.52  22.308  -0.6546
  195.5   -23.07  22.349  -0.6500
  195.8   -23.40  22.392  -0.6563
  196.3   -22.84  22.436  -0.6599
  196.6   -23.34  22.477  -0.6544
  197.1   -22.99  22.519  -0.6595
  197.8   -22.14  22.563  -0.6578
  197.9   -23.39  22.605  -0.6558
  198.5   -22.74  22.646  -0.6637
  198.8   -23.02  22.688  -0.6583
  199.3   -22.87  22.729  -0.6619
  199.8   -22.75  22.772  -0.6567
  200.3   -22.10  22.815  -0.6516
  200.6   -22.63  22.857  -0.6557
  201.1   -22.48  22.898  -0.6589
  201.5   -22.48  22.940  -0.6543
  201.9   -22.39  22.982  -0.6573
  202.4   -22.40  23.024  -0.6613
  202.8   -22.62  23.070  -0.6530
  203.2   -22.64  23.113  -0.6529
  203.8   -21.79  23.154  -0.6629
  204.2   -22.05  23.197  -0.6584
  204.4   -22.69  23.240  -0.6612
  205.1   -21.38  23.282  -0.6593
  205.5   -21.91  23.324  -0.6567
  205.9   -22.25  23.368  -0.6614
  206.5   -21.57  23.406  -0.6679
  206.7   -22.04  23.447  -0.6627
  207.1   -22.01  23.489  -0.6635
  207.8   -20.82  23.530  -0.6607
  208.1   -21.33  23.576  -0.6625
  208.6   -21.42  23.621  -0.6664
  209.0   -21.58  23.663  -0.6645
  209.5   -21.30  23.707  -0.6622
  210.0   -21.06  23.750  -0.6650
  210.4   -21.22  23.793  -0.6590
  210.9   -21.09  23.836  -0.6608
  211.4   -20.41  23.878  -0.6618
  211.7   -21.19  23.922  -0.6653
  212.2   -20.79  23.963  -0.6649
  212.5   -21.07  24.004  -0.6667
  213.0   -20.90  24.046  -0.6677
  213.4   -20.74  24.091  -0.6645
  213.9   -20.89  24.135  -0.6685
  214.4   -20.23  24.178  -0.6626
  214.8   -20.52  24.220  -0.6650
  215.3   -20.04  24.262  -0.6617
  215.6   -20.70  24.303  -0.6617
  216.2   -19.85  24.345  -0.6613
  216.5   -20.26  24.387  -0.6620
  216.9   -20.55  24.432  -0.6634
  217.4   -20.05  24.476  -0.6672
  217.9   -19.96  24.522  -0.6686
  218.4   -19.51  24.566  -0.6683
  218.9   -19.38  24.610  -0.6699
  219.3   -19.54  24.653  -0.6667
  219.8   -19.35  24.697  -0.6683
  220.2   -19.31  24.741  -0.6693
  220.7   -19.54  24.784  -0.6742
  221.2   -18.64  24.828  -0.6709
  221.5   -19.46  24.872  -0.6729
  222.1   -18.80  24.915  -0.6701
  222.5   -19.03  24.959  -0.6689
  222.9   -19.08  25.002  -0.6697
  223.4   -18.64  25.046  -0.6681
  223.9   -18.58  25.091  -0.6660
  224.4   -18.45  25.135  -0.6687
  224.8   -18.62  25.179  -0.6701
  225.2   -18.71  25.226  -0.6703
  225.8   -17.88  25.270  -0.6707
  226.2   -18.00  25.314  -0.6718
  226.7   -17.93  25.358  -0.6706
  227.0   -18.50  25.401  -0.6733
  227.7   -17.24  25.445  -0.6704
  227.9   -18.29  25.489  -0.6784
  228.5   -17.89  25.534  -0.6811
  228.9   -18.04  25.576  -0.6797
  229.5   -17.43  25.620  -0.6824
  230.0   -17.48  25.664  -0.6801
  230.4   -17.44  25.708  -0.6778
  231.0   -16.40  25.754  -0.6748
  231.3   -17.24  25.798  -0.6742
  231.9   -16.29  25.841  -0.6726
  232.3   -16.58  25.886  -0.6708
  232.8   -16.56  25.930  -0.6695
  233.3   -16.11  25.974  -0.6714
  233.6   -16.74  26.017  -0.6744
  234.2   -16.13  26.062  -0.6689
  234.6   -16.58  26.108  -0.6710
  235.0   -16.60  26.152  -0.6677
  235.6   -15.95  26.196  -0.6709
  236.1   -15.88  26.242  -0.6692
  236.4   -15.91  26.287  -0.6717
  237.0   -15.85  26.332  -0.6716
  237.4   -15.94  26.376  -0.6702
  238.0   -15.57  26.417  -0.6662
  238.3   -15.81  26.459  -0.6686
  238.8   -15.49  26.502  -0.6749
  239.3   -15.06  26.545  -0.6789
  239.8   -15.12  26.591  -0.6775
  240.2   -15.12  26.637  -0.6755
  240.5   -15.50  26.680  -0.6744
  241.2   -14.95  26.724  -0.6764
  241.5   -15.02  26.767  -0.6770
  242.1   -14.15  26.809  -0.6784
  242.4   -14.67  26.854  -0.6775
  242.9   -14.70  26.896  -0.6796
  243.5   -14.00  26.940  -0.6787
  243.8   -14.20  26.983  -0.6830
  244.3   -13.84  27.026  -0.6861
  244.7   -14.16  27.070  -0.6855
  245.3   -13.87  27.113  -0.6876
  245.6   -14.02  27.157  -0.6848
  246.1   -13.68  27.198  -0.6874
  246.6   -13.25  27.240  -0.6870
  247.0   -13.66  27.283  -0.6827
  247.5   -13.34  27.325  -0.6779
  248.0   -13.05  27.368  -0.6812
  248.4   -13.25  27.413  -0.6777
  248.6   -13.76  27.454  -0.6748
  249.2   -12.88  27.495  -0.6803
  249.6   -13.11  27.535  -0.6797
  250.0   -13.28  27.579  -0.6812
  250.7   -12.40  27.623  -0.6887
  251.1   -11.91  27.664  -0.6891
  251.5   -12.03  27.707  -0.6926
  252.0   -12.28  27.750  -0.6935
  252.2   -12.46  27.793  -0.6913
  252.6   -12.60  27.835  -0.6924
  253.1   -12.24  27.878  -0.6897
  253.5   -12.02  27.921  -0.6878
  254.1   -11.25  27.964  -0.6841
  254.6   -11.20  28.006  -0.6863
  255.0   -11.38  28.048  -0.6858
  255.4   -11.11  28.091  -0.6870
  255.8   -11.10  28.136  -0.6853
  256.2   -11.36  28.177  -0.6822
  256.7   -11.06  28.220  -0.6862
  257.2   -10.64  28.263  -0.6874
  257.6   -10.81  28.306  -0.6901
  258.2   -10.26  28.349  -0.6928
  258.4   -10.88  28.390  -0.6904
  258.9   -10.40  28.432  -0.6970
  259.4   -10.21  28.473  -0.7001
  259.8   -10.04  28.515  -0.6959
  260.3    -9.50  28.557  -0.6991
  260.8    -9.54  28.603  -0.6960
  261.2    -9.55  28.647  -0.6986
  261.7    -9.49  28.689  -0.6925
  262.0    -9.57  28.730  -0.6901
  262.4    -9.71  28.773  -0.6959
  263.1    -8.37  28.815  -0.6932
  263.4    -8.82  28.856  -0.6960
  264.0    -8.47  28.899  -0.7011
  264.4    -8.49  28.941  -0.7022
  264.7    -8.44  28.980  -0.6901
  265.2    -8.42  29.023  -0.7052
  265.7    -8.06  29.067  -0.7074
  266.0    -8.46  29.110  -0.7040
  266.4    -8.54  29.154  -0.7088
  267.0    -8.19  29.196  -0.7085
  267.4    -8.12  29.237  -0.7043
  267.8    -7.84  29.279  -0.7124
  268.4    -7.16  29.320  -0.7122
  268.7    -7.46  29.363  -0.7083
  269.2    -7.19  29.404  -0.7163
  269.7    -7.21  29.444  -0.7143
  270.1    -7.17  29.485  -0.7190
  270.5    -7.31  29.526  -0.7212
  271.0    -7.31  29.568  -0.7204
  271.4    -6.91  29.611  -0.7205
  271.8    -6.98  29.655  -0.7224
  272.3    -7.03  29.697  -0.7236
  272.7    -6.66  29.739  -0.7265
  273.2    -6.46  29.782  -0.7294
  273.8    -6.11  29.824  -0.7296
  274.2    -6.12  29.866  -0.7349
  274.6    -6.04  29.908  -0.7347
  275.0    -6.24  29.950  -0.7389
  275.5    -5.88  29.991  -0.7356
  275.9    -5.86  30.032  -0.7429
  276.3    -5.80  30.074  -0.7428
  277.0    -5.03  30.119  -0.7448
  277.2    -5.54  30.163  -0.7485
  277.8    -5.22  30.205  -0.7497
  278.3    -5.20  30.247  -0.7527
  278.7    -4.94  30.290  -0.7525
  279.2    -5.40  30.332  -0.7558
  279.6    -5.02  30.376  -0.7569
  280.1    -4.70  30.420  -0.7615
  280.6    -4.57  30.461  -0.7688
  281.2    -4.11  30.503  -0.7671
  281.6    -3.88  30.545  -0.7646
  281.8    -4.64  30.589  -0.7684
  282.4    -4.00  30.634  -0.7755
  283.1    -3.39  30.676  -0.7818
  283.4    -3.75  30.719  -0.7781
  283.9    -3.58  30.764  -0.7872
  284.3    -3.58  30.807  -0.7930
  284.9    -2.84  30.851  -0.7999
  285.3    -3.33  30.894  -0.8064
  286.0    -2.32  30.935  -0.8075
  286.2    -2.84  30.976  -0.8085
  286.8    -2.02  31.019  -0.8129
  287.3    -1.85  31.060  -0.8193
  287.8    -1.38  31.104  -0.8181
  288.1    -1.87  31.149  -0.8246
  288.6    -1.54  31.190  -0.8298
  289.1    -1.25  31.233  -0.8352
  289.6    -0.65  31.275  -0.8449
  290.2    -0.21  31.319  -0.8441
  290.5    -0.52  31.363  -0.8487
  291.0    -0.41  31.404  -0.8539
  291.7     1.03  31.445  -0.8599
  291.9     0.14  31.487  -0.8551
  292.4     0.55  31.528  -0.8634
  292.8     0.90  31.569  -0.8663
  293.4     1.69  31.611  -0.8709
  293.9     1.82  31.655  -0.8717
  294.2     1.64  31.699  -0.8860
  294.9     2.43  31.742  -0.8953
  295.3     2.62  31.786  -0.8961
  295.7     2.95  31.827  -0.9041
  296.2     3.03  31.867  -0.9056
  296.6     3.14  31.908  -0.9051
  297.2     3.65  31.953  -0.9125
  297.6     4.02  31.993  -0.9165
  298.1     4.46  32.035  -0.9262
  298.7     5.30  32.078  -0.9299
  299.0     4.75  32.123  -0.9308
  299.6     5.76  32.169  -0.9396
  300.1     6.01  32.208  -0.9451
  300.4     5.45  32.251  -0.9473
  300.8     6.03  32.297  -0.9558
  301.3     5.84  32.337  -0.9651
  301.8     6.25  32.380  -0.9680
  302.4     7.02  32.423  -0.9742
  303.0     7.95  32.464  -0.9815
  303.3     7.44  32.506  -0.9875
  303.9     8.13  32.548  -0.9938
  304.1     7.84  32.589  -0.9901
  304.5     7.84  32.631  -0.9962
  305.0     8.24  32.674  -1.0014
  305.7     9.09  32.718  -1.0144
  306.0     8.80  32.760  -1.0169
  306.5     8.72  32.802  -1.0204
  306.9     8.92  32.845  -1.0224
  307.5     9.47  32.889  -1.0248
  308.0     9.61  32.931  -1.0257
  308.5     9.94  32.974  -1.0337
  308.9     9.99  33.016  -1.0352
  309.3    10.04  33.057  -1.0409
  310.0    10.82  33.100  -1.0530
  310.4    10.86  33.142  -1.0488
  310.8    11.10  33.184  -1.0498
  311.1    10.41  33.226  -1.0549
  311.7    11.00  33.269  -1.0623
  312.2    11.04  33.313  -1.0650
  312.6    10.74  33.355  -1.0769
  313.1    10.97  33.398  -1.0842
  313.7    11.42  33.441  -1.0943
  314.1    11.34  33.482  -1.0939
  314.6    11.64  33.524  -1.1010
  315.0    11.52  33.566  -1.0964
  315.4    11.49  33.609  -1.1021
  316.0    11.89  33.652  -1.1073
  316.4    11.93  33.694  -1.1097
  316.7    11.31  33.737  -1.1109
  317.4    11.92  33.781  -1.1180
  317.7    11.72  33.825  -1.1176
  318.3    11.96  33.870  -1.1246
  318.6    11.43  33.913  -1.1275
  319.2    11.96  33.954  -1.1310
  319.6    11.48  33.996  -1.1391
  320.2    11.95  34.037  -1.1444
  320.4    11.07  34.077  -1.1470
  320.9    11.43  34.121  -1.1541
  321.5    11.70  34.166  -1.1564
  321.8    11.25  34.208  -1.1629
  322.4    11.53  34.250  -1.1714
  322.9    11.46  34.292  -1.1717
  323.3    11.73  34.335  -1.1773
  323.7    11.11  34.377  -1.1881
  324.2    11.46  34.418  -1.1903
  324.6    11.00  34.459  -1.1956
  325.1    11.18  34.501  -1.2068
  325.4    10.69  34.543  -1.2075
  326.0    10.83  34.586  -1.2093
  326.5    11.07  34.628  -1.2179
  326.7    10.41  34.671  -1.2182
  327.5    11.11  34.715  -1.2283
  327.6     9.89  34.758  -1.2286
  328.3    10.58  34.803  -1.2380
  328.7    10.25  34.846  -1.2434
  329.1     9.99  34.886  -1.2517
  329.7    10.17  34.930  -1.2544
  330.1     9.75  34.972  -1.2553
  330.4     9.48  35.013  -1.2641
  331.0    10.07  35.055  -1.2654
  331.5    10.08  35.095  -1.2723
  331.8     9.46  35.139  -1.2789
  332.4     9.53  35.184  -1.2887
  332.7     9.04  35.226  -1.2911
  333.2     8.97  35.269  -1.2941
  333.7     9.16  35.312  -1.3024
  334.2     8.84  35.354  -1.3053
  334.5     8.84  35.397  -1.3112
  335.0     8.55  35.440  -1.3204
  335.5     8.70  35.482  -1.3193
  335.9     8.57  35.524  -1.3336
  336.3     8.01  35.566  -1.3434
  336.8     8.12  35.609  -1.3437
  337.2     7.75  35.652  -1.3482
  337.7     7.78  35.695  -1.3549
  338.3     8.08  35.736  -1.3628
  338.5     7.00  35.779  -1.3703
  339.1     7.71  35.821  -1.3795
  339.6     7.42  35.863  -1.3828
  340.0     7.21  35.905  -1.3922
  340.3     6.96  35.947  -1.3925
  340.8     6.71  35.990  -1.4021
  341.4     7.23  36.031  -1.4072
  341.8     6.78  36.072  -1.4084
  342.1     6.64  36.114  -1.4110
  342.5     6.28  36.157  -1.4168
  343.1     6.62  36.200  -1.4253
  343.6     6.88  36.241  -1.4360
  343.8     5.98  36.283  -1.4365
  344.3     6.23  36.326  -1.4396
  344.8     6.45  36.369  -1.4477
  345.2     6.25  36.410  -1.4513
  345.6     5.90  36.452  -1.4531
  346.1     5.75  36.495  -1.4593
  346.6     6.10  36.537  -1.4672
  347.0     5.90  36.581  -1.4715
  347.3     5.35  36.623  -1.4789
  347.8     5.89  36.668  -1.4827
  348.3     5.74  36.712  -1.4886
  348.7     5.84  36.754  -1.4923
  349.3     6.77  36.796  -1.4980
  349.7     6.20  36.838  -1.5012
  350.0     5.63  36.882  -1.5015
  350.5     6.20  36.925  -1.5049
  350.9     6.31  36.966  -1.5121
  351.3     6.42  37.008  -1.5213
  351.7     6.27  37.050  -1.5242
  352.2     6.77  37.090  -1.5313
  352.6     6.50  37.133  -1.5318
  353.1     6.84  37.177  -1.5340
  353.5     7.24  37.220  -1.5346
  353.8     6.87  37.262  -1.5360
  354.3     7.54  37.305  -1.5410
  354.8     7.63  37.347  -1.5469
  355.2     7.50  37.390  -1.5447
  355.6     8.11  37.432  -1.5465
  356.1     8.18  37.474  -1.5487
  356.5     8.37  37.517  -1.5567
  357.1     9.13  37.557  -1.5600
  357.3     8.33  37.600  -1.5637
  357.8     9.01  37.642  -1.5531
  358.1     8.90  37.687  -1.5599
  358.7     9.43  37.732  -1.5697
  359.2    10.03  37.774  -1.5741
  359.6    10.45  37.817  -1.5640
  359.9    10.05  37.858  -1.5655
  360.3    10.02  37.901  -1.5666
  360.9    10.55  37.943  -1.5684
  361.2    10.43  37.984  -1.5744
  361.6    10.61  38.026  -1.5745
  361.9    10.93  38.068  -1.5761
  362.3    11.07  38.108  -1.5779
  362.9    11.25  38.152  -1.5802
  363.3    11.29  38.196  -1.5763
  363.6    11.30  38.238  -1.5807
  364.1    11.72  38.280  -1.5857
  364.6    11.94  38.323  -1.5837
  365.0    12.08  38.366  -1.5775
  365.5    12.90  38.408  -1.5813
  365.9    12.48  38.452  -1.5864
  366.5    13.13  38.494  -1.5869
  366.7    12.85  38.537  -1.5813
  367.2    13.39  38.579  -1.5835
  367.7    13.71  38.620  -1.5887
  368.0    13.59  38.662  -1.5803
  368.4    13.45  38.707  -1.5837
  369.0    14.21  38.749  -1.5922
  369.2    13.43  38.791  -1.5894
  369.7    13.95  38.834  -1.5906
  370.2    14.30  38.875  -1.5925
  370.5    13.77  38.917  -1.5919
  371.0    14.66  38.960  -1.5936
  371.3    14.10  39.002  -1.5963
  371.8    14.67  39.041  -1.5883
  372.1    14.19  39.085  -1.5931
  372.6    14.15  39.129  -1.5925
  373.0    14.24  39.173  -1.5906
  373.7    15.76  39.217  -1.5938
  373.9    15.11  39.259  -1.5924
  374.4    15.07  39.302  -1.5941
  374.9    15.59  39.344  -1.5958
  375.0    15.41  39.386  -1.5916
  375.5    15.24  39.429  -1.5981
  376.0    15.73  39.473  -1.5961
  376.4    15.70  39.514  -1.6003
  377.0    16.50  39.556  -1.6012
  377.2    15.91  39.597  -1.6024
  377.8    16.46  39.639  -1.6071
  378.0    16.04  39.684  -1.6032
  378.5    16.43  39.728  -1.6009
  378.9    16.01  39.771  -1.5994
  379.3    16.67  39.814  -1.5994
  379.7    16.52  39.858  -1.5994
  380.3    16.86  39.900  -1.6018
  380.6    16.82  39.943  -1.6068
  381.0    16.80  39.983  -1.6035
  381.4    16.96  40.023  -1.5973
  381.8    17.23  40.066  -1.5953
  382.3    17.01  40.109  -1.5999
  382.8    17.69  40.167  -1.6003
  383.3    17.56  40.219  -1.6001
  383.8    17.77  40.264  -1.6039
  384.2    17.76  40.305  -1.5986
  384.5    17.61  40.349  -1.6055
  385.1    18.10  40.392  -1.6044
  385.5    18.09  40.434  -1.6009
  385.9    18.19  40.476  -1.6070
  386.3    17.85  40.518  -1.6077
  386.7    18.44  40.557  -1.6069
  387.1    18.29  40.599  -1.6059
  387.5    18.76  40.642  -1.6113
  388.0    18.68  40.685  -1.6052
  388.3    18.55  40.731  -1.6073
  388.9    18.69  40.774  -1.6122
  389.2    18.59  40.818  -1.6073
  389.6    18.40  40.863  -1.6079
  390.0    18.40  40.904  -1.6121
  390.6    19.08  40.949  -1.6076
  390.9    19.15  40.990  -1.6111
  391.5    19.80  41.031  -1.6137
  391.9    19.78  41.073  -1.6089
  392.2    19.26  41.114  -1.6141
  392.5    18.90  41.156  -1.6226
  393.2    19.85  41.200  -1.6213
  393.4    19.46  41.243  -1.6254
  393.8    19.47  41.285  -1.6186
  394.2    19.82  41.326  -1.6130
  394.7    19.84  41.368  -1.6214
  395.2    20.05  41.410  -1.6249
  395.6    20.09  41.453  -1.6243
  396.0    19.91  41.496  -1.6304
  396.4    20.37  41.536  -1.6219
  396.8    19.92  41.577  -1.6155
  397.3    20.37  41.619  -1.6210
  397.6    19.83  41.661  -1.6163
  398.0    20.13  41.705  -1.6206
  398.5    20.66  41.749  -1.6222
  398.7    19.91  41.791  -1.6166
  399.2    20.18  41.832  -1.6248
  399.7    20.36  41.876  -1.6240
  400.1    20.26  41.917  -1.6237
  400.4    19.77  41.957  -1.6325
  400.9    20.12  42.000  -1.6288
  401.3    20.30  42.041  -1.6267
  401.8    20.45  42.083  -1.6334
  402.2    20.20  42.126  -1.6269
  402.7    20.45  42.190  -1.6307
  403.3    20.96  42.242  -1.6269
  403.7    20.67  42.296  -1.6235
  404.3    20.91  42.345  -1.6268
  404.7    20.30  42.389  -1.6261
  405.2    20.45  42.430  -1.6259
  405.6    20.48  42.476  -1.6290
  405.9    20.06  42.517  -1.6302
  406.5    20.84  42.559  -1.6314
  406.9    20.55  42.601  -1.6293
  407.2    20.12  42.642  -1.6342
  407.7    20.32  42.685  -1.6414
  408.1    20.58  42.730  -1.6348
  408.5    20.29  42.774  -1.6391
  408.9    20.16  42.817  -1.6346
  409.3    20.26  42.859  -1.6402
  409.8    20.25  42.901  -1.6403
  410.2    20.19  42.943  -1.6346
  410.5    20.20  42.985  -1.6355
  411.2    20.52  43.028  -1.6347
  411.3    19.72  43.071  -1.6331
  411.6    19.57  43.113  -1.6378
  412.2    19.76  43.154  -1.6375
  412.6    20.08  43.197  -1.6349
  412.9    19.23  43.241  -1.6436
  413.4    20.18  43.283  -1.6328
  413.6    19.29  43.325  -1.6399
  414.3    20.23  43.367  -1.6398
  414.6    19.60  43.410  -1.6392
  415.0    20.04  43.454  -1.6417
  415.4    19.39  43.499  -1.6480
  415.9    19.45  43.548  -1.6437
  416.3    18.97  43.594  -1.6424
  416.7    18.98  43.642  -1.6442
  417.3    19.47  43.684  -1.6434
  417.7    19.29  43.730  -1.6402
  418.1    18.84  43.775  -1.6392
  418.5    18.60  43.819  -1.6488
  419.0    18.76  43.867  -1.6453
  419.4    18.86  43.909  -1.6412
  419.8    18.69  43.952  -1.6513
  420.3    18.86  43.997  -1.6557
  420.8    18.94  44.040  -1.6525
  421.0    18.33  44.082  -1.6458
  421.7    19.08  44.125  -1.6529
  422.1    18.43  44.180  -1.6543
  422.6    18.55  44.223  -1.6552
  423.0    18.53  44.266  -1.6560
  423.5    18.88  44.308  -1.6553
  423.7    17.98  44.351  -1.6521
  424.2    18.22  44.395  -1.6560
  424.8    18.45  44.438  -1.6576
  425.0    17.72  44.480  -1.6540
  425.4    17.95  44.520  -1.6564
  426.0    17.97  44.565  -1.6592
  426.5    18.64  44.604  -1.6592
  426.8    18.25  44.647  -1.6580
  427.1    17.84  44.691  -1.6576
  427.6    17.82  44.734  -1.6643
  428.1    17.79  44.777  -1.6623
  428.5    17.85  44.821  -1.6554
  428.8    17.42  44.862  -1.6579
  429.4    17.54  44.906  -1.6624
  430.0    18.32  44.950  -1.6621
  430.2    17.54  44.992  -1.6610
  430.6    17.79  45.034  -1.6603
  430.9    17.11  45.075  -1.6605
  431.5    17.65  45.118  -1.6576
  431.7    17.03  45.158  -1.6522
  432.2    17.16  45.200  -1.6583
  432.8    17.64  45.245  -1.6631
  433.1    17.12  45.289  -1.6637
  433.5    17.15  45.331  -1.6586
  433.9    16.88  45.376  -1.6600
  434.4    17.25  45.419  -1.6620
  434.8    17.42  45.462  -1.6642
  435.1    16.90  45.504  -1.6651
  435.4    16.67  45.548  -1.6638
  436.1    17.36  45.591  -1.6604
  436.3    17.01  45.633  -1.6603
  436.8    17.17  45.675  -1.6605
  437.0    16.27  45.719  -1.6572
  437.6    16.35  45.763  -1.6604
  438.1    17.00  45.804  -1.6632
  438.5    17.16  45.845  -1.6607
  438.8    16.67  45.886  -1.6670
  439.2    16.11  45.929  -1.6730
  439.6    16.63  45.971  -1.6671
  440.0    16.48  46.012  -1.6664
  440.5    16.87  46.054  -1.6694
  440.7    16.28  46.095  -1.6701
  441.6    16.28  46.485  -1.6658
  444.6    16.50  46.551  -1.6673
  445.1    16.44  46.600  -1.6711
  445.5    16.27  46.642  -1.6741
  445.9    15.86  46.682  -1.6754
  446.1    15.86  46.723  -1.6745
  446.7    16.65  46.768  -1.6711
  446.9    15.77  46.813  -1.6733
  447.4    16.24  46.857  -1.6762
  447.6    15.34  46.900  -1.6715
  448.2    15.93  46.943  -1.6700
  448.6    15.86  46.986  -1.6717
  449.0    15.93  47.031  -1.6728
  449.4    16.20  47.072  -1.6775
  449.9    16.06  47.114  -1.6731
  450.2    16.07  47.155  -1.6710
  450.6    15.64  47.198  -1.6726
  451.1    16.18  47.242  -1.6771
  451.5    15.61  47.287  -1.6742
  452.0    16.09  47.330  -1.6766
  452.5    16.74  47.372  -1.6824
  452.9    16.27  47.416  -1.6752
  453.0    14.99  47.459  -1.6790
  453.7    15.77  47.500  -1.6842
  454.1    16.00  47.543  -1.6815
  454.5    15.73  47.586  -1.6809
  455.0    15.78  47.627  -1.6894
  455.3    15.84  47.670  -1.6835
  455.8    15.98  47.713  -1.6849
  456.3    15.86  47.756  -1.6877
  456.7    16.33  47.798  -1.6836
  457.0    15.51  47.841  -1.6864
  457.5    15.59  47.885  -1.6907
  458.0    15.95  47.929  -1.6902
  458.4    15.46  47.970  -1.6903
  459.0    16.27  48.013  -1.6897
  459.4    16.15  48.057  -1.6839
  459.7    15.63  48.098  -1.6893
  460.3    15.89  48.139  -1.6922
  460.7    15.86  48.183  -1.6909
  461.0    15.43  48.227  -1.6921
  461.6    15.55  48.271  -1.6990
  462.0    15.38  48.315  -1.6971
  462.5    15.48  48.359  -1.6912
  462.9    15.20  48.401  -1.6935
  463.5    16.00  48.443  -1.6876
  463.9    15.67  48.485  -1.6897
  464.4    15.78  48.527  -1.6982
  464.9    15.69  48.567  -1.6947
  465.2    15.67  48.608  -1.6950
  465.8    15.67  48.652  -1.6954
  466.2    15.79  48.695  -1.6949
  466.7    16.38  48.738  -1.6967
  467.1    16.08  48.782  -1.6938
  467.4    15.20  48.825  -1.6944
  468.0    16.41  48.866  -1.6929
  468.3    15.01  48.909  -1.6905
  468.8    15.72  48.952  -1.6878
  469.2    15.43  48.994  -1.6942
  469.8    16.16  49.035  -1.6890
  470.1    15.57  49.079  -1.6928
  470.6    15.68  49.120  -1.6950
  470.9    15.39  49.162  -1.6933
  471.4    15.61  49.203  -1.6876
  471.8    15.28  49.246  -1.6918
  472.2    15.40  49.290  -1.6957
  472.6    15.27  49.333  -1.6912
  472.9    15.25  49.376  -1.6987
  473.6    16.08  49.419  -1.6997
  473.8    15.24  49.462  -1.6981
  474.2    15.29  49.505  -1.6993
  474.9    15.95  49.548  -1.7001
  475.1    15.39  49.589  -1.6973
  475.6    15.66  49.631  -1.7044
  476.1    15.96  49.673  -1.7025
  476.3    15.23  49.713  -1.7017
  476.7    15.31  49.755  -1.6959
  477.1    15.27  49.800  -1.7019
  477.5    15.42  49.843  -1.6986
  477.8    15.37  49.884  -1.6991
  478.3    15.59  49.924  -1.7028
  478.6    15.24  49.968  -1.6968
  478.9    15.46  50.010  -1.7011
  479.4    15.36  50.053  -1.7056
  479.7    15.13  50.096  -1.6962
  480.1    15.02  50.137  -1.7001
  480.6    15.60  50.178  -1.7031
  480.9    15.36  50.219  -1.6957
  481.4    15.76  50.262  -1.7021
  481.6    15.37  50.307  -1.6992
  482.0    15.27  50.349  -1.6982
  482.4    15.64  50.392  -1.7062
  482.9    15.76  50.434  -1.7008
  483.1    15.04  50.477  -1.7022
  483.6    15.90  50.518  -1.7028
  484.1    16.16  50.561  -1.6997
  484.4    15.79  50.603  -1.6988
  484.7    15.33  50.645  -1.7033
  485.2    15.55  50.687  -1.7094
  485.5    15.48  50.730  -1.7065
  485.8    15.23  50.773  -1.7062
  486.5    15.91  50.817  -1.7089
  486.6    15.12  50.860  -1.7036
  487.1    15.43  50.905  -1.7062
  487.7    15.60  50.949  -1.7081
  488.1    16.11  50.992  -1.7018
  488.6    16.02  51.034  -1.7033
  488.8    15.19  51.077  -1.7079
  489.2    15.45  51.121  -1.7034
  489.8    15.96  51.164  -1.7070
  490.2    15.90  51.205  -1.7086
  490.5    15.89  51.246  -1.7056
  490.8    15.71  51.290  -1.7063
  491.3    15.59  51.333  -1.7062
  491.9    16.39  51.375  -1.6988
  492.1    15.56  51.418  -1.7052
  492.6    15.65  51.461  -1.7046
  492.9    15.81  51.503  -1.7076
  493.2    15.33  51.546  -1.7074
  493.9    16.47  51.586  -1.7064
  494.2    16.28  51.628  -1.7055
  494.6    15.81  51.669  -1.7114
  495.0    15.95  51.709  -1.7084
  495.5    16.20  51.754  -1.7061
  495.8    15.96  51.798  -1.7054
  496.2    15.59  51.840  -1.7062
  496.7    16.11  51.882  -1.7102
  497.0    15.76  51.924  -1.7076
  497.5    16.13  51.966  -1.7096
  497.7    15.62  52.006  -1.7098
  498.1    15.78  52.047  -1.7063
  498.6    15.90  52.091  -1.7099
  498.9    15.63  52.133  -1.7027
  499.3    16.05  52.175  -1.7134
  499.7    16.06  52.217  -1.7116
  500.2    16.48  52.259  -1.7059
  500.5    15.80  52.306  -1.7124
  500.9    15.69  52.349  -1.7080
  501.3    15.64  52.390  -1.7135
  501.6    15.73  52.433  -1.7054
  502.1    16.20  52.477  -1.7092
  502.6    16.50  52.519  -1.7081
  502.9    16.37  52.561  -1.7126
  503.4    16.29  52.603  -1.7159
  503.7    16.24  52.647  -1.7144
  504.0    15.94  52.690  -1.7162
  504.5    16.10  52.732  -1.7163
  504.8    16.16  52.774  -1.7187
  505.3    16.30  52.818  -1.7155
  505.7    16.05  52.861  -1.7192
  506.2    16.35  52.903  -1.7236
  506.4    15.75  52.944  -1.7168
  507.0    16.77  52.987  -1.7150
  507.2    15.74  53.029  -1.7131
  507.6    15.73  53.070  -1.7167
  508.1    16.34  53.114  -1.7174
  508.5    16.16  53.155  -1.7224
  509.0    16.17  53.197  -1.7226
  509.3    16.27  53.238  -1.7185
  509.8    16.63  53.280  -1.7241
  510.1    16.27  53.324  -1.7180
  510.6    15.99  53.366  -1.7254
  511.0    16.36  53.406  -1.7177
  511.4    16.25  53.449  -1.7184
  511.8    16.15  53.492  -1.7186
  512.3    16.42  53.532  -1.7246
  512.7    16.54  53.574  -1.7193
  513.1    16.24  53.618  -1.7233
  513.6    16.62  53.658  -1.7235
  513.8    16.05  53.701  -1.7233
  514.4    16.76  53.744  -1.7296
  514.7    16.46  53.788  -1.7257
  515.3    16.65  53.833  -1.7266
  515.6    16.54  53.874  -1.7224
  516.0    16.66  53.917  -1.7254
  516.4    16.69  53.960  -1.7191
  516.8    16.61  54.001  -1.7273
  517.3    16.72  54.044  -1.7221
  517.6    16.75  54.086  -1.7214
  518.1    16.67  54.129  -1.7265
  518.5    17.06  54.172  -1.7252
  518.9    16.97  54.215  -1.7313
  519.3    17.43  54.260  -1.7247
  519.6    16.59  54.303  -1.7318
  520.0    16.61  54.346  -1.7281
  520.4    16.50  54.388  -1.7298
  520.9    17.14  54.432  -1.7238
  521.1    16.49  54.474  -1.7287
  521.6    16.41  54.517  -1.7317
  522.0    16.39  54.559  -1.7254
  522.5    16.80  54.600  -1.7269
  522.7    16.39  54.645  -1.7215
  523.3    16.80  54.686  -1.7235
  523.6    16.42  54.730  -1.7225
  523.9    16.67  54.773  -1.7228
  524.4    16.70  54.817  -1.7268
  525.0    17.24  54.862  -1.7294
  525.1    16.59  54.901  -1.7278
  525.7    17.30  54.945  -1.7308
  526.1    16.94  54.988  -1.7311
  526.5    17.01  55.031  -1.7263
  526.8    16.49  55.075  -1.7299
  527.2    17.00  55.117  -1.7333
  527.7    17.02  55.158  -1.7321
  528.0    16.84  55.200  -1.7333
  528.5    17.31  55.243  -1.7372
  528.8    17.01  55.286  -1.7317
  529.2    16.94  55.332  -1.7330
  529.7    17.06  55.375  -1.7368
  530.0    16.64  55.417  -1.7301
  530.5    16.90  55.460  -1.7379
  530.9    17.21  55.502  -1.7406
  531.3    16.77  55.545  -1.7351
  531.6    16.70  55.590  -1.7367
  532.1    16.68  55.633  -1.7370
  532.6    17.14  55.674  -1.7342
  532.9    16.70  55.718  -1.7305
  533.4    17.43  55.759  -1.7315
  533.8    17.24  55.801  -1.7337
  534.2    16.98  55.845  -1.7308
  534.8    17.84  55.888  -1.7312
  535.1    17.03  55.931  -1.7322
  535.4    16.95  55.973  -1.7287
  536.0    17.55  56.016  -1.7377
  536.4    17.44  56.058  -1.7361
  536.8    17.27  56.099  -1.7399
  537.2    17.31  56.142  -1.7378
  537.5    17.26  56.182  -1.7316
  537.9    16.89  56.224  -1.7406
  538.4    17.24  56.266  -1.7418
  538.8    17.14  56.309  -1.7377
  539.3    17.73  56.354  -1.7407
  539.7    17.18  56.397  -1.7408
  540.1    17.45  56.439  -1.7393
  540.7    17.87  56.483  -1.7469
  540.9    17.27  56.526  -1.7354
  541.3    16.84  56.566  -1.7400
  541.9    17.28  56.610  -1.7450
  542.2    17.38  56.653  -1.7436
  542.7    17.37  56.695  -1.7495
  543.1    16.99  56.739  -1.7472
  543.6    17.72  56.780  -1.7467
  544.0    17.39  56.824  -1.7452
  544.4    17.26  56.869  -1.7476
  544.9    17.64  56.913  -1.7465
  545.4    17.70  56.957  -1.7437
  545.9    17.97  57.001  -1.7454
  546.4    17.67  57.045  -1.7478
  546.6    16.93  57.089  -1.7485
  547.2    18.09  57.132  -1.7515
  547.6    17.89  57.175  -1.7440
  547.9    17.60  57.216  -1.7474
  548.3    17.33  57.259  -1.7491
  548.7    17.64  57.303  -1.7445
  549.1    17.41  57.347  -1.7462
  549.6    17.53  57.389  -1.7495
  550.0    17.85  57.430  -1.7485
  550.3    17.72  57.473  -1.7512
  550.8    17.95  57.515  -1.7535
  551.3    17.85  57.558  -1.7482
  551.5    17.39  57.598  -1.7501
  551.9    17.48  57.641  -1.7540
  552.4    17.90  57.684  -1.7503
  552.7    18.01  57.725  -1.7525
  553.1    17.72  57.768  -1.7561
  553.4    17.90  57.810  -1.7456
  553.8    17.82  57.853  -1.7496
  554.3    18.46  57.897  -1.7547
  554.5    17.51  57.940  -1.7479
  555.0    18.10  57.984  -1.7548
  555.4    18.62  58.026  -1.7498
  555.8    18.16  58.067  -1.7528
  556.1    17.84  58.110  -1.7547
  556.4    17.47  58.154  -1.7551
  556.8    17.53  58.196  -1.7606
  557.2    17.53  58.240  -1.7570
  557.6    18.25  58.281  -1.7574
  558.1    18.16  58.326  -1.7586
  558.4    17.74  58.371  -1.7570
  558.9    18.34  58.416  -1.7627
  559.3    17.98  58.460  -1.7573
  559.6    17.95  58.502  -1.7561
  560.2    18.14  58.545  -1.7640
  560.5    18.17  58.589  -1.7663
  560.9    18.35  58.632  -1.7604
  561.3    18.28  58.676  -1.7657
  561.9    18.83  58.718  -1.7620
  562.1    18.32  58.758  -1.7594
  562.5    18.74  58.801  -1.7566
  563.0    18.48  58.846  -1.7583
  563.3    18.34  58.890  -1.7559
  563.7    18.49  58.933  -1.7592
  564.1    18.08  58.975  -1.7646
  564.4    18.48  59.018  -1.7581
  564.9    18.21  59.062  -1.7591
  565.2    17.97  59.105  -1.7636
  565.7    18.13  59.148  -1.7569
  566.0    18.21  59.191  -1.7609
  566.4    18.16  59.233  -1.7633
  566.9    18.69  59.276  -1.7622
  567.1    18.04  59.320  -1.7581
  567.6    18.30  59.363  -1.7603
  568.2    19.07  59.407  -1.7585
  568.4    18.60  59.449  -1.7626
  568.7    18.45  59.491  -1.7562
  569.2    18.77  59.534  -1.7614
  569.5    18.21  59.577  -1.7635
  569.9    18.38  59.620  -1.7576
  570.2    18.76  59.662  -1.7590
  570.8    19.04  59.703  -1.7582
  571.0    18.86  59.746  -1.7551
  571.4    18.62  59.788  -1.7611
  571.9    19.02  59.832  -1.7633
  572.2    18.78  59.876  -1.7553
  572.6    18.91  59.918  -1.7602
  573.2    19.21  59.961  -1.7631
  573.3    18.49  60.005  -1.7606
  573.8    18.48  60.047  -1.7623
  574.3    19.57  60.091  -1.7602
  574.7    19.40  60.134  -1.7633
  575.1    19.05  60.176  -1.7658
  575.4    18.70  60.219  -1.7647
  575.8    18.96  60.262  -1.7662
  576.4    19.64  60.305  -1.7702
  576.6    18.95  60.347  -1.7649
  577.0    18.70  60.392  -1.7669
  577.6    19.55  60.434  -1.7654
  577.9    18.99  60.479  -1.7613
  578.3    19.45  60.522  -1.7659
  578.8    19.92  60.566  -1.7664
  579.1    19.42  60.607  -1.7641
  579.5    19.30  60.649  -1.7667
  579.8    18.95  60.693  -1.7605
  580.1    18.80  60.733  -1.7646
  580.6    19.53  60.775  -1.7718
  581.0    19.04  60.816  -1.7721
  581.2    18.85  60.858  -1.7705
  581.6    19.06  60.903  -1.7782
  582.2    19.35  60.945  -1.7783
  582.4    18.97  60.986  -1.7772
  582.9    19.19  61.029  -1.7797
  583.3    19.43  61.071  -1.7779
  583.7    19.31  61.113  -1.7774
  584.1    19.82  61.156  -1.7837
  584.4    19.44  61.197  -1.7789
  584.8    19.58  61.239  -1.7748
  585.3    19.75  61.281  -1.7788
  585.6    19.26  61.321  -1.7689
  585.8    19.00  61.366  -1.7783
  586.4    19.26  61.411  -1.7806
  586.6    19.13  61.454  -1.7774
  587.3    20.19  61.495  -1.7774
  587.5    19.32  61.538  -1.7747
  588.0    20.04  61.579  -1.7817
  588.3    19.56  61.619  -1.7738
  588.6    19.32  61.660  -1.7762
  589.2    20.23  61.703  -1.7794
  589.4    19.22  61.745  -1.7714
  589.8    19.55  61.787  -1.7734
  590.3    19.47  61.829  -1.7758
  590.6    19.36  61.873  -1.7740
  591.1    19.52  61.917  -1.7810
  591.5    19.79  61.959  -1.7777
  591.8    19.75  62.000  -1.7725
  592.3    19.63  62.044  -1.7831
  592.5    19.23  62.087  -1.7702
  593.0    19.71  62.129  -1.7782
  593.4    19.25  62.176  -1.7720
  593.8    19.71  62.218  -1.7709
  594.2    19.91  62.260  -1.7763
  594.8    20.31  62.299  -1.7826
  594.9    19.45  62.342  -1.7752
  595.4    19.52  62.387  -1.7751
  595.9    20.11  62.431  -1.7801
  596.1    19.41  62.474  -1.7796
  596.7    19.96  62.519  -1.7794
  597.2    20.13  62.564  -1.7764
  597.6    20.20  62.607  -1.7772
  598.0    20.05  62.649  -1.7776
  598.2    19.38  62.690  -1.7814
  598.9    20.21  62.732  -1.7873
  599.2    19.67  62.775  -1.7794
  599.6    19.51  62.817  -1.7822
  600.1    20.04  62.861  -1.7849
