   16.1     2.94   0.042   0.0008
   16.1     2.92   0.085  -0.0023
   16.0     2.71   0.124   0.0012
   16.1     2.64   0.168  -0.0059
   16.2     3.18   0.210  -0.0012
   16.0     2.80   0.252   0.0011
   16.2     2.92   0.293   0.0003
   16.2     2.85   0.336   0.0010
   16.1     2.70   0.378  -0.0006
   16.2     2.67   0.420  -0.0050
   16.2     3.05   0.462   0.0018
   16.1     2.57   0.506  -0.0018
   16.2     2.89   0.549  -0.0016
   16.2     2.90   0.592  -0.0003
   16.2     2.68   0.632  -0.0050
   16.2     2.94   0.674  -0.0041
   16.3     2.86   0.715  -0.0025
   16.3     2.96   0.758  -0.0047
   16.4     2.83   0.799  -0.0095
   16.4     3.29   0.838  -0.0078
   16.4     3.00   0.879  -0.0099
   16.3     2.50   0.920  -0.0118
   16.3     2.71   0.963  -0.0054
   16.4     2.72   1.008  -0.0124
   16.4     2.88   1.048  -0.0096
   16.4     2.75   1.089  -0.0085
   16.4     2.48   1.129  -0.0153
   16.4     2.78   1.169  -0.0151
   16.5     3.01   1.211  -0.0145
   16.4     2.66   1.251  -0.0187
   16.4     2.57   1.290  -0.0221
   16.4     2.62   1.330  -0.0155
   16.4     2.21   1.373  -0.0164
   16.3     2.13   1.413  -0.0204
   16.5     2.66   1.455  -0.0231
   16.6     2.46   1.497  -0.0227
   16.5     2.61   1.537  -0.0238
   16.6     2.58   1.580  -0.0232
   16.7     2.57   1.621  -0.0202
   16.6     2.29   1.664  -0.0212
   16.8     2.84   1.706  -0.0186
   16.6     2.25   1.745  -0.0205
   16.9     2.95   1.786  -0.0230
   16.9     2.78   1.829  -0.0180
   16.8     2.49   1.869  -0.0241
   16.9     2.18   1.910  -0.0264
   16.9     2.47   1.951  -0.0316
   16.9     2.51   1.994  -0.0335
   17.0     2.40   2.037  -0.0342
   17.1     2.29   2.079  -0.0289
   17.1     2.18   2.120  -0.0305
   17.2     2.52   2.162  -0.0320
   17.3     2.33   2.203  -0.0273
   17.4     2.58   2.246  -0.0303
   17.4     1.99   2.288  -0.0282
   17.5     2.54   2.329  -0.0252
   17.5     2.08   2.371  -0.0327
   17.7     2.53   2.413  -0.0283
   17.7     2.00   2.454  -0.0312
   17.6     1.69   2.496  -0.0332
   17.8     2.05   2.539  -0.0361
   18.0     2.36   2.580  -0.0260
   18.0     1.85   2.624  -0.0300
   18.1     1.73   2.666  -0.0304
   18.2     1.99   2.709  -0.0278
   18.2     1.38   2.752  -0.0331
   18.4     1.90   2.793  -0.0337
   18.5     1.95   2.837  -0.0314
   18.6     1.68   2.880  -0.0360
   18.8     1.87   2.921  -0.0363
   19.0     2.05   2.964  -0.0349
   19.1     2.13   3.005  -0.0314
   19.1     1.65   3.047  -0.0346
   19.4     2.23   3.089  -0.0339
   19.5     2.07   3.130  -0.0299
   19.4     1.40   3.174  -0.0263
   19.8     1.81   3.217  -0.0300
   19.7     1.26   3.259  -0.0323
   20.0     1.56   3.301  -0.0306
   20.1     1.38   3.343  -0.0254
   20.2     1.16   3.385  -0.0292
   20.5     1.32   3.426  -0.0313
   20.6     1.38   3.467  -0.0294
   20.8     1.44   3.508  -0.0213
   20.9     1.15   3.550  -0.0250
   21.0     0.93   3.590  -0.0288
   21.2     1.25   3.632  -0.0260
   21.5     1.19   3.673  -0.0215
   21.7     1.33   3.712  -0.0295
   21.8     1.19   3.753  -0.0260
   22.1     1.04   3.793  -0.0267
   22.2     1.02   3.831  -0.0239
   22.4     0.79   3.874  -0.0271
   22.5     0.64   3.915  -0.0313
   22.8     0.81   3.955  -0.0275
   22.9     0.35   3.995  -0.0231
   23.2     0.67   4.036  -0.0247
   23.4     0.79   4.076  -0.0274
   23.7     0.38   4.117  -0.0318
   24.1     1.25   4.156  -0.0358
   24.1     0.54   4.194  -0.0294
   24.2     0.17   4.232  -0.0338
   24.3    -0.12   4.271  -0.0380
   24.8     0.55   4.310  -0.0380
   24.8     0.10   4.351  -0.0350
   25.2     0.26   4.390  -0.0286
   25.4     0.21   4.429  -0.0345
   25.6    -0.09   4.469  -0.0389
   25.8    -0.21   4.506  -0.0381
   26.0     0.01   4.545  -0.0372
   26.3    -0.31   4.584  -0.0255
   26.5    -0.21   4.621  -0.0331
   26.9    -0.07   4.660  -0.0365
   27.0    -0.45   4.699  -0.0371
   27.3    -0.33   4.738  -0.0377
   27.4    -0.62   4.777  -0.0342
   27.8    -0.38   4.817  -0.0353
   28.0    -0.81   4.857  -0.0381
   28.2    -0.90   4.896  -0.0422
   28.4    -1.02   4.936  -0.0378
   28.8    -0.76   4.976  -0.0396
   29.1    -0.79   5.016  -0.0370
   29.3    -0.97   5.055  -0.0370
   29.8    -0.55   5.096  -0.0380
   29.9    -1.23   5.137  -0.0430
   30.1    -1.36   5.180  -0.0371
   30.5    -1.19   5.221  -0.0408
   30.7    -1.29   5.262  -0.0406
   31.1    -1.39   5.305  -0.0452
   31.3    -1.49   5.347  -0.0451
   31.6    -1.71   5.390  -0.0456
   31.8    -1.78   5.431  -0.0389
   32.2    -1.81   5.473  -0.0386
   32.6    -1.95   5.518  -0.0438
   33.0    -1.84   5.561  -0.0427
   33.3    -1.69   5.604  -0.0452
   33.5    -2.42   5.648  -0.0503
   34.0    -1.78   5.691  -0.0522
   34.2    -2.08   5.733  -0.0531
   34.7    -1.73   5.774  -0.0471
   34.8    -2.25   5.816  -0.0498
   35.2    -2.45   5.858  -0.0528
   35.4    -2.89   5.900  -0.0511
   35.8    -2.77   5.942  -0.0420
   36.2    -2.52   5.985  -0.0419
   36.4    -2.98   6.025  -0.0472
   36.9    -2.48   6.067  -0.0464
   37.2    -2.78   6.108  -0.0446
   37.5    -2.96   6.148  -0.0457
   37.8    -3.16   6.188  -0.0485
   38.1    -3.01   6.229  -0.0497
   38.4    -3.47   6.271  -0.0439
   38.9    -3.20   6.312  -0.0442
   39.1    -3.53   6.353  -0.0503
   39.6    -3.01   6.394  -0.0467
   39.8    -3.57   6.434  -0.0430
   40.2    -3.74   6.473  -0.0517
   40.5    -3.73   6.513  -0.0530
   40.8    -3.86   6.554  -0.0455
   41.1    -4.23   6.594  -0.0513
   41.5    -3.95   6.634  -0.0524
   41.9    -3.62   6.674  -0.0514
   42.1    -4.50   6.716  -0.0495
   42.5    -4.18   6.758  -0.0520
   42.9    -4.09   6.798  -0.0508
   43.3    -4.02   6.837  -0.0436
   43.6    -4.35   6.876  -0.0486
   43.9    -4.73   6.918  -0.0525
   44.3    -4.31   6.958  -0.0402
   44.7    -4.42   6.998  -0.0474
   44.9    -4.84   7.039  -0.0548
   45.4    -4.63   7.080  -0.0486
   45.7    -5.27   7.122  -0.0482
   46.0    -5.32   7.163  -0.0505
   46.4    -4.98   7.203  -0.0522
   46.8    -5.20   7.246  -0.0534
   47.1    -5.45   7.288  -0.0554
   47.5    -5.28   7.327  -0.0507
   47.9    -5.32   7.368  -0.0547
   48.3    -5.28   7.409  -0.0572
   48.5    -5.77   7.449  -0.0533
   48.9    -5.78   7.489  -0.0568
   49.3    -5.68   7.529  -0.0590
   49.7    -5.77   7.568  -0.0504
   50.1    -5.69   7.610  -0.0537
   50.4    -6.22   7.650  -0.0522
   50.7    -6.19   7.691  -0.0522
   51.2    -6.16   7.733  -0.0523
   51.6    -6.21   7.772  -0.0521
   51.8    -6.64   7.814  -0.0549
   52.2    -6.46   7.854  -0.0528
   52.7    -6.03   7.894  -0.0516
   53.1    -6.42   7.935  -0.0492
   53.3    -6.79   7.976  -0.0511
   53.8    -6.65   8.017  -0.0460
   54.1    -6.92   8.058  -0.0440
   54.5    -6.98   8.097  -0.0509
   54.8    -7.13   8.140  -0.0494
   55.3    -6.90   8.181  -0.0510
   55.6    -7.20   8.221  -0.0485
   55.9    -7.45   8.263  -0.0540
   56.4    -7.37   8.305  -0.0492
   56.8    -7.33   8.347  -0.0539
   57.3    -7.18   8.390  -0.0556
   57.5    -7.62   8.432  -0.0558
   57.9    -7.79   8.475  -0.0572
   58.2    -7.96   8.517  -0.0590
   58.7    -8.17   8.557  -0.0656
   59.0    -8.23   8.600  -0.0608
   59.6    -7.72   8.644  -0.0644
   59.9    -7.99   8.684  -0.0648
   60.2    -8.39   8.725  -0.0649
   60.7    -8.03   8.766  -0.0656
   61.1    -8.17   8.807  -0.0622
   61.3    -8.59   8.848  -0.0716
   61.8    -8.54   8.889  -0.0687
   62.3    -8.31   8.931  -0.0662
   62.6    -8.75   8.973  -0.0717
   62.8    -9.00   9.015  -0.0672
   63.3    -8.97   9.056  -0.0704
   63.6    -9.38   9.099  -0.0632
   64.2    -8.84   9.139  -0.0634
   64.5    -9.14   9.180  -0.0645
   64.8    -9.48   9.219  -0.0659
   65.3    -9.21   9.260  -0.0742
   65.6    -9.29   9.302  -0.0733
   66.2    -9.18   9.343  -0.0706
   66.5    -9.51   9.384  -0.0709
   66.8    -9.75   9.428  -0.0702
   67.2    -9.81   9.469  -0.0715
   67.6    -9.93   9.511  -0.0745
   68.0   -10.00   9.553  -0.0735
   68.5    -9.61   9.596  -0.0708
   68.7   -10.31   9.637  -0.0731
   69.4    -9.58   9.682  -0.0699
   69.5   -10.36   9.725  -0.0736
   70.1   -10.00   9.767  -0.0716
   70.6   -10.01   9.809  -0.0725
   70.8   -10.90   9.850  -0.0785
   71.2   -10.61   9.892  -0.0749
   71.6   -10.77   9.935  -0.0781
   72.0   -10.81   9.976  -0.0774
   72.5   -10.77  10.020  -0.0770
   72.8   -11.29  10.065  -0.0770
   73.2   -11.17  10.106  -0.0744
   73.6   -11.22  10.150  -0.0794
   74.1   -11.22  10.192  -0.0791
   74.4   -11.30  10.233  -0.0833
   74.9   -11.10  10.278  -0.0759
   75.3   -11.10  10.320  -0.0773
   75.7   -11.35  10.365  -0.0779
   76.2   -11.50  10.404  -0.0797
   76.4   -11.99  10.447  -0.0738
   76.9   -11.80  10.489  -0.0783
   77.4   -11.32  10.532  -0.0725
   77.8   -11.59  10.573  -0.0792
   78.1   -12.32  10.618  -0.0719
   78.5   -12.50  10.659  -0.0802
   78.9   -12.12  10.702  -0.0797
   79.4   -12.35  10.745  -0.0801
   79.7   -12.21  10.785  -0.0814
   80.1   -12.76  10.828  -0.0830
   80.6   -12.47  10.871  -0.0892
   81.0   -12.70  10.912  -0.0838
   81.5   -12.53  10.957  -0.0872
   81.8   -12.70  11.000  -0.0828
   82.1   -12.99  11.041  -0.0847
   82.6   -12.85  11.086  -0.0877
   83.0   -13.14  11.128  -0.0900
   83.4   -13.20  11.168  -0.0849
   83.9   -12.90  11.212  -0.0872
   84.2   -13.47  11.252  -0.0892
   84.7   -13.07  11.297  -0.0970
   85.0   -13.54  11.339  -0.0880
   85.4   -13.73  11.379  -0.0760
   86.0   -13.07  11.423  -0.0800
   86.2   -13.46  11.463  -0.0779
   86.6   -13.85  11.505  -0.0853
   87.0   -13.92  11.547  -0.0799
   87.3   -14.03  11.587  -0.0845
   87.8   -14.10  11.629  -0.0881
   88.3   -14.12  11.671  -0.0847
   88.5   -14.75  11.711  -0.0861
   89.1   -14.09  11.753  -0.0815
   89.5   -14.02  11.794  -0.0784
   89.7   -14.31  11.832  -0.0816
   90.0   -14.95  11.874  -0.0830
   90.5   -14.74  11.916  -0.0783
   90.9   -15.05  11.954  -0.0824
   91.4   -14.83  11.996  -0.0830
   91.7   -15.05  12.038  -0.0813
   92.2   -14.89  12.080  -0.0896
   92.5   -15.17  12.123  -0.0955
   93.0   -15.05  12.165  -0.0901
   93.5   -15.00  12.207  -0.0952
   93.9   -14.84  12.251  -0.0857
   94.3   -15.30  12.293  -0.0895
   94.5   -15.29  12.334  -0.0938
   95.0   -15.45  12.376  -0.0868
   95.4   -15.61  12.416  -0.0887
   95.8   -15.46  12.457  -0.0883
   96.0   -16.11  12.500  -0.0825
   96.5   -16.14  12.542  -0.0938
   97.0   -15.95  12.582  -0.0924
   97.4   -16.14  12.623  -0.0895
   97.8   -15.92  12.663  -0.0955
   98.3   -15.99  12.706  -0.0963
   98.8   -16.09  12.746  -0.0902
   99.1   -16.01  12.787  -0.0943
   99.4   -16.24  12.830  -0.0909
   99.8   -16.62  12.871  -0.0919
  100.3   -16.40  12.912  -0.0885
  100.5   -17.12  12.954  -0.0855
  101.1   -16.68  12.993  -0.0940
  101.4   -16.90  13.037  -0.0832
  101.8   -17.32  13.077  -0.0911
  102.3   -16.89  13.118  -0.0869
  102.6   -17.33  13.159  -0.0872
  103.0   -17.24  13.201  -0.0876
  103.4   -17.50  13.241  -0.0912
  103.8   -17.43  13.284  -0.0920
  104.3   -17.44  13.324  -0.0891
  104.6   -17.80  13.366  -0.0918
  105.2   -17.22  13.407  -0.0898
  105.5   -17.87  13.448  -0.0953
  105.7   -18.04  13.490  -0.0865
  106.3   -18.05  13.533  -0.0921
  106.6   -18.03  13.575  -0.0869
  107.1   -18.15  13.615  -0.0877
  107.5   -17.96  13.657  -0.0880
  108.0   -17.96  13.698  -0.0786
  108.3   -18.23  13.742  -0.0802
  108.7   -18.40  13.783  -0.0810
  109.2   -18.36  13.823  -0.0879
  109.5   -18.57  13.867  -0.0852
  109.9   -18.69  13.908  -0.0872
  110.4   -18.59  13.953  -0.0856
  110.7   -19.08  13.997  -0.0868
  111.2   -18.95  14.039  -0.0912
  111.6   -18.80  14.082  -0.0904
  112.1   -19.20  14.126  -0.0978
  112.4   -19.35  14.168  -0.0969
  112.9   -19.50  14.212  -0.1045
  113.5   -18.96  14.255  -0.1025
  113.7   -19.67  14.298  -0.1054
  114.2   -19.58  14.343  -0.1056
  114.6   -19.77  14.383  -0.0962
  114.9   -20.00  14.425  -0.1022
  115.4   -19.89  14.468  -0.0996
  115.9   -20.09  14.510  -0.1060
  116.4   -19.82  14.554  -0.1036
  116.6   -20.36  14.595  -0.1018
  117.0   -20.43  14.635  -0.1085
  117.5   -20.18  14.678  -0.1096
  118.0   -20.42  14.718  -0.1115
  118.3   -20.61  14.760  -0.1127
  118.6   -20.80  14.801  -0.1137
  119.0   -20.99  14.841  -0.1171
  119.6   -20.40  14.883  -0.1174
  119.9   -20.75  14.924  -0.1088
  120.3   -21.14  14.964  -0.1143
  120.7   -21.10  15.004  -0.1145
  121.0   -21.25  15.044  -0.1136
  121.4   -21.64  15.085  -0.1214
  121.9   -21.58  15.126  -0.1193
  122.3   -21.38  15.164  -0.1189
  122.6   -21.53  15.203  -0.1251
  123.1   -21.42  15.245  -0.1227
  123.4   -21.83  15.283  -0.1279
  123.8   -21.72  15.323  -0.1299
  124.3   -22.15  15.364  -0.1272
  124.6   -22.31  15.404  -0.1306
  125.1   -21.81  15.444  -0.1319
  125.3   -22.54  15.486  -0.1303
  125.8   -22.39  15.528  -0.1338
  126.1   -22.77  15.568  -0.1359
  126.5   -22.97  15.606  -0.1327
  127.0   -22.70  15.644  -0.1421
  127.3   -23.03  15.684  -0.1420
  127.9   -22.33  15.724  -0.1342
  128.1   -23.29  15.762  -0.1354
  128.3   -23.54  15.801  -0.1373
  128.8   -23.22  15.839  -0.1327
  129.2   -23.41  15.879  -0.1368
  129.4   -23.91  15.919  -0.1428
  130.0   -23.50  15.959  -0.1421
  130.4   -23.84  15.998  -0.1437
  130.7   -24.21  16.039  -0.1483
  131.2   -24.11  16.079  -0.1496
  131.5   -23.95  16.119  -0.1527
  131.7   -24.71  16.159  -0.1497
  132.2   -24.79  16.197  -0.1531
  132.6   -24.69  16.235  -0.1615
  133.0   -24.64  16.275  -0.1587
  133.4   -24.95  16.314  -0.1612
  133.8   -25.14  16.353  -0.1616
  134.1   -25.20  16.393  -0.1660
  134.6   -25.75  16.433  -0.1655
  135.1   -25.23  16.473  -0.1759
  135.3   -25.69  16.515  -0.1831
  135.8   -25.97  16.557  -0.1915
  136.2   -26.18  16.598  -0.2027
  136.5   -26.56  16.642  -0.2064
  136.9   -26.95  16.684  -0.1918
  137.3   -27.17  16.728  -0.1996
  137.8   -26.95  16.770  -0.1953
  138.1   -27.59  16.811  -0.2061
  138.6   -27.62  16.855  -0.2053
  138.9   -28.04  16.896  -0.2121
  139.5   -27.60  16.940  -0.2159
  139.8   -28.38  16.984  -0.2222
  140.2   -28.37  17.025  -0.2355
  140.5   -28.90  17.068  -0.2385
  141.0   -29.25  17.110  -0.2387
  141.3   -29.65  17.151  -0.2273
  141.7   -29.43  17.192  -0.2448
  142.1   -29.86  17.236  -0.2413
  142.6   -30.23  17.277  -0.2389
  142.9   -30.20  17.319  -0.2478
  143.4   -30.46  17.359  -0.2512
  143.7   -30.82  17.398  -0.2579
  144.1   -30.97  17.440  -0.2426
  144.5   -31.36  17.480  -0.2467
  144.9   -31.54  17.522  -0.2421
  145.2   -31.86  17.561  -0.2341
  145.5   -32.46  17.600  -0.2308
  146.0   -32.08  17.640  -0.2300
  146.3   -32.90  17.681  -0.2250
  146.8   -32.59  17.723  -0.2219
  147.2   -32.95  17.763  -0.2106
  147.4   -33.62  17.802  -0.2106
  147.8   -33.65  17.841  -0.1929
  148.3   -33.49  17.881  -0.1968
  148.6   -34.10  17.924  -0.1942
  149.0   -34.47  17.964  -0.1959
  149.3   -34.48  18.005  -0.1981
  149.7   -34.79  18.045  -0.1939
  150.1   -35.46  18.084  -0.1969
  150.6   -35.27  18.128  -0.1895
  151.0   -35.56  18.169  -0.1968
  151.3   -35.91  18.210  -0.2009
  151.8   -35.95  18.249  -0.1894
  152.2   -36.24  18.290  -0.1951
  152.4   -36.71  18.332  -0.1969
  153.0   -36.51  18.373  -0.1937
  153.3   -36.99  18.413  -0.2009
  153.7   -37.26  18.455  -0.1984
  154.0   -37.72  18.497  -0.2037
  154.5   -38.00  18.537  -0.2104
  154.9   -37.87  18.578  -0.2038
  155.4   -38.23  18.620  -0.1956
  155.8   -38.53  18.661  -0.2023
  156.0   -38.98  18.702  -0.2009
  156.5   -39.00  18.742  -0.1951
  156.8   -39.30  18.783  -0.1979
  157.1   -40.00  18.823  -0.2016
  157.6   -39.82  18.866  -0.1997
  158.1   -39.66  18.905  -0.1972
  158.4   -40.10  18.946  -0.2010
  158.8   -40.33  18.987  -0.1987
  159.2   -40.40  19.027  -0.2017
  159.6   -40.71  19.067  -0.1974
  159.9   -41.09  19.108  -0.2017
  160.3   -41.48  19.149  -0.2055
  160.7   -41.40  19.191  -0.1996
  161.1   -41.74  19.230  -0.2067
  161.4   -42.47  19.270  -0.2120
  161.9   -42.28  19.313  -0.2125
  162.3   -42.53  19.351  -0.2065
  162.8   -42.63  19.394  -0.2118
  163.2   -42.79  19.439  -0.2154
  163.6   -42.85  19.480  -0.2115
  164.0   -43.57  19.523  -0.2196
  164.5   -43.80  19.566  -0.2247
  164.8   -44.06  19.609  -0.2213
  165.3   -44.57  19.653  -0.2282
  165.7   -44.59  19.695  -0.2256
  166.1   -44.78  19.739  -0.2241
  166.5   -45.20  19.780  -0.2328
  167.0   -45.14  19.822  -0.2296
  167.4   -45.65  19.865  -0.2265
  167.9   -45.65  19.907  -0.2262
  168.2   -45.71  19.948  -0.2255
  168.6   -46.35  19.990  -0.2307
  169.2   -46.07  20.031  -0.2330
  169.5   -46.54  20.074  -0.2260
  169.9   -46.97  20.115  -0.2379
  170.2   -47.29  20.156  -0.2380
  170.7   -47.52  20.199  -0.2338
  171.2   -47.43  20.241  -0.2339
  171.6   -47.50  20.282  -0.2299
  172.0   -47.92  20.326  -0.2315
  172.4   -48.13  20.365  -0.2364
  172.8   -48.02  20.403  -0.2343
  173.2   -48.44  20.445  -0.2393
  173.6   -48.59  20.487  -0.2399
  174.0   -49.18  20.529  -0.2410
  174.5   -49.15  20.572  -0.2469
  174.8   -49.46  20.615  -0.2438
  175.2   -49.74  20.657  -0.2529
  175.7   -49.77  20.701  -0.2473
  176.1   -50.04  20.744  -0.2576
  176.6   -50.05  20.787  -0.2568
  177.0   -50.19  20.830  -0.2558
  177.4   -50.71  20.873  -0.2609
  177.9   -50.48  20.918  -0.2633
  178.3   -50.82  20.961  -0.2631
  178.7   -51.00  21.003  -0.2600
  179.2   -51.01  21.047  -0.2632
  179.6   -51.04  21.090  -0.2582
  179.9   -51.70  21.133  -0.2627
  180.4   -51.73  21.177  -0.2609
  181.0   -51.46  21.220  -0.2748
  181.3   -51.81  21.263  -0.2701
  181.7   -52.45  21.308  -0.2772
  182.1   -52.30  21.350  -0.2687
  182.5   -52.56  21.391  -0.2751
  182.9   -52.67  21.434  -0.2798
  183.3   -52.81  21.475  -0.2877
  183.8   -53.06  21.519  -0.2959
  184.1   -53.17  21.559  -0.2868
  184.5   -53.66  21.601  -0.2927
  184.9   -53.45  21.645  -0.2927
  185.4   -53.49  21.687  -0.2978
  185.7   -53.89  21.731  -0.2978
  186.3   -53.98  21.774  -0.2945
  186.5   -54.54  21.816  -0.3070
  187.0   -54.64  21.859  -0.3116
  187.4   -54.62  21.901  -0.3071
  187.9   -54.60  21.944  -0.3132
  188.4   -54.78  21.988  -0.3130
  188.7   -55.08  22.030  -0.3141
  189.1   -55.29  22.074  -0.3120
  189.7   -54.95  22.119  -0.3267
  190.1   -55.20  22.161  -0.3320
  190.4   -55.58  22.206  -0.3283
  191.1   -55.19  22.249  -0.3238
  191.3   -55.75  22.288  -0.3221
  191.8   -55.91  22.332  -0.3364
  192.2   -56.01  22.372  -0.3379
  192.6   -56.12  22.416  -0.3357
  193.1   -56.26  22.460  -0.3400
  193.5   -56.30  22.500  -0.3485
  194.0   -56.18  22.542  -0.3478
  194.4   -56.35  22.585  -0.3362
  194.8   -56.43  22.625  -0.3481
  195.1   -56.75  22.668  -0.3495
  195.5   -57.13  22.710  -0.3582
  196.1   -56.83  22.753  -0.3633
  196.5   -56.97  22.796  -0.3526
  197.1   -56.64  22.837  -0.3539
  197.4   -56.95  22.881  -0.3504
  197.8   -57.20  22.924  -0.3405
  198.2   -57.53  22.965  -0.3468
  198.6   -57.54  23.010  -0.3468
  199.2   -57.10  23.053  -0.3687
  199.4   -57.96  23.093  -0.3657
  200.0   -57.35  23.135  -0.3658
  200.5   -57.29  23.175  -0.3731
  200.8   -57.67  23.217  -0.3753
  201.1   -58.01  23.258  -0.3592
  201.7   -57.99  23.298  -0.3664
  202.1   -57.98  23.342  -0.3758
  202.5   -57.91  23.383  -0.3680
  202.9   -58.19  23.423  -0.3836
  203.4   -57.91  23.468  -0.3916
  203.7   -58.44  23.508  -0.3992
  204.1   -58.63  23.551  -0.4016
  204.8   -57.78  23.596  -0.3980
  205.1   -58.20  23.635  -0.3861
  205.6   -57.82  23.676  -0.4003
  206.1   -57.87  23.718  -0.3877
  206.3   -58.63  23.759  -0.3758
  206.7   -58.52  23.801  -0.3874
  207.3   -58.08  23.842  -0.3711
  207.6   -58.48  23.882  -0.3787
  207.9   -58.83  23.924  -0.3920
  208.5   -58.18  23.967  -0.4021
  209.0   -58.12  24.009  -0.4193
  209.4   -58.37  24.050  -0.4125
  209.7   -58.76  24.090  -0.3934
  210.2   -58.54  24.131  -0.4066
  210.6   -58.34  24.173  -0.3880
  210.9   -58.58  24.213  -0.3848
  211.5   -58.29  24.255  -0.3866
  211.9   -58.59  24.300  -0.3872
  212.3   -58.93  24.343  -0.4177
  213.0   -58.43  24.387  -0.4296
  213.3   -58.82  24.428  -0.4420
  213.7   -58.53  24.468  -0.4282
  214.3   -58.23  24.512  -0.4269
  214.7   -58.15  24.555  -0.4197
  215.2   -58.17  24.596  -0.4072
  215.7   -58.02  24.640  -0.4068
  216.1   -58.08  24.681  -0.3891
  216.6   -58.01  24.725  -0.3999
  217.0   -58.01  24.769  -0.4042
  217.3   -58.20  24.808  -0.4065
  217.8   -58.08  24.852  -0.4188
  218.2   -58.12  24.894  -0.4058
  218.7   -58.00  24.934  -0.4103
  219.0   -58.08  24.975  -0.4054
  219.6   -57.71  25.019  -0.4129
  219.9   -58.02  25.061  -0.3920
  220.6   -56.98  25.105  -0.3801
  220.8   -57.64  25.148  -0.3851
  221.2   -57.94  25.190  -0.3788
  221.6   -57.97  25.233  -0.3630
  222.1   -57.55  25.274  -0.3612
  222.5   -57.77  25.319  -0.3651
  223.2   -57.05  25.364  -0.3628
  223.5   -57.31  25.408  -0.3731
  223.9   -57.40  25.453  -0.3745
  224.5   -56.74  25.495  -0.3656
  224.8   -57.19  25.537  -0.3573
  225.4   -56.50  25.580  -0.3540
  225.8   -56.71  25.621  -0.3550
  226.2   -56.42  25.663  -0.3507
  226.8   -56.06  25.707  -0.3530
  227.1   -56.65  25.749  -0.3463
  227.4   -56.53  25.791  -0.3557
  228.4   -55.76  25.871  -0.3572
  228.8   -55.93  25.915  -0.3625
  229.3   -55.80  25.963  -0.3624
  229.7   -55.73  26.009  -0.3750
  230.3   -55.14  26.061  -0.3758
  231.0   -54.73  26.106  -0.3811
  231.3   -55.09  26.145  -0.3792
  231.7   -55.19  26.185  -0.3886
  232.0   -55.00  26.226  -0.3845
  232.6   -54.82  26.267  -0.3864
  233.0   -54.56  26.307  -0.3920
  233.4   -54.72  26.348  -0.3846
  233.9   -54.26  26.388  -0.3922
  234.4   -54.08  26.426  -0.4029
  234.7   -54.00  26.469  -0.3906
  235.0   -54.15  26.508  -0.3942
  235.6   -53.30  26.547  -0.3983
  235.8   -54.10  26.587  -0.3781
  236.4   -53.48  26.626  -0.3801
  236.7   -53.68  26.664  -0.3853
  237.2   -52.91  26.705  -0.3721
  237.6   -52.98  26.746  -0.3750
  238.1   -52.75  26.785  -0.3732
  238.5   -52.79  26.826  -0.3659
  238.9   -52.78  26.866  -0.3659
  239.2   -52.55  26.907  -0.3719
  239.7   -52.42  26.947  -0.3777
  240.3   -51.87  26.986  -0.3704
  240.6   -52.10  27.028  -0.3709
  241.0   -51.98  27.067  -0.3731
  241.4   -52.03  27.107  -0.3673
  241.9   -51.73  27.144  -0.3631
  242.3   -51.46  27.184  -0.3695
  242.8   -50.76  27.223  -0.3729
  243.3   -50.88  27.263  -0.3684
  243.6   -50.94  27.303  -0.3678
  244.0   -50.93  27.341  -0.3740
  244.5   -50.30  27.380  -0.3665
  245.0   -50.14  27.420  -0.3668
  245.3   -50.30  27.460  -0.3753
  245.7   -49.96  27.501  -0.3788
  246.2   -50.14  27.543  -0.3644
  246.6   -49.63  27.584  -0.3627
  247.2   -49.31  27.624  -0.3635
  247.5   -49.59  27.667  -0.3654
  248.0   -49.06  27.709  -0.3778
  248.3   -49.31  27.753  -0.3827
  249.0   -48.32  27.796  -0.3770
  249.4   -48.65  27.837  -0.3722
  249.9   -48.03  27.879  -0.3824
  250.2   -48.19  27.920  -0.3762
  250.8   -47.98  27.962  -0.3809
  251.2   -48.06  28.005  -0.3899
  251.7   -47.38  28.049  -0.3779
  252.1   -47.72  28.093  -0.3800
  252.7   -47.18  28.136  -0.3826
  253.2   -46.84  28.178  -0.3791
  253.5   -46.92  28.220  -0.3809
  254.0   -46.69  28.263  -0.3836
  254.5   -46.38  28.305  -0.3795
  255.0   -46.19  28.350  -0.3834
  255.4   -46.14  28.390  -0.3857
  255.9   -45.81  28.431  -0.3797
  256.3   -45.98  28.473  -0.3771
  256.7   -45.84  28.512  -0.3860
  257.3   -45.05  28.554  -0.3814
  257.6   -45.33  28.596  -0.3798
  258.1   -44.98  28.636  -0.3848
  258.6   -44.58  28.677  -0.3728
  259.0   -44.60  28.718  -0.3752
  259.4   -44.52  28.759  -0.3801
  259.9   -44.52  28.801  -0.3761
  260.3   -44.20  28.841  -0.3814
  260.8   -44.00  28.883  -0.3867
  261.3   -43.70  28.928  -0.3834
  261.8   -43.63  28.967  -0.3868
  262.3   -42.87  29.007  -0.3881
  262.6   -43.37  29.047  -0.3837
  263.2   -42.69  29.088  -0.3874
  263.6   -42.47  29.127  -0.3744
  264.0   -42.54  29.167  -0.3820
  264.4   -42.29  29.207  -0.3867
  265.0   -41.91  29.248  -0.3805
  265.4   -41.85  29.289  -0.3869
  265.7   -42.15  29.329  -0.3911
  266.4   -41.15  29.372  -0.3804
  266.7   -41.53  29.414  -0.3823
  267.3   -41.21  29.456  -0.3844
  267.8   -40.76  29.498  -0.3808
  268.2   -40.77  29.540  -0.3861
  268.6   -40.77  29.580  -0.3872
  269.2   -40.39  29.621  -0.3770
  269.6   -40.09  29.661  -0.3839
  270.1   -39.70  29.702  -0.3784
  270.6   -39.52  29.742  -0.3740
  270.9   -39.67  29.783  -0.3801
  271.4   -39.15  29.824  -0.3779
  271.9   -39.10  29.866  -0.3731
  272.2   -39.23  29.906  -0.3819
  272.9   -38.66  29.950  -0.3811
  273.3   -38.41  29.991  -0.3815
  273.7   -38.39  30.030  -0.3791
  274.2   -38.46  30.070  -0.3818
  274.7   -38.12  30.113  -0.3856
  275.1   -37.73  30.154  -0.3828
  275.5   -37.91  30.195  -0.3834
  275.9   -37.78  30.235  -0.3877
  276.5   -37.34  30.275  -0.3889
  276.9   -37.16  30.317  -0.3837
  277.5   -36.80  30.357  -0.3800
  277.8   -37.06  30.399  -0.3831
  278.2   -36.87  30.440  -0.3882
  278.8   -36.13  30.482  -0.3863
  279.4   -35.81  30.523  -0.3800
  279.6   -36.31  30.565  -0.3812
  280.2   -35.79  30.606  -0.3904
  280.8   -35.27  30.649  -0.3894
  281.0   -35.62  30.691  -0.3884
  281.5   -35.47  30.731  -0.3868
  282.2   -35.04  30.774  -0.3950
  282.6   -34.85  30.817  -0.3980
  283.1   -34.53  30.858  -0.3964
  283.5   -34.69  30.901  -0.4018
  284.0   -34.43  30.944  -0.4059
  284.6   -33.66  30.988  -0.4096
  284.9   -33.78  31.029  -0.4017
  285.6   -33.55  31.070  -0.4025
  285.9   -33.61  31.114  -0.4112
  286.4   -32.96  31.157  -0.4073
  286.9   -32.98  31.200  -0.4090
  287.4   -33.00  31.244  -0.4212
  287.8   -32.88  31.286  -0.4252
  288.4   -32.33  31.328  -0.4200
  288.8   -32.40  31.369  -0.4194
  289.1   -32.35  31.408  -0.4188
  289.7   -31.80  31.451  -0.4173
  290.2   -31.74  31.493  -0.4183
  290.6   -31.41  31.533  -0.4278
  291.2   -31.14  31.576  -0.4305
  291.5   -31.25  31.619  -0.4329
  292.1   -30.80  31.660  -0.4282
  292.6   -30.69  31.703  -0.4340
  293.1   -30.55  31.743  -0.4429
  293.4   -30.29  31.785  -0.4460
  294.0   -29.93  31.829  -0.4449
  294.5   -29.83  31.872  -0.4551
  294.9   -29.69  31.915  -0.4616
  295.5   -29.21  31.960  -0.4596
  295.9   -29.14  32.003  -0.4618
  296.3   -29.15  32.046  -0.4694
  297.0   -28.50  32.090  -0.4797
  297.2   -29.08  32.134  -0.4784
  297.9   -28.37  32.178  -0.4857
  298.3   -28.22  32.220  -0.4903
  298.8   -27.60  32.262  -0.5007
  299.3   -27.27  32.306  -0.4988
  299.8   -26.98  32.349  -0.5058
  300.3   -27.11  32.393  -0.5142
  300.8   -26.56  32.435  -0.5249
  301.3   -25.93  32.476  -0.5248
  301.8   -25.86  32.520  -0.5323
  302.2   -25.78  32.562  -0.5425
  302.9   -25.00  32.605  -0.5466
  303.3   -24.49  32.648  -0.5499
  303.8   -24.19  32.689  -0.5626
  304.2   -24.30  32.733  -0.5746
  304.8   -23.27  32.776  -0.5817
  305.2   -23.08  32.816  -0.5843
  305.7   -22.62  32.860  -0.5934
  306.3   -22.20  32.901  -0.6082
  306.8   -21.04  32.943  -0.6179
  307.2   -21.26  32.987  -0.6239
  307.6   -20.85  33.030  -0.6393
  308.2   -20.04  33.077  -0.6556
  308.8   -19.28  33.121  -0.6626
  309.3   -18.97  33.165  -0.6774
  309.9   -17.95  33.210  -0.6983
  310.3   -17.56  33.252  -0.7065
  310.9   -16.75  33.295  -0.7187
  311.5   -15.84  33.339  -0.7398
  312.0   -14.85  33.380  -0.7522
  312.5   -14.29  33.423  -0.7620
  313.2   -13.14  33.467  -0.7820
  313.6   -12.55  33.507  -0.8031
  314.2   -11.24  33.552  -0.8130
  314.8   -10.50  33.595  -0.8416
  315.2    -9.81  33.638  -0.8619
  315.9    -8.12  33.682  -0.8827
  316.5    -6.77  33.721  -0.8882
  316.8    -6.57  33.764  -0.9018
  317.3    -5.85  33.808  -0.9272
  318.0    -4.34  33.848  -0.9399
  318.5    -3.42  33.891  -0.9563
  319.0    -2.35  33.935  -0.9715
  319.6    -1.15  33.976  -0.9807
  320.2    -0.22  34.018  -0.9934
  320.7     1.01  34.060  -1.0203
  321.0     1.34  34.104  -1.0260
  321.8     2.74  34.147  -1.0459
  322.4     3.88  34.186  -1.0665
  322.9     4.94  34.225  -1.0736
  323.2     4.85  34.266  -1.0861
  323.9     6.02  34.307  -1.1048
  324.3     6.73  34.348  -1.1091
  324.9     7.67  34.393  -1.1240
  325.6     8.54  34.434  -1.1421
  326.1     9.25  34.475  -1.1478
  326.7     9.66  34.519  -1.1695
  327.2    10.19  34.559  -1.1883
  327.7    10.96  34.602  -1.1921
  328.2    11.28  34.642  -1.2112
  328.7    11.37  34.686  -1.2266
  329.3    12.10  34.729  -1.2365
  329.9    12.52  34.770  -1.2535
  330.4    12.72  34.809  -1.2572
  330.9    13.20  34.850  -1.2661
  331.5    13.87  34.888  -1.2869
  332.0    14.11  34.930  -1.2893
  332.6    14.27  34.972  -1.2954
  333.0    14.29  35.012  -1.3103
  333.5    14.44  35.055  -1.3143
  334.0    14.48  35.096  -1.3312
  334.7    14.88  35.137  -1.3506
  335.0    14.95  35.178  -1.3532
  335.6    14.99  35.221  -1.3725
  336.2    15.06  35.262  -1.3910
  336.7    15.34  35.304  -1.3983
  337.1    15.02  35.346  -1.4198
  337.7    15.49  35.388  -1.4420
  338.3    15.64  35.431  -1.4486
  338.7    15.36  35.472  -1.4614
  339.2    15.36  35.515  -1.4868
  339.6    14.86  35.557  -1.4966
  340.4    15.64  35.598  -1.5167
  340.9    15.58  35.639  -1.5337
  341.3    15.37  35.681  -1.5389
  341.8    15.35  35.723  -1.5655
  342.2    14.91  35.765  -1.5773
  342.9    15.28  35.807  -1.5861
  343.4    14.99  35.850  -1.6147
  343.9    15.14  35.893  -1.6258
  344.4    14.72  35.934  -1.6422
  345.1    14.89  35.978  -1.6662
  345.5    14.74  36.022  -1.6761
  346.1    14.59  36.064  -1.7025
  346.6    14.69  36.107  -1.7215
  346.9    13.96  36.149  -1.7325
  347.4    14.12  36.190  -1.7547
  348.0    14.46  36.235  -1.7655
  348.5    13.88  36.276  -1.7787
  348.8    13.51  36.318  -1.7981
  349.5    13.84  36.361  -1.8100
  350.0    14.07  36.402  -1.8299
  350.6    14.01  36.447  -1.8506
  350.8    13.39  36.491  -1.8545
  351.6    13.89  36.535  -1.8645
  351.9    13.36  36.579  -1.8927
  352.4    13.71  36.620  -1.9037
  352.9    13.34  36.663  -1.9067
  353.2    13.13  36.707  -1.9283
  353.7    13.05  36.745  -1.9500
  354.1    12.66  36.786  -1.9598
  354.7    12.90  36.829  -1.9637
  355.0    12.86  36.871  -1.9801
  355.6    13.43  36.913  -2.0008
  356.1    13.71  36.955  -2.0142
  356.5    13.67  36.997  -2.0233
  357.0    13.79  37.039  -2.0236
  357.4    13.71  37.080  -2.0397
  358.1    14.52  37.122  -2.0572
  358.5    14.80  37.164  -2.0707
  358.8    15.15  37.203  -2.0750
  359.2    14.82  37.243  -2.0741
  359.6    15.09  37.283  -2.0857
  360.1    15.80  37.325  -2.0976
  360.4    15.72  37.367  -2.1050
  361.0    16.68  37.408  -2.1011
  361.6    17.48  37.448  -2.1077
  361.8    16.91  37.489  -2.1209
  362.3    17.11  37.529  -2.1259
  362.8    18.20  37.568  -2.1291
  363.3    18.44  37.608  -2.1231
  363.5    18.16  37.647  -2.1307
  363.9    18.24  37.687  -2.1385
  364.4    19.14  37.728  -2.1421
  364.8    19.30  37.769  -2.1356
  365.2    19.00  37.806  -2.1406
  365.6    19.14  37.845  -2.1495
  366.1    19.63  37.885  -2.1550
  366.5    19.95  37.925  -2.1453
  366.8    19.45  37.966  -2.1494
  367.3    19.91  38.005  -2.1544
  367.7    19.70  38.044  -2.1646
  368.2    20.38  38.084  -2.1594
  368.6    20.15  38.123  -2.1542
  368.9    20.09  38.162  -2.1647
  369.4    20.30  38.203  -2.1735
  369.8    19.90  38.241  -2.1800
  370.2    20.08  38.280  -2.1754
  370.7    20.48  38.317  -2.1728
  371.0    20.08  38.357  -2.1742
  371.5    19.95  38.398  -2.1770
  371.9    20.01  38.439  -2.1854
  372.4    20.21  38.479  -2.1863
  372.6    19.81  38.517  -2.1768
  373.2    20.34  38.556  -2.1706
  373.4    19.85  38.596  -2.1805
  373.9    19.86  38.635  -2.1886
  374.3    20.06  38.674  -2.1921
  374.8    19.87  38.715  -2.1881
  375.2    19.84  38.757  -2.1821
  375.5    18.84  38.798  -2.1863
  375.9    18.97  38.838  -2.1885
  376.6    19.75  38.880  -2.1916
  376.9    19.79  38.922  -2.1845
  377.2    19.24  38.961  -2.1900
  377.7    18.86  39.004  -2.2028
  378.2    19.49  39.045  -2.1980
  378.6    19.31  39.087  -2.1916
  379.0    19.11  39.132  -2.2075
  379.4    18.97  39.174  -2.2153
  379.9    19.02  39.219  -2.2071
  380.2    18.78  39.263  -2.2075
  380.7    18.98  39.319  -2.2080
  381.4    18.72  39.372  -2.2009
  382.0    19.09  39.415  -2.2110
  382.3    18.52  39.459  -2.2146
  382.7    18.68  39.501  -2.2079
  383.2    18.76  39.554  -2.2070
  383.7    18.69  39.596  -2.2128
  384.3    18.93  39.637  -2.2166
  384.6    18.73  39.679  -2.2046
  384.9    18.27  39.720  -2.2033
  385.5    18.96  39.761  -2.2109
  385.8    18.56  39.801  -2.2173
  386.1    18.25  39.844  -2.2090
  386.7    18.59  39.887  -2.2066
  387.0    18.29  39.927  -2.2156
  387.5    18.49  39.967  -2.2192
  387.9    18.60  40.007  -2.2056
  388.2    18.03  40.048  -2.2104
  388.7    18.59  40.093  -2.2198
  389.2    18.47  40.135  -2.2239
  389.6    18.31  40.176  -2.2183
  390.0    18.16  40.216  -2.2247
  390.3    18.06  40.258  -2.2332
  390.8    17.93  40.299  -2.2332
  391.3    18.60  40.339  -2.2237
  391.7    18.46  40.379  -2.2281
  392.1    18.40  40.421  -2.2397
  392.5    18.32  40.463  -2.2440
  392.9    18.68  40.505  -2.2379
  393.3    18.02  40.545  -2.2389
  393.7    17.84  40.586  -2.2457
  394.3    18.35  40.627  -2.2601
  394.7    18.28  40.669  -2.2564
  395.1    18.36  40.711  -2.2567
  395.6    18.24  40.755  -2.2668
  395.8    17.66  40.794  -2.2691
  396.2    18.05  40.834  -2.2588
  396.6    17.79  40.875  -2.2719
  397.1    18.08  40.915  -2.2822
  397.4    17.78  40.954  -2.2777
  398.0    18.26  40.997  -2.2871
  398.4    17.91  41.037  -2.2887
  398.9    18.36  41.078  -2.2765
  399.1    18.04  41.120  -2.2814
  399.8    18.69  41.161  -2.2925
  400.0    18.20  41.203  -2.2921
  400.5    18.10  41.246  -2.3033
  400.8    18.24  41.286  -2.3053
  401.4    18.30  41.327  -2.3010
  401.7    18.18  41.368  -2.3133
  402.2    18.17  41.408  -2.3072
  402.6    18.36  41.452  -2.3087
  402.9    17.87  41.491  -2.3260
  403.3    18.00  41.532  -2.3149
  403.8    17.67  41.574  -2.3241
  404.2    18.04  41.613  -2.3432
  404.7    17.86  41.666  -2.3424
  405.2    17.92  41.708  -2.3535
  405.5    17.61  41.748  -2.3469
  406.0    17.95  41.789  -2.3400
  406.4    17.81  41.831  -2.3522
  406.8    17.95  41.874  -2.3522
  407.2    17.56  41.916  -2.3629
  407.6    17.32  41.959  -2.3738
  408.2    18.07  42.002  -2.3662
  408.5    17.45  42.045  -2.3714
  408.9    17.55  42.086  -2.3742
  409.3    17.37  42.127  -2.3686
  409.7    16.92  42.170  -2.3717
  410.2    17.54  42.212  -2.3728
  410.7    17.70  42.254  -2.3830
  411.0    16.77  42.296  -2.3916
  411.5    17.09  42.336  -2.3831
  412.0    17.40  42.379  -2.3788
  412.2    16.96  42.420  -2.3938
  412.7    16.87  42.463  -2.4101
  413.2    17.13  42.504  -2.4065
  413.6    16.94  42.546  -2.4083
  414.1    17.24  42.586  -2.4145
  414.4    16.72  42.626  -2.4013
  414.8    16.57  42.668  -2.4032
  415.2    16.74  42.710  -2.4122
  415.7    16.64  42.751  -2.4093
  416.0    16.39  42.793  -2.4217
  416.4    16.55  42.837  -2.4133
  416.8    15.66  42.881  -2.4080
  417.3    15.94  42.924  -2.4065
  417.7    15.95  42.967  -2.4047
  418.1    15.74  43.007  -2.4014
  418.6    16.03  43.050  -2.4117
  419.0    15.82  43.094  -2.4122
  419.4    15.55  43.136  -2.4044
  419.8    15.29  43.181  -2.4092
  420.3    15.50  43.223  -2.4007
  420.8    15.36  43.266  -2.3981
  421.1    14.88  43.310  -2.4063
  421.6    14.97  43.353  -2.3946
  422.0    14.61  43.397  -2.3808
  422.4    14.73  43.441  -2.3829
  422.9    14.96  43.484  -2.3877
  423.3    14.77  43.527  -2.3826
  423.5    13.70  43.570  -2.3840
  424.2    14.68  43.614  -2.3820
  424.7    14.55  43.658  -2.3805
  425.1    14.13  43.701  -2.3782
  425.5    13.97  43.746  -2.3887
  425.9    13.80  43.791  -2.3921
  426.3    13.92  43.832  -2.3813
  426.9    13.94  43.877  -2.3799
  427.0    12.83  43.919  -2.3773
  427.6    13.23  43.962  -2.3767
  428.0    12.84  44.005  -2.3832
  428.5    13.10  44.046  -2.3876
  429.0    13.45  44.090  -2.4049
  429.3    12.90  44.133  -2.4101
  429.9    13.31  44.175  -2.4015
  430.2    12.61  44.219  -2.3992
  430.5    12.45  44.262  -2.4110
  431.1    12.52  44.304  -2.4135
  431.5    12.39  44.349  -2.4064
  431.7    11.59  44.391  -2.4115
  432.4    12.27  44.436  -2.4385
  432.9    12.12  44.479  -2.4366
  433.1    11.46  44.521  -2.4279
  433.6    11.72  44.565  -2.4348
  434.1    11.74  44.609  -2.4386
  434.5    11.38  44.654  -2.4269
  435.0    11.37  44.700  -2.4249
  435.4    11.13  44.742  -2.4293
  435.8    10.99  44.786  -2.4285
  436.2    10.63  44.829  -2.4201
  436.6    10.62  44.867  -2.4229
  437.1    10.84  44.909  -2.4294
  437.5    10.46  44.952  -2.4236
  437.9    10.59  44.994  -2.4194
  438.3     9.98  45.037  -2.4281
  438.8    10.56  45.078  -2.4253
  439.1    10.08  45.119  -2.4254
  439.6     9.90  45.163  -2.4344
  440.0     9.96  45.204  -2.4360
  440.4     9.66  45.246  -2.4323
  440.8     9.74  45.289  -2.4346
  441.4    10.24  45.331  -2.4224
  441.7     9.48  45.375  -2.4336
  442.2     9.66  45.417  -2.4294
  442.5     9.23  45.459  -2.4212
  443.1     9.46  45.501  -2.4261
  443.3     8.97  45.544  -2.4241
  443.8     9.08  45.587  -2.4381
  444.2     9.15  45.629  -2.4330
  444.6     8.77  45.671  -2.4478
  445.0     8.55  45.713  -2.4266
  445.5     8.82  45.754  -2.4369
  445.8     8.32  45.794  -2.4284
  446.3     8.45  45.835  -2.4326
  446.6     8.12  45.875  -2.4316
  447.1     8.24  45.917  -2.4276
  447.5     8.24  45.960  -2.4272
  448.0     8.48  46.001  -2.4218
  448.2     7.88  46.040  -2.4274
  448.6     7.77  46.083  -2.4266
  449.0     7.65  46.122  -2.4340
  449.5     7.81  46.165  -2.4365
  449.9     7.79  46.209  -2.4386
  450.3     7.86  46.251  -2.4449
  450.8     7.52  46.295  -2.4330
  451.2     7.44  46.338  -2.4384
  451.6     7.72  46.379  -2.4297
  452.1     7.71  46.422  -2.4461
  452.4     7.27  46.464  -2.4410
  452.9     7.45  46.504  -2.4454
  453.1     6.97  46.548  -2.4381
  453.6     6.94  46.590  -2.4416
  454.0     6.92  46.631  -2.4519
  454.4     7.00  46.674  -2.4409
  454.8     6.68  46.715  -2.4397
  455.3     7.18  46.757  -2.4574
  455.5     6.34  46.800  -2.4467
  456.1     6.74  46.841  -2.4535
  456.4     6.67  46.883  -2.4469
  456.7     6.33  46.924  -2.4450
  457.2     6.21  46.964  -2.4595
  457.6     6.15  47.008  -2.4428
  458.0     5.97  47.050  -2.4692
  458.5     6.60  47.090  -2.4734
  458.9     6.20  47.132  -2.4707
  459.3     6.51  47.174  -2.4746
  459.6     5.95  47.217  -2.4593
  460.1     6.02  47.262  -2.4716
  460.5     5.99  47.301  -2.4575
  460.8     5.68  47.344  -2.4741
  461.4     6.26  47.388  -2.4654
  461.7     5.52  47.429  -2.4655
  462.1     5.86  47.470  -2.4602
  462.6     5.78  47.513  -2.4679
  463.0     6.08  47.555  -2.4568
  463.3     5.26  47.598  -2.4602
  463.9     5.82  47.641  -2.4662
  464.1     5.21  47.685  -2.4560
  464.7     5.73  47.729  -2.4609
  465.1     5.55  47.771  -2.4471
  465.4     5.38  47.813  -2.4608
  466.0     6.06  47.857  -2.4562
  466.2     4.94  47.900  -2.4486
  466.8     5.36  47.943  -2.4584
  467.2     5.41  47.983  -2.4431
  467.6     5.24  48.024  -2.4550
  468.0     5.45  48.066  -2.4512
  468.3     4.95  48.107  -2.4503
  468.9     5.51  48.150  -2.4542
  469.0     4.66  48.194  -2.4550
  469.5     4.45  48.236  -2.4643
  469.9     4.48  48.278  -2.4514
  470.4     5.00  48.318  -2.4542
  470.8     5.04  48.358  -2.4628
  471.2     4.91  48.399  -2.4622
  471.6     5.05  48.440  -2.4626
  471.9     4.41  48.480  -2.4467
  472.4     4.77  48.522  -2.4615
  472.9     5.05  48.563  -2.4486
  473.1     4.30  48.605  -2.4535
  473.6     4.85  48.644  -2.4482
  473.9     4.44  48.683  -2.4531
  474.2     4.14  48.724  -2.4575
  474.7     4.46  48.763  -2.4443
  475.1     4.43  48.803  -2.4592
  475.4     4.31  48.843  -2.4498
  476.0     4.74  48.884  -2.4508
  476.3     4.55  48.923  -2.4526
  476.6     4.06  48.962  -2.4510
  476.9     4.11  49.001  -2.4582
  477.5     4.69  49.040  -2.4422
  477.9     4.83  49.082  -2.4640
  478.1     4.12  49.122  -2.4500
  478.6     4.29  49.164  -2.4537
  479.1     4.52  49.203  -2.4387
  479.5     4.60  49.242  -2.4480
  479.8     4.42  49.282  -2.4518
  480.2     4.32  49.322  -2.4415
  480.5     4.10  49.360  -2.4628
  480.9     4.38  49.400  -2.4504
  481.3     4.05  49.440  -2.4558
  481.7     4.47  49.480  -2.4529
  482.0     3.73  49.520  -2.4576
  482.5     4.18  49.562  -2.4608
  482.8     3.59  49.601  -2.4468
  483.2     4.00  49.642  -2.4489
  483.7     4.20  49.683  -2.4433
  484.0     3.88  49.724  -2.4532
  484.4     3.63  49.764  -2.4553
  484.8     3.64  49.806  -2.4470
  485.3     3.62  49.847  -2.4573
  485.6     3.87  49.887  -2.4490
  486.0     3.67  49.931  -2.4553
  486.6     4.07  49.972  -2.4586
  486.9     3.76  50.015  -2.4676
  487.3     3.74  50.057  -2.4608
  487.6     3.52  50.098  -2.4619
  488.1     3.50  50.142  -2.4632
  488.6     3.90  50.182  -2.4641
  488.9     3.48  50.224  -2.4680
  489.4     3.58  50.268  -2.4844
  489.8     3.63  50.309  -2.4779
  490.3     3.84  50.352  -2.4953
  490.8     4.25  50.395  -2.5226
  491.0     3.23  50.436  -2.5506
  491.5     3.58  50.480  -2.5954
  491.8     3.04  50.524  -2.5791
  492.4     3.56  50.566  -2.6004
  492.8     3.99  50.609  -2.6688
  493.1     3.02  50.650  -2.6735
  493.6     3.35  50.692  -2.6933
  494.1     3.61  50.735  -2.7518
  494.5     3.36  50.775  -2.7713
  494.8     3.44  50.816  -2.7897
  495.3     3.75  50.858  -2.7967
  495.6     2.86  50.898  -2.8013
  496.0     3.12  50.938  -2.8163
  496.5     3.52  50.979  -2.8068
  496.7     2.80  51.018  -2.8093
  497.4     3.50  51.060  -2.8210
  497.7     3.38  51.102  -2.8080
  498.2     3.46  51.143  -2.8044
  498.5     2.93  51.185  -2.8182
  498.9     3.23  51.224  -2.7936
  499.2     3.01  51.264  -2.7910
  499.7     3.32  51.305  -2.7935
  500.1     3.82  51.344  -2.7869
  500.4     3.12  51.386  -2.7960
  500.8     2.80  51.426  -2.8037
  501.3     3.05  51.466  -2.7976
  501.6     2.68  51.508  -2.8065
  502.1     3.44  51.551  -2.8069
  502.6     3.29  51.592  -2.7943
  502.9     2.86  51.634  -2.8072
  503.2     2.71  51.676  -2.8156
  503.7     2.56  51.715  -2.8130
  504.2     3.25  51.757  -2.8156
  504.5     3.11  51.799  -2.8171
  504.8     2.51  51.840  -2.8138
  505.4     3.01  51.883  -2.8218
  505.8     3.27  51.925  -2.8138
  506.1     2.71  51.967  -2.8158
  506.5     2.76  52.007  -2.8224
  507.0     3.31  52.049  -2.8247
  507.3     2.85  52.090  -2.8243
  507.8     3.05  52.131  -2.8355
  508.2     3.15  52.172  -2.8375
  508.5     2.41  52.212  -2.8250
  508.9     2.56  52.255  -2.8284
  509.4     2.92  52.292  -2.8336
  509.7     2.91  52.332  -2.8253
  510.2     3.01  52.373  -2.8265
  510.5     2.62  52.414  -2.8342
  511.0     2.99  52.456  -2.8317
  511.3     2.68  52.496  -2.8290
  511.7     2.41  52.537  -2.8381
  512.2     3.30  52.579  -2.8318
  512.6     2.75  52.621  -2.8302
  512.9     2.79  52.663  -2.8418
  513.4     2.93  52.705  -2.8456
  513.8     2.61  52.746  -2.8288
  514.2     2.48  52.789  -2.8388
  514.6     2.71  52.832  -2.8448
  515.1     2.70  52.876  -2.8358
  515.5     2.51  52.918  -2.8437
  515.9     2.59  52.961  -2.8446
  516.4     2.42  53.004  -2.8397
  516.6     2.24  53.044  -2.8371
  517.2     3.31  53.085  -2.8334
  517.6     2.47  53.127  -2.8308
  518.0     2.79  53.168  -2.8351
  518.4     2.57  53.209  -2.8217
  518.7     2.18  53.253  -2.8336
  519.2     2.47  53.296  -2.8287
  519.5     1.98  53.338  -2.8275
  520.2     3.30  53.381  -2.8152
  520.5     2.43  53.422  -2.8151
  520.8     2.31  53.463  -2.8171
  521.2     2.38  53.506  -2.8081
  521.6     2.14  53.547  -2.8134
  522.1     2.54  53.591  -2.8042
  522.5     2.46  53.633  -2.8073
  522.9     2.51  53.675  -2.8374
  523.3     2.17  53.716  -2.8438
  523.7     2.26  53.757  -2.8496
  524.3     2.91  53.799  -2.8508
  524.6     2.38  53.842  -2.8495
  524.8     1.66  53.886  -2.8521
  525.3     2.24  53.929  -2.8490
  525.8     2.33  53.972  -2.8404
  526.2     2.00  54.014  -2.8470
  526.6     2.10  54.057  -2.8280
  527.2     2.54  54.099  -2.8238
  527.5     2.52  54.141  -2.8268
  527.9     2.43  54.184  -2.7924
  528.2     2.06  54.226  -2.7610
  528.7     2.19  54.268  -2.7595
  529.2     2.62  54.311  -2.7359
  529.6     2.27  54.355  -2.7004
  530.0     2.30  54.399  -2.6969
  530.4     2.15  54.443  -2.6835
  530.7     1.89  54.483  -2.6685
  531.1     2.03  54.526  -2.6626
  531.7     2.72  54.570  -2.6407
  532.0     1.96  54.615  -2.6093
  532.5     1.96  54.657  -2.5906
  532.7     1.65  54.700  -2.5665
  533.3     1.90  54.741  -2.5380
  533.7     1.98  54.784  -2.5342
  534.1     2.12  54.825  -2.5217
  534.5     2.21  54.869  -2.5224
  534.9     2.03  54.914  -2.5174
  535.4     1.96  54.955  -2.5178
  535.7     1.82  54.999  -2.5203
  536.2     2.03  55.042  -2.5146
  536.5     1.61  55.085  -2.5212
  537.0     1.89  55.130  -2.5087
  537.4     1.55  55.171  -2.5127
  537.8     1.63  55.214  -2.5166
  538.3     1.97  55.257  -2.5154
  538.7     1.91  55.299  -2.5156
  539.1     1.87  55.344  -2.5153
  539.5     1.88  55.389  -2.5158
  539.9     1.55  55.431  -2.5166
  540.3     2.03  55.475  -2.5141
  540.7     1.42  55.516  -2.5052
  541.3     2.15  55.561  -2.5110
  541.6     1.69  55.605  -2.5022
  542.0     1.87  55.645  -2.5125
  542.5     1.78  55.690  -2.4995
  542.8     1.45  55.734  -2.5102
  543.4     2.06  55.776  -2.5099
  543.8     1.90  55.819  -2.5078
  544.2     1.86  55.860  -2.5131
  544.5     1.56  55.901  -2.5035
  545.0     1.80  55.945  -2.5138
  545.3     1.53  55.986  -2.5132
  545.8     1.68  56.029  -2.5007
  546.2     1.64  56.073  -2.5119
  546.7     2.00  56.114  -2.5158
  546.9     1.32  56.155  -2.5032
  547.4     1.34  56.199  -2.5166
  547.8     1.46  56.241  -2.5116
  548.4     1.84  56.286  -2.5158
  548.6     1.49  56.326  -2.5312
  549.0     1.53  56.369  -2.5195
  549.5     1.32  56.413  -2.5322
  549.9     1.51  56.454  -2.5334
  550.2     1.00  56.497  -2.5435
  550.7     1.49  56.537  -2.5590
  551.2     1.83  56.577  -2.6226
  551.5     1.34  56.617  -2.7317
  551.9     1.32  56.659  -2.8092
  552.3     1.34  56.700  -2.8145
  552.7     1.60  56.741  -2.8048
  553.1     1.22  56.783  -2.8198
  553.4     1.01  56.825  -2.8236
  553.9     1.33  56.869  -2.8184
  554.4     1.54  56.911  -2.8213
  554.9     1.91  56.954  -2.8169
  555.2     1.37  56.998  -2.8180
  555.6     1.51  57.038  -2.8326
  556.1     1.85  57.081  -2.8197
  556.4     1.39  57.122  -2.8126
  557.0     1.97  57.164  -2.8200
  557.3     1.51  57.206  -2.8135
  557.6     1.26  57.248  -2.8152
  558.0     1.21  57.290  -2.8214
  558.3     0.82  57.331  -2.8104
  558.8     1.16  57.372  -2.8196
  559.3     1.54  57.414  -2.8299
  559.5     0.77  57.457  -2.8227
  560.1     1.23  57.496  -2.8251
  560.5     1.38  57.536  -2.8195
  560.8     1.02  57.578  -2.8072
  561.3     1.47  57.618  -2.8123
  561.7     1.23  57.661  -2.8068
  562.1     1.20  57.703  -2.7959
  562.5     1.53  57.744  -2.7830
  562.9     1.17  57.787  -2.8126
  563.3     1.34  57.831  -2.8170
  563.8     1.29  57.872  -2.8029
  564.1     0.88  57.915  -2.8141
  564.6     1.48  57.954  -2.8035
  564.9     1.09  57.997  -2.8085
  565.5     1.56  58.039  -2.8028
  565.8     1.21  58.081  -2.8041
  566.3     1.47  58.123  -2.7887
  566.5     1.01  58.165  -2.7812
  567.0     1.14  58.206  -2.7570
  567.4     1.20  58.251  -2.7930
  567.9     1.48  58.292  -2.8050
  568.2     0.90  58.333  -2.7877
  568.6     0.92  58.379  -2.7786
  568.9     0.70  58.419  -2.7186
  569.4     0.97  58.463  -2.7062
  569.9     1.33  58.505  -2.7112
  570.3     1.16  58.546  -2.6693
  570.7     1.27  58.589  -2.6842
  571.1     1.37  58.633  -2.7033
  571.5     0.75  58.675  -2.6890
  571.9     1.05  58.718  -2.6500
  572.4     1.41  58.761  -2.6117
  572.8     0.82  58.804  -2.6231
  573.4     1.91  58.849  -2.6083
  573.7     1.19  58.891  -2.6230
  574.1     1.17  58.936  -2.6074
  574.5     1.18  58.977  -2.5967
  574.8     1.05  59.018  -2.5979
  575.3     1.10  59.060  -2.5842
  575.8     1.45  59.102  -2.5744
  576.1     1.11  59.142  -2.5958
  576.5     1.19  59.185  -2.5604
  577.1     1.57  59.225  -2.5741
  577.3     1.31  59.266  -2.5707
  577.7     1.11  59.308  -2.5638
  578.2     1.29  59.351  -2.5814
  578.6     1.18  59.394  -2.5755
  579.0     1.13  59.435  -2.5963
  579.4     1.56  59.475  -2.6011
  579.9     1.49  59.518  -2.5996
  580.3     1.81  59.558  -2.6044
  580.6     1.43  59.597  -2.6002
  581.0     1.26  59.638  -2.6006
  581.3     1.14  59.678  -2.6055
  581.7     1.12  59.718  -2.6287
  582.1     1.27  59.759  -2.6207
  582.4     0.78  59.797  -2.6134
  582.9     1.54  59.836  -2.6091
  583.2     0.96  59.875  -2.6022
  583.7     1.50  59.913  -2.6155
  584.1     1.80  59.954  -2.6125
  584.3     1.13  59.995  -2.6046
  584.8     1.41  60.035  -2.6033
  585.3     1.28  60.078  -2.6363
  585.5     1.21  60.120  -2.6787
  585.9     0.80  60.160  -2.7328
  586.3     1.10  60.200  -2.7321
  586.7     0.96  60.239  -2.6705
  587.2     1.32  60.279  -2.6874
  587.6     1.64  60.321  -2.6642
  587.9     1.06  60.361  -2.6496
  588.4     1.21  60.403  -2.6376
  588.8     1.31  60.443  -2.6470
  589.2     1.07  60.483  -2.6943
  589.7     1.58  60.523  -2.6862
  589.8     0.80  60.562  -2.7365
  590.5     1.72  60.604  -2.7620
  590.8     1.04  60.644  -2.7521
  591.1     1.21  60.685  -2.7362
  591.6     1.26  60.724  -2.7565
  592.0     1.35  60.765  -2.7917
  592.5     1.30  60.808  -2.7789
  592.8     1.22  60.849  -2.7170
  593.3     1.42  60.888  -2.7245
  593.7     1.51  60.928  -2.7393
  594.1     1.54  60.967  -2.7365
  594.4     1.20  61.009  -2.7211
  594.9     1.50  61.052  -2.6794
  595.3     1.37  61.094  -2.7107
  595.8     1.72  61.136  -2.7116
  596.0     1.05  61.179  -2.7203
  596.6     1.39  61.220  -2.7150
  597.1     1.31  61.264  -2.6894
  597.5     1.38  61.306  -2.6866
  597.8     1.27  61.346  -2.6451
  598.4     1.51  61.390  -2.6658
  598.7     1.50  61.432  -2.6837
  599.1     1.13  61.476  -2.6751
  599.6     1.30  61.521  -2.6815
  600.1     1.82  61.563  -2.6782
