   18.7     5.01   0.041  -0.0057
   19.0     4.84   0.082  -0.0055
   19.3     4.90   0.123   0.0014
   19.7     5.18   0.164  -0.0027
   20.1     5.49   0.206  -0.0051
   20.4     5.17   0.243   0.0030
   20.5     4.79   0.282  -0.0039
   20.9     5.14   0.322  -0.0048
   21.1     5.31   0.363  -0.0051
   21.4     5.04   0.402  -0.0075
   21.7     4.86   0.443  -0.0059
   22.0     4.91   0.484  -0.0013
   22.4     5.13   0.525  -0.0110
   22.7     4.69   0.564  -0.0083
   22.8     4.57   0.606  -0.0044
   23.3     4.87   0.647  -0.0091
   23.5     4.84   0.687  -0.0090
   23.9     4.96   0.727  -0.0089
   24.0     4.57   0.768  -0.0139
   24.3     4.41   0.810  -0.0110
   24.6     4.41   0.850  -0.0170
   25.1     4.54   0.892  -0.0105
   25.4     4.75   0.935  -0.0089
   25.8     4.74   0.978  -0.0103
   26.0     4.65   1.019  -0.0024
   26.3     4.61   1.060  -0.0063
   26.5     4.65   1.100  -0.0014
   26.7     4.20   1.141  -0.0024
   27.0     4.67   1.181  -0.0072
   27.3     4.30   1.221  -0.0046
   27.5     3.98   1.264  -0.0031
   27.9     4.33   1.306  -0.0054
   28.1     4.10   1.349  -0.0056
   28.4     4.25   1.393  -0.0019
   28.7     4.49   1.435  -0.0055
   28.9     3.77   1.476  -0.0077
   29.2     4.18   1.519  -0.0063
   29.5     3.91   1.560  -0.0021
   29.7     4.03   1.599  -0.0037
   29.9     4.01   1.640  -0.0062
   30.2     3.89   1.679  -0.0023
   30.4     3.92   1.718  -0.0012
   30.7     4.31   1.759  -0.0073
   30.9     3.90   1.800  -0.0053
   31.1     3.81   1.842  -0.0064
   31.3     3.66   1.881  -0.0096
   31.5     3.56   1.922  -0.0034
   31.8     3.63   1.963  -0.0007
   32.0     3.85   2.004  -0.0064
   32.1     3.66   2.046  -0.0026
   32.4     3.55   2.088  -0.0018
   32.7     3.61   2.129  -0.0059
   32.8     3.36   2.172  -0.0002
   33.1     3.95   2.214  -0.0025
   33.2     3.54   2.253  -0.0140
   33.5     3.57   2.294  -0.0053
   33.7     3.73   2.336  -0.0062
   33.9     3.45   2.376  -0.0133
   33.9     3.55   2.417  -0.0097
   34.0     3.11   2.457  -0.0104
   34.4     3.72   2.496  -0.0117
   34.5     3.47   2.538  -0.0085
   34.7     3.33   2.581  -0.0144
   35.0     3.41   2.623  -0.0062
   35.0     3.22   2.666  -0.0109
   35.3     3.15   2.707  -0.0050
   35.4     2.99   2.749  -0.0068
   35.6     3.09   2.790  -0.0042
   35.7     3.30   2.829  -0.0018
   36.0     3.30   2.868  -0.0071
   35.9     2.76   2.910  -0.0014
   36.3     3.01   2.950  -0.0042
   36.4     3.17   2.993  -0.0047
   36.5     3.02   3.035   0.0027
   36.6     2.68   3.076  -0.0031
   36.8     3.03   3.117  -0.0032
   36.8     2.70   3.158  -0.0051
   37.0     2.73   3.200  -0.0062
   37.3     3.04   3.243  -0.0020
   37.3     2.49   3.287  -0.0067
   37.4     2.81   3.329  -0.0042
   37.5     2.38   3.374  -0.0052
   37.7     2.66   3.417  -0.0051
   38.0     3.03   3.457   0.0012
   38.0     2.54   3.496  -0.0041
   38.1     2.65   3.535  -0.0039
   38.2     2.42   3.576  -0.0023
   38.4     2.79   3.616  -0.0048
   38.5     2.50   3.656  -0.0067
   38.6     2.60   3.694  -0.0025
   38.7     2.50   3.733   0.0007
   38.8     2.41   3.771  -0.0010
   39.1     2.51   3.811  -0.0023
   39.2     2.63   3.854   0.0015
   39.3     2.93   3.894  -0.0006
   39.2     2.32   3.933  -0.0035
   39.4     2.42   3.973   0.0009
   39.6     2.46   4.011  -0.0016
   39.5     2.55   4.054  -0.0035
   39.6     2.36   4.093  -0.0004
   39.8     2.39   4.135  -0.0031
   39.8     2.21   4.176  -0.0041
   40.0     2.57   4.216  -0.0024
   40.1     2.54   4.255  -0.0003
   40.2     2.40   4.296   0.0006
   40.3     2.43   4.337  -0.0017
   40.3     2.23   4.376   0.0029
   40.5     2.29   4.416   0.0029
   40.6     2.50   4.457   0.0048
   40.7     2.36   4.498   0.0069
   40.8     2.25   4.537   0.0069
   40.9     2.23   4.575   0.0069
   40.9     2.16   4.618   0.0026
   41.1     2.33   4.657   0.0018
   41.3     2.51   4.696   0.0093
   41.2     2.03   4.737   0.0051
   41.4     2.57   4.779   0.0074
   41.4     2.32   4.819   0.0059
   41.6     2.38   4.859   0.0046
   41.8     2.58   4.898   0.0060
   41.9     2.22   4.937   0.0024
   41.9     2.39   4.978   0.0070
   42.0     2.35   5.019   0.0055
   42.0     2.13   5.060  -0.0002
   42.1     2.52   5.100   0.0017
   42.3     2.44   5.140  -0.0003
   42.3     1.83   5.182   0.0002
   42.5     1.92   5.222   0.0031
   42.6     2.06   5.263   0.0030
   42.7     2.27   5.302   0.0039
   43.0     2.64   5.345   0.0032
   42.9     2.10   5.384   0.0019
   43.0     1.97   5.425   0.0057
   43.2     2.00   5.466   0.0006
   43.4     2.56   5.508   0.0018
   43.4     1.98   5.550   0.0005
   43.5     2.04   5.593   0.0050
   43.7     2.43   5.635   0.0036
   44.0     2.58   5.677   0.0060
   43.9     1.96   5.720   0.0037
   44.2     2.40   5.762   0.0016
   44.5     2.75   5.803   0.0039
   44.4     2.24   5.844  -0.0011
   44.4     1.93   5.886   0.0015
   44.7     2.28   5.928  -0.0007
   44.9     2.08   5.970   0.0036
   45.0     2.20   6.013   0.0003
   45.3     2.73   6.053   0.0040
   45.4     2.59   6.096   0.0083
   45.7     2.84   6.138   0.0102
   45.6     2.08   6.181   0.0052
   46.0     2.77   6.225   0.0069
   46.2     2.41   6.270   0.0048
   46.5     2.50   6.311   0.0066
   46.5     2.33   6.353   0.0078
   46.7     1.88   6.393   0.0047
   47.0     2.75   6.435   0.0075
   47.1     1.83   6.478   0.0114
   47.4     2.48   6.520   0.0075
   47.5     2.32   6.561   0.0116
   47.9     2.66   6.602   0.0039
   48.1     2.49   6.645   0.0060
   48.4     2.39   6.686   0.0084
   48.5     2.13   6.727   0.0027
   48.7     2.66   6.769   0.0072
   48.8     1.90   6.811   0.0043
   49.1     2.24   6.854   0.0062
   49.5     2.71   6.896   0.0109
   49.6     2.41   6.936   0.0110
   50.1     2.43   6.979   0.0122
   50.4     2.63   7.017   0.0172
   50.5     2.35   7.060   0.0104
   50.9     2.27   7.100   0.0084
   51.0     2.24   7.140   0.0139
   51.3     2.38   7.182   0.0179
   51.5     2.52   7.224   0.0077
   52.1     2.96   7.266   0.0092
   52.2     2.48   7.310   0.0107
   52.6     2.52   7.351   0.0042
   52.9     2.46   7.395  -0.0008
   53.1     2.35   7.437   0.0055
   53.6     3.00   7.479   0.0044
   53.7     2.29   7.519   0.0019
   54.1     2.39   7.559   0.0033
   54.4     2.49   7.600   0.0053
   54.7     2.33   7.639   0.0065
   54.9     2.21   7.682   0.0030
   55.5     2.80   7.724   0.0042
   55.7     2.54   7.764   0.0091
   56.0     2.58   7.807   0.0050
   56.3     2.48   7.849  -0.0013
   56.7     2.73   7.889  -0.0026
   57.1     2.72   7.931   0.0051
   57.4     2.57   7.976   0.0020
   57.7     2.47   8.020   0.0026
   58.2     2.63   8.063   0.0087
   58.5     2.59   8.106   0.0078
   58.9     2.38   8.146   0.0020
   59.1     2.20   8.186   0.0059
   59.6     2.51   8.225   0.0076
   59.9     2.35   8.264   0.0063
   60.2     2.34   8.303   0.0034
   60.6     2.45   8.343   0.0087
   61.0     2.20   8.381   0.0029
   61.4     2.66   8.422  -0.0029
   61.8     2.74   8.462   0.0042
   62.2     2.61   8.501   0.0063
   62.4     2.39   8.538  -0.0033
   62.8     2.66   8.578   0.0045
   63.2     2.54   8.613   0.0066
   63.5     2.56   8.652   0.0050
   64.0     2.58   8.693  -0.0011
   64.4     2.67   8.731   0.0025
   64.8     3.19   8.770   0.0085
   64.9     2.38   8.810   0.0045
   65.4     2.60   8.848  -0.0036
   65.8     2.62   8.888   0.0010
   66.3     2.90   8.929   0.0083
   66.6     2.60   8.965   0.0068
   67.0     2.72   9.005   0.0049
   67.3     2.57   9.046   0.0043
   67.9     3.19   9.087   0.0120
   68.2     2.71   9.126   0.0129
   68.5     2.50   9.165   0.0057
   68.7     2.00   9.205   0.0049
   69.5     2.80   9.245   0.0043
   69.8     2.70   9.285   0.0082
   70.2     2.63   9.325   0.0111
   70.7     2.50   9.364   0.0112
   70.8     2.56   9.402   0.0054
   71.5     2.76   9.441   0.0037
   71.7     2.55   9.482   0.0087
   72.0     2.50   9.522   0.0113
   72.5     2.10   9.560   0.0076
   73.0     2.23   9.601   0.0074
   73.4     2.48   9.642   0.0133
   73.7     2.40   9.681   0.0210
   74.2     2.35   9.720   0.0224
   74.6     2.22   9.761   0.0168
   75.0     2.54   9.799   0.0147
   75.4     2.52   9.838   0.0126
   75.8     2.34   9.878   0.0179
   76.2     2.21   9.921   0.0101
   76.8     2.40   9.965   0.0078
   77.0     2.20  10.003   0.0080
   77.4     2.17  10.042   0.0125
   78.0     2.45  10.083   0.0079
   78.5     2.69  10.123   0.0130
   79.0     2.55  10.163   0.0109
   79.2     1.93  10.206   0.0132
   79.9     2.45  10.248   0.0186
   80.0     2.04  10.286   0.0082
   80.5     2.29  10.326   0.0108
   80.9     1.79  10.368   0.0107
   81.3     2.01  10.410   0.0079
   81.9     2.27  10.453   0.0125
   82.4     2.42  10.492   0.0134
   82.8     2.28  10.535   0.0088
   83.2     1.87  10.576   0.0123
   83.6     2.02  10.616   0.0084
   84.0     1.86  10.657   0.0141
   84.6     2.16  10.697   0.0140
   85.0     2.04  10.738   0.0103
   85.4     2.21  10.780   0.0158
   85.8     1.85  10.820   0.0171
   86.2     1.70  10.863   0.0091
   86.7     1.78  10.908   0.0141
   87.0     1.34  10.951   0.0095
   87.6     1.77  10.996   0.0074
   88.1     1.65  11.038   0.0133
   88.6     1.79  11.081   0.0135
   89.0     1.64  11.122   0.0139
   89.6     1.93  11.165   0.0196
   90.0     1.68  11.208   0.0145
   90.4     1.58  11.251   0.0113
   90.9     1.68  11.293   0.0166
   91.3     0.95  11.335   0.0096
   91.7     1.27  11.377   0.0084
   92.3     1.77  11.419   0.0121
   92.8     1.40  11.462   0.0119
   93.1     1.06  11.504   0.0068
   93.6     1.39  11.546   0.0070
   94.1     1.35  11.590   0.0058
   94.7     1.56  11.630   0.0015
   94.9     1.02  11.670  -0.0035
   95.4     1.23  11.712   0.0014
   96.0     1.42  11.751   0.0028
   96.3     0.90  11.793  -0.0022
   96.7     1.02  11.834   0.0064
   97.1     0.82  11.874   0.0042
   97.6     1.07  11.914  -0.0001
   98.1     1.22  11.954   0.0033
   98.4     0.64  11.993   0.0017
   99.0     1.06  12.036   0.0023
   99.3     0.69  12.077   0.0079
   99.7     0.69  12.118   0.0045
  100.2     0.59  12.160   0.0022
  100.6     0.53  12.201   0.0052
  101.1     0.59  12.243  -0.0027
  101.4     0.42  12.284   0.0002
  101.9     0.73  12.323  -0.0003
  102.5     1.00  12.363  -0.0039
  102.8     0.72  12.403   0.0011
  103.1     0.44  12.444   0.0034
  103.7     0.48  12.486  -0.0001
  104.1     1.06  12.526   0.0002
  104.4     0.34  12.569  -0.0027
  105.0     0.68  12.611   0.0033
  105.5     0.52  12.651   0.0052
  105.8     0.50  12.693  -0.0023
  106.4     0.84  12.733   0.0017
  106.7     0.16  12.776   0.0047
  107.2     0.75  12.819  -0.0051
  107.6     0.52  12.861   0.0031
  108.0     0.31  12.901   0.0016
  108.4    -0.06  12.941  -0.0038
  109.0     0.51  12.982   0.0019
  109.3     0.35  13.021  -0.0002
  109.7     0.25  13.062  -0.0037
  110.3     0.69  13.102   0.0015
  110.4    -0.17  13.141  -0.0016
  111.0    -0.18  13.179  -0.0101
  111.4     0.08  13.219  -0.0051
  111.9     0.62  13.259   0.0038
  112.3     0.22  13.298  -0.0068
  112.5    -0.20  13.339  -0.0048
  113.1    -0.01  13.377  -0.0025
  113.5    -0.15  13.414  -0.0062
  113.8    -0.08  13.453  -0.0029
  114.2    -0.17  13.494   0.0007
  114.6    -0.09  13.535  -0.0061
  115.0    -0.19  13.575  -0.0067
  115.6     0.04  13.614  -0.0025
  115.9    -0.07  13.654  -0.0089
  116.4     0.04  13.694  -0.0063
  116.9    -0.03  13.735  -0.0009
  117.1    -0.45  13.776  -0.0054
  117.7    -0.16  13.816  -0.0081
  118.1     0.09  13.858  -0.0055
  118.5    -0.13  13.896  -0.0024
  118.9    -0.20  13.936  -0.0114
  119.3    -0.06  13.975  -0.0108
  119.9     0.66  14.015  -0.0009
  120.2    -0.26  14.053   0.0015
  120.8     0.09  14.096  -0.0096
  121.0     0.07  14.136  -0.0066
  121.3    -0.48  14.176  -0.0002
  122.0    -0.13  14.212  -0.0074
  122.4     0.60  14.251  -0.0074
  122.8     0.46  14.291  -0.0029
  123.1    -0.02  14.332  -0.0103
  123.6    -0.09  14.372  -0.0061
  124.0     0.06  14.412  -0.0058
  124.5     0.09  14.455  -0.0109
  125.0     0.46  14.497  -0.0025
  125.3    -0.12  14.534  -0.0010
  125.7     0.29  14.575  -0.0105
  126.1     0.04  14.615  -0.0033
  126.5     0.15  14.654  -0.0021
  127.1     0.30  14.694  -0.0065
  127.5     0.12  14.735  -0.0023
  127.8     0.28  14.774  -0.0051
  128.2     0.11  14.816  -0.0052
  128.8     0.44  14.858  -0.0036
  129.1     0.27  14.899  -0.0022
  129.5     0.42  14.940  -0.0039
  129.9     0.27  14.980  -0.0090
  130.4     0.33  15.023  -0.0044
  131.0     0.54  15.068  -0.0052
  131.3     0.51  15.110  -0.0109
  131.8     0.40  15.152  -0.0043
  132.3     0.47  15.196  -0.0091
  132.7     0.63  15.236  -0.0091
  132.9     0.39  15.278  -0.0033
  133.5     0.38  15.318  -0.0101
  134.0     0.68  15.359  -0.0069
  134.4     0.98  15.398  -0.0007
  134.9     0.78  15.437  -0.0076
  135.2     0.72  15.479  -0.0015
  135.7     0.70  15.521  -0.0007
  136.0     0.88  15.562  -0.0116
  136.5     0.83  15.606  -0.0034
  137.0     0.97  15.652  -0.0050
  137.4     0.84  15.694  -0.0068
  137.9     0.90  15.737   0.0001
  138.4     0.69  15.781   0.0008
  139.0     1.37  15.826   0.0009
  139.3     1.31  15.868  -0.0009
  139.8     0.92  15.910  -0.0073
  140.2     1.24  15.952  -0.0017
  140.6     0.94  15.993  -0.0090
  140.9     0.97  16.034  -0.0091
  141.4     1.05  16.075  -0.0070
  141.9     1.67  16.114  -0.0068
  142.3     1.68  16.154  -0.0037
  142.8     1.52  16.194  -0.0107
  143.1     1.55  16.237  -0.0071
  143.6     1.84  16.281  -0.0116
  144.1     1.60  16.321  -0.0156
  144.5     1.68  16.364  -0.0076
  144.9     1.96  16.407  -0.0139
  145.4     1.72  16.450  -0.0101
  145.7     1.73  16.492  -0.0064
  146.3     1.58  16.531  -0.0126
  146.6     1.50  16.573  -0.0061
  147.1     2.03  16.611  -0.0105
  147.6     2.16  16.650  -0.0117
  147.9     1.77  16.693  -0.0025
  148.4     2.09  16.734  -0.0123
  148.9     2.29  16.776  -0.0102
  149.3     1.97  16.819  -0.0113
  149.6     2.03  16.857  -0.0125
  150.1     2.08  16.898  -0.0024
  150.6     2.36  16.941  -0.0125
  151.0     2.46  16.983  -0.0103
  151.5     2.12  17.025  -0.0061
  152.0     2.29  17.066  -0.0152
  152.3     2.60  17.106  -0.0092
  152.9     2.89  17.146  -0.0050
  153.2     2.88  17.186  -0.0132
  153.7     3.00  17.228  -0.0109
  154.1     2.87  17.270  -0.0052
  154.5     2.75  17.311  -0.0102
  154.9     2.69  17.353  -0.0114
  155.4     2.83  17.395  -0.0085
  156.0     3.02  17.437  -0.0116
  156.3     2.94  17.481  -0.0081
  156.7     2.83  17.524  -0.0079
  157.2     2.97  17.568  -0.0171
  157.7     2.95  17.612  -0.0098
  158.2     2.71  17.653  -0.0071
  158.7     3.24  17.693  -0.0127
  159.1     3.55  17.734  -0.0114
  159.4     2.86  17.772  -0.0143
  159.9     3.16  17.811  -0.0130
  160.5     3.35  17.853  -0.0082
  160.6     3.06  17.892  -0.0121
  161.1     3.39  17.931  -0.0121
  161.7     3.81  17.971  -0.0171
  162.0     3.47  18.011  -0.0151
  162.3     3.08  18.052  -0.0087
  162.9     3.24  18.093  -0.0149
  163.3     3.25  18.132  -0.0080
  163.8     3.44  18.173  -0.0212
  164.3     3.72  18.213  -0.0156
  164.7     3.54  18.255  -0.0194
  165.1     3.83  18.295  -0.0145
  165.4     3.34  18.333  -0.0118
  165.9     3.58  18.373  -0.0134
  166.4     3.86  18.413  -0.0074
  166.8     3.74  18.452  -0.0144
  167.4     4.33  18.493  -0.0063
  167.8     3.67  18.533  -0.0139
  168.1     3.83  18.572  -0.0108
  168.5     3.69  18.610  -0.0117
  169.0     4.25  18.652  -0.0116
  169.5     4.11  18.695  -0.0070
  169.9     4.03  18.733  -0.0179
  170.2     3.85  18.774  -0.0184
  170.7     4.08  18.813  -0.0143
  171.1     4.27  18.853  -0.0170
  171.6     4.24  18.895  -0.0132
  171.9     4.07  18.933  -0.0094
  172.5     4.15  18.974  -0.0190
  172.9     4.27  19.017  -0.0157
  173.4     4.61  19.055  -0.0104
  173.7     3.98  19.092  -0.0156
  174.2     4.22  19.131  -0.0166
  174.5     4.42  19.170  -0.0121
  174.9     4.04  19.211  -0.0200
  175.6     4.63  19.251  -0.0214
  175.9     4.63  19.291  -0.0128
  176.3     4.57  19.333  -0.0209
  176.9     4.87  19.375  -0.0166
  177.2     4.36  19.416  -0.0120
  177.6     4.44  19.458  -0.0211
  178.2     4.83  19.499  -0.0189
  178.6     4.80  19.540  -0.0131
  179.0     4.67  19.582  -0.0207
  179.7     5.21  19.622  -0.0199
  179.9     4.52  19.663  -0.0161
  180.3     4.73  19.705  -0.0240
  180.8     4.71  19.746  -0.0211
  181.2     4.70  19.787  -0.0180
  181.7     5.08  19.827  -0.0194
  181.9     4.55  19.868  -0.0111
  182.3     4.39  19.911  -0.0177
  183.0     5.09  19.955  -0.0106
  183.2     4.68  19.996  -0.0157
  183.9     5.29  20.038  -0.0144
  184.1     4.59  20.078  -0.0106
  184.6     4.64  20.118  -0.0168
  185.1     5.13  20.160  -0.0082
  185.7     5.12  20.201  -0.0183
  186.0     4.85  20.244  -0.0090
  186.4     4.95  20.286  -0.0084
  186.8     4.98  20.328  -0.0130
  187.3     4.96  20.372  -0.0087
  187.8     5.40  20.415  -0.0151
  188.3     5.21  20.456  -0.0117
  188.8     5.52  20.500  -0.0138
  189.1     5.44  20.543  -0.0135
  189.5     4.94  20.586  -0.0046
  189.9     5.19  20.625  -0.0116
  190.4     5.18  20.665  -0.0148
  190.8     5.04  20.705  -0.0081
  191.1     5.02  20.745  -0.0118
  191.6     4.91  20.787  -0.0106
  192.2     5.48  20.829  -0.0063
  192.3     4.90  20.870  -0.0114
  192.9     5.06  20.911  -0.0097
  193.3     5.29  20.953  -0.0041
  193.7     5.32  20.997  -0.0093
  194.3     5.47  21.040  -0.0038
  194.7     5.43  21.083  -0.0033
  195.2     5.13  21.125  -0.0134
  195.6     5.74  21.167  -0.0091
  196.0     5.50  21.206  -0.0084
  196.4     5.25  21.245  -0.0140
  196.9     5.42  21.287  -0.0062
  197.3     5.67  21.330  -0.0065
  197.8     5.71  21.368  -0.0114
  198.0     5.34  21.407  -0.0051
  198.4     5.29  21.447   0.0003
  198.9     5.42  21.488  -0.0055
  199.5     5.84  21.532  -0.0110
  199.8     5.44  21.575  -0.0055
  200.2     5.50  21.617  -0.0040
  200.8     5.30  21.660  -0.0114
  201.1     5.63  21.698  -0.0129
  201.5     5.56  21.740  -0.0075
  202.0     5.46  21.780  -0.0019
  202.4     5.61  21.819  -0.0064
  202.9     6.02  21.860  -0.0114
  203.0     5.42  21.899  -0.0049
  203.4     4.94  21.938  -0.0056
  204.0     5.59  21.978  -0.0160
  204.4     5.61  22.020  -0.0041
  204.9     5.58  22.061  -0.0016
  205.3     5.92  22.104  -0.0145
  205.9     6.11  22.147  -0.0058
  206.1     5.78  22.191  -0.0097
  206.6     5.71  22.235  -0.0123
  207.1     5.92  22.280  -0.0005
  207.6     5.79  22.323  -0.0112
  207.9     5.67  22.364  -0.0139
  208.5     5.95  22.403  -0.0014
  208.7     5.54  22.442  -0.0046
  209.1     5.61  22.481  -0.0105
  209.6     5.68  22.520  -0.0085
  210.0     5.78  22.562  -0.0045
  210.4     5.80  22.602  -0.0083
  210.8     5.79  22.640  -0.0109
  211.2     5.91  22.679  -0.0019
  211.5     5.97  22.718  -0.0067
  211.9     5.55  22.757  -0.0161
  212.6     6.60  22.795  -0.0118
  212.9     6.18  22.834  -0.0067
  213.2     5.85  22.873  -0.0124
  213.7     5.97  22.913  -0.0160
  214.0     5.97  22.952  -0.0109
  214.4     5.91  22.990  -0.0060
  214.8     6.22  23.029  -0.0103
  215.1     5.64  23.069  -0.0164
  215.6     5.97  23.108  -0.0118
  216.1     6.50  23.146  -0.0061
  216.3     5.86  23.188  -0.0110
  217.0     6.49  23.226  -0.0173
  217.2     6.13  23.265  -0.0120
  217.6     6.00  23.306  -0.0073
  218.1     6.14  23.344  -0.0060
  218.5     6.43  23.383  -0.0154
  218.9     6.23  23.422  -0.0156
  219.3     6.52  23.461  -0.0137
  219.6     6.53  23.499  -0.0068
  219.8     5.70  23.536  -0.0045
  220.4     6.12  23.575  -0.0139
  220.8     6.40  23.613  -0.0197
  221.2     6.33  23.653  -0.0150
  221.7     6.85  23.691  -0.0082
  221.9     6.08  23.730  -0.0167
  222.3     6.20  23.769  -0.0218
  222.8     6.50  23.810  -0.0175
  223.2     6.35  23.848  -0.0113
  223.7     6.22  23.886  -0.0211
  223.9     6.44  23.926  -0.0174
  224.3     6.31  23.968  -0.0171
  224.9     6.36  24.010  -0.0222
  225.3     6.57  24.049  -0.0140
  225.6     6.59  24.093  -0.0207
  226.0     6.48  24.133  -0.0168
  226.5     6.70  24.176  -0.0184
  226.9     6.43  24.216  -0.0222
  227.3     6.46  24.253  -0.0122
  227.7     6.60  24.296  -0.0195
  228.1     6.64  24.336  -0.0118
  228.6     6.71  24.377  -0.0123
  228.9     6.40  24.417  -0.0130
  229.4     6.85  24.457  -0.0080
  229.8     6.72  24.497  -0.0185
  230.3     7.16  24.538  -0.0169
  230.6     6.88  24.581  -0.0171
  231.2     7.05  24.623  -0.0217
  231.5     7.05  24.664  -0.0187
  231.9     6.62  24.707  -0.0211
  232.4     7.25  24.749  -0.0278
  232.8     7.21  24.792  -0.0229
  233.3     7.07  24.832  -0.0223
  233.8     7.23  24.875  -0.0246
  234.1     7.11  24.918  -0.0218
  234.5     7.04  24.959  -0.0189
  234.9     6.96  24.998  -0.0288
  235.4     7.29  25.041  -0.0300
  235.8     7.39  25.080  -0.0224
  236.2     7.25  25.123  -0.0294
  236.6     7.07  25.168  -0.0239
  237.2     7.40  25.210  -0.0219
  237.6     7.59  25.255  -0.0249
  237.9     7.19  25.295  -0.0212
  238.4     7.46  25.338  -0.0253
  238.7     7.41  25.379  -0.0241
  239.3     7.53  25.421  -0.0286
  239.6     7.27  25.463  -0.0225
  240.1     7.27  25.505  -0.0220
  240.4     7.23  25.546  -0.0232
  240.9     7.57  25.587  -0.0185
  241.3     7.38  25.628  -0.0269
  241.9     7.66  25.670  -0.0235
  242.1     7.46  25.711  -0.0197
  242.6     7.36  25.753  -0.0294
  243.2     8.02  25.797  -0.0298
  243.5     7.42  25.838  -0.0263
  244.0     7.95  25.881  -0.0352
  244.4     7.66  25.924  -0.0406
  244.8     7.66  25.965  -0.0401
  245.2     7.31  26.006  -0.0351
  245.5     7.35  26.047  -0.0369
  245.9     7.31  26.087  -0.0461
  246.4     7.64  26.127  -0.0437
  246.9     7.79  26.169  -0.0369
  247.2     7.36  26.212  -0.0406
  247.7     7.52  26.252  -0.0507
  248.1     7.58  26.296  -0.0417
  248.7     7.97  26.339  -0.0357
  249.2     7.80  26.381  -0.0381
  249.6     7.78  26.425  -0.0489
  250.0     7.97  26.467  -0.0450
  250.5     8.27  26.511  -0.0412
  251.0     8.15  26.550  -0.0346
  251.3     7.81  26.589  -0.0398
  251.6     7.91  26.631  -0.0467
  252.1     7.77  26.673  -0.0479
  252.5     7.93  26.714  -0.0417
  252.9     7.99  26.756  -0.0362
  253.3     7.67  26.797  -0.0412
  253.8     7.88  26.839  -0.0449
  254.3     8.17  26.879  -0.0405
  254.8     8.39  27.014  -0.0400
  256.2     8.63  27.057  -0.0414
  256.5     8.12  27.099  -0.0374
  257.0     8.20  27.140  -0.0493
  257.4     8.27  27.181  -0.0512
  257.8     8.43  27.224  -0.0415
  258.4     8.78  27.264  -0.0409
  258.8     8.65  27.304  -0.0490
  259.0     8.10  27.343  -0.0545
  259.4     7.98  27.380  -0.0522
  260.0     8.88  27.417  -0.0476
  260.2     8.41  27.458  -0.0516
  260.6     8.23  27.497  -0.0534
  261.0     8.26  27.535  -0.0589
  261.4     8.85  27.574  -0.0535
  261.8     8.17  27.612  -0.0494
  262.3     8.62  27.649  -0.0551
  262.4     8.50  27.688  -0.0639
  263.0     8.65  27.728  -0.0555
  263.4     8.94  27.766  -0.0517
  263.7     8.51  27.804  -0.0623
  264.2     8.94  27.843  -0.0612
  264.5     8.79  27.881  -0.0572
  264.9     8.58  27.920  -0.0696
  265.3     8.81  27.962  -0.0584
  265.9     8.77  28.003  -0.0607
  266.3     9.17  28.042  -0.0626
  266.7     8.63  28.085  -0.0580
  267.1     8.86  28.124  -0.0694
  267.5     9.24  28.165  -0.0581
  267.8     8.52  28.207  -0.0622
  268.4     9.10  28.250  -0.0612
  268.7     8.86  28.289  -0.0593
  269.0     8.55  28.331  -0.0647
  269.5     8.83  28.374  -0.0579
  270.0     9.00  28.414  -0.0686
  270.4     8.71  28.452  -0.0653
  270.9     9.08  28.493  -0.0625
  271.2     8.90  28.532  -0.0698
  271.7     9.11  28.571  -0.0640
  272.1     9.35  28.612  -0.0642
  272.5     9.34  28.650  -0.0741
  272.9     9.10  28.692  -0.0696
  273.3     9.17  28.734  -0.0710
  273.7     9.18  28.773  -0.0754
  274.1     9.42  28.813  -0.0675
  274.4     8.86  28.854  -0.0695
  275.0     9.44  28.895  -0.0781
  275.4     9.08  28.938  -0.0720
  275.9     9.03  28.979  -0.0815
  276.2     9.03  29.020  -0.0811
  276.6     8.97  29.064  -0.0751
  277.1     9.11  29.104  -0.0838
  277.5     9.37  29.143  -0.0777
  277.9     9.34  29.183  -0.0767
  278.1     9.13  29.224  -0.0820
  278.7     9.01  29.264  -0.0758
  279.2     9.41  29.306  -0.0832
  279.6     9.47  29.349  -0.0873
  280.0     9.30  29.390  -0.0786
  280.4     9.04  29.429  -0.0785
  280.7     9.15  29.471  -0.0844
  281.3     9.24  29.513  -0.0779
  281.7     9.31  29.556  -0.0851
  282.2     9.53  29.598  -0.0835
  282.6     9.09  29.639  -0.0858
  283.1     9.29  29.682  -0.0857
  283.5     9.43  29.725  -0.0842
  284.0     9.44  29.770  -0.0908
  284.4     9.16  29.812  -0.0836
  284.8     8.99  29.856  -0.0870
  285.3     9.23  29.901  -0.0888
  285.7     9.20  29.942  -0.0875
  286.1     9.06  29.984  -0.0965
  286.6     9.03  30.028  -0.0898
  287.0     9.12  30.069  -0.0956
  287.5     9.49  30.110  -0.0949
  287.9     9.42  30.152  -0.0909
  288.4     9.73  30.193  -0.0997
  288.9    10.02  30.235  -0.0954
  289.2     9.13  30.277  -0.1019
  289.7     9.43  30.319  -0.1009
  290.0     9.02  30.360  -0.0988
  290.5     9.33  30.401  -0.1048
  290.9     9.28  30.444  -0.0983
  291.2     8.95  30.484  -0.0933
  291.8     9.51  30.526  -0.1031
  292.3     9.35  30.569  -0.0956
  292.6     8.93  30.610  -0.0956
  293.1     9.31  30.652  -0.0983
  293.7     9.77  30.693  -0.0928
  293.9     9.03  30.734  -0.0970
  294.5     9.53  30.775  -0.1009
  294.7     9.03  30.815  -0.0959
  295.2     9.20  30.856  -0.1055
  295.6     9.03  30.895  -0.0981
  296.1     9.59  30.939  -0.0995
  296.3     8.70  30.978  -0.1089
  296.9     9.35  31.021  -0.1004
  297.3     9.14  31.065  -0.1044
  297.8     9.16  31.108  -0.1067
  298.2     9.09  31.150  -0.1043
  298.6     9.22  31.192  -0.1046
  299.0     8.98  31.232  -0.1131
  299.3     9.13  31.271  -0.1135
  299.9     9.36  31.312  -0.1042
  300.3     9.31  31.352  -0.1119
  300.7     9.20  31.391  -0.1154
  301.1     9.29  31.432  -0.1053
  301.4     9.04  31.473  -0.1096
  301.9     9.12  31.514  -0.1173
  302.5     9.56  31.556  -0.1088
  302.7     8.80  31.597  -0.1118
  303.1     8.89  31.640  -0.1197
  303.6     9.23  31.681  -0.1101
  304.1     9.08  31.724  -0.1192
  304.4     9.02  31.767  -0.1126
  304.8     9.03  31.811  -0.1147
  305.3     9.13  31.855  -0.1193
  305.8     9.15  31.895  -0.1152
  306.2     9.29  31.935  -0.1201
  306.5     8.98  31.976  -0.1153
  307.0     8.99  32.015  -0.1215
  307.3     8.84  32.056  -0.1201
  307.8     9.06  32.096  -0.1194
  308.2     9.04  32.134  -0.1271
  308.6     9.20  32.174  -0.1184
  309.0     8.81  32.211  -0.1242
  309.4     9.39  32.250  -0.1225
  309.7     8.62  32.288  -0.1211
  310.1     8.82  32.328  -0.1283
  310.5     8.77  32.367  -0.1211
  310.9     8.69  32.407  -0.1269
  311.4     9.26  32.447  -0.1323
  311.7     8.71  32.487  -0.1277
  312.4     9.03  32.526  -0.1308
  312.5     8.70  32.566  -0.1407
  313.1     9.04  32.606  -0.1342
  313.5     8.97  32.648  -0.1255
  314.0     8.77  32.690  -0.1302
  314.4     9.04  32.729  -0.1353
  314.9     9.50  32.768  -0.1312
  315.2     9.07  32.811  -0.1276
  315.6     8.67  32.853  -0.1362
  316.0     8.90  32.893  -0.1349
  316.4     8.59  32.934  -0.1316
  316.9     8.88  32.973  -0.1437
  317.3     8.85  33.013  -0.1411
  317.6     8.47  33.053  -0.1458
  318.1     9.06  33.092  -0.1515
  318.6     9.21  33.132  -0.1457
  318.8     8.76  33.172  -0.1511
  319.3     8.75  33.211  -0.1479
  319.7     8.63  33.253  -0.1432
  320.1     8.68  33.291  -0.1523
  320.6     8.73  33.332  -0.1516
  321.0     8.76  33.372  -0.1470
  321.5     8.72  33.412  -0.1556
  321.9     9.18  33.452  -0.1507
  322.2     8.90  33.494  -0.1577
  322.6     8.89  33.533  -0.1500
  323.2     9.13  33.574  -0.1479
  323.4     8.67  33.613  -0.1549
  324.0     9.14  33.654  -0.1477
  324.3     8.31  33.693  -0.1513
  324.8     8.77  33.733  -0.1502
  325.1     8.62  33.772  -0.1443
  325.4     8.65  33.812  -0.1517
  325.9     8.98  33.854  -0.1467
  326.3     8.53  33.895  -0.1487
  326.7     8.51  33.937  -0.1534
  327.2     8.66  33.979  -0.1450
  327.6     8.47  34.020  -0.1467
  328.1     8.85  34.063  -0.1539
  328.6     8.97  34.104  -0.1481
  328.8     8.40  34.144  -0.1475
  329.3     8.57  34.188  -0.1567
  329.8     9.02  34.230  -0.1509
  330.1     8.35  34.274  -0.1577
  330.5     8.43  34.315  -0.1625
  331.1     8.98  34.357  -0.1587
  331.5     8.81  34.398  -0.1590
  331.8     8.27  34.440  -0.1631
  332.3     8.45  34.482  -0.1575
  332.8     8.95  34.525  -0.1596
  333.1     8.47  34.568  -0.1558
  333.6     8.83  34.612  -0.1544
  334.1     8.71  34.655  -0.1597
  334.5     9.01  34.696  -0.1613
  334.8     8.50  34.739  -0.1559
  335.4     8.45  34.782  -0.1618
  335.8     8.74  34.826  -0.1578
  336.2     8.59  34.868  -0.1563
  336.7     8.66  34.910  -0.1639
  337.1     9.04  34.950  -0.1617
  337.3     8.21  34.992  -0.1553
  337.8     8.25  35.035  -0.1632
  338.4     8.84  35.076  -0.1573
  338.8     8.51  35.118  -0.1563
  339.3     8.62  35.161  -0.1663
  339.7     8.70  35.204  -0.1574
  340.2     8.57  35.247  -0.1661
  340.6     8.50  35.291  -0.1599
  341.1     8.71  35.330  -0.1524
  341.3     8.57  35.373  -0.1609
  341.9     8.54  35.414  -0.1531
  342.4     8.63  35.455  -0.1582
  342.7     8.66  35.496  -0.1532
  343.2     8.50  35.536  -0.1502
  343.6     8.90  35.578  -0.1560
  344.0     8.39  35.617  -0.1503
  344.6     9.00  35.660  -0.1595
  345.0     8.67  35.703  -0.1587
  345.3     8.34  35.744  -0.1652
  345.8     8.43  35.785  -0.1644
  346.1     8.43  35.828  -0.1538
  346.7     8.53  35.871  -0.1617
  347.2     8.85  35.913  -0.1554
  347.5     8.19  35.955  -0.1626
  348.1     8.84  35.995  -0.1693
  348.3     8.57  36.034  -0.1604
  348.8     8.64  36.073  -0.1610
  349.2     8.40  36.113  -0.1656
  349.6     8.61  36.152  -0.1624
  350.0     8.56  36.190  -0.1705
  350.4     8.70  36.232  -0.1662
  350.8     8.21  36.274  -0.1662
  351.4     9.08  36.314  -0.1701
  351.7     8.82  36.358  -0.1647
  352.2     8.47  36.399  -0.1726
  352.6     8.83  36.442  -0.1643
  353.0     8.47  36.487  -0.1706
  353.4     8.36  36.531  -0.1656
  354.0     8.67  36.572  -0.1713
  354.4     8.77  36.615  -0.1691
  354.8     8.28  36.655  -0.1704
  355.2     8.58  36.695  -0.1785
  355.8     8.80  36.737  -0.1684
  355.9     8.30  36.776  -0.1778
  356.5     8.60  36.815  -0.1678
  356.7     8.09  36.856  -0.1717
  357.0     8.22  36.894  -0.1741
  357.7     8.40  36.934  -0.1673
  358.2     9.10  36.973  -0.1766
  358.5     8.88  37.015  -0.1693
  358.9     8.38  37.055  -0.1786
  359.2     8.33  37.096  -0.1713
  359.8     8.70  37.135  -0.1755
  360.2     8.70  37.174  -0.1774
  360.5     8.68  37.216  -0.1691
  360.8     8.33  37.258  -0.1767
  361.4     9.10  37.298  -0.1737
  361.7     8.35  37.336  -0.1729
  362.1     8.40  37.375  -0.1807
  362.6     8.94  37.417  -0.1716
  363.0     8.82  37.457  -0.1740
  363.3     8.41  37.498  -0.1751
  363.9     8.68  37.538  -0.1727
  364.1     8.53  37.577  -0.1829
  364.8     9.23  37.616  -0.1784
  365.0     8.67  37.657  -0.1756
  365.3     8.46  37.697  -0.1828
  365.9     8.82  37.737  -0.1705
  366.1     8.45  37.778  -0.1804
  366.6     8.63  37.818  -0.1832
  367.0     8.39  37.858  -0.1765
  367.3     8.14  37.901  -0.1871
  367.9     8.67  37.940  -0.1788
  368.3     8.76  37.980  -0.1710
  368.7     8.40  38.022  -0.1839
  369.2     8.52  38.062  -0.1831
  369.5     8.42  38.100  -0.1736
  369.9     8.54  38.142  -0.1763
  370.4     8.75  38.182  -0.1832
  370.7     8.76  38.225  -0.1789
  371.1     8.45  38.266  -0.1736
  371.7     8.68  38.307  -0.1744
  372.1     8.78  38.349  -0.1806
  372.5     8.81  38.390  -0.1813
  372.9     8.68  38.430  -0.1791
  373.3     8.74  38.470  -0.1717
  373.6     8.50  38.508  -0.1756
  374.1     8.43  38.548  -0.1801
  374.3     8.51  38.589  -0.1807
  374.9     8.78  38.629  -0.1795
  375.3     8.78  38.669  -0.1769
  375.7     8.54  38.707  -0.1806
  376.1     8.57  38.747  -0.1856
  376.5     8.68  38.787  -0.1835
  376.8     8.52  38.830  -0.1823
  377.5     9.13  38.871  -0.1797
  377.8     8.16  38.915  -0.1835
  378.1     8.23  38.955  -0.1862
  378.5     8.64  38.996  -0.1844
  379.0     8.80  39.035  -0.1819
  379.3     8.56  39.075  -0.1810
  379.8     8.64  39.116  -0.1846
  380.0     8.43  39.160  -0.1881
  380.5     8.58  39.200  -0.1886
  381.1     9.05  39.242  -0.1784
  381.4     8.84  39.284  -0.1768
  381.7     8.14  39.325  -0.1825
  382.2     8.49  39.369  -0.1870
  382.7     8.96  39.413  -0.1795
  383.0     8.52  39.453  -0.1849
  383.5     8.37  39.498  -0.1875
  384.0     8.62  39.542  -0.1956
  384.5     9.01  39.584  -0.1958
  385.0     9.35  39.625  -0.1920
  385.2     8.49  39.667  -0.1854
  385.6     8.82  39.710  -0.1906
  386.0     8.39  39.750  -0.1891
  386.4     8.62  39.791  -0.1820
  386.8     8.39  39.832  -0.1837
  387.3     8.87  39.875  -0.1881
  387.7     8.73  39.917  -0.1857
  388.0     8.47  39.961  -0.1839
  388.7     8.70  40.003  -0.1944
  389.0     8.89  40.046  -0.1849
  389.3     8.24  40.088  -0.1836
  389.8     8.25  40.128  -0.1897
  390.3     8.63  40.170  -0.1824
  390.7     8.27  40.211  -0.1866
  391.2     8.54  40.253  -0.1850
  391.5     8.67  40.294  -0.1818
  391.8     8.69  40.335  -0.1894
  392.4     8.63  40.375  -0.1768
  392.6     8.06  40.417  -0.1862
  393.1     8.51  40.460  -0.1820
  393.5     8.45  40.500  -0.1798
  393.9     8.16  40.540  -0.1921
  394.6     8.99  40.582  -0.1826
  394.8     8.21  40.624  -0.1816
  395.2     8.14  40.666  -0.1892
  395.5     8.05  40.708  -0.1785
  396.2     8.93  40.749  -0.1859
  396.5     8.14  40.790  -0.1900
  397.1     8.91  40.831  -0.1794
  397.5     8.26  40.873  -0.1853
  397.9     8.61  40.915  -0.1888
  398.4     8.74  40.957  -0.1828
  398.6     8.26  40.999  -0.1748
  399.2     8.31  41.038  -0.1874
  399.5     8.26  41.081  -0.1881
  400.0     8.73  41.123  -0.1794
  400.5     8.50  41.165  -0.1839
  400.8     8.13  41.208  -0.1877
  401.3     8.61  41.250  -0.1806
  401.6     8.10  41.292  -0.1780
  402.1     8.31  41.333  -0.1859
  402.4     7.94  41.372  -0.1828
  402.9     8.34  41.412  -0.1741
  403.3     8.05  41.452  -0.1834
  403.8     8.61  41.492  -0.1875
  404.2     8.60  41.531  -0.1832
  404.5     8.01  41.571  -0.1894
  404.8     8.13  41.611  -0.1905
  405.4     8.59  41.650  -0.1828
  405.8     8.31  41.689  -0.1894
  406.1     8.24  41.728  -0.1883
  406.4     7.96  41.766  -0.1864
  406.9     8.10  41.805  -0.1894
  407.4     8.33  41.843  -0.1825
  407.7     8.07  41.882  -0.1913
  408.0     7.97  41.923  -0.1808
  408.6     8.31  41.961  -0.1887
  408.7     7.88  41.999  -0.1905
  409.2     8.10  42.040  -0.1859
  409.7     8.02  42.079  -0.1892
  410.1     8.11  42.120  -0.1828
  410.5     8.04  42.160  -0.1940
  411.0     8.29  42.200  -0.1867
  411.3     7.78  42.239  -0.1833
  411.7     8.05  42.278  -0.1913
  412.1     7.82  42.320  -0.1844
  412.6     8.02  42.360  -0.1903
  413.2     8.48  42.404  -0.1851
  413.5     7.83  42.445  -0.1872
  413.9     8.21  42.484  -0.1915
  414.3     8.19  42.528  -0.1839
  414.9     8.24  42.567  -0.1917
  415.3     8.27  42.608  -0.1920
  415.7     8.27  42.649  -0.1860
  416.0     7.91  42.686  -0.1914
  416.4     8.08  42.728  -0.1927
  416.8     7.96  42.768  -0.1869
  417.3     7.78  42.806  -0.1964
  417.7     8.27  42.846  -0.1968
  418.0     7.87  42.889  -0.1908
  418.5     7.81  42.930  -0.1964
  419.1     8.37  42.970  -0.2027
  419.4     8.18  43.014  -0.1955
  419.9     8.25  43.055  -0.1867
  420.3     8.20  43.096  -0.1935
  420.5     7.75  43.137  -0.1962
  421.1     8.33  43.177  -0.1870
  421.4     7.84  43.218  -0.1887
  421.8     7.51  43.259  -0.1936
  422.4     8.47  43.299  -0.1899
  422.7     8.12  43.340  -0.1842
  423.1     7.88  43.382  -0.1867
  423.4     7.76  43.425  -0.1952
  424.1     8.02  43.467  -0.1959
  424.5     8.33  43.510  -0.1953
  424.8     7.88  43.553  -0.1954
  425.2     7.77  43.595  -0.1992
  425.7     7.94  43.637  -0.2021
  426.1     8.01  43.679  -0.1945
  426.4     7.53  43.722  -0.1880
  426.9     7.52  43.764  -0.1943
  427.4     7.88  43.806  -0.1923
  427.8     7.96  43.848  -0.1881
  428.1     7.69  43.891  -0.1977
  428.6     7.79  43.933  -0.1974
  429.0     7.67  43.975  -0.1911
  429.5     7.50  44.019  -0.1919
  429.8     7.55  44.062  -0.1986
  430.3     7.54  44.104  -0.1904
  430.9     7.71  44.149  -0.1895
  431.3     7.64  44.193  -0.1959
  431.7     7.24  44.238  -0.1970
  432.2     7.68  44.280  -0.1961
  432.6     7.58  44.323  -0.1920
  433.1     7.84  44.365  -0.2004
  433.3     7.24  44.406  -0.2028
  433.8     7.39  44.447  -0.1970
  434.1     7.20  44.490  -0.1969
  434.6     7.06  44.531  -0.2079
  435.2     7.58  44.574  -0.2051
  435.6     7.34  44.617  -0.2069
  436.1     7.51  44.660  -0.2109
  436.6     7.47  44.705  -0.2019
  437.1     7.50  44.748  -0.1994
  437.2     7.25  44.789  -0.2071
  437.8     7.54  44.832  -0.2016
  438.4     7.38  44.873  -0.2011
  438.6     7.38  44.914  -0.2037
  439.1     7.28  44.955  -0.1931
  439.5     7.44  44.997  -0.1989
  440.0     7.56  45.038  -0.1957
  440.4     7.43  45.080  -0.1992
  440.7     6.95  45.121  -0.2030
  441.1     6.98  45.163  -0.1912
  441.7     7.54  45.205  -0.1997
  442.0     7.34  45.246  -0.1877
  442.5     7.25  45.290  -0.1980
  442.8     7.18  45.334  -0.1684
  443.3     7.00  45.375  -0.1738
  443.9     7.36  45.415  -0.1922
  444.4     7.66  45.456  -0.1877
  444.6     7.08  45.494  -0.1935
  445.1     7.18  45.535  -0.1829
  445.6     7.18  45.577  -0.1803
  446.0     6.94  45.619  -0.1908
  446.4     6.96  45.662  -0.1860
  446.7     6.99  45.702  -0.1800
  447.3     7.29  45.744  -0.1857
  447.8     7.36  45.785  -0.1730
  448.1     7.12  45.825  -0.2046
  448.7     7.61  45.869  -0.1945
  449.0     7.23  45.913  -0.1994
  449.6     7.24  45.958  -0.1934
  450.0     7.26  46.003  -0.1922
  450.4     7.11  46.044  -0.2020
  450.9     7.12  46.087  -0.1923
  451.4     7.20  46.130  -0.1990
  451.7     7.08  46.170  -0.2057
  452.2     7.15  46.209  -0.1907
  452.5     7.11  46.247  -0.1982
  452.8     7.25  46.286  -0.1975
  453.3     6.99  46.326  -0.1906
  453.6     6.97  46.367  -0.1994
  454.2     7.44  46.404  -0.1978
  454.6     7.41  46.444  -0.1913
  455.0     7.12  46.484  -0.1981
  455.4     7.26  46.523  -0.1983
  455.9     7.65  46.562  -0.1895
  456.1     7.02  46.599  -0.2023
  456.5     7.23  46.636  -0.1970
  456.9     6.99  46.676  -0.1987
  457.2     7.04  46.716  -0.2010
  457.7     6.88  46.755  -0.1972
  458.1     7.05  46.794  -0.2024
  458.6     7.37  46.834  -0.1972
  458.8     6.92  46.874  -0.2060
  459.3     7.05  46.913  -0.1984
  459.6     6.81  46.952  -0.2020
  460.0     7.02  46.991  -0.1952
  460.4     7.06  47.031  -0.1909
  460.9     7.12  47.072  -0.1991
  461.3     7.09  47.112  -0.1885
  461.6     6.86  47.149  -0.1923
  462.1     7.30  47.191  -0.1971
  462.4     7.08  47.231  -0.1944
  462.8     7.12  47.272  -0.2016
  463.2     7.00  47.314  -0.1958
  463.6     6.91  47.356  -0.1929
  464.0     6.73  47.397  -0.2012
  464.5     7.11  47.436  -0.1998
  464.7     6.48  47.475  -0.1920
  465.2     6.82  47.517  -0.1969
  465.6     6.92  47.557  -0.1997
  466.0     7.17  47.596  -0.1948
  466.4     7.04  47.637  -0.1878
  466.8     6.98  47.675  -0.1886
  467.3     6.92  47.716  -0.1998
  467.6     7.25  47.758  -0.1925
  467.9     7.14  47.798  -0.1895
  468.4     6.70  47.838  -0.1971
  468.8     6.96  47.877  -0.1999
  469.0     6.78  47.917  -0.1924
  469.4     6.94  47.959  -0.1923
  469.8     6.65  48.000  -0.1989
  470.4     7.08  48.041  -0.1976
  470.8     6.73  48.083  -0.1982
  470.9     6.40  48.123  -0.2020
  471.5     6.75  48.164  -0.2021
  471.9     6.89  48.206  -0.1941
  472.3     6.81  48.247  -0.2024
  472.7     6.64  48.289  -0.2037
  473.2     6.85  48.330  -0.1991
  473.8     6.98  48.370  -0.2049
  473.9     6.58  48.412  -0.1985
  474.3     6.61  48.453  -0.1950
  474.6     6.49  48.493  -0.2031
  475.1     6.69  48.535  -0.1986
  475.5     6.84  48.577  -0.1942
  475.9     6.56  48.617  -0.2007
  476.4     6.91  48.659  -0.1996
  476.9     7.02  48.701  -0.1903
  477.3     6.71  48.743  -0.1952
  477.7     7.13  48.789  -0.1926
  478.2     7.02  48.829  -0.1892
  478.4     6.46  48.870  -0.2001
  478.9     6.69  48.915  -0.2043
  479.4     7.11  48.957  -0.1942
  479.8     6.71  49.001  -0.2056
  480.3     6.51  49.044  -0.2036
  480.7     6.84  49.086  -0.1944
  481.0     6.49  49.127  -0.2070
  481.5     6.98  49.169  -0.2005
  481.8     6.63  49.210  -0.1994
  482.3     6.68  49.250  -0.2015
  482.8     7.21  49.292  -0.1918
  483.2     6.73  49.336  -0.2005
  483.6     6.73  49.378  -0.2006
  484.0     6.46  49.421  -0.1931
  484.3     6.31  49.462  -0.2025
  484.9     6.90  49.505  -0.1917
  485.2     6.46  49.547  -0.2031
  485.7     6.72  49.586  -0.2001
  486.1     6.61  49.628  -0.1977
  486.6     6.67  49.669  -0.2054
  486.9     6.82  49.710  -0.1946
  487.6     7.17  49.750  -0.2031
  487.6     6.48  49.791  -0.2042
  488.2     6.87  49.833  -0.2000
  488.4     6.37  49.874  -0.2082
  488.9     6.57  49.914  -0.2013
  489.4     6.68  49.956  -0.1990
  489.7     6.46  49.996  -0.2071
  490.0     6.55  50.039  -0.2008
  490.5     6.58  50.080  -0.1991
  491.1     6.66  50.121  -0.2091
  491.4     6.63  50.162  -0.2022
  491.9     6.98  50.204  -0.1960
  492.3     6.57  50.245  -0.2041
  492.5     6.32  50.286  -0.2036
  493.0     6.76  50.328  -0.1944
  493.4     6.45  50.369  -0.2047
  494.1     7.05  50.409  -0.2047
  494.2     6.28  50.451  -0.1959
  494.5     6.40  50.493  -0.2036
  495.2     6.90  50.534  -0.1935
  495.6     6.51  50.576  -0.1974
  496.0     6.69  50.621  -0.1889
  496.5     6.58  50.664  -0.1939
  496.9     6.50  50.707  -0.1962
  497.3     6.77  50.753  -0.1924
  497.7     6.48  50.795  -0.2007
  498.0     6.32  50.837  -0.1888
  498.5     6.42  50.878  -0.1984
  499.0     6.70  50.919  -0.1903
  499.3     6.12  50.960  -0.2010
  499.9     7.05  51.001  -0.2001
  500.2     6.37  51.040  -0.1965
  500.6     6.38  51.081  -0.2081
  501.0     6.86  51.121  -0.2020
  501.3     6.36  51.159  -0.1999
  501.6     6.44  51.199  -0.2123
  502.2     6.81  51.238  -0.2008
  502.6     6.38  51.276  -0.1980
  502.8     6.30  51.316  -0.2085
  503.4     7.01  51.355  -0.2027
  503.6     6.42  51.393  -0.1991
  504.1     6.36  51.431  -0.2065
  504.5     6.61  51.472  -0.2007
  504.9     6.41  51.513  -0.1945
  505.2     6.17  51.554  -0.1981
  505.7     6.63  51.596  -0.2067
  506.2     6.99  51.635  -0.2042
  506.6     6.59  51.676  -0.2009
  507.0     6.32  51.718  -0.2074
  507.3     6.36  51.758  -0.2094
  507.9     6.80  51.798  -0.2000
  508.3     6.47  51.841  -0.1942
  508.6     6.46  51.879  -0.2014
  509.0     6.42  51.919  -0.2040
  509.4     6.44  51.958  -0.1984
  509.9     6.70  51.998  -0.1954
  510.4     7.06  52.041  -0.2079
  510.7     6.68  52.082  -0.2052
  511.2     6.56  52.124  -0.2052
  511.5     6.27  52.162  -0.2108
  511.9     6.42  52.203  -0.2021
  512.3     6.35  52.242  -0.2033
  512.9     6.93  52.286  -0.2034
  513.1     6.45  52.326  -0.1975
  513.5     6.09  52.366  -0.2023
  514.0     6.86  52.407  -0.2068
  514.3     6.25  52.446  -0.1981
  514.7     6.43  52.487  -0.2049
  515.2     6.47  52.527  -0.2016
  515.5     6.10  52.566  -0.1976
  516.0     6.35  52.607  -0.2069
  516.5     6.65  52.648  -0.2007
  516.8     6.50  52.688  -0.2031
  517.2     6.22  52.730  -0.2116
  517.6     6.39  52.771  -0.2025
  518.1     6.42  52.813  -0.2079
  518.5     6.50  52.855  -0.2048
  519.0     6.39  52.896  -0.2005
  519.5     6.88  52.938  -0.2092
  519.8     6.54  52.981  -0.2027
  520.2     6.36  53.024  -0.2043
  520.7     6.12  53.068  -0.2094
  521.0     6.24  53.110  -0.2024
  521.5     6.60  53.153  -0.2108
  522.1     6.73  53.194  -0.2046
  522.5     6.70  53.236  -0.2026
  523.0     6.79  53.278  -0.2124
  523.3     6.45  53.319  -0.2077
  523.7     6.67  53.360  -0.2120
  524.3     6.96  53.404  -0.2085
  524.6     6.43  53.445  -0.2086
  524.9     6.10  53.486  -0.2112
  525.5     6.37  53.531  -0.2035
  525.8     6.16  53.572  -0.2092
  526.2     6.37  53.614  -0.2153
  526.8     6.73  53.658  -0.2102
  527.2     6.69  53.700  -0.2109
  527.7     6.67  53.742  -0.2221
  528.2     6.53  53.786  -0.2209
  528.5     6.55  53.828  -0.2112
  528.9     6.28  53.870  -0.2167
  529.4     6.36  53.913  -0.2188
  529.9     6.66  53.955  -0.2097
  530.1     6.06  53.996  -0.2132
  530.6     6.25  54.038  -0.2178
  531.2     6.79  54.080  -0.2066
  531.5     6.37  54.122  -0.2074
  531.7     6.06  54.165  -0.2163
  532.3     6.65  54.208  -0.2081
  532.8     6.63  54.250  -0.2157
  533.2     6.38  54.293  -0.2165
  533.7     6.57  54.337  -0.2163
  534.1     6.53  54.378  -0.2207
  534.5     6.32  54.420  -0.2179
  534.9     6.47  54.462  -0.2218
  535.3     6.47  54.504  -0.2097
  535.7     6.18  54.543  -0.2170
  536.1     6.23  54.584  -0.2116
  536.6     6.62  54.624  -0.2087
  537.0     6.54  54.665  -0.2147
  537.4     6.36  54.710  -0.2082
  537.7     6.14  54.750  -0.2191
  538.3     6.69  54.793  -0.2157
  538.6     6.24  54.835  -0.2106
  539.2     6.86  54.876  -0.2195
  539.5     6.61  54.918  -0.2117
  539.7     5.85  54.958  -0.2148
  540.2     6.42  54.998  -0.2226
  540.7     6.52  55.038  -0.2163
  541.0     6.34  55.079  -0.2303
  541.5     6.32  55.121  -0.2264
  541.8     6.35  55.160  -0.2319
  542.3     6.74  55.202  -0.2231
  542.6     6.11  55.244  -0.2235
  543.2     6.58  55.286  -0.2230
  543.3     5.86  55.327  -0.2173
  544.0     6.56  55.371  -0.2204
  544.3     6.11  55.416  -0.2113
  544.7     5.96  55.460  -0.2216
  545.3     6.28  55.502  -0.2126
  545.6     6.10  55.544  -0.2170
  546.1     6.70  55.584  -0.2185
  546.4     6.14  55.628  -0.2070
  547.0     6.50  55.671  -0.2180
  547.2     6.38  55.710  -0.2148
  547.7     6.40  55.750  -0.2110
  548.2     6.51  55.789  -0.2243
  548.4     6.18  55.827  -0.2117
  548.8     6.06  55.867  -0.2113
  549.4     6.24  55.905  -0.2247
  549.7     6.84  55.946  -0.2137
  550.0     6.52  55.985  -0.2139
  550.4     6.50  56.023  -0.2216
  550.8     6.18  56.064  -0.2102
  551.2     6.32  56.104  -0.2176
  551.6     6.84  56.144  -0.2171
  551.9     5.94  56.185  -0.2115
  552.4     6.34  56.227  -0.2208
  552.8     6.68  56.268  -0.2149
  553.2     6.28  56.309  -0.2186
  553.6     6.21  56.350  -0.2241
  554.2     6.77  56.391  -0.2162
  554.4     6.29  56.430  -0.2118
  554.9     6.38  56.470  -0.2219
  555.1     6.46  56.508  -0.2187
  555.5     6.23  56.548  -0.2104
  556.0     6.18  56.587  -0.2179
  556.3     6.11  56.627  -0.2267
  556.8     6.37  56.667  -0.2133
  557.2     6.14  56.706  -0.2168
  557.5     6.28  56.745  -0.2263
  557.9     6.29  56.788  -0.2145
  558.3     6.16  56.828  -0.2184
  558.7     5.82  56.868  -0.2222
  559.2     6.23  56.912  -0.2123
  559.6     6.43  56.951  -0.2166
  560.0     6.34  56.991  -0.2198
  560.3     6.25  57.031  -0.2120
  560.9     6.57  57.073  -0.2171
  561.3     6.46  57.113  -0.2155
  561.7     6.46  57.154  -0.2161
  562.1     6.59  57.194  -0.2171
  562.3     6.02  57.237  -0.2154
  562.9     6.60  57.277  -0.2194
  563.2     6.13  57.316  -0.2124
  563.6     6.32  57.358  -0.2205
  564.1     6.39  57.400  -0.2158
  564.4     6.25  57.441  -0.2206
  564.9     6.61  57.480  -0.2214
  565.3     6.43  57.520  -0.2207
  565.5     6.01  57.564  -0.2310
  566.0     5.94  57.608  -0.2244
  566.5     6.09  57.649  -0.2277
  567.0     6.37  57.690  -0.2315
  567.3     6.03  57.732  -0.2227
  567.7     6.20  57.774  -0.2195
  568.2     6.68  57.816  -0.2207
  568.4     6.39  57.857  -0.2213
  568.9     6.01  57.899  -0.2253
  569.3     6.26  57.943  -0.2167
  569.8     6.22  57.984  -0.2163
  570.2     6.40  58.027  -0.2226
  570.5     6.05  58.067  -0.2149
  570.9     6.27  58.108  -0.2131
  571.3     6.17  58.151  -0.2169
  571.7     6.16  58.195  -0.2099
  572.3     6.87  58.237  -0.2173
  572.6     6.11  58.279  -0.2205
  573.1     6.86  58.323  -0.2183
  573.3     6.21  58.364  -0.2129
  573.9     6.42  58.408  -0.2175
  574.4     6.56  58.451  -0.2156
  574.6     5.77  58.493  -0.2158
  575.1     6.53  58.533  -0.2148
  575.4     5.80  58.574  -0.2235
  575.8     6.09  58.616  -0.2240
  576.3     6.10  58.659  -0.2136
  576.7     6.17  58.699  -0.2133
  577.1     6.10  58.740  -0.2179
  577.5     6.03  58.781  -0.2081
  577.9     5.92  58.822  -0.2140
  578.3     6.01  58.865  -0.2219
  578.7     6.00  58.907  -0.2142
  579.2     5.85  58.950  -0.2178
  579.6     6.13  58.990  -0.2249
  580.0     6.02  59.033  -0.2187
  580.4     6.12  59.074  -0.2184
  580.8     5.85  59.115  -0.2261
  581.4     6.42  59.156  -0.2214
  581.6     6.08  59.196  -0.2172
  582.0     6.34  59.237  -0.2275
  582.7     6.99  59.274  -0.2215
  582.9     6.06  59.316  -0.2241
  583.4     6.63  59.358  -0.2266
  583.7     6.28  59.397  -0.2165
  584.1     6.29  59.440  -0.2243
  584.5     6.06  59.483  -0.2133
  585.0     6.56  59.525  -0.2228
  585.3     6.20  59.569  -0.2195
  585.9     6.51  59.609  -0.2158
  586.2     6.41  59.650  -0.2285
  586.6     6.43  59.691  -0.2201
  587.0     6.39  59.732  -0.2224
  587.5     6.61  59.773  -0.2243
  587.8     6.13  59.814  -0.2173
  588.2     6.33  59.854  -0.2295
  588.5     5.96  59.895  -0.2258
  589.1     6.42  59.934  -0.2203
  589.4     5.99  59.975  -0.2291
  589.8     6.43  60.015  -0.2267
  590.3     6.43  60.057  -0.2211
  590.6     6.07  60.099  -0.2277
  590.9     6.10  60.144  -0.2208
  591.6     6.53  60.189  -0.2245
  592.1     6.63  60.231  -0.2259
  592.4     6.34  60.271  -0.2180
  592.7     6.52  60.311  -0.2278
  593.1     6.48  60.352  -0.2253
  593.5     6.15  60.393  -0.2200
  593.8     6.35  60.432  -0.2252
  594.3     6.38  60.470  -0.2200
  594.5     6.04  60.509  -0.2185
  595.0     6.04  60.546  -0.2248
  595.2     5.93  60.585  -0.2221
  595.8     6.10  60.625  -0.2195
  596.2     6.39  60.662  -0.2203
  596.5     6.16  60.703  -0.2154
  596.9     5.98  60.744  -0.2246
  597.4     6.41  60.782  -0.2249
  597.7     6.15  60.821  -0.2156
  598.1     6.17  60.860  -0.2230
  598.5     6.38  60.900  -0.2240
  598.8     6.21  60.938  -0.2151
  599.4     6.11  60.981  -0.2220
  599.7     6.13  61.021  -0.2250
  600.0     6.07  61.060  -0.2131
