   12.6    -0.04   0.026  -0.0097
   12.6    -0.04   0.053   0.0028
   12.7     0.01   0.079   0.0017
   12.7    -0.03   0.106  -0.0025
   12.7     0.00   0.132  -0.0096
   12.7    -0.01   0.159  -0.0076
   12.6    -0.04   0.185  -0.0072
   12.7     0.05   0.211  -0.0062
   12.7     0.01   0.237  -0.0025
   12.6    -0.02   0.264   0.0048
   12.6    -0.03   0.290   0.0052
   12.6    -0.04   0.317   0.0120
   12.6    -0.05   0.344   0.0080
   12.7    -0.03   0.370   0.0022
   12.7    -0.02   0.397   0.0112
   12.7    -0.02   0.423  -0.0003
   12.7    -0.03   0.449   0.0069
   12.7    -0.03   0.476   0.0018
   12.6    -0.03   0.502   0.0090
   12.7    -0.04   0.529   0.0015
   12.6    -0.01   0.555  -0.0026
   12.6    -0.04   0.582  -0.0005
   12.7    -0.01   0.609  -0.0019
   12.7    -0.01   0.635  -0.0016
   12.6     0.01   0.661  -0.0075
   12.6    -0.04   0.687  -0.0052
   12.6     0.02   0.714  -0.0034
   12.7    -0.01   0.741   0.0118
   12.7    -0.03   0.767   0.0143
   12.6    -0.01   0.793  -0.0050
   12.8     0.02   0.820  -0.0167
   12.7     0.03   0.847  -0.0144
   12.7     0.02   0.873  -0.0121
   12.6     0.02   0.899  -0.0105
   12.6     0.02   0.926   0.0039
   12.6     0.03   0.952   0.0140
   12.7     0.00   0.978  -0.0090
   12.7     0.00   1.004  -0.0153
   12.7     0.03   1.031  -0.0059
   12.7     0.00   1.057  -0.0115
   12.6     0.03   1.083  -0.0067
   12.6     0.02   1.110   0.0005
   12.6     0.06   1.136  -0.0055
   12.7     0.02   1.162  -0.0045
   12.7    -0.00   1.189  -0.0085
   12.6    -0.02   1.216  -0.0028
   12.6    -0.02   1.243   0.0025
   12.6    -0.02   1.270   0.0194
   12.6    -0.02   1.296  -0.0059
   12.6    -0.02   1.322  -0.0030
   12.7    -0.01   1.349   0.0006
   12.7    -0.00   1.375  -0.0057
   12.6    -0.02   1.402   0.0041
   12.6    -0.02   1.428   0.0085
   12.7    -0.02   1.455   0.0270
   12.6    -0.00   1.481   0.0186
   12.7     0.01   1.508  -0.0006
   12.6     0.02   1.534  -0.0077
   12.7     0.01   1.560  -0.0085
   12.7     0.01   1.587  -0.0046
   12.6    -0.00   1.613  -0.0022
   12.7     0.02   1.640   0.0056
   12.7     0.01   1.666  -0.0002
   12.6     0.02   1.692   0.0046
   12.7    -0.00   1.719   0.0082
   12.7    -0.00   1.745  -0.0006
   12.7     0.00   1.772   0.0064
   12.6     0.00   1.798  -0.0014
   12.7    -0.00   1.825  -0.0005
   12.7     0.00   1.851  -0.0052
   12.6    -0.01   1.877   0.0045
   12.7     0.01   1.905  -0.0039
   12.6    -0.00   1.931   0.0080
   12.6     0.01   1.958   0.0018
   12.6    -0.02   1.984   0.0022
   12.6    -0.02   2.011   0.0069
   12.7    -0.04   2.037  -0.0005
   12.6    -0.00   2.064  -0.0045
   12.7    -0.01   2.090  -0.0018
   12.7    -0.05   2.117   0.0047
   12.6    -0.02   2.143   0.0001
   12.7     0.01   2.170  -0.0006
   12.6    -0.04   2.196  -0.0033
   12.7    -0.04   2.223  -0.0104
   12.6    -0.05   2.250   0.0002
   12.7    -0.04   2.277  -0.0038
   12.7     0.01   2.304   0.0035
   12.7    -0.01   2.330   0.0168
   12.7     0.01   2.356   0.0077
   12.7    -0.02   2.383  -0.0058
   12.6    -0.04   2.410  -0.0033
   12.7    -0.01   2.437  -0.0086
   12.5     0.01   2.463  -0.0117
   12.6    -0.01   2.489  -0.0082
   12.7    -0.02   2.516  -0.0105
   12.7    -0.01   2.543  -0.0118
   12.7    -0.03   2.570  -0.0073
   12.7    -0.01   2.597  -0.0075
   12.8    -0.00   2.623  -0.0131
   12.6     0.02   2.649  -0.0137
   12.7     0.02   2.676  -0.0039
   12.7     0.01   2.702   0.0088
   12.7     0.03   2.728  -0.0118
   12.7     0.01   2.755  -0.0143
   12.7     0.03   2.781   0.0035
   12.7     0.07   2.808  -0.0052
   12.7     0.04   2.835  -0.0011
   12.7     0.05   2.861   0.0020
   12.7     0.05   2.888  -0.0104
   12.8     0.03   2.914  -0.0119
   12.7     0.06   2.941  -0.0085
   12.7     0.09   2.967  -0.0138
   12.8     0.05   2.993  -0.0091
   12.8     0.05   3.020  -0.0038
   12.8     0.04   3.047  -0.0067
   12.8     0.05   3.073   0.0081
   12.9     0.05   3.101  -0.0056
   12.8     0.06   3.127  -0.0060
   12.8     0.06   3.153  -0.0132
   12.8     0.07   3.180  -0.0114
   12.9     0.06   3.206  -0.0121
   12.9     0.09   3.232  -0.0134
   12.9     0.10   3.259  -0.0197
   13.0     0.07   3.286  -0.0131
   13.1     0.09   3.313  -0.0178
   13.0     0.12   3.339  -0.0063
   13.0     0.08   3.367  -0.0124
   13.0     0.10   3.393  -0.0127
   13.0     0.10   3.420  -0.0139
   13.1     0.13   3.447  -0.0140
   13.0     0.12   3.473  -0.0104
   13.2     0.13   3.500  -0.0126
   13.2     0.16   3.527  -0.0190
   13.2     0.16   3.553  -0.0106
   13.3     0.15   3.580  -0.0087
   13.3     0.17   3.606  -0.0123
   13.3     0.18   3.633  -0.0165
   13.4     0.21   3.659  -0.0189
   13.4     0.23   3.686  -0.0167
   13.5     0.23   3.713  -0.0118
   13.5     0.21   3.739  -0.0118
   13.6     0.24   3.766  -0.0124
   13.6     0.26   3.792  -0.0169
   13.6     0.23   3.819  -0.0128
   13.7     0.29   3.847  -0.0058
   13.8     0.31   3.873  -0.0136
   13.8     0.33   3.899  -0.0138
   13.8     0.33   3.926  -0.0061
   13.9     0.36   3.952  -0.0140
   14.0     0.39   3.978   0.0106
   14.1     0.41   4.005  -0.0075
   14.1     0.40   4.031  -0.0125
   14.1     0.43   4.057  -0.0123
   14.2     0.43   4.084  -0.0129
   14.4     0.48   4.111  -0.0071
   14.3     0.47   4.137  -0.0142
   14.5     0.46   4.164  -0.0177
   14.4     0.53   4.190  -0.0113
   14.5     0.54   4.216  -0.0150
   14.6     0.53   4.243  -0.0197
   14.7     0.55   4.269  -0.0152
   14.8     0.60   4.296  -0.0104
   14.9     0.60   4.323  -0.0093
   14.9     0.63   4.349  -0.0108
   15.1     0.66   4.376   0.0029
   15.2     0.64   4.402   0.0056
   15.2     0.69   4.429  -0.0028
   15.3     0.68   4.455   0.0679
   15.4     0.68   4.481   0.0101
   15.5     0.72   4.508  -0.0046
   15.6     0.74   4.535  -0.0046
   15.6     0.77   4.561  -0.0020
   15.8     0.79   4.587  -0.0137
   15.8     0.79   4.614  -0.0022
   15.9     0.81   4.640   0.0091
   15.9     0.83   4.667   0.0030
   16.1     0.86   4.693  -0.0028
   16.3     0.87   4.720  -0.0183
   16.4     0.90   4.746  -0.0082
   16.5     0.93   4.773  -0.0144
   16.7     0.95   4.799  -0.0177
   16.7     0.97   4.827  -0.0196
   16.9     1.02   4.853  -0.0081
   16.9     1.08   4.879  -0.0068
   17.1     1.04   4.906  -0.0084
   17.2     1.09   4.933   0.0370
   17.3     1.11   4.959   0.2556
   17.5     1.14   4.986   0.0732
   17.6     1.17   5.012   0.0199
   17.8     1.21   5.039  -0.0131
   18.0     1.25   5.065  -0.0207
   18.0     1.25   5.092  -0.0162
   18.2     1.29   5.118  -0.0040
   18.2     1.30   5.145  -0.0059
   18.4     1.31   5.172  -0.0138
   18.6     1.39   5.199   0.0095
   18.7     1.42   5.225  -0.0117
   18.9     1.46   5.252  -0.0107
   19.0     1.47   5.278   0.0159
   19.1     1.49   5.305   0.0489
   19.3     1.56   5.331   0.0296
   19.4     1.53   5.358  -0.0012
   19.5     1.52   5.384   0.0068
   19.6     1.54   5.410  -0.0109
   19.8     1.58   5.437  -0.0155
   19.9     1.61   5.464  -0.0153
   20.2     1.71   5.490   0.0551
   20.3     1.77   5.516   0.0112
   20.5     1.77   5.543   0.0569
   20.7     1.83   5.570   0.0174
   20.8     1.81   5.596  -0.0087
   21.0     1.86   5.623  -0.0092
   21.1     1.90   5.650  -0.0112
   21.3     1.92   5.676  -0.0099
   21.4     2.01   5.703  -0.0125
   21.7     2.01   5.729  -0.0124
   21.8     2.04   5.756  -0.0118
   22.0     2.09   5.783  -0.0077
   22.2     2.15   5.809  -0.0157
   22.4     2.15   5.836  -0.0110
   22.6     2.20   5.863  -0.0159
   22.7     2.25   5.889  -0.0084
   23.0     2.25   5.915  -0.0132
   23.0     2.29   5.942  -0.0065
   23.3     2.32   5.969  -0.0097
   23.5     2.35   5.995  -0.0069
   23.7     2.39   6.021  -0.0189
   23.8     2.44   6.048  -0.0111
   24.1     2.45   6.075  -0.0123
   24.2     2.49   6.101  -0.0134
   24.4     2.54   6.128  -0.0111
   24.6     2.61   6.155  -0.0139
   24.8     2.61   6.182  -0.0095
   25.0     2.63   6.208  -0.0142
   25.1     2.70   6.235  -0.0169
   25.3     2.70   6.261  -0.0089
   25.6     2.78   6.288  -0.0144
   25.7     2.77   6.315  -0.0150
   26.0     2.80   6.342  -0.0102
   26.2     2.83   6.368  -0.0147
   26.4     2.88   6.395  -0.0106
   26.6     2.91   6.422  -0.0071
   26.8     2.95   6.449  -0.0143
   27.0     2.96   6.476  -0.0110
   27.2     3.02   6.502  -0.0110
   27.4     3.06   6.528  -0.0037
   27.7     3.08   6.555  -0.0185
   27.8     3.12   6.582  -0.0112
   28.1     3.14   6.609  -0.0150
   28.2     3.18   6.635  -0.0132
   28.5     3.20   6.661  -0.0123
   28.6     3.25   6.688  -0.0135
   28.9     3.30   6.715  -0.0027
   29.1     3.32   6.742  -0.0005
   29.3     3.34   6.768  -0.0070
   29.5     3.37   6.795  -0.0142
   29.8     3.43   6.822  -0.0014
   30.0     3.46   6.849   0.0112
   30.3     3.51   6.875  -0.0059
   30.4     3.55   6.901   0.0004
   30.6     3.59   6.928   0.0089
   30.9     3.59   6.954  -0.0069
   31.1     3.63   6.981  -0.0084
   31.3     3.71   7.008  -0.0026
   31.5     3.74   7.034  -0.0072
   31.8     3.75   7.060  -0.0014
   32.0     3.77   7.087  -0.0131
   32.1     3.79   7.114  -0.0096
   32.4     3.85   7.140  -0.0089
   32.6     3.84   7.166  -0.0118
   32.8     3.89   7.193  -0.0069
   33.1     3.94   7.220  -0.0153
   33.3     3.97   7.246  -0.0233
   33.5     4.01   7.273  -0.0099
   33.8     4.04   7.299  -0.0187
   34.0     4.06   7.326  -0.0216
   34.3     4.11   7.353  -0.0180
   34.4     4.15   7.380  -0.0189
   34.7     4.17   7.407  -0.0156
   34.9     4.20   7.434  -0.0009
   35.1     4.23   7.460  -0.0095
   35.4     4.27   7.487  -0.0149
   35.6     4.29   7.514  -0.0164
   35.8     4.31   7.540  -0.0046
   36.1     4.34   7.567  -0.0137
   36.3     4.36   7.593  -0.0139
   36.6     4.41   7.620  -0.0171
   36.8     4.44   7.647  -0.0202
   37.0     4.49   7.673  -0.0095
   37.2     4.50   7.700  -0.0157
   37.6     4.59   7.726  -0.0197
   37.8     4.57   7.752  -0.0008
   37.9     4.60   7.779  -0.0007
   38.2     4.61   7.805   0.0134
   38.4     4.56   7.832   0.0691
   38.7     4.64   7.859   0.0403
   38.9     4.67   7.886   0.0203
   39.3     4.74   7.912   0.0026
   39.5     4.73   7.939  -0.0203
   39.7     4.75   7.966  -0.0160
   40.0     4.79   7.993  -0.0219
   40.2     4.83   8.020  -0.0129
   40.4     4.83   8.046  -0.0025
   40.6     4.87   8.073  -0.0209
   40.9     4.87   8.101  -0.0114
   41.2     4.89   8.127  -0.0093
   41.4     4.93   8.154  -0.0227
   41.6     4.96   8.180  -0.0132
   41.9     5.03   8.207  -0.0235
   42.2     5.03   8.234  -0.0197
   42.4     5.06   8.261  -0.0266
   42.8     5.08   8.288  -0.0270
   43.0     5.11   8.315  -0.0217
   43.2     5.12   8.341  -0.0254
   43.4     5.14   8.368  -0.0106
   43.7     5.19   8.395  -0.0216
   43.9     5.20   8.421  -0.0230
   44.2     5.21   8.448  -0.0191
   44.4     5.24   8.474   0.0182
   44.6     5.25   8.501  -0.0106
   44.9     5.24   8.528  -0.0209
   45.1     5.28   8.554  -0.0181
   45.4     5.31   8.581  -0.0208
   45.7     5.32   8.608  -0.0213
   45.8     5.26   8.635  -0.0218
   46.1     5.36   8.662  -0.0249
   46.4     5.39   8.689  -0.0189
   46.6     5.39   8.716  -0.0188
   46.9     5.41   8.743  -0.0110
   47.2     5.44   8.770  -0.0199
   47.4     5.47   8.797  -0.0155
   47.7     5.49   8.824  -0.0172
   47.9     5.50   8.851  -0.0067
   48.2     5.49   8.878  -0.0099
   48.4     5.53   8.905  -0.0157
   48.7     5.57   8.932  -0.0100
   48.9     5.57   8.959  -0.0146
   49.2     5.58   8.986  -0.0121
   49.4     5.61   9.012  -0.0168
   49.7     5.65   9.039  -0.0042
   50.0     5.68   9.066  -0.0202
   50.3     5.68   9.093  -0.0132
   50.5     5.77   9.120  -0.0151
   50.8     5.71   9.146  -0.0138
   51.1     5.79   9.173  -0.0117
   51.3     5.73   9.200  -0.0155
   51.5     5.77   9.227  -0.0169
   51.7     5.77   9.254  -0.0116
   52.1     5.80   9.281  -0.0095
   52.3     5.79   9.308  -0.0173
   52.5     5.83   9.335  -0.0121
   52.9     5.85   9.361  -0.0120
   53.1     5.86   9.388  -0.0108
   53.4     5.89   9.415  -0.0173
   53.6     5.87   9.442  -0.0075
   53.9     5.91   9.469  -0.0168
   54.1     5.93   9.496  -0.0082
   54.3     5.95   9.523  -0.0117
   54.5     5.93   9.550  -0.0176
   54.9     5.94   9.577  -0.0170
   55.1     5.98   9.604  -0.0245
   55.5     5.98   9.630  -0.0178
   55.6     5.99   9.657  -0.0138
   55.9     5.98   9.684  -0.0142
   56.2     6.02   9.710  -0.0126
   56.5     6.03   9.737  -0.0148
   56.7     6.04   9.763  -0.0159
   56.9     6.07   9.790  -0.0194
   57.2     6.05   9.817  -0.0199
   57.5     6.06   9.844  -0.0186
   57.7     6.07   9.871  -0.0151
   58.0     6.06   9.898  -0.0204
   58.3     6.09   9.925  -0.0130
   58.5     6.11   9.952  -0.0200
   58.8     6.10   9.979  -0.0105
   59.0     6.12  10.006  -0.0099
   59.3     6.10  10.033  -0.0195
   59.6     6.14  10.060  -0.0146
   59.9     6.13  10.086  -0.0163
   60.2     6.15  10.113  -0.0193
   60.3     6.16  10.140  -0.0192
   60.6     6.16  10.166  -0.0273
   60.8     6.16  10.193  -0.0201
   61.1     6.17  10.220  -0.0199
   61.4     6.17  10.247  -0.0192
   61.8     6.18  10.274  -0.0141
   61.9     6.19  10.300  -0.0151
   62.2     6.12  10.327  -0.0200
   62.5     6.18  10.354  -0.0219
   62.7     6.21  10.381  -0.0191
   62.9     6.17  10.407  -0.0152
   63.3     6.19  10.434  -0.0114
   63.5     6.21  10.461  -0.0062
   63.7     6.20  10.488  -0.0061
   64.0     6.21  10.514  -0.0128
   64.3     6.22  10.541  -0.0194
   64.6     6.22  10.568  -0.0118
   64.8     6.23  10.595  -0.0179
   65.1     6.24  10.621  -0.0135
   65.3     6.23  10.648  -0.0103
   65.6     6.23  10.675  -0.0184
   65.8     6.22  10.702  -0.0139
   66.1     6.22  10.728  -0.0179
   66.3     6.21  10.755  -0.0123
   66.6     6.25  10.781  -0.0104
   66.9     6.23  10.808  -0.0166
   67.2     6.24  10.836  -0.0104
   67.3     6.25  10.863  -0.0194
   67.7     6.21  10.890  -0.0136
   67.9     6.23  10.917  -0.0132
   68.2     6.25  10.943  -0.0195
   68.4     6.24  10.970  -0.0184
   68.7     6.22  10.997  -0.0190
   69.0     6.25  11.024  -0.0193
   69.3     6.22  11.051  -0.0175
   69.5     6.20  11.078  -0.0139
   69.7     6.23  11.104  -0.0110
   70.0     6.20  11.131  -0.0188
   70.3     6.20  11.158  -0.0144
   70.6     6.21  11.185  -0.0144
   70.8     6.20  11.212  -0.0174
   71.1     6.21  11.239  -0.0133
   71.4     6.22  11.266  -0.0157
   71.5     6.17  11.292  -0.0136
   71.8     6.20  11.319  -0.0168
   72.1     6.19  11.346  -0.0216
   72.4     6.18  11.373  -0.0227
   72.7     6.17  11.400  -0.0209
   72.9     6.16  11.427  -0.0210
   73.2     6.14  11.454  -0.0139
   73.5     6.16  11.481  -0.0182
   73.7     6.16  11.507  -0.0184
   74.0     6.15  11.535  -0.0216
   74.3     6.12  11.561  -0.0178
   74.5     6.14  11.589  -0.0198
   74.8     6.12  11.615  -0.0141
   75.0     6.12  11.642  -0.0143
   75.3     6.09  11.669  -0.0182
   75.6     6.10  11.696  -0.0213
   75.8     6.09  11.723  -0.0207
   76.1     6.06  11.749  -0.0130
   76.3     6.05  11.776  -0.0189
   76.7     6.05  11.803  -0.0199
   76.9     6.04  11.831  -0.0148
   77.1     6.05  11.858  -0.0178
   77.4     6.02  11.885  -0.0179
   77.7     6.02  11.912  -0.0240
   77.9     6.01  11.939  -0.0135
   78.3     5.98  11.965  -0.0171
   78.4     5.99  11.992  -0.0196
   78.7     5.98  12.019  -0.0206
   79.0     5.97  12.046  -0.0117
   79.3     5.96  12.073  -0.0148
   79.4     5.92  12.100  -0.0193
   79.7     5.92  12.127  -0.0229
   80.1     5.91  12.153  -0.0137
   80.3     5.90  12.180  -0.0182
   80.6     5.89  12.207  -0.0093
   80.7     5.89  12.234   0.0018
   81.2     5.87  12.260  -0.0255
   81.3     5.86  12.287   0.0085
   81.6     5.81  12.314   0.0364
   81.9     5.81  12.341   0.0013
   82.1     5.81  12.368  -0.0076
   82.3     5.81  12.395  -0.0261
   82.7     5.81  12.421  -0.0113
   82.9     5.81  12.448  -0.0236
   83.2     5.85  12.475  -0.0283
   83.5     5.79  12.502  -0.0291
   83.7     5.75  12.529  -0.0171
   83.9     5.81  12.555  -0.0269
   84.2     5.73  12.583  -0.0286
   84.5     5.77  12.609  -0.0216
   84.8     5.71  12.636  -0.0104
   85.0     5.70  12.663  -0.0171
   85.3     5.70  12.689  -0.0118
   85.5     5.67  12.716  -0.0270
   85.8     5.64  12.743  -0.0230
   86.1     5.63  12.770  -0.0287
   86.3     5.66  12.797  -0.0289
   86.6     5.63  12.824  -0.0306
   86.9     5.63  12.851  -0.0150
   87.1     5.58  12.878  -0.0158
   87.3     5.56  12.905  -0.0319
   87.7     5.55  12.932  -0.0263
   88.0     5.56  12.959  -0.0292
   88.2     5.55  12.985  -0.0310
   88.4     5.57  13.012  -0.0142
   88.7     5.51  13.039  -0.0312
   89.0     5.47  13.066  -0.0249
   89.1     5.48  13.093  -0.0268
   89.5     5.46  13.120  -0.0311
   89.7     5.48  13.146  -0.0263
   90.1     5.48  13.173  -0.0216
   90.3     5.41  13.200   0.0075
   90.5     5.46  13.227  -0.0226
   90.8     5.47  13.253  -0.0282
   91.1     5.41  13.280  -0.0235
   91.3     5.39  13.307  -0.0226
   91.7     5.38  13.334  -0.0191
   91.8     5.39  13.361  -0.0254
   92.2     5.36  13.387  -0.0284
   92.4     5.37  13.414  -0.0230
   92.7     5.39  13.441  -0.0229
   93.0     5.38  13.468  -0.0192
   93.2     5.31  13.495  -0.0067
   93.4     5.30  13.522  -0.0154
   93.7     5.34  13.549  -0.0203
   94.0     5.38  13.576  -0.0231
   94.3     5.27  13.602  -0.0217
   94.5     5.29  13.629  -0.0284
   94.8     5.26  13.656  -0.0200
   95.1     5.25  13.683  -0.0118
   95.3     5.25  13.710  -0.0204
   95.6     5.20  13.737  -0.0178
   95.9     5.18  13.764  -0.0242
   96.1     5.18  13.791  -0.0201
   96.4     5.21  13.817  -0.0212
   96.7     5.22  13.845  -0.0096
   96.9     5.18  13.872  -0.0063
   97.2     5.17  13.898  -0.0141
   97.4     5.18  13.926  -0.0231
   97.7     5.17  13.952  -0.0216
   98.0     5.16  13.979  -0.0088
   98.2     5.15  14.006  -0.0185
   98.5     5.12  14.033  -0.0278
   98.8     5.11  14.060  -0.0206
   99.0     5.13  14.086  -0.0196
   99.3     5.10  14.113  -0.0235
   99.5     5.09  14.140  -0.0233
   99.8     5.06  14.167  -0.0245
  100.1     5.07  14.193  -0.0268
  100.4     5.05  14.220  -0.0173
  100.6     5.06  14.248  -0.0268
  100.9     5.05  14.275  -0.0272
  101.3     5.03  14.302  -0.0297
  101.4     5.02  14.329  -0.0307
  101.7     5.02  14.356  -0.0055
  102.0     5.03  14.383  -0.0295
  102.2     5.02  14.409  -0.0262
  102.5     5.02  14.436  -0.0278
  102.8     5.01  14.462  -0.0263
  103.1     4.99  14.489  -0.0217
  103.4     5.01  14.516  -0.0295
  103.7     4.99  14.543  -0.0275
  103.8     4.97  14.570  -0.0302
  104.1     4.99  14.597   0.0780
  104.4     5.00  14.623   0.0809
  104.7     5.03  14.650   0.0022
  105.0     4.99  14.677  -0.0421
  105.2     4.99  14.704  -0.0324
  105.5     4.98  14.731  -0.0389
  105.8     4.97  14.758  -0.0347
  106.0     4.98  14.784  -0.0325
  106.3     4.97  14.811  -0.0110
  106.6     4.96  14.839   0.0164
  106.9     4.97  14.866  -0.0353
  107.1     4.98  14.892  -0.0308
  107.3     4.95  14.919  -0.0445
  107.7     4.99  14.946  -0.0352
  107.9     4.95  14.973  -0.0362
  108.1     4.95  15.000  -0.0342
  108.4     4.99  15.027  -0.0374
  108.6     4.94  15.054  -0.0345
  108.9     4.96  15.080  -0.0298
  109.3     4.94  15.107  -0.0282
  109.4     4.96  15.134  -0.0366
  109.9     4.93  15.161  -0.0400
  110.0     4.95  15.188  -0.0064
  110.3     4.97  15.215   0.0162
  110.5     4.95  15.242  -0.0328
  110.9     4.94  15.268  -0.0334
  111.2     4.96  15.295  -0.0362
  111.5     4.94  15.322  -0.0401
  111.7     4.93  15.349  -0.0384
  112.0     4.93  15.376  -0.0376
  112.2     4.94  15.403  -0.0297
  112.5     4.93  15.429  -0.0361
  112.7     4.91  15.456  -0.0409
  113.1     4.93  15.483  -0.0327
  113.2     4.94  15.510  -0.0302
  113.6     4.93  15.536  -0.0341
  113.9     4.93  15.563  -0.0275
  114.0     4.94  15.590  -0.0360
  114.4     4.92  15.617  -0.0366
  114.6     4.92  15.644  -0.0416
  114.9     4.92  15.671  -0.0394
  115.1     4.92  15.698  -0.0386
  115.5     4.95  15.724  -0.0364
  115.7     4.93  15.751  -0.0279
  116.0     4.95  15.778  -0.0376
  116.3     4.96  15.805  -0.0315
  116.4     4.88  15.833  -0.0407
  116.7     4.85  15.859  -0.0585
  117.0     4.84  15.886  -0.0365
  117.1     4.92  15.913  -0.0315
  117.5     4.91  15.940  -0.0234
  117.8     4.99  15.967  -0.0126
  118.1     4.90  15.993  -0.0159
  118.4     4.91  16.020  -0.0266
  118.6     4.92  16.047  -0.0381
  118.9     4.94  16.074  -0.0361
  119.1     4.92  16.101  -0.0227
  119.4     4.93  16.128   0.0077
  119.7     4.91  16.155   0.0570
  119.9     4.89  16.181   0.0455
  120.2     4.89  16.208  -0.0371
  120.5     4.94  16.235  -0.0337
  120.8     4.98  16.262  -0.0043
  121.1     4.99  16.289   0.0009
  121.4     5.03  16.316   0.0140
  121.7     5.10  16.343  -0.0283
  122.0     5.06  16.370  -0.0312
  122.3     5.05  16.396  -0.0274
  122.5     5.06  16.423  -0.0323
  122.7     5.02  16.450  -0.0307
  123.0     5.01  16.477  -0.0135
  123.3     5.04  16.503  -0.0246
  123.5     5.05  16.530   0.0383
  123.9     5.06  16.557  -0.0304
  124.1     5.08  16.584  -0.0359
  124.3     5.10  16.611  -0.0289
  124.6     5.09  16.637  -0.0337
  124.9     5.09  16.664  -0.0335
  125.2     5.09  16.691  -0.0301
  125.4     5.07  16.718  -0.0294
  125.7     5.07  16.746  -0.0176
  126.0     5.12  16.773  -0.0208
  126.3     5.14  16.800  -0.0302
  126.6     5.15  16.827  -0.0308
  126.9     5.17  16.854  -0.0302
  127.2     5.18  16.881  -0.0268
  127.5     5.17  16.908  -0.0248
  127.7     5.22  16.934  -0.0313
  128.0     5.19  16.961  -0.0355
  128.2     5.21  16.987  -0.0302
  128.6     5.22  17.014  -0.0310
  128.8     5.21  17.041  -0.0345
  129.0     5.25  17.068  -0.0346
  129.3     5.23  17.095  -0.0393
  129.6     5.25  17.122  -0.0337
  129.9     5.25  17.148  -0.0329
  130.1     5.28  17.175  -0.0348
  130.4     5.30  17.202  -0.0314
  130.7     5.30  17.229  -0.0325
  130.9     5.29  17.256  -0.0289
  131.2     5.30  17.283  -0.0279
  131.5     5.31  17.310  -0.0322
  131.8     5.33  17.336  -0.0318
  132.1     5.34  17.363  -0.0339
  132.3     5.36  17.390  -0.0308
  132.6     5.37  17.417  -0.0314
  132.9     5.36  17.444  -0.0278
  133.1     5.33  17.472  -0.0216
  133.4     5.33  17.498  -0.0374
  133.7     5.38  17.526  -0.0332
  134.0     5.39  17.553  -0.0433
  134.2     5.38  17.580  -0.0403
  134.4     5.40  17.608  -0.0422
  134.8     5.41  17.635  -0.0417
  135.0     5.41  17.662  -0.0361
  135.3     5.41  17.689  -0.0386
  135.6     5.42  17.717  -0.0398
  135.9     5.45  17.744  -0.0365
  136.1     5.45  17.771  -0.0389
  136.4     5.50  17.798  -0.0370
  136.7     5.48  17.826  -0.0365
  136.9     5.46  17.853  -0.0375
  137.3     5.50  17.879  -0.0361
  137.5     5.52  17.906  -0.0167
  137.8     5.51  17.933  -0.0243
  138.0     5.52  17.960  -0.0221
  138.4     5.51  17.987  -0.0312
  138.6     5.54  18.014  -0.0361
  138.9     5.53  18.042  -0.0332
  139.2     5.54  18.070  -0.0339
  139.4     5.56  18.097  -0.0373
  139.7     5.58  18.123  -0.0412
  139.9     5.60  18.151  -0.0364
  140.3     5.59  18.178  -0.0443
  140.6     5.61  18.205  -0.0379
  140.8     5.63  18.232  -0.0385
  141.0     5.64  18.259  -0.0386
  141.4     5.63  18.285  -0.0290
  141.6     5.66  18.312  -0.0326
  141.9     5.63  18.339  -0.0315
  142.2     5.65  18.366  -0.0325
  142.5     5.68  18.392  -0.0292
  142.7     5.68  18.419  -0.0275
  143.0     5.71  18.446  -0.0374
  143.3     5.70  18.473  -0.0348
  143.5     5.71  18.500  -0.0356
  143.8     5.72  18.527  -0.0363
  144.1     5.74  18.553  -0.0283
  144.4     5.73  18.580  -0.0351
  144.6     5.74  18.607  -0.0373
  144.9     5.76  18.634  -0.0326
  145.3     5.76  18.661  -0.0365
  145.4     5.80  18.688  -0.0285
  145.8     5.82  18.715  -0.0292
  146.2     5.84  18.741  -0.0351
  146.3     5.84  18.768  -0.0343
  146.6     5.85  18.795  -0.0415
  146.8     5.86  18.823  -0.0354
  147.1     5.87  18.850  -0.0412
  147.4     5.88  18.877  -0.0419
  147.7     5.89  18.903  -0.0410
  148.0     5.90  18.931  -0.0310
  148.3     5.91  18.958  -0.0333
  148.5     5.91  18.984  -0.0269
  148.8     5.90  19.011  -0.0355
  149.1     5.94  19.038  -0.0384
  149.3     5.95  19.064  -0.0395
  149.6     5.98  19.091  -0.0358
  149.9     5.95  19.118  -0.0372
  150.1     5.99  19.145  -0.0372
  150.4     6.00  19.172  -0.0340
  150.7     6.01  19.199  -0.0440
  151.0     6.02  19.226  -0.0354
  151.3     6.03  19.252  -0.0403
  151.5     6.02  19.279  -0.0435
  151.8     6.03  19.306  -0.0379
  152.1     6.02  19.333  -0.0424
  152.4     6.03  19.359  -0.0423
  152.6     6.05  19.386  -0.0391
  152.9     6.08  19.413  -0.0425
  153.2     6.09  19.440  -0.0424
  153.5     6.09  19.467  -0.0350
  153.8     6.09  19.493  -0.0451
  154.0     6.12  19.520  -0.0407
  154.3     6.11  19.547  -0.0442
  154.6     6.13  19.574  -0.0451
  154.8     6.14  19.601  -0.0395
  155.2     6.12  19.628  -0.0412
  155.4     6.15  19.655  -0.0282
  155.8     6.17  19.681  -0.0221
  156.0     6.17  19.709  -0.0272
  156.3     6.18  19.735  -0.0383
  156.6     6.19  19.762  -0.0415
  156.8     6.20  19.789  -0.0361
  157.1     6.20  19.816  -0.0289
  157.4     6.20  19.843  -0.0368
  157.7     6.22  19.870  -0.0360
  158.0     6.23  19.897  -0.0313
  158.2     6.26  19.924  -0.0371
  158.5     6.25  19.951  -0.0256
  158.8     6.25  19.978  -0.0172
  159.0     6.27  20.005  -0.0213
  159.3     6.24  20.031  -0.0347
  159.6     6.27  20.058  -0.0231
  159.9     6.25  20.085  -0.0256
  160.0     6.28  20.112  -0.0217
  160.4     6.28  20.139  -0.0336
  160.7     6.33  20.165  -0.0335
  161.0     6.30  20.192  -0.0381
  161.3     6.31  20.218  -0.0324
  161.6     6.34  20.246  -0.0361
  161.8     6.32  20.272  -0.0254
  162.2     6.33  20.299  -0.0299
  162.5     6.35  20.326  -0.0335
  162.8     6.33  20.353  -0.0317
  163.0     6.34  20.380  -0.0370
  163.3     6.38  20.406  -0.0361
  163.6     6.37  20.433  -0.0365
  163.9     6.38  20.460  -0.0296
  164.1     6.36  20.486  -0.0292
  164.4     6.36  20.513  -0.0305
  164.7     6.40  20.540  -0.0340
  165.0     6.38  20.567  -0.0360
  165.3     6.37  20.594  -0.0351
  165.5     6.39  20.620  -0.0352
  165.8     6.38  20.647  -0.0283
  166.1     6.41  20.674  -0.0362
  166.3     6.40  20.700  -0.0401
  166.6     6.41  20.727  -0.0371
  166.8     6.41  20.754  -0.0368
  167.2     6.42  20.781  -0.0373
  167.4     6.39  20.808  -0.0397
  167.7     6.35  20.835  -0.0377
  168.0     6.42  20.862  -0.0412
  168.2     6.43  20.889  -0.0393
  168.6     6.41  20.915  -0.0333
  168.8     6.45  20.942  -0.0426
  169.2     6.45  20.969  -0.0396
  169.4     6.43  20.996  -0.0382
  169.7     6.45  21.023  -0.0320
  170.0     6.38  21.049  -0.0316
  170.3     6.46  21.077  -0.0355
  170.5     6.46  21.104  -0.0325
  170.8     6.46  21.130  -0.0399
  171.0     6.46  21.158  -0.0308
  171.3     6.45  21.184  -0.0323
  171.7     6.46  21.211  -0.0317
  171.9     6.46  21.237  -0.0375
  172.2     6.47  21.264  -0.0307
  172.5     6.45  21.291  -0.0340
  172.7     6.47  21.317  -0.0219
  173.0     6.47  21.344  -0.0279
  173.3     6.47  21.371  -0.0363
  173.5     6.48  21.398  -0.0359
  173.9     6.49  21.425  -0.0321
  174.1     6.46  21.452  -0.0331
  174.5     6.44  21.478  -0.0364
  174.7     6.48  21.505  -0.0340
  175.0     6.46  21.532  -0.0399
  175.3     6.49  21.559  -0.0315
  175.5     6.46  21.586  -0.0286
  175.9     6.49  21.613  -0.0355
  176.1     6.47  21.640  -0.0399
  176.4     6.47  21.667  -0.0335
  176.7     6.49  21.694  -0.0429
  177.0     6.52  21.721  -0.0399
  177.2     6.50  21.747  -0.0382
  177.6     6.50  21.774  -0.0267
  177.8     6.51  21.801  -0.0294
  178.1     6.47  21.828  -0.0317
  178.3     6.51  21.855  -0.0389
  178.6     6.48  21.882  -0.0343
  178.9     6.52  21.909  -0.0408
  179.1     6.52  21.935  -0.0376
  179.4     6.55  21.962  -0.0385
  179.7     6.53  21.989  -0.0345
  179.9     6.48  22.016  -0.0368
  180.3     6.48  22.042  -0.0304
  180.5     6.50  22.069  -0.0403
  180.9     6.50  22.096  -0.0379
  181.1     6.50  22.123  -0.0373
  181.4     6.49  22.150  -0.0371
  181.7     6.50  22.177  -0.0413
  181.9     6.52  22.204  -0.0377
  182.2     6.51  22.230  -0.0408
  182.5     6.51  22.258  -0.0339
  182.7     6.54  22.284  -0.0342
  183.1     6.52  22.311  -0.0336
  183.3     6.43  22.338  -0.0381
  183.6     6.51  22.365  -0.0373
  184.0     6.53  22.392  -0.0316
  184.1     6.51  22.418  -0.0337
  184.4     6.52  22.446  -0.0297
  184.7     6.55  22.473  -0.0413
  185.0     6.52  22.499  -0.0351
  185.2     6.54  22.526  -0.0374
  185.5     6.53  22.553  -0.0347
  185.8     6.51  22.580  -0.0374
  186.1     6.50  22.607  -0.0369
  186.5     6.51  22.634  -0.0422
  186.6     6.51  22.661  -0.0355
  186.9     6.50  22.687  -0.0299
  187.2     6.50  22.714  -0.0336
  187.5     6.52  22.741  -0.0351
  187.7     6.50  22.768  -0.0357
  188.0     6.52  22.795  -0.0366
  188.2     6.50  22.822  -0.0332
  188.6     6.53  22.849  -0.0368
  188.9     6.51  22.876  -0.0342
  189.2     6.52  22.903  -0.0277
  189.4     6.52  22.929  -0.0362
  189.7     6.51  22.956  -0.0351
  189.9     6.54  22.983  -0.0413
  190.3     6.52  23.010  -0.0324
  190.5     6.55  23.037  -0.0331
  190.8     6.53  23.064  -0.0368
  191.1     6.57  23.091  -0.0350
  191.3     6.55  23.118  -0.0412
  191.6     6.54  23.145  -0.0295
  191.9     6.55  23.172  -0.0373
  192.2     6.57  23.198  -0.0389
  192.5     6.57  23.225  -0.0393
  192.7     6.57  23.251  -0.0353
  193.0     6.56  23.278  -0.0375
  193.2     6.55  23.305  -0.0413
  193.6     6.52  23.332  -0.0417
  193.9     6.55  23.358  -0.0385
  194.2     6.58  23.385  -0.0381
  194.4     6.59  23.412  -0.0394
  194.7     6.57  23.439  -0.0390
  195.0     6.60  23.466  -0.0351
  195.3     6.59  23.492  -0.0411
  195.5     6.59  23.520  -0.0348
  195.7     6.58  23.546  -0.0351
  196.1     6.57  23.573  -0.0411
  196.3     6.57  23.600  -0.0260
  196.7     6.60  23.627  -0.0259
  196.9     6.60  23.654  -0.0198
  197.2     6.59  23.680  -0.0205
  197.5     6.58  23.707  -0.0249
  197.7     6.59  23.734  -0.0272
  198.0     6.61  23.761  -0.0271
  198.3     6.62  23.787  -0.0295
  198.6     6.61  23.814  -0.0325
  198.9     6.60  23.842  -0.0400
  199.2     6.63  23.869  -0.0317
  199.5     6.63  23.896  -0.0289
  199.7     6.63  23.923  -0.0352
  200.0     6.63  23.949  -0.0352
  200.3     6.62  23.977  -0.0341
  200.6     6.64  24.004  -0.0376
  200.8     6.63  24.030  -0.0338
  201.1     6.63  24.057  -0.0354
  201.3     6.64  24.085  -0.0391
  201.6     6.62  24.111  -0.0390
  201.9     6.63  24.138  -0.0392
  202.3     6.64  24.165  -0.0383
  202.5     6.66  24.192  -0.0358
  202.8     6.65  24.219  -0.0414
  203.1     6.68  24.246  -0.0388
  203.3     6.67  24.273  -0.0353
  203.7     6.68  24.300  -0.0422
  204.0     6.65  24.327  -0.0380
  204.2     6.66  24.354  -0.0363
  204.5     6.70  24.381  -0.0360
  204.7     6.68  24.408  -0.0401
  204.9     6.69  24.435  -0.0369
  205.3     6.69  24.461  -0.0378
  205.6     6.70  24.488  -0.0340
  205.9     6.69  24.515  -0.0358
  206.2     6.70  24.542  -0.0385
  206.4     6.71  24.569  -0.0379
  206.6     6.71  24.596  -0.0385
  206.9     6.72  24.622  -0.0377
  207.2     6.73  24.649  -0.0392
  207.5     6.73  24.676  -0.0396
  207.8     6.70  24.703  -0.0343
  208.0     6.74  24.730  -0.0324
  208.4     6.72  24.757  -0.0415
  208.7     6.74  24.784  -0.0403
  208.9     6.74  24.811  -0.0393
  209.2     6.76  24.839  -0.0394
  209.4     6.75  24.865  -0.0450
  209.8     6.77  24.892  -0.0374
  210.1     6.78  24.920  -0.0389
  210.3     6.75  24.946  -0.0409
  210.5     6.77  24.973  -0.0448
  210.9     6.76  25.000  -0.0397
  211.1     6.76  25.027  -0.0499
  211.3     6.76  25.054  -0.0363
  211.7     6.76  25.081  -0.0363
  211.9     6.77  25.108  -0.0411
  212.3     6.77  25.135  -0.0344
  212.5     6.77  25.161  -0.0405
  212.8     6.75  25.188  -0.0267
  213.0     6.75  25.215  -0.0381
  213.4     6.77  25.242  -0.0409
  213.6     6.78  25.269  -0.0388
  214.0     6.77  25.296  -0.0350
  214.2     6.77  25.323  -0.0427
  214.4     6.79  25.349  -0.0472
  214.7     6.78  25.376  -0.0448
  215.0     6.79  25.403  -0.0326
  215.3     6.80  25.430  -0.0283
  215.5     6.80  25.456  -0.0430
  215.9     6.81  25.484  -0.0410
  216.1     6.81  25.511  -0.0506
  216.4     6.83  25.537  -0.0483
  216.7     6.85  25.564  -0.0439
  217.0     6.85  25.592  -0.0489
  217.2     6.85  25.619  -0.0412
  217.5     6.84  25.646  -0.0494
  217.7     6.87  25.672  -0.0445
  218.1     6.84  25.699  -0.0473
  218.4     6.85  25.726  -0.0369
  218.6     6.87  25.753  -0.0375
  218.9     6.89  25.779  -0.0449
  219.1     6.88  25.806  -0.0506
  219.4     6.89  25.834  -0.0433
  219.7     6.90  25.860  -0.0463
  220.1     6.88  25.887  -0.0411
  220.2     6.87  25.915  -0.0394
  220.6     6.88  25.941  -0.0365
  220.8     6.88  25.968  -0.0292
  221.1     6.92  25.995  -0.0436
  221.4     6.88  26.022  -0.0489
  221.7     6.88  26.049  -0.0448
  222.0     6.88  26.076  -0.0418
  222.2     6.89  26.103  -0.0422
  222.5     6.89  26.130  -0.0038
  222.8     6.89  26.156  -0.0265
  223.1     6.91  26.183  -0.0442
  223.4     6.90  26.210  -0.0438
  223.6     6.89  26.238  -0.0398
  223.9     6.87  26.265  -0.0412
  224.1     6.87  26.292  -0.0435
  224.5     6.89  26.320  -0.0429
  224.8     6.89  26.346  -0.0410
  225.1     6.88  26.373  -0.0363
  225.3     6.89  26.400  -0.0426
  225.5     6.88  26.427  -0.0431
  225.9     6.90  26.454  -0.0434
  226.2     6.91  26.480  -0.0432
  226.4     6.92  26.507  -0.0462
  226.8     6.92  26.534  -0.0383
  227.0     6.92  26.561  -0.0289
  227.3     6.92  26.588  -0.0407
  227.6     6.92  26.614  -0.0355
  227.9     6.94  26.641  -0.0424
  228.1     6.94  26.668  -0.0375
  228.4     6.96  26.695  -0.0339
  228.7     6.94  26.721  -0.0331
  229.0     6.96  26.749  -0.0410
  229.2     6.96  26.776  -0.0405
  229.5     6.96  26.803  -0.0289
  229.9     6.97  26.831  -0.0358
  230.1     6.97  26.858  -0.0367
  230.4     6.97  26.884  -0.0298
  230.7     6.97  26.911  -0.0414
  230.9     6.97  26.938  -0.0364
  231.2     6.96  26.965  -0.0401
  231.5     6.96  26.992  -0.0315
  231.8     7.00  27.019  -0.0336
  232.1     6.96  27.046  -0.0387
  232.3     6.99  27.073  -0.0375
  232.6     6.96  27.100  -0.0435
  232.9     6.97  27.127  -0.0499
  233.2     6.97  27.154  -0.0390
  233.4     6.97  27.180  -0.0409
  233.6     6.92  27.208  -0.0517
  233.9     6.91  27.234  -0.0588
  234.2     6.94  27.261  -0.0253
  234.5     6.92  27.288   0.0331
  234.8     6.94  27.315  -0.0164
  235.1     6.93  27.342  -0.0174
  235.4     6.99  27.370  -0.0234
  235.6     6.96  27.396  -0.0267
  236.0     6.99  27.423  -0.0370
  236.2     6.97  27.450  -0.0349
  236.5     6.98  27.476  -0.0301
  236.7     6.94  27.503  -0.0495
  237.0     6.95  27.530  -0.0645
  237.4     7.01  27.557  -0.0457
  237.7     7.05  27.584  -0.0320
  237.9     7.02  27.611  -0.0333
  238.3     7.05  27.638  -0.0452
  238.6     7.04  27.665  -0.0425
  238.8     7.07  27.692  -0.0414
  239.2     7.09  27.719  -0.0422
  239.4     7.07  27.746  -0.0409
  239.6     7.06  27.773  -0.0371
  239.9     7.08  27.800  -0.0344
  240.3     7.06  27.828  -0.0357
  240.5     7.08  27.855  -0.0349
  240.7     7.08  27.882  -0.0383
  241.1     7.07  27.909  -0.0408
  241.3     7.06  27.936  -0.0393
  241.6     7.09  27.962  -0.0283
  241.9     7.03  27.990  -0.0489
  242.1     7.00  28.016  -0.0448
  242.4     7.00  28.043  -0.0333
  242.7     6.99  28.070   0.0119
  243.0     7.03  28.097   0.0240
  243.3     7.06  28.124  -0.0008
  243.6     7.04  28.151  -0.0191
  243.9     7.03  28.178  -0.0335
  244.1     7.02  28.205  -0.0504
  244.3     7.02  28.232  -0.0570
  244.7     7.07  28.259  -0.0485
  245.0     7.06  28.286  -0.0423
  245.3     7.08  28.312  -0.0466
  245.6     7.06  28.339  -0.0543
  245.9     7.10  28.367  -0.0513
  246.2     7.09  28.394  -0.0477
  246.5     7.10  28.421  -0.0442
  246.7     7.13  28.447  -0.0467
  247.1     7.09  28.474  -0.0570
  247.3     7.09  28.502  -0.0512
  247.6     7.10  28.529  -0.0544
  247.9     7.10  28.555  -0.0531
  248.1     7.09  28.583  -0.0562
  248.4     7.11  28.610  -0.0546
  248.8     7.10  28.637  -0.0600
  249.1     7.12  28.664  -0.0564
  249.3     7.09  28.691  -0.0505
  249.6     7.12  28.717  -0.0555
  249.8     7.10  28.744  -0.0538
  250.1     7.12  28.771  -0.0452
  250.4     7.13  28.798  -0.0529
  250.7     7.14  28.826  -0.0537
  251.0     7.15  28.853  -0.0424
  251.3     7.14  28.880  -0.0546
  251.5     7.11  28.907  -0.0455
  251.9     7.11  28.934  -0.0500
  252.1     7.12  28.960  -0.0409
  252.4     7.14  28.987  -0.0529
  252.8     7.12  29.014  -0.0500
  253.0     7.08  29.041  -0.0580
  253.3     7.11  29.068  -0.0610
  253.6     7.11  29.095  -0.0628
  253.9     7.13  29.122  -0.0658
  254.1     7.14  29.149  -0.0593
  254.5     7.15  29.176  -0.0559
  254.7     7.13  29.203  -0.0627
  255.0     7.15  29.230  -0.0659
  255.2     7.15  29.257  -0.0643
  255.5     7.15  29.284  -0.0628
  255.8     7.13  29.311  -0.0607
  256.1     7.14  29.338  -0.0617
  256.4     7.17  29.365  -0.0570
  256.7     7.14  29.392  -0.0593
  257.0     7.16  29.419  -0.0673
  257.3     7.15  29.446  -0.0617
  257.6     7.16  29.472  -0.0691
  257.8     7.14  29.499  -0.0544
  258.1     7.13  29.526  -0.0559
  258.4     7.15  29.553  -0.0610
  258.7     7.16  29.580  -0.0626
  259.0     7.15  29.607  -0.0685
  259.3     7.15  29.634  -0.0727
  259.5     7.16  29.661  -0.0690
  259.8     7.18  29.688  -0.0588
  260.2     7.16  29.715  -0.0594
  260.4     7.19  29.742  -0.0666
  260.7     7.20  29.769  -0.0701
  260.9     7.17  29.796  -0.0712
  261.2     7.16  29.823  -0.0752
  261.4     7.15  29.851  -0.0804
  261.8     7.16  29.877  -0.0783
  262.0     7.17  29.905  -0.0807
  262.4     7.18  29.931  -0.0765
  262.6     7.17  29.958  -0.0655
  263.0     7.18  29.985  -0.0654
  263.2     7.17  30.012  -0.0577
  263.5     7.15  30.039  -0.0549
  263.7     7.17  30.066  -0.0729
  264.1     7.13  30.093  -0.0686
  264.3     7.14  30.120  -0.0771
  264.6     7.12  30.147  -0.0641
  264.9     7.15  30.174  -0.0557
  265.1     7.14  30.201  -0.0736
  265.4     7.14  30.228  -0.0707
  265.7     7.12  30.254  -0.0765
  266.0     7.12  30.281  -0.0740
  266.3     7.16  30.308  -0.0760
  266.5     7.18  30.335  -0.0694
  266.8     7.14  30.362  -0.0788
  267.1     7.14  30.389  -0.0766
  267.4     7.13  30.416  -0.0695
  267.7     7.15  30.443  -0.0748
  268.0     7.14  30.470  -0.0742
  268.3     7.14  30.497  -0.0631
  268.5     7.14  30.524  -0.0462
  268.8     7.15  30.551  -0.0445
  269.1     7.12  30.578  -0.0569
  269.3     7.13  30.604  -0.0598
  269.7     7.12  30.631  -0.0532
  270.0     7.12  30.658  -0.0736
  270.2     7.13  30.685  -0.0759
  270.4     7.12  30.712  -0.0690
  270.8     7.13  30.739  -0.0684
  271.0     7.11  30.766  -0.0801
  271.3     7.12  30.793  -0.0886
  271.6     7.11  30.820  -0.0815
  271.9     7.14  30.847  -0.0798
  272.2     7.09  30.874  -0.0813
  272.5     7.12  30.901  -0.0818
  272.8     7.12  30.928  -0.0817
  273.1     7.11  30.955  -0.0765
  273.4     7.17  30.982  -0.0825
  273.6     7.14  31.009  -0.0807
  273.9     7.12  31.036  -0.0763
  274.2     7.11  31.063  -0.0796
  274.5     7.10  31.091  -0.0830
  274.8     7.11  31.117  -0.0758
  275.1     7.09  31.144  -0.0821
  275.4     7.14  31.171  -0.0825
  275.6     7.13  31.198  -0.0834
  275.9     7.12  31.225  -0.0792
  276.2     7.10  31.253  -0.0814
  276.5     7.09  31.279  -0.0826
  276.7     7.11  31.306  -0.0845
  277.0     7.08  31.333  -0.0849
  277.3     7.05  31.360  -0.0788
  277.6     7.07  31.387  -0.0808
  277.8     7.06  31.415  -0.0845
  278.2     7.06  31.442  -0.0869
  278.5     7.08  31.469  -0.0824
  278.7     7.09  31.496  -0.0881
  279.0     7.07  31.523  -0.0866
  279.3     7.08  31.550  -0.0828
  279.5     7.06  31.577  -0.0841
  279.8     7.06  31.604  -0.0833
  280.1     7.05  31.631  -0.0754
  280.4     6.95  31.658  -0.0750
  280.7     7.07  31.685  -0.0890
  280.9     7.04  31.712  -0.0788
  281.3     7.05  31.739  -0.0906
  281.6     7.04  31.767  -0.0818
  281.8     7.03  31.794  -0.0794
  282.0     7.00  31.822  -0.0921
  282.4     7.02  31.848  -0.0823
  282.7     7.04  31.875  -0.0787
  282.9     7.00  31.902  -0.0808
  283.2     7.02  31.929  -0.0903
  283.5     7.00  31.956  -0.0840
  283.7     7.02  31.983  -0.0644
  284.1     6.99  32.010  -0.0805
  284.4     6.97  32.037  -0.0801
  284.5     6.99  32.064  -0.0859
  284.8     6.99  32.091  -0.0920
  285.2     6.97  32.118  -0.0869
  285.4     6.95  32.145  -0.0846
  285.7     6.96  32.172  -0.0880
  285.9     6.95  32.199  -0.0782
  286.2     6.95  32.226  -0.0853
  286.6     6.96  32.253  -0.0863
  286.8     6.93  32.280  -0.0879
  287.0     6.94  32.307  -0.0836
  287.3     6.95  32.334  -0.0910
  287.6     6.95  32.361  -0.0949
  287.9     6.91  32.389  -0.0812
  288.2     6.96  32.416  -0.0850
  288.3     6.90  32.443  -0.0855
  288.7     6.89  32.470  -0.0895
  289.0     6.89  32.497  -0.0931
  289.3     6.87  32.524  -0.0905
  289.5     6.91  32.552  -0.0928
  289.8     6.88  32.579  -0.0956
  290.1     6.87  32.605  -0.0917
  290.4     6.91  32.633  -0.0900
  290.6     6.89  32.660  -0.0947
  290.9     6.87  32.686  -0.0883
  291.3     6.88  32.714  -0.0971
  291.5     6.86  32.740  -0.0998
  291.8     6.84  32.768  -0.0950
  292.1     6.84  32.795  -0.0995
  292.3     6.86  32.822  -0.0813
  292.6     6.87  32.849  -0.0902
  292.8     6.87  32.876  -0.0943
  293.1     6.85  32.903  -0.0898
  293.4     6.83  32.930  -0.0895
  293.8     6.85  32.957  -0.0937
  294.0     6.82  32.984  -0.0960
  294.3     6.85  33.011  -0.0948
  294.5     6.82  33.039  -0.0930
  294.8     6.83  33.065  -0.0932
  295.1     6.84  33.092  -0.0914
  295.3     6.88  33.120  -0.0906
  295.7     6.85  33.146  -0.0896
  295.9     6.83  33.173  -0.0946
  296.2     6.86  33.200  -0.0920
  296.5     6.82  33.227  -0.0826
  296.8     6.83  33.254  -0.0919
  297.1     6.82  33.281  -0.0923
  297.3     6.83  33.308  -0.0913
  297.6     6.82  33.335  -0.0978
  297.9     6.82  33.362  -0.0965
  298.2     6.83  33.389  -0.0924
  298.5     6.82  33.416  -0.0986
  298.8     6.82  33.444  -0.0955
  298.9     6.81  33.471  -0.0883
  299.3     6.82  33.498  -0.0902
  299.5     6.82  33.525  -0.0984
  299.9     6.83  33.552  -0.1035
  300.1     6.82  33.579  -0.0979
  300.5     6.81  33.606  -0.1044
  300.8     6.80  33.633  -0.1057
  301.0     6.80  33.660  -0.0896
  301.3     6.82  33.687  -0.0924
  301.6     6.80  33.714  -0.0986
  301.9     6.78  33.741  -0.1009
  302.1     6.79  33.768  -0.1007
  302.4     6.86  33.795  -0.0900
  302.6     6.79  33.823  -0.1024
  302.9     6.78  33.850  -0.0955
  303.3     6.78  33.877  -0.0965
  303.5     6.79  33.904  -0.0945
  303.8     6.76  33.931  -0.0968
  304.1     6.78  33.958  -0.0991
  304.4     6.76  33.985  -0.0944
  304.7     6.76  34.012  -0.0861
  304.9     6.78  34.039  -0.0990
  305.2     6.84  34.066  -0.0994
  305.5     6.77  34.093  -0.1046
  305.8     6.76  34.120  -0.1028
  306.0     6.78  34.147  -0.0904
  306.4     6.78  34.174  -0.0967
  306.6     6.77  34.201  -0.0927
  306.9     6.79  34.228  -0.0992
  307.2     6.76  34.255  -0.0896
  307.6     6.77  34.282  -0.1025
  307.8     6.77  34.309  -0.0940
  308.1     6.76  34.336  -0.0886
  308.3     6.75  34.363  -0.0993
  308.7     6.76  34.390  -0.0969
  308.9     6.74  34.417  -0.1005
  309.2     6.75  34.444  -0.1060
  309.5     6.78  34.471  -0.1046
  309.8     6.80  34.498  -0.1112
  310.1     6.78  34.525  -0.1049
  310.3     6.79  34.552  -0.1101
  310.7     6.76  34.579  -0.1083
  310.9     6.78  34.606  -0.0985
  311.1     6.78  34.633  -0.1068
  311.5     6.77  34.660  -0.1110
  311.8     6.79  34.687  -0.1091
  312.1     6.77  34.714  -0.1074
  312.4     6.78  34.741  -0.0971
  312.6     6.76  34.768  -0.0396
  312.9     6.77  34.796  -0.0910
  313.2     6.75  34.823  -0.1013
  313.5     6.74  34.851  -0.1052
  313.8     6.78  34.878  -0.1071
  314.0     6.77  34.905  -0.1037
  314.4     6.71  34.932  -0.1001
  314.7     6.79  34.959  -0.0899
  314.9     6.77  34.986  -0.0831
  315.2     6.83  35.013  -0.0895
  315.5     6.83  35.040  -0.1056
  315.8     6.77  35.067  -0.0949
  316.1     6.80  35.094  -0.1075
  316.3     6.80  35.122  -0.1097
  316.6     6.78  35.149  -0.1098
  316.9     6.74  35.176  -0.1081
  317.2     6.79  35.203  -0.1041
  317.5     6.77  35.230  -0.1143
  317.7     6.77  35.257  -0.1086
  318.0     6.76  35.284  -0.1098
  318.3     6.75  35.311  -0.1071
  318.6     6.73  35.337  -0.1069
  318.9     6.74  35.365  -0.1004
  319.2     6.78  35.392  -0.1006
  319.5     6.75  35.420  -0.1164
  319.7     6.77  35.446  -0.1131
  320.1     6.76  35.473  -0.1123
  320.3     6.78  35.500  -0.1118
  320.6     6.77  35.528  -0.1106
  320.9     6.72  35.554  -0.1077
  321.2     6.75  35.581  -0.0863
  321.4     6.76  35.609  -0.1072
  321.8     6.73  35.637  -0.1068
  322.0     6.73  35.664  -0.1116
  322.2     6.74  35.691  -0.1040
  322.6     6.70  35.717  -0.1086
  322.9     6.70  35.744  -0.1110
  323.2     6.72  35.771  -0.1042
  323.4     6.71  35.798  -0.1076
  323.7     6.70  35.826  -0.1047
  324.0     6.72  35.853  -0.0864
  324.3     6.74  35.880  -0.0961
  324.6     6.71  35.907  -0.1028
  325.0     6.73  35.934  -0.0979
  325.2     6.71  35.961  -0.0958
  325.4     6.68  35.989  -0.1032
  325.8     6.73  36.016  -0.1052
  326.0     6.69  36.043  -0.1131
  326.3     6.72  36.071  -0.1167
  326.6     6.76  36.098  -0.1051
  326.9     6.70  36.124  -0.1026
  327.1     6.70  36.151  -0.1111
  327.5     6.68  36.178  -0.0489
  327.7     6.70  36.205  -0.0976
  328.0     6.66  36.233  -0.1031
  328.3     6.65  36.260  -0.1084
  328.6     6.64  36.287  -0.1122
  328.9     6.66  36.314  -0.1044
  329.2     6.69  36.341  -0.1108
  329.4     6.65  36.368  -0.1065
  329.6     6.66  36.395  -0.1101
  330.0     6.64  36.422  -0.1054
  330.2     6.67  36.449  -0.1108
  330.6     6.65  36.476  -0.1125
  330.9     6.66  36.503  -0.1087
  331.1     6.65  36.530  -0.1083
  331.4     6.64  36.557  -0.1137
  331.7     6.65  36.584  -0.1119
  332.0     6.63  36.611  -0.1161
  332.3     6.65  36.638  -0.1168
  332.5     6.63  36.665  -0.1148
  332.9     6.65  36.692  -0.1121
  333.0     6.62  36.719  -0.1075
  333.4     6.62  36.746  -0.1146
  333.6     6.62  36.773  -0.1181
  333.9     6.62  36.800  -0.1162
  334.3     6.60  36.828  -0.1211
  334.5     6.62  36.855  -0.1179
  334.7     6.61  36.882  -0.1153
  335.1     6.61  36.909  -0.1149
  335.3     6.60  36.936  -0.1247
  335.7     6.61  36.963  -0.1226
  336.0     6.59  36.990  -0.1128
  336.2     6.59  37.016  -0.1118
  336.5     6.59  37.043  -0.1177
  336.7     6.58  37.070  -0.1078
  337.0     6.57  37.097  -0.1153
  337.3     6.57  37.124  -0.1159
  337.6     6.55  37.152  -0.1164
  337.9     6.56  37.179  -0.1188
  338.2     6.54  37.206  -0.1189
  338.5     6.55  37.233  -0.1183
  338.8     6.52  37.260  -0.1131
  339.0     6.54  37.287  -0.1194
  339.4     6.51  37.314  -0.1193
  339.6     6.52  37.341  -0.1146
  339.9     6.50  37.368  -0.1209
  340.2     6.52  37.395  -0.1178
  340.5     6.52  37.422  -0.1227
  340.7     6.53  37.449  -0.1145
  341.0     6.48  37.476  -0.1179
  341.3     6.49  37.503  -0.1148
  341.6     6.49  37.530  -0.1137
  341.9     6.48  37.557  -0.1119
  342.0     6.46  37.584  -0.1180
  342.5     6.47  37.611  -0.1215
  342.8     6.39  37.638  -0.1215
  343.1     6.45  37.665  -0.1233
  343.3     6.44  37.692  -0.1202
  343.7     6.46  37.719  -0.1173
  343.9     6.43  37.746  -0.1250
  344.2     6.46  37.773  -0.1167
  344.5     6.47  37.800  -0.1158
  344.7     6.41  37.828  -0.1200
  345.1     6.43  37.854  -0.1187
  345.3     6.41  37.881  -0.1206
  345.6     6.41  37.908  -0.1165
  345.9     6.41  37.935  -0.1186
  346.1     6.40  37.962  -0.1186
  346.5     6.39  37.990  -0.1184
  346.7     6.39  38.017  -0.1212
  347.1     6.39  38.044  -0.1173
  347.2     6.38  38.071  -0.1186
  347.6     6.36  38.098  -0.1181
  347.8     6.37  38.125  -0.1181
  348.1     6.36  38.152  -0.1212
  348.4     6.30  38.179  -0.1227
  348.7     6.36  38.206  -0.1240
  348.9     6.37  38.233  -0.1221
  349.2     6.34  38.260  -0.1200
  349.5     6.35  38.287  -0.1219
  349.8     6.32  38.314  -0.1264
  350.0     6.33  38.341  -0.1221
  350.4     6.31  38.368  -0.1052
  350.5     6.29  38.395  -0.1287
  350.9     6.22  38.422  -0.1218
  351.1     6.26  38.449  -0.1267
  351.4     6.30  38.477  -0.1241
  351.8     6.25  38.504  -0.1259
  352.0     6.30  38.531  -0.1256
  352.2     6.29  38.558  -0.1242
  352.6     6.26  38.585  -0.1267
  352.9     6.28  38.612  -0.1248
  353.1     6.23  38.639  -0.1235
  353.4     6.23  38.666  -0.1293
  353.7     6.23  38.692  -0.1221
  354.0     6.25  38.719  -0.1288
  354.3     6.29  38.746  -0.1297
  354.6     6.21  38.773  -0.1156
  354.8     6.20  38.800  -0.1201
  355.1     6.23  38.828  -0.1203
  355.4     6.21  38.855  -0.1214
  355.6     6.19  38.882  -0.1174
  355.9     6.20  38.909  -0.1129
  356.2     6.21  38.936  -0.1097
  356.5     6.21  38.963  -0.1199
  356.8     6.18  38.990  -0.1256
  357.0     6.20  39.017  -0.1224
  357.3     6.19  39.044  -0.1147
  357.5     6.19  39.071  -0.1146
  357.8     6.17  39.098  -0.1213
  358.0     6.17  39.125  -0.1166
  358.3     6.20  39.152  -0.1252
  358.7     6.16  39.179  -0.1155
  359.0     6.15  39.206  -0.1168
  359.2     6.18  39.234  -0.1227
  359.5     6.13  39.260  -0.1201
  359.7     6.14  39.287  -0.1135
  360.1     6.13  39.314  -0.1188
  360.3     6.14  39.341  -0.1153
  360.6     6.13  39.368  -0.1273
  360.8     6.16  39.395  -0.1192
  361.1     6.14  39.422  -0.1180
  361.4     6.11  39.449  -0.1220
  361.7     6.13  39.476  -0.1230
  361.9     6.10  39.503  -0.1204
  362.2     6.13  39.530  -0.1132
  362.4     6.12  39.557  -0.1199
  362.7     6.10  39.584  -0.1252
  363.1     6.10  39.611  -0.1226
  363.3     6.10  39.638  -0.1258
  363.5     6.09  39.665  -0.1229
  363.9     5.90  39.692  -0.1239
  364.2     6.10  39.719  -0.1216
  364.5     6.08  39.746  -0.1155
  364.7     6.10  39.773  -0.1210
  365.0     6.08  39.800  -0.1190
  365.2     6.08  39.828  -0.1210
  365.6     6.07  39.855  -0.1191
  365.7     6.07  39.882  -0.1112
  366.1     6.05  39.909  -0.1105
  366.4     6.06  39.936  -0.1153
  366.6     6.11  39.963  -0.1218
  366.9     6.08  39.990  -0.1242
  367.1     6.04  40.017  -0.1187
  367.4     6.03  40.044  -0.1246
  367.7     6.06  40.071  -0.1239
  368.0     6.06  40.098  -0.1212
  368.3     6.04  40.126  -0.1212
  368.6     6.06  40.153  -0.1249
  368.8     6.05  40.180  -0.1250
  369.1     6.04  40.207  -0.1255
  369.3     6.02  40.234  -0.1204
  369.6     6.03  40.262  -0.1153
  369.9     6.04  40.289  -0.1218
  370.2     6.01  40.316  -0.1199
  370.5     6.07  40.343  -0.1202
  370.7     6.01  40.370  -0.1217
  371.0     6.02  40.397  -0.1296
  371.2     6.00  40.424  -0.1238
  371.5     6.03  40.451  -0.1267
  371.8     5.99  40.477  -0.1194
  372.1     6.03  40.504  -0.1247
  372.5     6.00  40.531  -0.1240
  372.6     6.05  40.559  -0.1241
  372.8     6.02  40.586  -0.1319
  373.2     5.99  40.613  -0.1290
  373.3     5.99  40.640  -0.1220
  373.7     5.98  40.667  -0.1211
  374.0     5.95  40.693  -0.1211
  374.3     5.97  40.720  -0.1193
  374.5     5.99  40.747  -0.1208
  374.8     5.97  40.774  -0.1263
  375.0     5.96  40.801  -0.1284
  375.3     5.95  40.829  -0.1242
  375.6     5.99  40.856  -0.1249
  375.8     5.97  40.883  -0.1239
  376.1     5.97  40.910  -0.1267
  376.5     5.98  40.937  -0.1244
  376.7     5.97  40.965  -0.1253
  376.8     5.96  40.992  -0.1238
  377.3     5.97  41.019  -0.1216
  377.5     5.97  41.046  -0.1250
  377.7     5.95  41.073  -0.1243
  378.1     5.94  41.101  -0.1291
  378.3     5.96  41.128  -0.1324
  378.6     5.94  41.154  -0.1236
  378.8     5.95  41.181  -0.1266
  379.0     5.93  41.208  -0.1219
  379.4     5.93  41.235  -0.1235
  379.6     5.91  41.262  -0.1252
  379.9     5.94  41.289  -0.1268
  380.1     5.94  41.316  -0.1217
  380.5     5.90  41.343  -0.1288
  380.7     5.92  41.370  -0.1273
  381.0     5.92  41.398  -0.1213
  381.2     5.92  41.425  -0.1264
  381.5     5.91  41.452  -0.1274
  381.8     5.93  41.479  -0.1286
  382.1     5.93  41.506  -0.1236
  382.3     5.92  41.533  -0.1176
  382.6     5.91  41.560  -0.1248
  383.0     5.90  41.586  -0.1263
  383.2     5.93  41.614  -0.1278
  383.4     5.91  41.640  -0.1218
  383.7     5.89  41.667  -0.1165
  384.0     5.90  41.694  -0.1333
  384.2     5.90  41.721  -0.1301
  384.5     5.90  41.749  -0.1283
  384.8     5.89  41.776  -0.1213
  385.0     5.89  41.803  -0.1248
  385.3     5.90  41.830  -0.1107
  385.7     5.90  41.857  -0.1105
  385.9     5.89  41.884  -0.1171
  386.1     5.91  41.911  -0.1275
  386.5     5.88  41.938  -0.1284
  386.7     5.89  41.965  -0.1209
  386.9     5.85  41.993  -0.1160
  387.3     5.86  42.020  -0.1198
  387.5     5.85  42.047  -0.1232
  387.8     5.87  42.074  -0.1109
  388.1     5.86  42.101  -0.1200
  388.4     5.87  42.128  -0.1238
  388.6     5.86  42.155  -0.1215
  388.8     5.86  42.183  -0.1168
  389.2     5.86  42.210  -0.1166
  389.5     5.86  42.236  -0.1223
  389.7     5.87  42.264  -0.1181
  390.0     5.87  42.291  -0.1190
  390.3     5.89  42.318  -0.1220
  390.6     5.86  42.345  -0.1120
  390.9     5.89  42.372  -0.1186
  391.1     5.88  42.399  -0.1249
  391.4     5.89  42.426  -0.1276
  391.6     5.85  42.453  -0.1245
  392.0     5.85  42.480  -0.1233
  392.3     5.85  42.507  -0.1197
  392.5     5.81  42.534  -0.1236
  392.7     5.81  42.561  -0.1260
  393.1     5.83  42.588  -0.1222
  393.2     5.82  42.615  -0.1209
  393.5     5.81  42.642  -0.1261
  393.8     5.83  42.669  -0.1262
  394.2     5.82  42.696  -0.1179
  394.4     5.84  42.723  -0.1245
  394.8     5.82  42.750  -0.1163
  395.0     5.82  42.777  -0.1200
  395.1     5.79  42.804  -0.1359
  395.4     5.74  42.833  -0.1354
  395.8     5.76  42.860  -0.1206
  396.0     5.74  42.887  -0.0578
  396.3     5.73  42.914  -0.0855
  396.6     5.74  42.941  -0.1127
  396.9     5.79  42.969  -0.1240
  397.2     5.79  42.996  -0.1268
  397.5     5.76  43.023  -0.1316
  397.8     5.82  43.051  -0.1201
  398.1     5.81  43.078  -0.1264
  398.2     5.73  43.105  -0.1484
  398.6     5.76  43.132  -0.1417
  398.9     5.78  43.159  -0.1308
  399.2     5.81  43.186  -0.1282
  399.5     5.81  43.213  -0.1325
  399.7     5.81  43.240  -0.1302
  400.0     5.80  43.267  -0.1280
  400.2     5.82  43.294  -0.1342
  400.6     5.82  43.321  -0.1341
  400.9     5.82  43.348  -0.1199
  401.1     5.82  43.375  -0.1288
  401.4     5.81  43.402  -0.1314
  401.7     5.81  43.429  -0.1290
  402.0     5.79  43.456  -0.1301
  402.2     5.80  43.484  -0.1280
  402.5     5.81  43.511  -0.1294
  402.8     5.81  43.539  -0.1256
  403.1     5.81  43.566  -0.1273
  403.4     5.79  43.593  -0.1239
  403.8     5.79  43.620  -0.1244
  403.9     5.81  43.647  -0.1273
  404.2     5.80  43.674  -0.1261
  404.5     5.79  43.701  -0.1250
  404.8     5.80  43.728  -0.1253
  405.1     5.76  43.756  -0.1282
  405.3     5.74  43.783  -0.1234
  405.7     5.78  43.810  -0.1322
  405.9     5.80  43.838  -0.1264
  406.3     5.76  43.865  -0.1247
  406.4     5.77  43.892  -0.1247
  406.7     5.76  43.919  -0.1186
  407.1     5.79  43.946  -0.1294
  407.4     5.75  43.974  -0.1276
  407.6     5.75  44.001  -0.1251
  407.8     5.77  44.027  -0.1231
  408.2     5.75  44.054  -0.1284
  408.3     5.74  44.082  -0.1225
  408.7     5.76  44.109  -0.1214
  409.0     5.74  44.136  -0.1271
  409.3     5.74  44.164  -0.1262
  409.6     5.72  44.191  -0.1308
  409.8     5.71  44.218  -0.1295
  410.1     5.73  44.245  -0.1262
  410.3     5.71  44.272  -0.1274
  410.6     5.72  44.299  -0.1265
  410.9     5.73  44.326  -0.1294
  411.2     5.72  44.353  -0.1320
  411.5     5.70  44.381  -0.1282
  411.8     5.71  44.408  -0.1222
  412.0     5.70  44.435  -0.1282
  412.3     5.68  44.462  -0.1280
  412.6     5.70  44.490  -0.1242
  412.9     5.69  44.517  -0.1249
  413.2     5.70  44.544  -0.1266
  413.5     5.68  44.571  -0.1284
  413.8     5.69  44.598  -0.1297
  414.1     5.67  44.625  -0.1305
  414.3     5.66  44.652  -0.1240
  414.6     5.66  44.679  -0.1310
  414.8     5.67  44.706  -0.1319
  415.1     5.65  44.734  -0.1299
  415.4     5.68  44.761  -0.1298
  415.6     5.64  44.789  -0.1313
  415.9     5.64  44.815  -0.1270
  416.3     5.62  44.843  -0.1239
  416.5     5.63  44.870  -0.1295
  416.8     5.63  44.897  -0.1285
  417.0     5.64  44.924  -0.1312
  417.4     5.64  44.952  -0.1264
  417.6     5.60  44.978  -0.1335
  417.9     5.60  45.006  -0.1246
  418.2     5.59  45.033  -0.1274
  418.4     5.63  45.060  -0.1204
  418.7     5.62  45.087  -0.1306
  419.0     5.63  45.114  -0.1247
  419.3     5.59  45.141  -0.1257
  419.5     5.59  45.168  -0.1209
  419.8     5.57  45.195  -0.1320
  420.1     5.58  45.222  -0.1301
  420.4     5.59  45.249  -0.1302
  420.6     5.57  45.276  -0.1213
  420.9     5.59  45.303  -0.1264
  421.2     5.59  45.331  -0.1299
  421.6     5.59  45.358  -0.1301
  421.7     5.55  45.385  -0.1267
  422.1     5.59  45.412  -0.1282
  422.4     5.58  45.439  -0.1258
  422.7     5.56  45.466  -0.1216
  422.8     5.55  45.493  -0.1254
  423.1     5.46  45.520  -0.1278
  423.4     5.56  45.548  -0.1249
  423.7     5.54  45.575  -0.1286
  424.0     5.60  45.602  -0.1263
  424.2     5.53  45.629  -0.1187
  424.4     5.50  45.656  -0.1227
  424.8     5.53  45.684  -0.1275
  425.0     5.52  45.711  -0.1280
  425.3     5.53  45.738  -0.1269
  425.6     5.52  45.765  -0.1286
  425.8     5.49  45.792  -0.1246
  426.2     5.48  45.820  -0.1241
  426.4     5.48  45.847  -0.1272
  426.7     5.50  45.874  -0.1315
  427.0     5.47  45.901  -0.1292
  427.3     5.49  45.928  -0.1209
  427.5     5.47  45.955  -0.1292
  427.8     5.47  45.983  -0.1249
  428.1     5.48  46.009  -0.1234
  428.3     5.48  46.036  -0.1248
  428.6     5.45  46.063  -0.1303
  428.9     5.46  46.091  -0.1308
  429.1     5.46  46.117  -0.1243
  429.4     5.46  46.144  -0.1270
  429.7     5.46  46.171  -0.1328
  430.0     5.45  46.198  -0.1237
  430.2     5.44  46.225  -0.1291
  430.4     5.45  46.252  -0.1288
  430.7     5.44  46.279  -0.1319
  431.1     5.42  46.305  -0.1191
  431.3     5.42  46.333  -0.1251
  431.5     5.44  46.360  -0.1238
  431.9     5.41  46.386  -0.1252
  432.1     5.43  46.414  -0.1263
  432.4     5.48  46.440  -0.1002
  432.7     5.41  46.467  -0.1286
  432.9     5.44  46.494  -0.1346
  433.1     5.41  46.521  -0.1306
  433.4     5.41  46.548  -0.1358
  433.7     5.39  46.575  -0.1260
  434.0     5.39  46.602  -0.1186
  434.3     5.41  46.629  -0.1348
  434.6     5.39  46.656  -0.1354
  434.7     5.37  46.683  -0.1332
  435.1     5.38  46.710  -0.1380
  435.3     5.38  46.737  -0.1348
  435.7     5.38  46.764  -0.1330
  435.9     5.36  46.791  -0.1333
  436.2     5.31  46.818  -0.1338
  436.5     5.35  46.846  -0.1349
  436.7     5.36  46.873  -0.1402
  437.0     5.35  46.900  -0.1345
  437.2     5.34  46.927  -0.1364
  437.5     5.32  46.954  -0.1351
  437.8     5.34  46.981  -0.1331
  438.0     5.31  47.008  -0.1358
  438.3     5.33  47.035  -0.1313
  438.6     5.32  47.062  -0.1332
  438.8     5.32  47.089  -0.1342
  439.2     5.32  47.116  -0.1344
  439.4     5.33  47.143  -0.1345
  439.6     5.31  47.170  -0.1293
  440.0     5.32  47.197  -0.1317
  440.2     5.28  47.224  -0.1291
  440.6     5.30  47.251  -0.1339
  440.8     5.31  47.278  -0.1293
  441.0     5.30  47.305  -0.1320
  441.3     5.32  47.332  -0.1272
  441.6     5.34  47.359  -0.1314
  441.9     5.30  47.386  -0.1337
  442.1     5.31  47.413  -0.1333
  442.4     5.31  47.440  -0.1339
  442.7     5.30  47.467  -0.1333
  442.9     5.29  47.494  -0.1339
  443.1     5.39  47.521  -0.1328
  443.6     5.28  47.548  -0.1286
  443.7     5.29  47.574  -0.1328
  444.1     5.27  47.601  -0.1329
  444.3     5.27  47.628  -0.1278
  444.6     5.30  47.655  -0.1324
  444.8     5.25  47.682  -0.1335
  445.1     5.25  47.709  -0.1319
  445.3     5.25  47.736  -0.1311
  445.6     5.23  47.763  -0.1352
  445.9     5.23  47.791  -0.1311
  446.2     5.21  47.817  -0.1314
  446.4     5.24  47.845  -0.1274
  446.7     5.13  47.872  -0.1349
  447.0     5.25  47.899  -0.1295
  447.2     5.28  47.927  -0.1290
  447.5     5.23  47.953  -0.1298
  447.8     5.23  47.981  -0.1334
  448.0     5.23  48.008  -0.1338
  448.3     5.21  48.036  -0.1391
  448.5     5.18  48.063  -0.1402
  448.9     5.21  48.090  -0.1407
  449.1     5.18  48.117  -0.1417
  449.4     5.20  48.143  -0.1335
  449.7     5.20  48.170  -0.1368
  449.9     5.20  48.197  -0.1384
  450.3     5.20  48.224  -0.1405
  450.4     5.20  48.251  -0.1398
  450.7     5.17  48.278  -0.1327
  450.9     5.20  48.305  -0.1331
  451.2     5.19  48.332  -0.1340
  451.5     5.18  48.359  -0.1365
  451.8     5.18  48.386  -0.1309
  452.1     5.14  48.413  -0.1289
  452.4     5.19  48.440  -0.1344
  452.6     5.17  48.467  -0.1380
  452.8     5.22  48.494  -0.1373
  453.2     5.17  48.521  -0.1349
  453.4     5.15  48.548  -0.1393
  453.7     5.18  48.576  -0.1373
  453.9     5.16  48.603  -0.1352
  454.2     5.17  48.629  -0.1348
  454.5     5.14  48.656  -0.1320
  454.8     5.15  48.683  -0.1400
  455.0     5.14  48.710  -0.1403
  455.3     5.14  48.737  -0.1346
  455.5     5.12  48.764  -0.1418
  455.7     5.13  48.791  -0.1415
  456.1     5.12  48.818  -0.1415
  456.3     5.14  48.845  -0.1391
  456.6     5.13  48.872  -0.1406
  456.9     5.12  48.899  -0.1395
  457.1     5.13  48.926  -0.1357
  457.5     5.12  48.953  -0.1399
  457.7     5.11  48.980  -0.1388
  457.9     5.08  49.007  -0.1399
  458.2     5.10  49.034  -0.1425
  458.5     5.10  49.061  -0.1421
  458.8     5.10  49.088  -0.1432
  459.0     5.08  49.115  -0.1428
  459.3     5.09  49.142  -0.1385
  459.5     5.11  49.170  -0.1386
  459.8     5.08  49.196  -0.1346
  460.0     5.07  49.224  -0.1390
  460.3     5.07  49.251  -0.1404
  460.6     5.06  49.278  -0.1367
  460.9     5.05  49.305  -0.1347
  461.1     5.07  49.332  -0.1405
  461.4     5.06  49.359  -0.1411
  461.6     5.05  49.386  -0.1340
  461.9     5.07  49.413  -0.1355
  462.2     5.04  49.441  -0.1338
  462.4     5.04  49.468  -0.1377
  462.8     5.03  49.495  -0.1358
  462.9     5.05  49.522  -0.1398
  463.3     5.03  49.548  -0.1364
  463.6     5.12  49.576  -0.1408
  463.9     5.07  49.603  -0.1394
  464.0     5.07  49.629  -0.1365
  464.4     5.07  49.656  -0.1372
  464.7     5.05  49.684  -0.1385
  464.9     5.05  49.711  -0.1399
  465.1     5.05  49.737  -0.1357
  465.4     5.05  49.765  -0.1394
  465.7     5.04  49.792  -0.1402
  465.9     5.08  49.818  -0.1437
  466.2     5.01  49.846  -0.1430
  466.5     5.04  49.873  -0.1370
  466.8     5.03  49.900  -0.1385
  467.0     5.05  49.928  -0.1444
  467.3     5.04  49.955  -0.1405
  467.6     5.01  49.982  -0.1350
  467.9     5.02  50.009  -0.1371
  468.3     5.02  50.036  -0.1352
  468.4     5.03  50.063  -0.1399
  468.7     5.01  50.090  -0.1381
  469.0     5.03  50.117  -0.1345
  469.2     5.03  50.144  -0.1223
  469.5     5.02  50.172  -0.1274
  469.7     5.03  50.198  -0.1330
  470.0     5.03  50.226  -0.1299
  470.3     5.02  50.253  -0.1297
  470.5     5.01  50.280  -0.1294
  470.9     5.01  50.307  -0.1363
  471.1     5.04  50.334  -0.1349
  471.4     5.03  50.361  -0.1311
  471.7     5.02  50.389  -0.1337
  472.0     5.02  50.417  -0.1382
  472.3     5.01  50.444  -0.1379
  472.6     5.02  50.471  -0.1349
  472.8     5.01  50.498  -0.1313
  473.0     5.02  50.525  -0.1341
  473.3     5.02  50.552  -0.1283
  473.7     5.08  50.579  -0.1335
  473.9     5.03  50.606  -0.1352
  474.2     5.03  50.633  -0.1382
  474.5     5.02  50.660  -0.1306
  474.7     5.03  50.687  -0.1382
  475.0     5.03  50.714  -0.1376
  475.3     5.03  50.741  -0.1442
  475.5     5.03  50.768  -0.1424
  475.8     5.00  50.795  -0.1423
  476.1     5.02  50.823  -0.1433
  476.4     5.04  50.850  -0.1379
  476.7     5.00  50.877  -0.1394
  477.0     5.02  50.904  -0.1386
  477.2     5.03  50.931  -0.1402
  477.5     5.01  50.959  -0.1404
  477.8     5.02  50.986  -0.1370
  478.1     5.04  51.013  -0.1344
  478.3     5.01  51.040  -0.1442
  478.5     5.02  51.067  -0.1406
  478.9     5.01  51.095  -0.1453
  479.1     5.01  51.122  -0.1420
  479.4     4.99  51.149  -0.1461
  479.7     5.00  51.176  -0.1472
  480.0     4.99  51.203  -0.1431
  480.2     4.98  51.230  -0.1482
  480.6     5.01  51.257  -0.1439
  480.8     5.01  51.284  -0.1458
  481.1     4.99  51.311  -0.1478
  481.3     4.98  51.338  -0.1538
  481.6     4.99  51.365  -0.1503
  481.8     4.96  51.392  -0.1503
  482.2     4.98  51.419  -0.1469
  482.4     4.97  51.446  -0.1418
  482.7     4.97  51.473  -0.1471
  482.9     4.95  51.501  -0.1414
  483.3     4.94  51.528  -0.1436
  483.5     4.96  51.555  -0.1456
  483.7     4.96  51.582  -0.1493
  484.0     4.96  51.609  -0.1523
  484.4     4.94  51.636  -0.1441
  484.6     4.94  51.664  -0.1458
  484.8     4.96  51.691  -0.1422
  485.2     4.95  51.718  -0.1469
  485.4     4.92  51.745  -0.1418
  485.7     4.92  51.772  -0.1489
  485.9     4.90  51.800  -0.1475
  486.2     4.93  51.828  -0.1502
  486.5     4.93  51.855  -0.1469
  486.8     4.91  51.882  -0.1462
  487.0     4.92  51.909  -0.1450
  487.4     4.91  51.936  -0.1468
  487.6     4.91  51.964  -0.1478
  488.0     4.92  51.991  -0.1459
  488.1     4.91  52.018  -0.1451
  488.3     4.90  52.045  -0.1417
  488.7     4.90  52.072  -0.1447
  489.0     4.88  52.099  -0.1433
  489.1     4.89  52.127  -0.1456
  489.5     4.89  52.154  -0.1450
  489.7     4.88  52.181  -0.1397
  490.0     4.89  52.208  -0.1419
  490.3     4.88  52.235  -0.1424
  490.4     4.88  52.262  -0.1442
  490.8     4.88  52.289  -0.1461
  491.1     4.86  52.316  -0.1404
  491.4     4.93  52.343  -0.1398
  491.7     4.97  52.371  -0.1370
  491.9     4.87  52.398  -0.1432
  492.0     4.87  52.425  -0.1430
  492.5     4.85  52.452  -0.1346
  492.7     4.84  52.479  -0.1393
  493.0     4.92  52.507  -0.1483
  493.2     4.85  52.534  -0.1479
  493.5     4.87  52.561  -0.1454
  493.8     4.86  52.588  -0.1452
  494.0     4.86  52.615  -0.1379
  494.3     4.85  52.642  -0.1416
  494.6     4.85  52.669  -0.1467
  494.8     4.85  52.696  -0.1431
  495.0     4.83  52.723  -0.1366
  495.4     4.80  52.750  -0.1429
  495.6     4.82  52.778  -0.1439
  496.0     4.82  52.805  -0.1377
  496.1     4.80  52.833  -0.1445
  496.5     4.81  52.861  -0.1440
  496.8     4.79  52.888  -0.1452
  497.0     4.79  52.915  -0.1379
  497.3     4.77  52.942  -0.1444
  497.4     4.79  52.970  -0.1438
  497.7     4.76  52.997  -0.1402
  498.0     4.77  53.024  -0.1435
  498.2     4.79  53.051  -0.1443
  498.6     4.81  53.078  -0.1418
  498.8     4.77  53.106  -0.1456
  499.1     4.78  53.133  -0.1451
  499.3     4.78  53.160  -0.1457
  499.5     4.78  53.187  -0.1390
  499.8     4.77  53.214  -0.1431
  500.0     4.75  53.242  -0.1390
  500.3     4.73  53.269  -0.1452
  500.6     4.76  53.296  -0.1380
  500.9     4.76  53.323  -0.1362
  501.1     4.72  53.351  -0.1402
  501.3     4.74  53.378  -0.1358
  501.6     4.73  53.405  -0.1417
  502.0     4.71  53.432  -0.1443
  502.1     4.73  53.459  -0.1413
  502.4     4.75  53.487  -0.1455
  502.7     4.74  53.514  -0.1435
  502.9     4.74  53.541  -0.1444
  503.2     4.77  53.569  -0.1292
  503.5     4.73  53.596  -0.1373
  503.7     4.75  53.623  -0.1416
  504.0     4.76  53.650  -0.1434
  504.3     4.76  53.677  -0.1460
  504.6     4.75  53.704  -0.1442
  504.8     4.74  53.731  -0.1427
  505.1     4.77  53.759  -0.1421
  505.3     4.75  53.786  -0.1388
  505.7     4.77  53.813  -0.1402
  505.9     4.77  53.841  -0.1390
  506.2     4.77  53.869  -0.1338
  506.4     4.75  53.896  -0.1404
  506.7     4.76  53.923  -0.1405
  507.0     4.77  53.951  -0.1419
  507.2     4.77  53.978  -0.1425
  507.5     4.73  54.005  -0.1405
  507.8     4.75  54.032  -0.1491
  508.0     4.73  54.059  -0.1449
  508.3     4.77  54.086  -0.1450
  508.6     4.75  54.114  -0.1469
  508.9     4.79  54.141  -0.1462
  509.2     4.79  54.168  -0.1424
  509.3     4.76  54.196  -0.1425
  509.7     4.78  54.223  -0.1403
  510.0     4.74  54.250  -0.1468
  510.2     4.77  54.277  -0.1440
  510.5     4.77  54.304  -0.1483
  510.6     4.73  54.331  -0.1479
  511.1     4.77  54.358  -0.1442
  511.4     4.79  54.386  -0.1451
  511.5     4.75  54.413  -0.1388
  511.7     4.78  54.440  -0.1451
  512.1     4.75  54.468  -0.1472
  512.4     4.74  54.495  -0.1454
  512.6     4.73  54.522  -0.1485
  513.0     4.73  54.550  -0.1436
  513.2     4.73  54.577  -0.1431
  513.4     4.73  54.604  -0.1413
  513.7     4.73  54.632  -0.1470
  514.0     4.73  54.659  -0.1464
  514.3     4.73  54.686  -0.1440
  514.5     4.70  54.713  -0.1474
  514.8     4.71  54.741  -0.1414
  515.1     4.72  54.768  -0.1387
  515.4     4.71  54.795  -0.1407
  515.6     4.71  54.823  -0.1452
  515.9     4.72  54.850  -0.1415
  516.1     4.72  54.877  -0.1357
  516.5     4.73  54.904  -0.1403
  516.6     4.72  54.931  -0.1373
  516.9     4.72  54.958  -0.1413
  517.2     4.60  54.985  -0.1427
  517.5     4.72  55.013  -0.1421
  517.8     4.72  55.040  -0.1400
  518.1     4.70  55.067  -0.1348
  518.3     4.69  55.095  -0.1471
  518.6     4.71  55.122  -0.1419
  518.9     4.69  55.150  -0.1447
  519.2     4.70  55.178  -0.1422
  519.4     4.67  55.205  -0.1450
  519.7     4.70  55.232  -0.1411
  519.9     4.69  55.259  -0.1415
  520.2     4.69  55.286  -0.1350
  520.5     4.70  55.313  -0.1340
  520.8     4.68  55.341  -0.1342
  521.1     4.70  55.368  -0.1359
  521.3     4.70  55.395  -0.1352
  521.7     4.69  55.422  -0.1333
  521.9     4.68  55.450  -0.1353
  522.2     4.69  55.477  -0.1438
  522.4     4.68  55.504  -0.1376
  522.7     4.70  55.531  -0.1382
  523.0     4.70  55.558  -0.1358
  523.2     4.65  55.585  -0.1320
  523.5     4.68  55.613  -0.1330
  523.7     4.69  55.640  -0.1367
  524.1     4.70  55.669  -0.1367
  524.3     4.68  55.696  -0.1419
  524.7     4.66  55.724  -0.1370
  525.0     4.70  55.751  -0.1335
  525.2     4.68  55.778  -0.1296
  525.5     4.69  55.805  -0.1372
  525.9     4.70  55.834  -0.1403
  526.1     4.69  55.862  -0.1449
  526.3     4.68  55.889  -0.1425
  526.7     4.68  55.917  -0.1401
  526.9     4.72  55.945  -0.1389
  527.2     4.66  55.973  -0.1427
  527.5     4.69  56.000  -0.1406
  527.7     4.65  56.027  -0.1428
  528.0     4.67  56.054  -0.1436
  528.3     4.67  56.081  -0.1422
  528.5     4.66  56.109  -0.1415
  528.9     4.64  56.137  -0.1409
  529.1     4.68  56.165  -0.1435
  529.4     4.65  56.192  -0.1388
  529.6     4.64  56.219  -0.1404
  529.9     4.66  56.246  -0.1431
  530.2     4.64  56.273  -0.1443
  530.5     4.64  56.301  -0.1393
  530.7     4.64  56.328  -0.1433
  531.0     4.65  56.355  -0.1397
  531.3     4.64  56.382  -0.1451
  531.5     4.62  56.409  -0.1432
  531.9     4.63  56.436  -0.1394
  532.0     4.63  56.464  -0.1303
  532.4     4.61  56.491  -0.1450
  532.6     4.60  56.518  -0.1476
  532.9     4.61  56.546  -0.1414
  533.2     4.60  56.573  -0.1406
  533.5     4.57  56.605  -0.1380
  533.7     4.54  56.634  -0.1367
  534.0     4.55  56.662  -0.1466
  534.3     4.54  56.691  -0.1475
  534.6     4.55  56.722  -0.1398
  534.9     4.57  56.749  -0.1412
  535.1     4.55  56.776  -0.1436
  535.4     4.55  56.805  -0.1363
  535.7     4.57  56.832  -0.1377
  536.1     4.57  56.859  -0.1348
  536.3     4.54  56.886  -0.1041
  536.6     4.58  56.914  -0.1171
  536.8     4.57  56.941  -0.1389
  537.1     4.58  56.969  -0.1375
  537.3     4.58  56.996  -0.1394
  537.6     4.58  57.023  -0.1350
  537.9     4.59  57.051  -0.1375
  538.2     4.57  57.078  -0.1364
  538.4     4.62  57.105  -0.1374
  538.7     4.59  57.133  -0.1385
  539.0     4.65  57.163  -0.1365
  539.4     4.60  57.197  -0.1369
  539.7     4.57  57.226  -0.1381
  539.9     4.57  57.254  -0.1357
  540.2     4.59  57.281  -0.1389
  540.6     4.56  57.308  -0.1368
  540.9     4.58  57.336  -0.1369
  541.1     4.57  57.363  -0.1371
  541.4     4.57  57.390  -0.1377
  541.6     4.59  57.418  -0.1277
  541.9     4.61  57.445  -0.1291
  542.2     4.58  57.472  -0.1348
  542.5     4.61  57.499  -0.1399
  542.7     4.58  57.527  -0.1328
  543.1     4.58  57.554  -0.1443
  543.3     4.58  57.581  -0.1424
  543.6     4.60  57.610  -0.1410
  543.9     4.57  57.637  -0.1407
  544.1     4.57  57.665  -0.1373
  544.4     4.60  57.692  -0.1416
  544.6     4.59  57.719  -0.1387
  545.0     4.55  57.748  -0.1424
  545.3     4.57  57.776  -0.1408
  545.6     4.56  57.803  -0.1417
  545.8     4.56  57.831  -0.1362
  546.2     4.56  57.858  -0.1396
  546.4     4.58  57.886  -0.1400
  546.7     4.57  57.915  -0.1426
  547.0     4.54  57.942  -0.1386
  547.3     4.54  57.970  -0.1365
  547.5     4.55  57.997  -0.1353
  547.8     4.55  58.024  -0.1402
  548.1     4.56  58.052  -0.1380
  548.4     4.52  58.080  -0.1399
  548.7     4.57  58.108  -0.1362
  548.9     4.55  58.135  -0.1343
  549.2     4.56  58.163  -0.1392
  549.5     4.52  58.191  -0.1419
  549.8     4.53  58.220  -0.1392
  550.0     4.43  58.249  -0.1374
  550.4     4.53  58.276  -0.1449
  550.6     4.53  58.304  -0.1469
  550.9     4.49  58.331  -0.1415
  551.2     4.53  58.359  -0.1406
  551.5     4.55  58.387  -0.1421
  551.8     4.55  58.414  -0.1354
  552.0     4.51  58.442  -0.1401
  552.3     4.56  58.469  -0.1377
  552.6     4.55  58.497  -0.1412
  552.8     4.53  58.526  -0.1414
  553.2     4.53  58.553  -0.1442
  553.5     4.55  58.581  -0.1391
  553.7     4.54  58.609  -0.1445
  553.9     4.51  58.636  -0.1410
  554.1     4.54  58.664  -0.1408
  554.5     4.53  58.691  -0.1392
  554.7     4.52  58.718  -0.1439
  555.1     4.54  58.746  -0.1455
  555.4     4.53  58.773  -0.1380
  555.6     4.56  58.800  -0.1425
  556.0     4.53  58.828  -0.1420
  556.2     4.51  58.855  -0.1374
  556.5     4.51  58.882  -0.1357
  556.8     4.51  58.909  -0.1386
  557.0     4.52  58.937  -0.1427
  557.3     4.52  58.964  -0.1410
  557.5     4.52  58.991  -0.1387
  557.9     4.52  59.018  -0.1432
  558.2     4.50  59.046  -0.1364
  558.4     4.50  59.073  -0.1406
  558.7     4.52  59.100  -0.1437
  559.0     4.51  59.128  -0.1454
  559.2     4.53  59.156  -0.1423
  559.6     4.52  59.185  -0.1459
  559.8     4.53  59.213  -0.1407
  560.1     4.54  59.246  -0.1463
  560.5     4.52  59.274  -0.1448
  560.8     4.50  59.302  -0.1431
  561.1     4.52  59.329  -0.1436
  561.4     4.53  59.356  -0.1441
  561.6     4.52  59.384  -0.1410
  561.9     4.52  59.411  -0.1418
  562.2     4.52  59.438  -0.1388
  562.5     4.53  59.466  -0.1379
  562.8     4.52  59.494  -0.1371
  563.0     4.53  59.522  -0.1431
  563.3     4.51  59.549  -0.1396
  563.6     4.50  59.577  -0.1409
  564.0     4.51  59.604  -0.1380
  564.2     4.49  59.631  -0.1374
  564.5     4.50  59.659  -0.1388
  564.8     4.50  59.686  -0.1369
  565.1     4.50  59.714  -0.1404
  565.4     4.51  59.741  -0.1415
  565.7     4.52  59.768  -0.1424
  565.9     4.51  59.796  -0.1375
  566.2     4.49  59.823  -0.1416
  566.5     4.48  59.850  -0.1410
  566.8     4.51  59.878  -0.1377
  567.1     4.51  59.906  -0.1375
  567.4     4.52  59.933  -0.1404
  567.7     4.50  59.960  -0.1417
  568.0     4.50  59.987  -0.1482
  568.1     4.50  60.015  -0.1405
  568.5     4.51  60.042  -0.1431
  568.8     4.48  60.069  -0.1384
  569.0     4.50  60.097  -0.1420
  569.4     4.51  60.126  -0.1441
  569.5     4.47  60.154  -0.1434
  570.0     4.46  60.181  -0.1478
  570.2     4.49  60.209  -0.1426
  570.4     4.45  60.236  -0.1390
  570.6     4.37  60.264  -0.1416
  571.0     4.43  60.292  -0.1414
  571.4     4.48  60.320  -0.1399
  571.6     4.45  60.347  -0.1376
  572.0     4.46  60.376  -0.1403
  572.3     4.45  60.403  -0.1424
  572.5     4.47  60.431  -0.1437
  572.7     4.44  60.459  -0.1396
  573.1     4.43  60.486  -0.1391
  573.3     4.42  60.514  -0.1455
  573.5     4.41  60.541  -0.1437
  573.9     4.41  60.569  -0.1446
  574.2     4.42  60.597  -0.1444
  574.4     4.41  60.624  -0.1411
  574.7     4.41  60.652  -0.1450
  575.0     4.38  60.679  -0.1425
  575.2     4.38  60.706  -0.1423
  575.5     4.36  60.734  -0.1454
  575.9     4.37  60.761  -0.1423
  576.1     4.36  60.790  -0.1375
  576.4     4.39  60.817  -0.1324
  576.7     4.35  60.845  -0.1368
  577.0     4.33  60.872  -0.1437
  577.3     4.39  60.899  -0.1383
  577.4     4.35  60.927  -0.1352
  577.7     4.37  60.955  -0.1305
  578.0     4.35  60.982  -0.1331
  578.3     4.35  61.009  -0.1350
  578.6     4.35  61.036  -0.1394
  578.9     4.34  61.064  -0.1377
  579.2     4.35  61.091  -0.1368
  579.4     4.34  61.120  -0.1338
  579.7     4.32  61.147  -0.1366
  580.0     4.28  61.174  -0.1422
  580.2     4.31  61.201  -0.1378
  580.4     4.32  61.228  -0.1405
  580.8     4.29  61.256  -0.1346
  580.9     4.27  61.284  -0.1432
  581.3     4.28  61.311  -0.1419
  581.5     4.29  61.338  -0.1447
  581.8     4.28  61.365  -0.1439
  582.1     4.27  61.392  -0.1428
  582.4     4.25  61.421  -0.1456
  582.6     4.27  61.448  -0.1436
  582.8     4.28  61.476  -0.1409
  583.2     4.27  61.504  -0.1403
  583.4     4.25  61.531  -0.1375
  583.8     4.28  61.559  -0.1420
  584.0     4.24  61.586  -0.1416
  584.3     4.26  61.614  -0.1340
  584.5     4.25  61.641  -0.1435
  584.8     4.26  61.669  -0.1436
  585.1     4.26  61.696  -0.1378
  585.3     4.24  61.723  -0.1387
  585.7     4.25  61.751  -0.1396
  585.9     4.22  61.778  -0.1457
  586.2     4.23  61.806  -0.1439
  586.5     4.23  61.839  -0.1473
  586.7     4.23  61.867  -0.1411
  587.0     4.22  61.894  -0.1420
  587.3     4.20  61.921  -0.1265
  587.6     4.26  61.949  -0.1342
  587.9     4.14  61.976  -0.1379
  588.2     4.20  62.003  -0.1341
  588.4     4.22  62.031  -0.1439
  588.6     4.23  62.058  -0.1482
  588.9     4.20  62.086  -0.1472
  589.1     4.20  62.113  -0.1428
  589.5     4.20  62.141  -0.1317
  589.8     4.20  62.169  -0.1448
  590.0     4.19  62.196  -0.1477
  590.3     4.18  62.223  -0.1454
  590.5     4.21  62.251  -0.1473
  590.8     4.18  62.278  -0.1412
  591.1     4.18  62.305  -0.1424
  591.3     4.19  62.333  -0.1465
  591.6     4.20  62.360  -0.1501
  591.9     4.17  62.387  -0.1495
  592.2     4.21  62.415  -0.1498
  592.4     4.26  62.442  -0.1460
  592.7     4.18  62.469  -0.1514
  593.0     4.20  62.497  -0.1512
  593.2     4.20  62.524  -0.1486
  593.6     4.20  62.552  -0.1452
  593.7     4.20  62.579  -0.1480
  594.1     4.17  62.607  -0.1489
  594.3     4.19  62.634  -0.1495
  594.6     4.19  62.661  -0.1494
  595.0     4.18  62.688  -0.1479
  595.1     4.18  62.716  -0.1463
  595.4     4.17  62.744  -0.1420
  595.7     4.18  62.771  -0.1473
  596.0     4.18  62.798  -0.1464
  596.3     4.18  62.827  -0.1546
  596.6     4.15  62.854  -0.1519
  596.9     4.17  62.881  -0.1479
  597.1     4.18  62.909  -0.1485
  597.4     4.18  62.936  -0.1432
  597.7     4.18  62.964  -0.1452
  598.0     4.18  62.991  -0.1515
  598.2     4.21  63.019  -0.1431
  598.5     4.18  63.046  -0.1474
  598.9     4.21  63.073  -0.1462
  599.1     4.19  63.101  -0.1397
  599.3     4.20  63.128  -0.1529
  599.7     4.18  63.156  -0.1460
  599.9     4.22  63.184  -0.1481
  600.2     4.17  63.211  -0.1468
  600.5     4.21  63.238  -0.1450
  600.7     4.22  63.266  -0.1455
  601.0     4.22  63.293  -0.1501
  601.3     4.21  63.321  -0.1482
  601.6     4.21  63.348  -0.1377
  601.9     4.20  63.375  -0.1489
  602.1     4.19  63.403  -0.1523
  602.4     4.20  63.430  -0.1462
  602.7     4.20  63.458  -0.1388
  603.0     4.22  63.485  -0.1496
  603.3     4.17  63.513  -0.1482
  603.5     4.20  63.540  -0.1503
  603.9     4.20  63.568  -0.1463
  604.2     4.19  63.596  -0.1492
  604.4     4.20  63.623  -0.1413
  604.7     4.22  63.651  -0.1412
  605.0     4.20  63.678  -0.1516
  605.3     4.20  63.705  -0.1455
  605.5     4.18  63.733  -0.1402
  605.8     4.15  63.761  -0.1392
  606.1     4.23  63.788  -0.1355
  606.4     4.26  63.816  -0.1359
  606.7     4.22  63.844  -0.1381
  607.0     4.24  63.871  -0.1412
  607.3     4.25  63.899  -0.1383
  607.6     4.22  63.926  -0.1267
  607.9     4.24  63.953  -0.1440
  608.2     4.22  63.980  -0.1445
  608.4     4.24  64.008  -0.1431
  608.7     4.23  64.035  -0.1426
  609.0     4.22  64.062  -0.1423
  609.3     4.22  64.090  -0.1511
  609.6     4.22  64.117  -0.1474
  609.9     4.22  64.144  -0.1453
  610.1     4.23  64.172  -0.1500
  610.5     4.23  64.199  -0.1468
  610.7     4.22  64.227  -0.1498
  611.0     4.23  64.254  -0.1486
  611.3     4.24  64.281  -0.1482
  611.5     4.25  64.309  -0.1399
  611.8     4.24  64.337  -0.1442
  612.2     4.25  64.364  -0.1375
  612.5     4.24  64.391  -0.1417
  612.8     4.27  64.419  -0.1386
  613.0     4.23  64.446  -0.1349
  613.4     4.23  64.473  -0.1319
  613.6     4.26  64.500  -0.1437
  613.9     4.23  64.528  -0.1346
  614.1     4.24  64.555  -0.1337
  614.5     4.26  64.583  -0.1367
  614.7     4.24  64.610  -0.1348
  615.1     4.26  64.638  -0.1387
  615.3     4.26  64.665  -0.1407
  615.7     4.27  64.693  -0.1413
  616.0     4.25  64.721  -0.1387
  616.2     4.24  64.748  -0.1444
  616.6     4.26  64.776  -0.1488
  616.8     4.27  64.803  -0.1399
  617.1     4.25  64.832  -0.1362
  617.4     4.25  64.859  -0.1297
  617.7     4.27  64.887  -0.1283
  618.0     4.25  64.914  -0.1294
  618.3     4.27  64.942  -0.1375
  618.6     4.24  64.970  -0.1321
  618.9     4.26  64.997  -0.1285
  619.1     4.22  65.024  -0.1323
  619.5     4.22  65.052  -0.1319
  619.6     4.21  65.079  -0.1334
  620.0     4.23  65.106  -0.1428
  620.2     4.22  65.134  -0.1364
  620.5     4.23  65.161  -0.1403
  620.8     4.22  65.189  -0.1435
  621.0     4.29  65.216  -0.1492
  621.4     4.23  65.244  -0.1480
  621.6     4.22  65.272  -0.1479
  621.9     4.26  65.299  -0.1465
  622.2     4.23  65.327  -0.1499
  622.5     4.22  65.354  -0.1431
  622.7     4.19  65.382  -0.1414
  623.0     4.22  65.409  -0.1421
  623.4     4.20  65.436  -0.1439
  623.6     4.21  65.464  -0.1401
  623.9     4.23  65.491  -0.1432
  624.2     4.23  65.519  -0.1457
  624.5     4.23  65.546  -0.1459
  624.8     4.22  65.574  -0.1439
  625.0     4.25  65.601  -0.1397
  625.4     4.21  65.628  -0.1443
  625.6     4.23  65.656  -0.1394
  625.8     4.23  65.683  -0.1502
  626.1     4.24  65.711  -0.1447
  626.4     4.20  65.738  -0.1408
  626.7     4.22  65.766  -0.1444
  627.0     4.23  65.793  -0.1431
  627.2     4.22  65.821  -0.1442
  627.5     4.27  65.849  -0.1457
  627.9     4.20  65.876  -0.1435
  628.2     4.24  65.903  -0.1442
  628.4     4.23  65.931  -0.1411
  628.7     4.29  65.959  -0.1394
  629.0     4.22  65.986  -0.1456
  629.3     4.25  66.014  -0.1411
  629.5     4.23  66.042  -0.1464
  629.8     4.25  66.069  -0.1474
  630.1     4.25  66.097  -0.1496
  630.4     4.24  66.124  -0.1489
  630.7     4.25  66.152  -0.1537
  631.0     4.23  66.179  -0.1487
  631.2     4.22  66.206  -0.1492
  631.5     4.26  66.233  -0.1525
  631.8     4.25  66.261  -0.1528
  632.1     4.27  66.289  -0.1462
  632.4     4.23  66.316  -0.1507
  632.7     4.27  66.344  -0.1440
  633.0     4.27  66.371  -0.1511
  633.3     4.26  66.399  -0.1459
  633.4     4.28  66.426  -0.1431
  633.8     4.26  66.453  -0.1460
  634.1     4.31  66.481  -0.1470
  634.4     4.30  66.508  -0.1415
  634.6     4.26  66.536  -0.1492
  634.9     4.26  66.563  -0.1502
  635.2     4.29  66.590  -0.1481
  635.4     4.27  66.618  -0.1409
  635.8     4.28  66.645  -0.1464
  636.1     4.27  66.673  -0.1393
  636.4     4.26  66.700  -0.1434
  636.6     4.29  66.728  -0.1452
  636.9     4.27  66.755  -0.1497
  637.3     4.30  66.783  -0.1435
  637.4     4.30  66.811  -0.1388
  637.8     4.27  66.839  -0.1436
  638.2     4.29  66.866  -0.1456
  638.4     4.28  66.894  -0.1506
  638.6     4.28  66.921  -0.1437
  638.9     4.29  66.949  -0.1476
  639.2     4.27  66.977  -0.1477
  639.5     4.29  67.004  -0.1454
  639.8     4.31  67.032  -0.1440
  640.1     4.28  67.059  -0.1470
  640.4     4.33  67.087  -0.1429
  640.6     4.28  67.114  -0.1412
  640.9     4.30  67.142  -0.1272
  641.2     4.29  67.170  -0.1244
  641.4     4.28  67.198  -0.1224
  641.7     4.29  67.225  -0.1471
  642.0     4.26  67.253  -0.1483
  642.3     4.22  67.282  -0.1381
  642.6     4.21  67.309  -0.1393
  642.8     4.23  67.336  -0.1484
  643.1     4.22  67.364  -0.1518
  643.4     4.21  67.391  -0.1440
  643.6     4.21  67.418  -0.1480
  643.9     4.21  67.445  -0.1504
  644.2     4.20  67.472  -0.1426
  644.5     4.19  67.500  -0.1476
  644.8     4.21  67.530  -0.1492
  645.0     4.21  67.558  -0.1497
  645.3     4.22  67.585  -0.1455
  645.6     4.22  67.612  -0.1496
  645.9     4.22  67.640  -0.1458
  646.1     4.23  67.667  -0.1480
  646.4     4.22  67.696  -0.1435
  646.7     4.20  67.724  -0.1466
  647.1     4.26  67.752  -0.1460
  647.4     4.24  67.779  -0.1502
  647.6     4.25  67.806  -0.1409
  647.9     4.29  67.835  -0.1464
  648.1     4.27  67.862  -0.1425
  648.4     4.25  67.890  -0.1476
  648.7     4.25  67.917  -0.1411
  648.9     4.27  67.945  -0.1435
  649.2     4.25  67.972  -0.1348
  649.5     4.26  68.000  -0.1444
  649.8     4.27  68.027  -0.1381
  650.1     4.28  68.055  -0.1235
  650.3     4.24  68.082  -0.1293
  650.5     4.22  68.110  -0.0601
  650.8     4.23  68.137  -0.1241
  651.1     4.23  68.165  -0.1405
  651.3     4.23  68.192  -0.1344
  651.6     4.22  68.220  -0.1394
  651.8     4.21  68.247  -0.1302
  652.1     4.21  68.275  -0.1417
  652.4     4.25  68.303  -0.1438
  652.7     4.25  68.330  -0.1325
  652.9     4.25  68.358  -0.1388
  653.2     4.20  68.385  -0.1317
  653.5     4.23  68.413  -0.1422
  653.8     4.23  68.440  -0.1402
  654.1     4.25  68.468  -0.1386
  654.4     4.27  68.496  -0.1316
  654.6     4.26  68.523  -0.1360
  654.9     4.25  68.551  -0.1346
  655.1     4.28  68.579  -0.1316
  655.4     4.24  68.606  -0.1491
  655.7     4.21  68.634  -0.1480
  656.0     4.29  68.661  -0.1450
  656.2     4.28  68.690  -0.1514
  656.5     4.29  68.718  -0.1498
  656.8     4.27  68.746  -0.1523
  657.1     4.29  68.774  -0.1515
  657.4     4.26  68.803  -0.1528
  657.6     4.29  68.831  -0.1497
  658.0     4.30  68.859  -0.1538
  658.3     4.30  68.887  -0.1544
  658.5     4.39  68.916  -0.1485
  658.9     4.32  68.944  -0.1452
  659.0     4.31  68.971  -0.1530
  659.4     4.30  68.999  -0.1488
  659.7     4.30  69.026  -0.1480
  660.0     4.30  69.054  -0.1480
  660.2     4.32  69.081  -0.1502
  660.5     4.32  69.109  -0.1510
  660.7     4.35  69.137  -0.1547
  661.0     4.30  69.164  -0.1502
  661.3     4.33  69.192  -0.1516
  661.6     4.35  69.219  -0.1562
  661.9     4.30  69.247  -0.1475
  662.1     4.31  69.274  -0.1481
  662.5     4.31  69.302  -0.1495
  662.7     4.30  69.330  -0.1437
  663.0     4.31  69.358  -0.1483
  663.3     4.33  69.385  -0.1481
  663.5     4.34  69.412  -0.1460
  663.8     4.25  69.440  -0.1504
  664.1     4.36  69.468  -0.1504
  664.3     4.32  69.496  -0.1512
  664.7     4.39  69.523  -0.1473
  664.9     4.34  69.551  -0.1485
  665.2     4.32  69.578  -0.1507
  665.5     4.32  69.606  -0.1527
  665.7     4.32  69.634  -0.1470
  666.0     4.32  69.662  -0.1456
  666.4     4.30  69.689  -0.1496
  666.7     4.31  69.717  -0.1519
  666.9     4.33  69.745  -0.1507
  667.3     4.32  69.772  -0.1520
  667.5     4.30  69.800  -0.1481
  667.8     4.29  69.828  -0.1396
  668.1     4.32  69.856  -0.1367
  668.3     4.35  69.883  -0.1443
  668.7     4.32  69.911  -0.1398
  668.9     4.34  69.939  -0.1007
  669.2     4.30  69.967  -0.1222
  669.4     4.31  69.995  -0.1188
  669.7     4.32  70.022  -0.1206
  670.0     4.31  70.050  -0.1400
  670.3     4.32  70.077  -0.1436
  670.6     4.28  70.105  -0.1455
  670.8     4.30  70.132  -0.1451
  671.2     4.31  70.160  -0.1408
  671.4     4.34  70.188  -0.1365
  671.7     4.33  70.215  -0.1386
  671.9     4.34  70.243  -0.1400
  672.3     4.33  70.271  -0.1449
  672.5     4.34  70.298  -0.1481
  672.8     4.38  70.326  -0.1407
  673.1     4.34  70.353  -0.1484
  673.4     4.37  70.380  -0.1368
  673.7     4.39  70.408  -0.1386
  674.1     4.35  70.436  -0.1327
  674.3     4.35  70.464  -0.1404
  674.6     4.26  70.491  -0.1315
  674.9     4.36  70.518  -0.1300
  675.2     4.34  70.546  -0.1449
  675.4     4.38  70.573  -0.1451
  675.7     4.35  70.601  -0.1385
  676.0     4.34  70.628  -0.1555
  676.3     4.36  70.656  -0.1520
  676.5     4.34  70.684  -0.1484
  676.9     4.35  70.711  -0.1524
  677.2     4.32  70.739  -0.1419
  677.4     4.34  70.766  -0.1521
  677.7     4.36  70.794  -0.1472
  677.9     4.37  70.823  -0.1414
  678.3     4.33  70.850  -0.1523
  678.6     4.33  70.878  -0.1535
  678.9     4.33  70.907  -0.1458
  679.2     4.33  70.934  -0.1479
  679.5     4.34  70.962  -0.1474
  679.8     4.32  70.989  -0.1469
  680.1     4.37  71.017  -0.1399
  680.4     4.37  71.045  -0.1484
  680.7     4.33  71.072  -0.1487
  681.0     4.36  71.100  -0.1435
  681.6     4.30  71.237  -0.1515
  682.6     4.26  71.265  -0.1459
  682.8     4.24  71.292  -0.1519
  683.2     4.25  71.320  -0.1487
  683.5     4.25  71.347  -0.1367
  683.8     4.22  71.375  -0.1452
  684.1     4.24  71.403  -0.1394
  684.3     4.26  71.430  -0.1430
  684.6     4.24  71.458  -0.1446
  684.9     4.27  71.486  -0.1394
  685.2     4.25  71.513  -0.1470
  685.4     4.24  71.541  -0.1471
  685.8     4.25  71.568  -0.1511
  686.1     4.26  71.596  -0.1533
  686.3     4.25  71.623  -0.1513
  686.7     4.25  71.651  -0.1550
  686.9     4.24  71.678  -0.1491
  687.3     4.24  71.706  -0.1556
  687.6     4.25  71.734  -0.1550
  687.8     4.25  71.761  -0.1570
  688.1     4.21  71.789  -0.1544
  688.5     4.23  71.817  -0.1564
  688.7     4.21  71.845  -0.1564
  689.0     4.23  71.873  -0.1586
  689.2     4.20  71.900  -0.1568
  689.5     4.19  71.928  -0.1574
  689.7     4.22  71.956  -0.1521
  690.1     4.18  71.983  -0.1407
  690.4     4.19  72.011  -0.1468
  690.7     4.20  72.039  -0.1510
  691.0     4.17  72.066  -0.1457
  691.2     4.16  72.094  -0.1508
  691.6     4.21  72.122  -0.1527
  691.9     4.17  72.149  -0.1528
  692.2     4.17  72.177  -0.1484
  692.4     4.19  72.204  -0.1477
  692.7     4.18  72.231  -0.1542
  693.1     4.16  72.259  -0.1529
  693.4     4.16  72.287  -0.1469
  693.6     4.18  72.314  -0.1582
  693.9     4.17  72.342  -0.1466
  694.2     4.20  72.370  -0.1560
  694.5     4.17  72.397  -0.1569
  694.7     4.17  72.425  -0.1475
  695.0     4.14  72.453  -0.1458
  695.2     4.16  72.480  -0.1570
  695.6     4.15  72.508  -0.1515
  695.9     4.11  72.535  -0.1515
  696.2     4.13  72.563  -0.1515
  696.5     4.13  72.591  -0.1538
  696.7     4.14  72.618  -0.1513
  697.0     4.10  72.646  -0.1471
  697.2     4.10  72.673  -0.1537
  697.6     4.08  72.701  -0.1555
  697.9     4.06  72.728  -0.1536
  698.2     4.07  72.756  -0.1531
  698.4     4.08  72.784  -0.1583
  698.7     4.06  72.812  -0.1508
  699.0     4.06  72.840  -0.1529
  699.3     4.07  72.867  -0.1502
  699.6     4.03  72.895  -0.1504
  699.9     4.03  72.923  -0.1469
  700.1     4.05  72.950  -0.1456
