   13.5     1.28   0.027  -0.0020
   13.5     1.26   0.053   0.0007
   13.5     1.23   0.079  -0.0009
   13.5     1.25   0.106  -0.0011
   13.5     1.25   0.133  -0.0066
   13.5     1.25   0.161  -0.0025
   13.5     1.22   0.187  -0.0018
   13.6     1.22   0.214  -0.0021
   13.5     1.23   0.242  -0.0029
   13.5     1.23   0.269  -0.0033
   13.5     1.16   0.295  -0.0042
   13.5     1.15   0.322  -0.0000
   13.5     1.15   0.349   0.0021
   13.5     1.11   0.376  -0.0031
   13.6     1.16   0.402  -0.0081
   13.5     1.10   0.429  -0.0060
   13.5     1.09   0.455  -0.0052
   13.5     1.10   0.482  -0.0048
   13.6     1.15   0.508  -0.0036
   13.5     1.10   0.535  -0.0019
   13.5     1.09   0.561  -0.0030
   13.5     1.06   0.588  -0.0044
   13.5     1.07   0.614  -0.0083
   13.5     1.08   0.640  -0.0082
   13.5     1.06   0.667  -0.0058
   13.5     1.07   0.693  -0.0059
   13.5     1.04   0.719  -0.0052
   13.4     1.01   0.746  -0.0049
   13.4     1.02   0.773  -0.0059
   13.5     1.00   0.800  -0.0048
   13.5     0.97   0.827  -0.0028
   13.5     0.98   0.853  -0.0029
   13.4     0.99   0.879  -0.0035
   13.5     0.95   0.912  -0.0055
   13.5     0.95   0.949  -0.0078
   13.5     0.94   0.976  -0.0080
   13.5     0.93   1.003  -0.0088
   13.5     0.93   1.031  -0.0100
   13.5     0.94   1.057  -0.0101
   13.4     0.92   1.084  -0.0097
   13.5     0.91   1.110  -0.0093
   13.5     0.89   1.136  -0.0095
   13.6     0.91   1.163  -0.0108
   13.4     0.87   1.189  -0.0072
   13.5     0.88   1.216  -0.0083
   13.6     0.90   1.243  -0.0074
   13.4     0.90   1.269  -0.0079
   13.4     0.88   1.296  -0.0088
   13.5     0.87   1.322  -0.0080
   13.4     0.86   1.349  -0.0047
   13.5     0.87   1.375  -0.0092
   13.4     0.81   1.402  -0.0094
   13.5     0.83   1.428  -0.0104
   13.5     0.84   1.454  -0.0083
   13.5     0.84   1.481  -0.0058
   13.5     0.80   1.507  -0.0087
   13.5     0.82   1.533  -0.0087
   13.5     0.78   1.560  -0.0106
   13.4     0.81   1.586  -0.0096
   13.5     0.79   1.613  -0.0083
   13.5     0.75   1.639  -0.0060
   13.6     0.79   1.665  -0.0006
   13.5     0.79   1.692  -0.0027
   13.5     0.79   1.718  -0.0036
   13.6     0.77   1.744  -0.0039
   13.5     0.76   1.771  -0.0047
   13.6     0.77   1.797  -0.0057
   13.5     0.75   1.823  -0.0063
   13.5     0.73   1.850  -0.0054
   13.6     0.77   1.877  -0.0065
   13.7     0.78   1.903  -0.0069
   13.7     0.76   1.930  -0.0077
   13.7     0.75   1.956  -0.0025
   13.6     0.73   1.982  -0.0048
   13.7     0.73   2.009  -0.0069
   13.8     0.71   2.035  -0.0062
   13.7     0.72   2.061  -0.0050
   13.9     0.75   2.088  -0.0035
   14.0     0.74   2.114  -0.0052
   13.9     0.66   2.141  -0.0022
   13.9     0.70   2.167  -0.0050
   14.0     0.72   2.194  -0.0030
   14.1     0.70   2.220  -0.0023
   14.1     0.69   2.247  -0.0041
   14.2     0.71   2.273  -0.0055
   14.2     0.70   2.299  -0.0069
   14.3     0.70   2.326  -0.0063
   14.3     0.69   2.352  -0.0078
   14.5     0.70   2.379  -0.0058
   14.6     0.70   2.405  -0.0046
   14.7     0.72   2.432  -0.0026
   14.7     0.72   2.458  -0.0035
   14.8     0.69   2.484  -0.0053
   14.9     0.72   2.511  -0.0064
   15.1     0.75   2.538  -0.0069
   15.2     0.70   2.564  -0.0060
   15.4     0.75   2.590  -0.0042
   15.4     0.79   2.616  -0.0028
   15.6     0.78   2.643  -0.0062
   15.7     0.75   2.669  -0.0080
   15.9     0.74   2.696  -0.0082
   16.0     0.74   2.722  -0.0082
   16.1     0.79   2.748  -0.0075
   16.4     0.79   2.774  -0.0067
   16.5     0.80   2.801  -0.0075
   16.7     0.78   2.828  -0.0070
   16.9     0.84   2.854  -0.0056
   17.1     0.84   2.880  -0.0035
   17.3     0.90   2.907  -0.0016
   17.4     0.93   2.933  -0.0037
   17.8     0.92   2.960  -0.0046
   17.9     0.98   2.986  -0.0070
   18.3     0.98   3.013  -0.0035
   18.4     0.94   3.039  -0.0036
   18.6     1.04   3.065  -0.0029
   18.9     1.02   3.091  -0.0041
   19.1     1.05   3.118  -0.0086
   19.3     1.07   3.144  -0.0089
   19.6     1.06   3.171  -0.0120
   19.8     1.10   3.197  -0.0105
   20.1     1.16   3.223  -0.0115
   20.4     1.18   3.251  -0.0066
   20.7     1.20   3.277  -0.0086
   20.9     1.18   3.303  -0.0094
   21.2     1.25   3.330  -0.0096
   21.6     1.27   3.357  -0.0077
   21.8     1.28   3.383  -0.0054
   22.1     1.30   3.418  -0.0061
   22.4     1.34   3.445  -0.0040
   22.8     1.36   3.472  -0.0015
   23.2     1.42   3.501   0.0025
   23.5     1.45   3.527   0.0005
   23.8     1.46   3.553  -0.0022
   24.1     1.52   3.580  -0.0058
   24.4     1.56   3.607  -0.0042
   24.8     1.58   3.633  -0.0024
   25.1     1.58   3.660  -0.0016
   25.4     1.58   3.686  -0.0014
   25.7     1.67   3.712  -0.0025
   26.2     1.70   3.739   0.0003
   26.5     1.73   3.766  -0.0037
   26.9     1.83   3.792  -0.0050
   27.2     1.84   3.818  -0.0049
   27.6     1.85   3.845  -0.0080
   27.9     1.80   3.872  -0.0060
   28.3     1.85   3.898  -0.0049
   28.7     1.93   3.925  -0.0058
   29.1     1.93   3.952  -0.0035
   29.5     1.95   3.978  -0.0071
   29.8     1.99   4.005  -0.0072
   30.3     2.04   4.031  -0.0049
   30.7     2.09   4.058  -0.0062
   31.1     2.13   4.084  -0.0033
   31.5     2.13   4.110  -0.0048
   31.8     2.15   4.137  -0.0082
   32.2     2.19   4.163  -0.0080
   32.7     2.22   4.190  -0.0089
   33.1     2.24   4.216  -0.0059
   33.5     2.28   4.243  -0.0031
   34.0     2.43   4.269  -0.0051
   34.4     2.35   4.296  -0.0056
   34.7     2.40   4.322  -0.0068
   35.1     2.40   4.348  -0.0085
   35.6     2.46   4.374  -0.0112
   36.0     2.48   4.401  -0.0093
   36.5     2.51   4.427  -0.0113
   36.9     2.54   4.454  -0.0128
   37.3     2.56   4.481  -0.0097
   37.8     2.62   4.507  -0.0062
   38.2     2.66   4.534  -0.0047
   38.7     2.69   4.560  -0.0035
   39.1     2.72   4.587  -0.0002
   39.6     2.78   4.613  -0.0044
   40.0     2.82   4.639  -0.0050
   40.5     2.83   4.666  -0.0066
   41.0     2.88   4.692  -0.0046
   41.4     2.90   4.719  -0.0048
   41.8     2.96   4.745  -0.0040
   42.3     2.99   4.771  -0.0015
   42.8     2.99   4.798  -0.0027
   43.3     3.03   4.824  -0.0019
   43.7     3.07   4.851  -0.0025
   44.1     3.11   4.877  -0.0013
   44.6     3.14   4.904  -0.0027
   45.2     3.16   4.930  -0.0062
   45.7     3.22   4.956  -0.0065
   46.2     3.22   4.983  -0.0034
   46.5     3.30   5.009  -0.0045
   47.1     3.32   5.036  -0.0062
   47.6     3.35   5.062  -0.0093
   48.1     3.39   5.088  -0.0076
   48.5     3.43   5.115  -0.0078
   49.0     3.48   5.141  -0.0068
   49.5     3.48   5.167  -0.0036
   50.1     3.53   5.194  -0.0043
   50.5     3.58   5.220  -0.0043
   51.1     3.60   5.247  -0.0064
   51.5     3.64   5.274  -0.0064
   52.0     3.68   5.300  -0.0062
   52.6     3.71   5.327  -0.0110
   53.0     3.75   5.353  -0.0093
   53.6     3.78   5.379  -0.0056
   54.0     3.82   5.406  -0.0019
   54.6     3.85   5.433  -0.0038
   55.1     3.89   5.459  -0.0045
   55.6     3.96   5.486  -0.0040
   56.1     3.97   5.512  -0.0063
   56.6     4.03   5.539  -0.0050
   57.2     4.06   5.565  -0.0101
   57.5     4.08   5.591  -0.0051
   58.2     4.10   5.618  -0.0029
   58.6     4.13   5.645  -0.0077
   59.2     4.17   5.671  -0.0055
   59.7     4.24   5.697  -0.0039
   60.3     4.26   5.724  -0.0027
   60.8     4.34   5.750  -0.0020
   61.3     4.38   5.776  -0.0057
   61.7     4.36   5.803  -0.0018
   62.3     4.41   5.829  -0.0023
   62.7     4.39   5.855  -0.0008
   63.3     4.41   5.882   0.0012
   63.8     4.45   5.908  -0.0020
   64.4     4.50   5.934  -0.0041
   64.8     4.56   5.961  -0.0013
   65.3     4.64   5.987  -0.0050
   65.9     4.68   6.014  -0.0052
   66.4     4.68   6.040  -0.0005
   67.0     4.73   6.067  -0.0063
   67.3     4.75   6.093  -0.0050
   67.9     4.78   6.119  -0.0054
   68.6     4.81   6.146  -0.0081
   69.0     4.85   6.172  -0.0097
   69.5     4.87   6.198  -0.0093
   70.1     4.91   6.224  -0.0076
   70.6     4.92   6.252  -0.0055
   71.1     4.94   6.278  -0.0041
   71.7     4.96   6.304  -0.0032
   72.2     4.98   6.331  -0.0062
   72.7     5.00   6.357  -0.0067
   73.3     5.07   6.384  -0.0047
   73.9     5.09   6.410  -0.0066
   74.4     5.08   6.437  -0.0017
   74.9     5.13   6.463   0.0033
   75.5     5.16   6.490   0.0009
   76.0     5.18   6.516   0.0030
   76.5     5.23   6.542   0.0033
   77.1     5.27   6.569   0.0013
   77.6     5.28   6.595  -0.0025
   78.2     5.30   6.621  -0.0031
   78.8     5.33   6.648   0.0027
   79.3     5.42   6.674   0.0021
   79.7     5.39   6.701   0.0029
   80.4     5.40   6.727   0.0036
   80.9     5.41   6.753   0.0005
   81.5     5.47   6.779   0.0025
   81.9     5.47   6.806   0.0022
   82.5     5.50   6.832   0.0006
   83.1     5.51   6.859  -0.0027
   83.7     5.55   6.885  -0.0016
   84.2     5.59   6.911  -0.0017
   84.7     5.60   6.938  -0.0003
   85.3     5.62   6.964  -0.0016
   85.9     5.64   6.990  -0.0033
   86.4     5.67   7.017  -0.0050
   87.0     5.73   7.043  -0.0069
   87.6     5.74   7.070  -0.0076
   88.1     5.77   7.096  -0.0035
   88.6     5.74   7.122  -0.0017
   89.1     5.73   7.148  -0.0036
   89.6     5.76   7.175  -0.0018
   90.4     5.83   7.201  -0.0053
   90.8     5.83   7.227  -0.0071
   91.4     5.89   7.255  -0.0054
   92.0     5.89   7.281  -0.0070
   92.6     5.88   7.308  -0.0092
   93.2     5.92   7.334  -0.0075
   93.7     5.95   7.360  -0.0048
   94.2     5.96   7.387  -0.0059
   94.8     6.04   7.413  -0.0041
   95.3     6.01   7.440  -0.0026
   95.9     6.05   7.466  -0.0007
   96.5     6.06   7.492  -0.0051
   97.1     6.05   7.519  -0.0048
   97.6     6.10   7.546  -0.0050
   98.2     6.11   7.572  -0.0048
   98.8     6.18   7.599  -0.0052
   99.3     6.15   7.625  -0.0078
   99.9     6.17   7.651  -0.0058
  100.5     6.18   7.678  -0.0054
  101.1     6.20   7.704  -0.0026
  101.6     6.20   7.730   0.0016
  102.2     6.21   7.757   0.0007
  102.7     6.23   7.783  -0.0037
  103.3     6.24   7.809  -0.0046
  103.9     6.27   7.836  -0.0080
  104.4     6.27   7.862  -0.0054
  105.0     6.27   7.889  -0.0064
  105.5     6.31   7.915  -0.0069
  106.2     6.32   7.941  -0.0067
  106.7     6.38   7.967  -0.0058
  107.3     6.36   7.994  -0.0072
  107.8     6.36   8.021  -0.0085
  108.4     6.33   8.047  -0.0086
  108.9     6.31   8.074  -0.0108
  109.5     6.40   8.101  -0.0098
  110.1     6.35   8.127  -0.0083
  110.7     6.36   8.153  -0.0120
  111.2     6.40   8.180  -0.0080
  111.9     6.39   8.206  -0.0049
  112.4     6.39   8.233  -0.0061
  113.0     6.41   8.260  -0.0087
  113.7     6.40   8.286  -0.0063
  114.1     6.38   8.312  -0.0057
  114.7     6.35   8.339  -0.0104
  115.3     6.40   8.366  -0.0124
  115.9     6.35   8.392  -0.0120
  116.4     6.37   8.419  -0.0110
  117.0     6.35   8.445  -0.0133
  117.6     6.38   8.472  -0.0052
  118.2     6.38   8.499  -0.0059
  118.7     6.37   8.525  -0.0086
  119.4     6.38   8.551  -0.0089
  119.8     6.38   8.578  -0.0042
  120.4     6.35   8.605  -0.0038
  121.1     6.35   8.631  -0.0032
  121.6     6.35   8.657  -0.0051
  122.2     6.33   8.684  -0.0034
  122.9     6.33   8.710  -0.0047
  123.3     6.31   8.737  -0.0074
  124.0     6.31   8.763  -0.0139
  124.6     6.33   8.790  -0.0130
  125.1     6.28   8.816  -0.0113
  125.7     6.26   8.842  -0.0107
  126.2     6.21   8.868  -0.0083
  126.8     6.18   8.895  -0.0076
  127.3     6.16   8.921  -0.0044
  127.9     6.18   8.948  -0.0075
  128.4     6.13   8.974  -0.0071
  129.1     6.12   9.001  -0.0072
  129.7     6.12   9.028  -0.0082
  130.2     6.13   9.054  -0.0083
  130.8     6.10   9.081  -0.0050
  131.4     6.05   9.108  -0.0046
  132.0     6.04   9.134  -0.0066
  132.6     6.05   9.161  -0.0100
  133.2     6.00   9.188  -0.0100
  133.8     6.01   9.214  -0.0112
  134.3     6.01   9.240  -0.0088
  134.9     5.97   9.268  -0.0107
  135.5     5.94   9.295  -0.0105
  136.2     5.93   9.321  -0.0111
  136.6     5.89   9.347  -0.0105
  137.3     5.92   9.374  -0.0099
  137.7     5.84   9.400  -0.0114
  138.4     5.84   9.427  -0.0134
  138.9     5.82   9.453  -0.0117
  139.6     5.82   9.480  -0.0109
  140.1     5.79   9.507  -0.0082
  140.7     5.74   9.533  -0.0102
  141.3     5.76   9.559  -0.0081
  141.8     5.74   9.586  -0.0077
  142.5     5.72   9.612  -0.0095
  143.0     5.71   9.639  -0.0067
  143.6     5.68   9.666  -0.0035
  144.2     5.68   9.692  -0.0052
  144.7     5.65   9.719  -0.0050
  145.4     5.68   9.746  -0.0086
  146.0     5.66   9.772  -0.0073
  146.6     5.65   9.798  -0.0075
  147.2     5.67   9.824  -0.0090
  147.7     5.63   9.851  -0.0060
  148.4     5.63   9.878  -0.0059
  148.8     5.62   9.904  -0.0078
  149.5     5.66   9.931  -0.0106
  150.2     5.66   9.957  -0.0099
  150.7     5.61   9.983  -0.0060
  151.2     5.59  10.010  -0.0088
  151.8     5.65  10.037  -0.0131
  152.5     5.62  10.063  -0.0090
  153.1     5.61  10.090  -0.0110
  153.7     5.63  10.116  -0.0122
  154.2     5.66  10.142  -0.0074
  154.8     5.67  10.169  -0.0054
  155.4     5.65  10.196  -0.0073
  156.0     5.68  10.222  -0.0083
  156.6     5.69  10.249  -0.0093
  157.2     5.70  10.276  -0.0110
  157.9     5.68  10.302  -0.0120
  158.4     5.68  10.329  -0.0081
  159.0     5.72  10.355  -0.0113
  159.7     5.71  10.382  -0.0107
  160.3     5.74  10.408  -0.0100
  160.9     5.73  10.435  -0.0092
  161.4     5.76  10.462  -0.0100
  162.1     5.76  10.488  -0.0107
  162.7     5.80  10.515  -0.0109
  163.3     5.74  10.542  -0.0090
  163.9     5.83  10.569  -0.0102
  164.5     5.84  10.595  -0.0109
  165.1     5.87  10.622  -0.0117
  165.7     5.88  10.648  -0.0146
  166.3     5.92  10.675  -0.0109
  167.0     5.95  10.702  -0.0113
  167.4     5.96  10.728  -0.0137
  168.0     5.95  10.755  -0.0158
  168.6     5.96  10.782  -0.0155
  169.2     5.98  10.809  -0.0169
  170.0     6.03  10.836  -0.0168
  170.5     6.05  10.862  -0.0140
  171.1     6.04  10.888  -0.0166
  171.7     6.08  10.915  -0.0156
  172.3     6.09  10.941  -0.0111
  172.9     6.08  10.968  -0.0159
  173.5     6.12  10.995  -0.0139
  174.1     6.13  11.021  -0.0161
  174.7     6.16  11.048  -0.0135
  175.3     6.21  11.075  -0.0155
  176.0     6.23  11.102  -0.0191
  176.6     6.25  11.128  -0.0153
  177.2     6.29  11.155  -0.0136
  177.8     6.31  11.181  -0.0158
  178.4     6.37  11.208  -0.0123
  179.0     6.41  11.234  -0.0116
  179.5     6.44  11.261  -0.0125
  180.2     6.45  11.287  -0.0116
  180.8     6.46  11.314  -0.0098
  181.4     6.49  11.341  -0.0106
  182.0     6.49  11.367  -0.0099
  182.6     6.55  11.394  -0.0130
  183.2     6.57  11.421  -0.0130
  183.8     6.60  11.447  -0.0147
  184.4     6.60  11.474  -0.0127
  185.0     6.64  11.501  -0.0113
  185.6     6.68  11.528  -0.0143
  186.2     6.67  11.554  -0.0159
  186.7     6.70  11.581  -0.0183
  187.4     6.75  11.608  -0.0127
  188.0     6.76  11.636  -0.0102
  188.7     6.81  11.663  -0.0092
  189.2     6.82  11.690  -0.0099
  189.9     6.86  11.716  -0.0109
  190.6     6.89  11.742  -0.0147
  191.2     6.93  11.769  -0.0157
  191.7     6.95  11.795  -0.0161
  192.3     6.98  11.823  -0.0169
  192.9     6.99  11.849  -0.0204
  193.5     6.98  11.877  -0.0180
  194.2     7.03  11.903  -0.0184
  194.8     7.07  11.929  -0.0219
  195.3     7.10  11.956  -0.0176
  196.0     7.12  11.983  -0.0182
  196.5     7.14  12.009  -0.0164
  197.1     7.16  12.035  -0.0187
  197.9     7.22  12.061  -0.0184
  198.3     7.25  12.088  -0.0186
  198.9     7.23  12.115  -0.0161
  199.5     7.27  12.141  -0.0159
  200.2     7.29  12.168  -0.0163
  200.8     7.35  12.194  -0.0202
  201.4     7.36  12.220  -0.0222
  201.9     7.37  12.247  -0.0201
  202.5     7.42  12.274  -0.0174
  203.2     7.44  12.300  -0.0230
  203.9     7.46  12.326  -0.0245
  204.4     7.45  12.353  -0.0246
  204.9     7.47  12.380  -0.0236
  205.5     7.51  12.406  -0.0247
  206.2     7.55  12.433  -0.0256
  206.8     7.57  12.459  -0.0265
  207.3     7.58  12.485  -0.0248
  208.0     7.67  12.512  -0.0237
  208.6     7.62  12.539  -0.0253
  209.3     7.65  12.566  -0.0224
  209.9     7.70  12.592  -0.0240
  210.4     7.76  12.619  -0.0265
  211.3     7.85  12.645  -0.0249
  211.8     7.82  12.672  -0.0196
  212.4     7.85  12.699  -0.0226
  213.0     7.81  12.725  -0.0213
  213.5     7.86  12.752  -0.0215
  214.2     7.89  12.778  -0.0272
  214.7     7.89  12.805  -0.0224
  215.3     7.88  12.832  -0.0225
  216.0     7.89  12.859  -0.0211
  216.6     7.91  12.885  -0.0205
  217.2     7.92  12.911  -0.0205
  217.7     7.94  12.938  -0.0189
  218.4     7.93  12.964  -0.0174
  219.0     7.97  12.990  -0.0159
  219.6     7.99  13.017  -0.0171
  220.2     8.02  13.044  -0.0190
  220.8     8.02  13.070  -0.0181
  221.5     8.07  13.097  -0.0235
  222.0     8.10  13.123  -0.0244
  222.7     8.08  13.149  -0.0249
  223.2     8.10  13.176  -0.0256
  223.8     8.10  13.202  -0.0290
  224.5     8.11  13.229  -0.0290
  225.0     8.10  13.256  -0.0290
  225.7     8.12  13.283  -0.0273
  226.3     8.13  13.309  -0.0265
  226.9     8.11  13.336  -0.0259
  227.4     8.15  13.363  -0.0290
  228.0     8.16  13.389  -0.0287
  228.6     8.14  13.416  -0.0322
  229.2     8.13  13.443  -0.0327
  229.8     8.17  13.469  -0.0329
  230.5     8.19  13.495  -0.0323
  231.0     8.18  13.522  -0.0323
  231.7     8.18  13.548  -0.0312
  232.2     8.17  13.575  -0.0297
  232.8     8.12  13.602  -0.0304
  233.5     8.18  13.628  -0.0301
  234.0     8.17  13.654  -0.0297
  234.7     8.23  13.682  -0.0319
  235.2     8.22  13.708  -0.0302
  235.8     8.20  13.735  -0.0260
  236.4     8.21  13.762  -0.0294
  237.0     8.18  13.789  -0.0288
  237.6     8.22  13.815  -0.0290
  238.2     8.23  13.842  -0.0309
  238.8     8.23  13.868  -0.0296
  239.4     8.20  13.895  -0.0282
  240.0     8.19  13.921  -0.0312
  240.5     8.20  13.947  -0.0359
  241.1     8.20  13.974  -0.0367
  241.6     8.19  14.001  -0.0362
  242.3     8.21  14.027  -0.0357
  242.9     8.18  14.054  -0.0390
  243.5     8.22  14.080  -0.0364
  244.1     8.21  14.107  -0.0358
  244.6     8.22  14.134  -0.0352
  245.2     8.22  14.160  -0.0361
  245.9     8.20  14.186  -0.0345
  246.3     8.20  14.213  -0.0325
  247.0     8.19  14.240  -0.0307
  247.6     8.19  14.267  -0.0348
  248.2     8.18  14.293  -0.0364
  248.7     8.20  14.320  -0.0387
  249.3     8.18  14.347  -0.0374
  249.9     8.20  14.374  -0.0349
  250.4     8.18  14.401  -0.0352
  251.0     8.15  14.427  -0.0364
  251.6     8.18  14.454  -0.0348
  252.2     8.17  14.481  -0.0388
  252.8     8.25  14.508  -0.0370
  253.4     8.14  14.534  -0.0372
  253.9     8.19  14.561  -0.0369
  254.6     8.25  14.587  -0.0385
  255.1     8.15  14.614  -0.0408
  255.8     8.18  14.640  -0.0395
  256.3     8.17  14.667  -0.0434
  256.9     8.18  14.694  -0.0403
  257.4     8.18  14.721  -0.0405
  258.1     8.19  14.747  -0.0419
  258.8     8.16  14.774  -0.0434
  259.2     8.14  14.801  -0.0446
  259.8     8.17  14.828  -0.0469
  260.4     8.18  14.854  -0.0472
  260.9     8.17  14.881  -0.0478
  261.6     8.16  14.908  -0.0525
  262.1     8.22  14.934  -0.0510
  262.8     8.16  14.961  -0.0489
  263.3     8.14  14.988  -0.0445
  263.9     8.13  15.015  -0.0457
  264.4     8.16  15.042  -0.0472
  265.1     8.15  15.069  -0.0479
  265.5     8.12  15.095  -0.0462
  266.2     8.14  15.122  -0.0442
  266.7     8.13  15.148  -0.0436
  267.3     8.14  15.176  -0.0421
  267.9     8.16  15.202  -0.0422
  268.4     8.14  15.229  -0.0434
  269.1     8.14  15.256  -0.0471
  269.7     8.17  15.283  -0.0473
  270.2     8.16  15.310  -0.0482
  270.8     8.16  15.337  -0.0494
  271.4     8.16  15.364  -0.0487
  272.0     8.16  15.391  -0.0504
  272.5     8.17  15.418  -0.0492
  273.1     8.19  15.445  -0.0464
  273.6     8.17  15.471  -0.0460
  274.3     8.18  15.499  -0.0469
  274.9     8.18  15.526  -0.0512
  275.5     8.17  15.552  -0.0519
  276.0     8.19  15.578  -0.0486
  276.5     8.17  15.605  -0.0558
  277.1     8.16  15.632  -0.0527
  277.8     8.19  15.659  -0.0563
  278.4     8.20  15.686  -0.0518
  278.9     8.21  15.712  -0.0503
  279.5     8.26  15.739  -0.0520
  280.1     8.19  15.766  -0.0505
  280.7     8.18  15.792  -0.0507
  281.3     8.22  15.819  -0.0493
  281.8     8.21  15.846  -0.0491
  282.4     8.21  15.873  -0.0489
  283.0     8.21  15.900  -0.0491
  283.5     8.20  15.927  -0.0516
  284.1     8.21  15.953  -0.0508
  284.7     8.19  15.980  -0.0486
  285.3     8.17  16.007  -0.0500
  285.7     8.19  16.033  -0.0525
  286.4     8.13  16.060  -0.0538
  287.0     8.19  16.087  -0.0541
  287.6     8.20  16.114  -0.0569
  288.2     8.14  16.141  -0.0586
  288.7     8.17  16.167  -0.0596
  289.4     8.20  16.194  -0.0597
  289.9     8.22  16.221  -0.0641
  290.5     8.20  16.248  -0.0600
  291.0     8.19  16.275  -0.0623
  291.6     8.21  16.302  -0.0624
  292.2     8.22  16.328  -0.0616
  292.7     8.16  16.355  -0.0651
  293.4     8.17  16.382  -0.0659
  293.9     8.18  16.409  -0.0660
  294.5     8.14  16.436  -0.0633
  295.0     8.14  16.462  -0.0629
  295.7     8.13  16.489  -0.0629
  296.3     8.16  16.517  -0.0635
  296.9     8.18  16.544  -0.0658
  297.4     8.17  16.570  -0.0675
  298.0     8.14  16.597  -0.0674
  298.5     8.17  16.624  -0.0670
  299.2     8.16  16.652  -0.0679
  299.8     8.17  16.678  -0.0701
  300.2     8.20  16.705  -0.0730
  300.9     8.14  16.732  -0.0728
  301.5     8.15  16.759  -0.0709
  302.1     8.18  16.785  -0.0731
  302.6     8.16  16.813  -0.0746
  303.1     8.15  16.840  -0.0737
  303.7     8.16  16.866  -0.0711
  304.3     8.13  16.893  -0.0718
  305.0     8.16  16.920  -0.0695
  305.6     8.16  16.947  -0.0729
  306.0     8.20  16.973  -0.0727
  306.6     8.18  17.000  -0.0700
  307.3     8.14  17.027  -0.0684
  307.9     8.16  17.054  -0.0700
  308.4     8.15  17.080  -0.0664
  309.0     8.17  17.107  -0.0631
  309.6     8.18  17.134  -0.0655
  310.1     8.18  17.160  -0.0659
  310.8     8.18  17.188  -0.0690
  311.4     8.19  17.218  -0.0678
  312.1     8.16  17.252  -0.0679
  312.9     8.20  17.281  -0.0679
  313.4     8.19  17.309  -0.0684
  314.0     8.19  17.336  -0.0698
  314.7     8.17  17.363  -0.0688
  315.2     8.19  17.390  -0.0692
  315.8     8.18  17.417  -0.0711
  316.4     8.17  17.445  -0.0673
  317.0     8.22  17.472  -0.0694
  317.5     8.18  17.499  -0.0702
  318.0     8.19  17.529  -0.0701
  318.9     8.20  17.562  -0.0717
  319.5     8.23  17.589  -0.0728
  320.2     8.23  17.616  -0.0732
  320.8     8.21  17.643  -0.0755
  321.3     8.21  17.670  -0.0789
  321.9     8.22  17.697  -0.0799
  322.6     8.25  17.724  -0.0763
  323.0     8.25  17.751  -0.0785
  323.6     8.22  17.778  -0.0773
  324.3     8.31  17.804  -0.0797
  324.8     8.25  17.832  -0.0792
  325.4     8.25  17.859  -0.0809
  326.1     8.23  17.886  -0.0832
  326.6     8.26  17.913  -0.0807
  327.2     8.24  17.940  -0.0801
  327.8     8.24  17.967  -0.0774
  328.4     8.25  17.993  -0.0782
  329.0     8.24  18.021  -0.0796
  329.6     8.26  18.048  -0.0788
  330.1     8.24  18.074  -0.0783
  330.7     8.25  18.101  -0.0778
  331.2     8.23  18.127  -0.0764
  331.9     8.25  18.154  -0.0804
  332.4     8.23  18.181  -0.0820
  333.0     8.23  18.208  -0.0802
  333.5     8.24  18.235  -0.0806
  334.2     8.26  18.263  -0.0797
  334.8     8.29  18.289  -0.0846
  335.3     8.28  18.316  -0.0811
  335.9     8.29  18.343  -0.0836
  336.5     8.28  18.370  -0.0801
  337.1     8.24  18.397  -0.0790
  337.5     8.25  18.424  -0.0800
  338.2     8.27  18.451  -0.0791
  338.7     8.24  18.478  -0.0821
  339.2     8.23  18.505  -0.0823
  339.9     8.24  18.532  -0.0808
  340.4     8.26  18.558  -0.0749
  341.0     8.23  18.585  -0.0797
  341.6     8.27  18.612  -0.0819
  342.1     8.23  18.639  -0.0819
  342.8     8.27  18.666  -0.0805
  343.4     8.28  18.693  -0.0808
  344.1     8.23  18.719  -0.0815
  344.5     8.25  18.747  -0.0811
  345.1     8.25  18.773  -0.0786
  345.7     8.25  18.800  -0.0818
  346.2     8.27  18.827  -0.0814
  346.8     8.29  18.854  -0.0813
  347.5     8.25  18.880  -0.0834
  348.0     8.24  18.907  -0.0843
  348.6     8.23  18.934  -0.0860
  349.1     8.23  18.961  -0.0862
  349.6     8.24  18.988  -0.0883
  350.2     8.24  19.015  -0.0866
  350.8     8.24  19.042  -0.0851
  351.3     8.21  19.069  -0.0860
  351.9     8.22  19.095  -0.0849
  352.5     8.20  19.122  -0.0813
  353.0     8.21  19.149  -0.0834
  353.6     8.21  19.176  -0.0852
  354.2     8.22  19.203  -0.0851
  354.7     8.22  19.229  -0.0870
  355.3     8.17  19.257  -0.0850
  355.8     8.19  19.284  -0.0835
  356.4     8.21  19.311  -0.0837
  356.9     8.18  19.338  -0.0821
  357.4     8.19  19.365  -0.0819
  358.1     8.26  19.391  -0.0847
  358.7     8.21  19.418  -0.0845
  359.3     8.20  19.445  -0.0838
  359.8     8.18  19.472  -0.0828
  360.3     8.18  19.499  -0.0840
  360.9     8.18  19.526  -0.0874
  361.4     8.17  19.553  -0.0909
  362.0     8.15  19.580  -0.0899
  362.4     8.18  19.607  -0.0912
  363.1     8.16  19.633  -0.0901
  363.7     8.18  19.660  -0.0866
  364.2     8.19  19.688  -0.0902
  364.7     8.16  19.715  -0.0911
  365.4     8.15  19.741  -0.0880
  365.8     8.16  19.768  -0.0838
  366.4     8.14  19.795  -0.0856
  367.0     8.13  19.822  -0.0878
  367.5     8.14  19.849  -0.0859
  368.1     8.15  19.876  -0.0872
  368.7     8.12  19.903  -0.0858
  369.3     8.12  19.929  -0.0873
  369.7     8.13  19.956  -0.0834
  370.3     8.14  19.983  -0.0834
  370.8     8.13  20.010  -0.0810
  371.5     8.11  20.037  -0.0843
  372.0     8.12  20.064  -0.0830
  372.5     8.09  20.090  -0.0841
  373.1     8.09  20.117  -0.0840
  373.6     8.10  20.144  -0.0836
  374.2     8.10  20.171  -0.0801
  374.8     8.08  20.198  -0.0663
  375.3     8.15  20.224  -0.0672
  375.9     8.09  20.252  -0.0697
  376.6     8.19  20.279  -0.0705
  377.2     8.22  20.306  -0.0776
  377.8     8.32  20.333  -0.0770
  378.3     8.26  20.360  -0.0796
  378.7     8.17  20.387  -0.0732
  379.2     8.13  20.414  -0.0687
  379.8     8.14  20.441  -0.0721
  380.3     8.13  20.467  -0.0735
  381.0     8.12  20.494  -0.0719
  381.4     8.13  20.521  -0.0693
  382.0     8.10  20.548  -0.0719
  382.5     8.10  20.575  -0.0725
  383.1     8.11  20.601  -0.0729
  383.7     8.09  20.628  -0.0695
  384.2     8.10  20.655  -0.0695
  384.8     8.09  20.682  -0.0717
  385.3     8.08  20.709  -0.0723
  385.9     8.08  20.736  -0.0732
  386.5     8.09  20.763  -0.0749
  387.0     8.04  20.790  -0.0763
  387.5     8.04  20.816  -0.0776
  388.1     8.04  20.843  -0.0756
  388.5     8.04  20.870  -0.0792
  389.2     8.04  20.897  -0.0782
  389.7     8.00  20.924  -0.0770
  390.2     7.88  20.950  -0.0726
  390.7     7.86  20.977  -0.0828
  391.2     7.95  21.004  -0.0915
  391.9     7.95  21.031  -0.0896
  392.4     7.92  21.058  -0.0818
  393.0     7.90  21.085  -0.0844
  393.4     7.88  21.111  -0.0897
  394.0     7.89  21.138  -0.0890
  394.5     7.88  21.166  -0.0851
  395.1     7.87  21.192  -0.0853
  395.6     7.87  21.219  -0.0894
  396.2     7.87  21.247  -0.0876
  396.8     7.83  21.274  -0.0884
  397.4     7.88  21.300  -0.0899
  397.9     7.84  21.327  -0.0899
  398.4     7.81  21.354  -0.0916
  399.0     7.81  21.381  -0.0940
  399.4     7.80  21.408  -0.0935
  400.1     7.80  21.435  -0.0952
  400.6     7.79  21.462  -0.0921
  401.3     7.79  21.489  -0.0903
  401.7     7.77  21.516  -0.0951
  402.4     7.78  21.543  -0.0976
  402.8     7.78  21.570  -0.0974
  403.3     7.74  21.596  -0.0995
  404.0     7.72  21.625  -0.0961
  404.5     7.72  21.651  -0.0945
  405.1     7.70  21.679  -0.0933
  405.6     7.70  21.706  -0.0948
  406.2     7.70  21.732  -0.0938
  406.7     7.70  21.759  -0.0955
  407.3     7.65  21.786  -0.0956
  407.9     7.68  21.813  -0.0955
  408.5     7.69  21.840  -0.0946
  409.0     7.69  21.867  -0.0944
  409.5     7.68  21.894  -0.0952
  410.1     7.72  21.921  -0.0975
  410.7     7.75  21.948  -0.0947
  411.3     7.70  21.975  -0.0925
  411.7     7.68  22.002  -0.0918
  412.5     7.68  22.029  -0.0935
  412.9     7.67  22.056  -0.0950
  413.5     7.66  22.083  -0.0963
  414.1     7.67  22.109  -0.0958
  414.6     7.67  22.136  -0.0964
  415.1     7.65  22.163  -0.0953
  415.7     7.64  22.191  -0.0919
  416.2     7.62  22.218  -0.0932
  416.9     7.62  22.245  -0.0908
  417.4     7.60  22.272  -0.0889
  417.9     7.62  22.299  -0.0935
  418.5     7.65  22.325  -0.0935
  419.0     7.61  22.352  -0.0940
  419.6     7.59  22.379  -0.0936
  420.2     7.59  22.406  -0.0964
  420.8     7.60  22.433  -0.0959
  421.4     7.59  22.460  -0.0953
  421.8     7.60  22.487  -0.0958
  422.4     7.58  22.513  -0.0913
  422.9     7.58  22.540  -0.0909
  423.5     7.55  22.567  -0.0920
  424.2     7.59  22.595  -0.0948
  424.7     7.57  22.622  -0.0934
  425.1     7.58  22.648  -0.0926
  425.9     7.54  22.675  -0.0935
  426.4     7.58  22.702  -0.0932
  426.9     7.54  22.729  -0.0947
  427.5     7.52  22.756  -0.0968
  428.0     7.53  22.783  -0.0991
  428.6     7.55  22.809  -0.0967
  429.2     7.52  22.836  -0.0994
  429.7     7.52  22.863  -0.0970
  430.3     7.46  22.890  -0.0916
  430.9     7.49  22.917  -0.0919
  431.5     7.50  22.944  -0.0951
  431.9     7.47  22.971  -0.0982
  432.6     7.50  22.997  -0.0965
  433.0     7.46  23.024  -0.0974
  433.6     7.41  23.051  -0.0949
  434.1     7.46  23.078  -0.0969
  434.7     7.42  23.104  -0.0977
  435.1     7.42  23.131  -0.0975
  435.8     7.41  23.158  -0.0960
  436.3     7.38  23.186  -0.0970
  436.8     7.39  23.212  -0.0981
  437.4     7.40  23.240  -0.0968
  437.9     7.34  23.267  -0.1015
  438.5     7.35  23.294  -0.1007
  439.0     7.32  23.320  -0.1018
  439.6     7.33  23.347  -0.1065
  440.2     7.30  23.374  -0.1049
  440.6     7.28  23.401  -0.1059
  441.2     7.27  23.428  -0.1027
  441.7     7.26  23.454  -0.1053
  442.5     7.26  23.481  -0.1025
  442.9     7.27  23.509  -0.1012
  443.4     7.25  23.535  -0.1008
  444.0     7.26  23.562  -0.1021
  444.5     7.20  23.589  -0.0962
  445.0     7.24  23.616  -0.0998
  445.6     7.24  23.642  -0.0986
  446.2     7.23  23.669  -0.1013
  446.7     7.21  23.696  -0.0973
  447.3     7.20  23.723  -0.0971
  447.7     7.18  23.750  -0.0990
  448.3     7.17  23.777  -0.1001
  448.8     7.17  23.803  -0.0986
  449.5     7.15  23.830  -0.1001
  450.1     7.13  23.857  -0.1036
  450.5     7.12  23.884  -0.1022
  451.0     7.10  23.911  -0.0992
  451.6     7.09  23.937  -0.1047
  452.1     7.10  23.964  -0.1048
  452.7     7.10  23.991  -0.1039
  453.3     7.08  24.017  -0.1035
  453.8     7.08  24.044  -0.0968
  454.2     7.05  24.071  -0.1024
  454.8     7.03  24.098  -0.1028
  455.4     7.00  24.124  -0.0988
  455.9     7.03  24.152  -0.1011
  456.5     7.03  24.179  -0.0984
  457.1     7.03  24.206  -0.0969
  457.6     7.01  24.233  -0.0999
  458.1     6.97  24.260  -0.0983
  458.7     6.98  24.287  -0.1003
  459.3     6.96  24.314  -0.1039
  459.8     6.95  24.341  -0.1039
  460.4     6.96  24.368  -0.1038
  460.8     6.93  24.395  -0.1094
  461.4     6.90  24.422  -0.1041
  462.0     6.89  24.448  -0.1012
  462.4     6.91  24.475  -0.1015
  463.1     6.91  24.502  -0.1026
  463.5     6.92  24.529  -0.1034
  464.1     6.93  24.556  -0.1023
  464.6     6.89  24.583  -0.1046
  465.2     6.86  24.609  -0.1061
  465.7     6.86  24.636  -0.1070
  466.3     6.87  24.663  -0.1122
  466.9     6.88  24.690  -0.1117
  467.4     6.86  24.717  -0.1048
  467.9     6.86  24.743  -0.1067
  468.5     6.89  24.771  -0.1031
  469.0     6.82  24.798  -0.1050
  469.6     6.86  24.824  -0.1029
  470.1     6.85  24.851  -0.1056
  470.6     6.84  24.878  -0.1033
  471.3     6.80  24.905  -0.1042
  471.6     6.81  24.931  -0.1016
  472.3     6.82  24.958  -0.1054
  472.8     6.77  24.985  -0.1089
  473.3     6.78  25.012  -0.1072
  473.8     6.79  25.039  -0.1081
  474.5     6.80  25.065  -0.1110
  475.0     6.81  25.092  -0.1133
  475.5     6.78  25.119  -0.1115
  476.0     6.78  25.146  -0.1140
  476.6     6.82  25.174  -0.1141
  477.3     6.76  25.201  -0.1142
  477.7     6.74  25.227  -0.1162
  478.3     6.79  25.255  -0.1160
  478.9     6.79  25.282  -0.1179
  479.5     6.75  25.310  -0.1155
  480.0     6.74  25.337  -0.1099
  480.5     6.72  25.364  -0.1148
  481.0     6.75  25.391  -0.1171
  481.6     6.71  25.418  -0.1140
  482.2     6.69  25.445  -0.1142
  482.8     6.72  25.472  -0.1111
  483.4     6.70  25.499  -0.1096
  483.8     6.72  25.526  -0.1104
  484.4     6.73  25.553  -0.1134
  484.9     6.70  25.580  -0.1153
  485.6     6.71  25.607  -0.1132
  486.1     6.73  25.633  -0.1133
  486.6     6.68  25.660  -0.1182
  487.3     6.70  25.687  -0.1144
  487.7     6.69  25.714  -0.1139
  488.3     6.73  25.741  -0.1140
  488.8     6.68  25.767  -0.1097
  489.4     6.70  25.794  -0.1122
  490.0     6.69  25.821  -0.1131
  490.5     6.66  25.848  -0.1120
  491.1     6.63  25.875  -0.1095
  491.6     6.63  25.902  -0.1084
  492.1     6.68  25.929  -0.1050
  492.7     6.66  25.955  -0.1044
  493.2     6.61  25.982  -0.1089
  493.7     6.65  26.009  -0.1112
  494.3     6.65  26.036  -0.1134
  494.9     6.65  26.063  -0.1106
  495.4     6.63  26.090  -0.1085
  495.9     6.63  26.117  -0.1071
  496.5     6.60  26.143  -0.1116
  497.0     6.63  26.171  -0.1146
  497.5     6.58  26.197  -0.1125
  498.1     6.60  26.224  -0.1125
  498.6     6.56  26.252  -0.1113
  499.2     6.54  26.279  -0.1090
  499.8     6.53  26.306  -0.1121
  500.4     6.58  26.334  -0.1128
