   21.4     2.41   0.027   0.0013
   21.8     2.51   0.053  -0.0023
   22.2     2.54   0.079  -0.0053
   22.5     2.65   0.105   0.0020
   23.0     2.69   0.132   0.0035
   23.4     2.76   0.158   0.0030
   23.7     2.85   0.185   0.0017
   24.2     2.89   0.211  -0.0010
   24.6     2.95   0.238   0.0004
   25.1     3.03   0.265  -0.0022
   25.4     3.07   0.291   0.0028
   25.9     3.09   0.317   0.0082
   26.3     3.19   0.344   0.0038
   26.8     3.24   0.370  -0.0012
   27.1     3.30   0.396  -0.0002
   27.5     3.37   0.423  -0.0031
   28.0     3.43   0.449  -0.0039
   28.4     3.48   0.475  -0.0013
   28.8     3.56   0.502  -0.0002
   29.3     3.62   0.528  -0.0036
   29.6     3.67   0.555  -0.0037
   30.1     3.72   0.582  -0.0031
   30.5     3.75   0.608  -0.0043
   31.0     3.81   0.634  -0.0019
   31.3     3.85   0.661  -0.0049
   31.8     3.91   0.687  -0.0049
   32.1     3.97   0.714  -0.0036
   32.5     4.03   0.740  -0.0035
   32.9     4.05   0.766  -0.0038
   33.4     4.07   0.792  -0.0013
   33.7     4.14   0.819  -0.0026
   34.2     4.17   0.845  -0.0009
   34.5     4.23   0.872  -0.0016
   34.9     4.26   0.898  -0.0044
   35.3     4.29   0.924  -0.0063
   35.8     4.31   0.951  -0.0043
   36.1     4.33   0.977  -0.0058
   36.5     4.37   1.004  -0.0055
   36.9     4.44   1.030  -0.0034
   37.3     4.47   1.057  -0.0074
   37.6     4.50   1.083  -0.0078
   38.0     4.52   1.109  -0.0040
   38.4     4.54   1.136  -0.0054
   38.7     4.58   1.162  -0.0068
   39.1     4.59   1.189  -0.0061
   39.5     4.62   1.216  -0.0029
   39.9     4.64   1.242  -0.0062
   40.3     4.67   1.268  -0.0097
   40.5     4.71   1.295  -0.0087
   40.9     4.72   1.322  -0.0092
   41.2     4.75   1.348  -0.0106
   41.6     4.75   1.374  -0.0097
   42.0     4.77   1.401  -0.0032
   42.3     4.78   1.428  -0.0069
   42.7     4.82   1.454  -0.0072
   43.1     4.84   1.480  -0.0089
   43.4     4.86   1.507  -0.0087
   43.6     4.87   1.534  -0.0077
   43.9     4.91   1.560  -0.0098
   44.3     4.88   1.586  -0.0123
   44.7     4.88   1.613  -0.0088
   45.0     4.88   1.639  -0.0080
   45.3     4.91   1.666  -0.0084
   45.6     4.93   1.692  -0.0073
   46.0     4.96   1.719  -0.0047
   46.3     4.97   1.745  -0.0067
   46.6     4.96   1.771  -0.0075
   46.9     4.99   1.798  -0.0084
   47.2     4.98   1.824  -0.0044
   47.6     4.99   1.851  -0.0033
   47.9     4.96   1.877  -0.0022
   48.1     4.97   1.904  -0.0009
   48.5     4.97   1.930  -0.0057
   48.7     4.96   1.957  -0.0054
   49.0     4.98   1.983  -0.0044
   49.3     5.00   2.009  -0.0002
   49.6     4.98   2.036  -0.0021
   50.0     5.00   2.062  -0.0047
   50.1     4.98   2.089  -0.0066
   50.4     4.99   2.115  -0.0052
   50.7     4.97   2.141  -0.0034
   50.9     4.98   2.168   0.0013
   51.3     5.01   2.194   0.0033
   51.5     5.00   2.221   0.0006
   52.0     4.98   2.247   0.0036
   52.1     4.99   2.274   0.0045
   52.3     4.97   2.300   0.0028
   52.6     4.98   2.327  -0.0013
   52.9     4.99   2.353   0.0030
   53.1     4.96   2.379   0.0042
   53.3     4.95   2.406   0.0061
   53.6     4.94   2.433   0.0030
   53.9     4.93   2.459   0.0021
   54.2     4.91   2.485  -0.0013
   54.5     4.89   2.512  -0.0015
   54.6     4.91   2.538   0.0020
   54.8     4.91   2.565   0.0021
   55.2     4.84   2.591   0.0009
   55.4     4.88   2.617   0.0006
   55.6     4.89   2.644  -0.0026
   55.9     4.88   2.671   0.0007
   56.1     4.87   2.697   0.0061
   56.4     4.85   2.723   0.0041
   56.5     4.84   2.750   0.0049
   56.7     4.83   2.777   0.0020
   57.0     4.82   2.803   0.0031
   57.2     4.81   2.830   0.0070
   57.5     4.82   2.856   0.0033
   57.6     4.77   2.882   0.0055
   57.8     4.79   2.909   0.0045
   58.1     4.76   2.935   0.0014
   58.3     4.76   2.961   0.0030
   58.6     4.78   2.988   0.0028
   58.8     4.74   3.014   0.0010
   58.9     4.76   3.041   0.0022
   59.1     4.71   3.067   0.0053
   59.3     4.71   3.093   0.0056
   59.6     4.71   3.120   0.0055
   59.7     4.66   3.147   0.0020
   59.9     4.66   3.173  -0.0000
   60.2     4.66   3.199  -0.0044
   60.4     4.63   3.227  -0.0053
   60.4     4.62   3.253  -0.0068
   60.8     4.61   3.280  -0.0066
   60.9     4.58   3.306  -0.0031
   61.2     4.61   3.332  -0.0041
   61.3     4.57   3.359  -0.0020
   61.5     4.54   3.385  -0.0033
   61.6     4.52   3.412  -0.0026
   61.8     4.53   3.438   0.0010
   62.0     4.51   3.465  -0.0042
   62.2     4.50   3.491  -0.0052
   62.3     4.45   3.518   0.0004
   62.5     4.43   3.544  -0.0004
   62.7     4.43   3.571  -0.0016
   62.8     4.43   3.597  -0.0051
   63.0     4.41   3.623  -0.0021
   63.2     4.41   3.649  -0.0047
   63.4     4.38   3.677  -0.0022
   63.6     4.34   3.703  -0.0022
   63.7     4.35   3.729  -0.0028
   63.8     4.32   3.755  -0.0008
   64.0     4.29   3.782   0.0009
   64.2     4.28   3.808  -0.0031
   64.3     4.26   3.835  -0.0022
   64.4     4.27   3.861  -0.0072
   64.6     4.24   3.888  -0.0052
   64.8     4.22   3.914  -0.0007
   65.0     4.20   3.940   0.0005
   65.0     4.20   3.967   0.0004
   65.2     4.18   3.993  -0.0038
   65.3     4.14   4.020  -0.0046
   65.5     4.13   4.046  -0.0031
   65.7     4.14   4.072   0.0008
   65.7     4.14   4.099   0.0040
   65.9     4.08   4.125  -0.0026
   66.1     4.08   4.152  -0.0040
   66.3     4.08   4.178  -0.0037
   66.3     4.05   4.205  -0.0000
   66.5     4.02   4.232   0.0007
   66.7     4.04   4.259  -0.0043
   66.7     4.00   4.285   0.0028
   66.9     3.98   4.312   0.0055
   67.0     3.97   4.338   0.0020
   67.2     3.95   4.364  -0.0018
   67.2     3.93   4.391  -0.0054
   67.3     3.89   4.417   0.0009
   67.3     3.90   4.443  -0.0018
   67.7     3.88   4.470  -0.0021
   67.7     3.87   4.496  -0.0042
   67.8     3.84   4.523  -0.0008
   67.9     3.83   4.549  -0.0017
   68.1     3.82   4.576  -0.0025
   68.1     3.77   4.602   0.0021
   68.3     3.77   4.629  -0.0007
   68.4     3.71   4.655   0.0014
   68.6     3.75   4.682   0.0003
   68.6     3.73   4.708  -0.0002
   68.8     3.71   4.734  -0.0011
   69.0     3.67   4.761   0.0008
   69.1     3.67   4.787  -0.0019
   69.0     3.66   4.813  -0.0057
   69.3     3.64   4.840  -0.0021
   69.3     3.61   4.866  -0.0032
   69.4     3.59   4.892  -0.0024
   69.5     3.56   4.918  -0.0064
   69.6     3.58   4.945  -0.0056
   69.8     3.52   4.971  -0.0031
   69.8     3.52   4.998  -0.0025
   69.9     3.47   5.024  -0.0023
   70.0     3.49   5.051  -0.0033
   70.1     3.47   5.077  -0.0032
   70.3     3.44   5.103  -0.0013
   70.3     3.41   5.130  -0.0074
   70.4     3.41   5.156  -0.0045
   70.5     3.39   5.183  -0.0017
   70.6     3.35   5.209  -0.0025
   70.6     3.34   5.236  -0.0025
   70.8     3.34   5.263  -0.0038
   70.8     3.32   5.289  -0.0034
   71.0     3.28   5.315  -0.0020
   71.1     3.30   5.342  -0.0005
   71.0     3.24   5.368  -0.0030
   71.2     3.24   5.395  -0.0052
   71.3     3.24   5.421  -0.0059
   71.4     3.20   5.447  -0.0032
   71.5     3.18   5.474  -0.0034
   71.6     3.18   5.501  -0.0044
   71.6     3.17   5.527  -0.0036
   71.8     3.14   5.553  -0.0026
   71.8     3.13   5.579   0.0005
   71.9     3.09   5.606   0.0033
   71.9     3.10   5.632   0.0022
   72.0     3.07   5.659   0.0022
   72.0     3.05   5.685   0.0006
   72.2     3.05   5.711  -0.0000
   72.3     3.04   5.738   0.0007
   72.2     3.00   5.764   0.0002
   72.4     2.98   5.791  -0.0014
   72.4     2.96   5.817   0.0030
   72.4     2.97   5.843   0.0044
   72.6     2.94   5.870  -0.0004
   72.8     2.92   5.896   0.0024
   72.8     2.89   5.922   0.0035
   72.8     2.90   5.948   0.0007
   72.9     2.87   5.975   0.0045
   72.9     2.82   6.001   0.0024
   73.0     2.82   6.028   0.0046
   73.1     2.81   6.054   0.0051
   73.1     2.78   6.081   0.0049
   73.2     2.79   6.108   0.0027
   73.3     2.75   6.134  -0.0006
   73.4     2.77   6.161   0.0026
   73.4     2.75   6.187  -0.0009
   73.5     2.74   6.214  -0.0019
   73.6     2.70   6.241  -0.0024
   73.6     2.67   6.267  -0.0031
   73.7     2.68   6.293  -0.0047
   73.6     2.66   6.320  -0.0061
   73.8     2.65   6.346  -0.0055
   73.9     2.66   6.372  -0.0086
   73.9     2.59   6.399  -0.0051
   73.9     2.59   6.425  -0.0075
   74.0     2.59   6.452  -0.0030
   74.0     2.56   6.479  -0.0024
   74.2     2.53   6.505  -0.0045
   74.2     2.57   6.532  -0.0039
   74.2     2.54   6.558  -0.0011
   74.1     2.50   6.584  -0.0048
   74.4     2.47   6.610  -0.0042
   74.4     2.46   6.637  -0.0057
   74.4     2.45   6.663  -0.0018
   74.5     2.45   6.690  -0.0029
   74.6     2.41   6.716  -0.0049
   74.6     2.44   6.742  -0.0020
   74.6     2.40   6.769  -0.0024
   74.8     2.38   6.795   0.0003
   74.7     2.38   6.822  -0.0020
   74.8     2.36   6.848  -0.0012
   74.9     2.34   6.874  -0.0018
   74.9     2.36   6.901  -0.0024
   74.9     2.34   6.927  -0.0018
   75.0     2.32   6.953  -0.0032
   75.0     2.30   6.980  -0.0017
   75.0     2.27   7.007  -0.0037
   75.1     2.27   7.033  -0.0043
   75.2     2.24   7.059  -0.0032
   75.1     2.23   7.085  -0.0040
   75.3     2.27   7.112  -0.0062
   75.2     2.23   7.138  -0.0067
   75.4     2.23   7.165  -0.0044
   75.5     2.18   7.191  -0.0022
   75.4     2.21   7.218  -0.0039
   75.5     2.18   7.244  -0.0016
   75.5     2.15   7.271   0.0022
   75.5     2.14   7.297  -0.0000
   75.6     2.12   7.323  -0.0013
   75.6     2.13   7.349   0.0019
   75.6     2.10   7.376   0.0012
   75.7     2.07   7.402   0.0029
   75.7     2.06   7.429   0.0047
   75.7     2.05   7.455   0.0023
   75.7     2.00   7.482   0.0078
   75.8     2.01   7.509   0.0080
   75.8     2.03   7.535   0.0029
   75.9     2.00   7.562   0.0043
   75.9     1.98   7.588   0.0015
   75.9     1.99   7.615   0.0030
   75.9     1.97   7.641   0.0007
   76.0     1.97   7.668   0.0006
   76.0     1.94   7.694   0.0046
   76.0     1.95   7.720   0.0046
   76.1     1.91   7.747   0.0050
   76.1     1.92   7.773   0.0058
   76.2     1.89   7.800   0.0037
   76.1     1.87   7.826   0.0071
   76.2     1.86   7.853   0.0057
   76.2     1.84   7.879   0.0075
   76.3     1.80   7.905   0.0080
   76.3     1.81   7.932   0.0097
   76.3     1.79   7.959   0.0090
   76.3     1.77   7.985   0.0097
   76.4     1.76   8.011   0.0104
   76.4     1.76   8.038   0.0087
   76.4     1.75   8.064   0.0061
   76.4     1.73   8.090   0.0033
   76.4     1.75   8.116   0.0044
   76.5     1.74   8.143   0.0059
   76.5     1.73   8.169   0.0036
   76.5     1.70   8.196   0.0002
   76.5     1.72   8.223   0.0000
   76.6     1.69   8.249   0.0019
   76.6     1.71   8.276  -0.0007
   76.6     1.70   8.302  -0.0012
   76.6     1.67   8.329   0.0008
   76.7     1.67   8.355  -0.0010
   76.7     1.63   8.382   0.0012
   76.6     1.61   8.408   0.0058
   76.8     1.63   8.434   0.0032
   76.7     1.62   8.460   0.0031
   76.8     1.60   8.487   0.0016
   76.8     1.55   8.513   0.0060
   76.9     1.54   8.540   0.0015
   77.0     1.57   8.566  -0.0006
   76.9     1.57   8.592   0.0041
   76.9     1.56   8.618   0.0057
   76.9     1.54   8.645   0.0052
   77.0     1.52   8.671   0.0070
   76.9     1.50   8.698   0.0081
   76.9     1.53   8.724   0.0136
   76.9     1.52   8.751   0.0105
   76.9     1.50   8.777   0.0099
   77.0     1.49   8.803   0.0090
   77.1     1.45   8.829   0.0100
   77.1     1.49   8.856   0.0092
   77.1     1.45   8.882   0.0107
   77.1     1.44   8.908   0.0080
   77.1     1.46   8.935   0.0073
   77.1     1.43   8.961   0.0072
   77.1     1.40   8.988   0.0043
   77.2     1.40   9.014   0.0031
   77.2     1.39   9.041   0.0056
   77.2     1.38   9.067   0.0038
   77.2     1.39   9.094   0.0083
   77.2     1.34   9.120   0.0063
   77.2     1.36   9.147   0.0055
   77.2     1.35   9.173   0.0044
   77.3     1.36   9.200   0.0014
   77.3     1.34   9.227  -0.0003
   77.4     1.36   9.253   0.0028
   77.2     1.35   9.280   0.0019
   77.3     1.30   9.306   0.0028
   77.3     1.28   9.332   0.0045
   77.4     1.29   9.359   0.0025
   77.3     1.30   9.386   0.0016
   77.3     1.30   9.412   0.0023
   77.3     1.26   9.438   0.0029
   77.4     1.28   9.465   0.0061
   77.4     1.25   9.491   0.0089
   77.4     1.25   9.518   0.0093
   77.4     1.22   9.544   0.0070
   77.4     1.24   9.571   0.0064
   77.4     1.21   9.597   0.0090
   77.5     1.21   9.623   0.0099
   77.5     1.19   9.650   0.0103
   77.5     1.23   9.676   0.0078
   77.5     1.22   9.702   0.0095
   77.5     1.19   9.729   0.0107
   77.5     1.19   9.755   0.0116
   77.5     1.16   9.781   0.0116
   77.5     1.18   9.808   0.0102
   77.6     1.14   9.834   0.0085
   77.6     1.16   9.860   0.0102
   77.6     1.16   9.887   0.0111
   77.5     1.12   9.914   0.0132
   77.6     1.14   9.941   0.0116
   77.7     1.12   9.967   0.0099
   77.6     1.13   9.994   0.0059
   77.6     1.10  10.020   0.0078
   77.7     1.12  10.047   0.0073
   77.6     1.10  10.073   0.0072
   77.6     1.10  10.100   0.0068
   77.7     1.09  10.126   0.0064
   77.6     1.06  10.153   0.0097
   77.6     1.05  10.179   0.0143
   77.6     1.06  10.205   0.0155
   77.7     1.09  10.233   0.0142
   77.7     1.09  10.259   0.0134
   77.6     1.09  10.285   0.0157
   77.6     1.07  10.312   0.0117
   77.7     1.04  10.339   0.0122
   77.7     1.02  10.365   0.0104
   77.7     1.04  10.391   0.0099
   77.8     1.04  10.418   0.0121
   77.8     1.03  10.444   0.0095
   77.7     1.03  10.471   0.0123
   77.6     1.03  10.498   0.0099
   77.6     1.05  10.524   0.0089
   77.8     1.02  10.551   0.0105
   77.7     1.02  10.577   0.0105
   77.8     1.00  10.603   0.0111
   77.8     1.00  10.629   0.0130
   77.7     0.98  10.656   0.0126
   77.8     0.99  10.682   0.0107
   77.6     1.00  10.709   0.0108
   77.8     0.99  10.735   0.0074
   77.8     0.99  10.761   0.0100
   77.7     0.96  10.788   0.0077
   77.7     0.98  10.814   0.0076
   77.8     0.98  10.840   0.0094
   77.8     0.97  10.867   0.0084
   77.8     0.94  10.893   0.0076
   77.8     0.96  10.920   0.0068
   77.8     0.92  10.946   0.0083
   77.8     0.94  10.973   0.0099
   77.8     0.95  10.999   0.0084
   77.8     0.94  11.026   0.0080
   77.8     0.92  11.052   0.0110
   77.8     0.92  11.078   0.0070
   77.8     0.94  11.105   0.0034
   77.8     0.95  11.131   0.0069
   77.9     0.94  11.157   0.0056
   77.9     0.93  11.184   0.0059
   77.9     0.93  11.211   0.0037
   77.9     0.93  11.238   0.0042
   77.8     0.89  11.265   0.0059
   77.7     0.89  11.291   0.0046
   77.8     0.93  11.317   0.0078
   77.8     0.90  11.344   0.0062
   77.9     0.90  11.370   0.0054
   77.8     0.90  11.397   0.0063
   77.9     0.91  11.423   0.0034
   77.8     0.88  11.449   0.0079
   77.8     0.89  11.476   0.0096
   77.8     0.91  11.502   0.0075
   77.8     0.89  11.528   0.0041
   77.7     0.88  11.555   0.0057
   77.7     0.85  11.582   0.0054
   77.7     0.88  11.608   0.0089
   77.9     0.86  11.634   0.0055
   77.8     0.88  11.661   0.0060
   77.8     0.85  11.687   0.0064
   77.8     0.87  11.714   0.0084
   77.8     0.80  11.740   0.0098
   77.7     0.85  11.766   0.0025
   77.7     0.83  11.792   0.0019
   77.8     0.82  11.819   0.0017
   77.8     0.83  11.845   0.0030
   77.8     0.81  11.871   0.0030
   77.8     0.83  11.898   0.0050
   77.7     0.81  11.924   0.0054
   77.8     0.81  11.951   0.0052
   77.9     0.81  11.977  -0.0031
   77.7     0.82  12.004  -0.0001
   77.8     0.80  12.030   0.0039
   77.8     0.82  12.057   0.0032
   77.8     0.83  12.083   0.0041
   77.8     0.82  12.110  -0.0076
   77.7     0.78  12.136  -0.0026
   77.8     0.79  12.163   0.0004
   77.9     0.77  12.189   0.0020
   77.8     0.78  12.216   0.0021
   77.7     0.78  12.242   0.0031
   77.7     0.76  12.268   0.0038
   77.7     0.76  12.295  -0.0028
   77.8     0.77  12.321  -0.0011
   77.7     0.79  12.348   0.0008
   77.6     0.74  12.374   0.0058
   77.8     0.74  12.401   0.0042
   77.6     0.74  12.427  -0.0019
   77.6     0.74  12.454  -0.0063
   77.7     0.72  12.480  -0.0089
   77.7     0.72  12.507  -0.0091
   77.7     0.71  12.533  -0.0048
   77.7     0.70  12.559  -0.0038
   77.6     0.71  12.586  -0.0073
   77.7     0.73  12.612  -0.0095
   77.7     0.73  12.638  -0.0019
   77.6     0.73  12.665   0.0017
   77.7     0.74  12.692  -0.0006
   77.6     0.73  12.718   0.0008
   77.7     0.74  12.745   0.0036
   77.7     0.74  12.771   0.0016
   77.6     0.72  12.798   0.0039
   77.6     0.72  12.824   0.0047
   77.7     0.70  12.851   0.0062
   77.7     0.70  12.877   0.0061
   77.6     0.70  12.903   0.0048
   77.7     0.73  12.930   0.0041
   77.7     0.70  12.956   0.0016
   77.5     0.72  12.983   0.0016
   77.6     0.70  13.009  -0.0001
   77.6     0.72  13.035  -0.0004
   77.6     0.70  13.063  -0.0017
   77.6     0.69  13.089   0.0023
   77.6     0.71  13.115   0.0040
   77.6     0.69  13.142   0.0052
   77.6     0.71  13.168   0.0052
   77.6     0.71  13.195   0.0055
   77.7     0.70  13.222   0.0051
   77.5     0.69  13.248   0.0070
   77.6     0.68  13.274   0.0059
   77.6     0.73  13.301   0.0082
   77.7     0.71  13.327   0.0103
   77.6     0.69  13.353   0.0100
   77.5     0.69  13.380   0.0098
   77.6     0.68  13.406   0.0096
   77.6     0.68  13.432   0.0080
   77.5     0.68  13.459   0.0072
   77.6     0.67  13.485   0.0076
   77.5     0.68  13.511   0.0128
   77.6     0.69  13.538   0.0101
   77.5     0.66  13.564   0.0095
   77.6     0.66  13.590   0.0093
   77.5     0.68  13.617   0.0085
   77.4     0.69  13.643   0.0064
   77.5     0.69  13.670   0.0088
   77.5     0.66  13.696   0.0085
   77.5     0.69  13.722   0.0131
   77.5     0.65  13.748   0.0131
   77.5     0.66  13.775   0.0139
   77.4     0.66  13.802   0.0156
   77.3     0.67  13.828   0.0152
   77.5     0.66  13.855   0.0126
   77.4     0.65  13.881   0.0096
   77.5     0.64  13.907   0.0089
   77.4     0.67  13.934   0.0078
   77.4     0.66  13.960   0.0062
   77.5     0.65  13.987   0.0088
   77.4     0.67  14.014   0.0103
   77.4     0.67  14.040   0.0068
   77.5     0.65  14.066   0.0084
   77.4     0.66  14.093   0.0086
   77.5     0.67  14.119   0.0089
   77.5     0.65  14.146   0.0083
   77.5     0.66  14.173   0.0069
   77.4     0.63  14.199   0.0068
   77.5     0.67  14.226   0.0094
   77.4     0.66  14.252   0.0123
   77.6     0.67  14.279   0.0095
   77.5     0.65  14.305   0.0083
   77.5     0.64  14.332   0.0121
   77.4     0.65  14.358   0.0089
   77.5     0.63  14.384   0.0067
   77.5     0.62  14.411   0.0042
   77.6     0.61  14.437   0.0092
   77.5     0.63  14.463   0.0080
   77.6     0.65  14.490   0.0041
   77.5     0.66  14.517   0.0061
   77.5     0.63  14.543   0.0077
   77.6     0.63  14.570   0.0093
   77.7     0.63  14.596   0.0092
   77.6     0.65  14.622   0.0076
   77.6     0.63  14.648   0.0074
   77.7     0.70  14.675   0.0062
   77.7     0.63  14.701   0.0077
   77.6     0.64  14.728   0.0094
   77.8     0.65  14.754   0.0100
   77.7     0.66  14.781   0.0093
   77.7     0.64  14.807   0.0116
   77.8     0.67  14.834   0.0125
   77.8     0.67  14.860   0.0147
   77.8     0.66  14.886   0.0126
   77.8     0.65  14.913   0.0129
   77.9     0.67  14.940   0.0131
   77.8     0.68  14.966   0.0138
   78.0     0.66  14.992   0.0132
   78.0     0.67  15.019   0.0103
   78.0     0.68  15.045   0.0096
   78.1     0.67  15.072   0.0133
   78.1     0.64  15.098   0.0129
   78.1     0.72  15.124   0.0132
   78.2     0.68  15.151   0.0156
   78.1     0.69  15.177   0.0144
   78.2     0.69  15.203   0.0149
   78.3     0.67  15.231   0.0128
   78.3     0.70  15.257   0.0088
   78.4     0.72  15.284   0.0096
   78.4     0.69  15.310   0.0116
   78.5     0.72  15.337   0.0126
   78.6     0.73  15.363   0.0112
   78.7     0.73  15.389   0.0113
   78.6     0.71  15.416   0.0127
   78.6     0.72  15.442   0.0124
   78.7     0.74  15.468   0.0100
   78.8     0.75  15.495   0.0049
   78.8     0.73  15.521   0.0082
   78.9     0.74  15.547   0.0065
   79.0     0.75  15.574   0.0089
   79.1     0.76  15.600   0.0093
   79.2     0.75  15.627   0.0083
   79.2     0.77  15.654   0.0036
   79.3     0.79  15.680   0.0006
   79.4     0.82  15.707   0.0047
   79.5     0.80  15.734   0.0045
   79.5     0.80  15.760   0.0034
   79.6     0.79  15.786   0.0079
   79.6     0.81  15.813   0.0075
   79.8     0.79  15.839   0.0073
   79.9     0.80  15.866   0.0068
   79.9     0.83  15.892   0.0057
   80.0     0.82  15.918   0.0059
   80.1     0.85  15.945   0.0080
   80.2     0.86  15.971   0.0071
   80.3     0.85  15.998   0.0111
   80.4     0.86  16.024   0.0111
   80.5     0.93  16.051   0.0128
   80.6     0.88  16.077   0.0107
   80.7     0.91  16.103   0.0089
   80.7     0.89  16.129   0.0068
   80.8     0.89  16.156   0.0057
   81.0     0.88  16.182   0.0077
   81.1     0.90  16.209   0.0073
   81.2     0.89  16.236   0.0070
   81.3     0.91  16.262   0.0067
   81.4     0.89  16.289   0.0066
   81.6     0.95  16.315   0.0042
   81.6     0.93  16.342   0.0071
   81.7     0.95  16.369   0.0084
   81.9     0.96  16.396   0.0082
   82.0     0.97  16.422   0.0093
   82.1     0.94  16.448   0.0082
   82.2     0.97  16.475   0.0067
   82.5     0.98  16.502   0.0057
   82.4     0.98  16.528   0.0080
   82.5     1.00  16.554   0.0074
   82.8     1.02  16.581   0.0093
   82.8     0.98  16.608   0.0118
   82.9     1.02  16.634   0.0113
   83.1     1.05  16.660   0.0120
   83.3     1.04  16.687   0.0100
   83.3     1.04  16.714   0.0147
   83.5     1.06  16.741   0.0124
   83.7     1.06  16.767   0.0128
   83.7     1.10  16.793   0.0088
   84.0     1.08  16.820   0.0073
   84.1     1.08  16.846   0.0098
   84.3     1.08  16.873   0.0087
   84.4     1.09  16.899   0.0101
   84.6     1.11  16.926   0.0115
   84.6     1.11  16.952   0.0132
   84.8     1.11  16.978   0.0123
   85.0     1.15  17.005   0.0108
   85.1     1.13  17.031   0.0088
   85.4     1.14  17.058   0.0137
   85.3     1.16  17.084   0.0152
   85.5     1.16  17.111   0.0147
   85.7     1.17  17.137   0.0147
   85.9     1.17  17.164   0.0137
   86.1     1.20  17.190   0.0168
   86.3     1.18  17.217   0.0161
   86.4     1.19  17.243   0.0119
   86.6     1.20  17.270   0.0122
   86.7     1.21  17.296   0.0111
   86.9     1.20  17.323   0.0096
   87.1     1.22  17.349   0.0090
   87.2     1.22  17.376   0.0117
   87.4     1.21  17.402   0.0123
   87.6     1.25  17.429   0.0128
   87.7     1.23  17.455   0.0122
   87.9     1.24  17.483   0.0146
   88.1     1.25  17.509   0.0121
   88.3     1.26  17.535   0.0106
   88.5     1.28  17.562   0.0102
   88.7     1.29  17.588   0.0119
   88.8     1.27  17.614   0.0123
   89.0     1.27  17.641   0.0100
   89.2     1.30  17.667   0.0111
   89.3     1.30  17.694   0.0113
   89.5     1.31  17.720   0.0137
   89.7     1.31  17.746   0.0107
   89.9     1.30  17.773   0.0089
   90.1     1.31  17.799   0.0088
   90.3     1.33  17.826   0.0087
   90.3     1.33  17.853   0.0094
   90.6     1.32  17.879   0.0124
   90.7     1.35  17.905   0.0144
   91.0     1.33  17.932   0.0175
   91.3     1.35  17.958   0.0129
   91.4     1.34  17.984   0.0114
   91.7     1.33  18.011   0.0134
   91.8     1.35  18.038   0.0124
   91.9     1.34  18.064   0.0121
   92.3     1.36  18.091   0.0069
   92.4     1.37  18.117   0.0093
   92.5     1.36  18.143   0.0062
   92.7     1.35  18.170   0.0038
   93.0     1.35  18.197   0.0027
   93.1     1.35  18.225   0.0051
   93.3     1.31  18.251   0.0073
   93.5     1.31  18.278   0.0091
   93.8     1.35  18.305   0.0101
   93.9     1.34  18.332   0.0077
   94.1     1.36  18.358   0.0052
   94.3     1.37  18.385   0.0077
   94.6     1.35  18.411   0.0039
   94.7     1.38  18.438   0.0058
   95.0     1.37  18.464   0.0035
   95.0     1.39  18.490   0.0041
   95.3     1.35  18.517   0.0042
   95.5     1.34  18.543   0.0030
   95.7     1.36  18.570   0.0068
   95.9     1.36  18.596   0.0054
   96.1     1.40  18.623   0.0075
   96.3     1.35  18.649   0.0038
   96.5     1.37  18.676   0.0056
   96.7     1.33  18.702   0.0039
   96.9     1.34  18.728   0.0044
   97.2     1.32  18.755   0.0074
   97.4     1.32  18.781   0.0078
   97.5     1.32  18.808   0.0078
   97.8     1.35  18.834   0.0035
   98.0     1.34  18.861   0.0030
   98.1     1.34  18.887   0.0059
   98.4     1.34  18.914   0.0059
   98.6     1.33  18.940   0.0063
   98.8     1.32  18.967   0.0043
   99.0     1.32  18.994   0.0027
   99.2     1.31  19.020   0.0068
   99.5     1.32  19.047   0.0073
   99.7     1.30  19.073   0.0059
   99.9     1.31  19.100   0.0077
  100.2     1.32  19.126   0.0081
  100.3     1.30  19.153   0.0093
  100.6     1.29  19.179   0.0050
  100.7     1.33  19.206   0.0046
  101.0     1.29  19.233   0.0041
  101.2     1.26  19.260   0.0053
  101.4     1.27  19.287   0.0033
  101.6     1.27  19.313   0.0021
  102.0     1.31  19.340   0.0051
  102.1     1.26  19.366   0.0029
  102.2     1.26  19.392   0.0044
  102.5     1.25  19.419   0.0069
  102.7     1.23  19.445   0.0097
  103.0     1.22  19.472   0.0084
  103.1     1.21  19.499   0.0058
  103.3     1.22  19.525   0.0059
  103.5     1.18  19.551   0.0066
  103.8     1.21  19.578   0.0062
  104.1     1.20  19.605   0.0069
  104.3     1.19  19.631   0.0090
  104.5     1.18  19.658   0.0054
  104.7     1.14  19.685   0.0055
  104.9     1.15  19.712   0.0071
  105.2     1.17  19.738   0.0080
  105.3     1.14  19.765   0.0119
  105.5     1.12  19.791   0.0088
  105.8     1.10  19.817   0.0116
  106.1     1.10  19.844   0.0079
  106.2     1.09  19.871   0.0058
  106.5     1.10  19.897   0.0078
  106.7     1.09  19.926   0.0078
  106.9     1.07  19.953   0.0069
  107.2     1.08  19.979   0.0104
  107.3     1.07  20.006   0.0098
  107.5     1.04  20.033   0.0132
  107.7     1.05  20.060   0.0107
  108.1     1.03  20.087   0.0071
  108.2     1.03  20.114   0.0091
  108.5     1.01  20.141   0.0100
  108.7     1.04  20.168   0.0097
  109.0     1.02  20.195   0.0118
  109.2     0.99  20.222   0.0117
  109.4     0.99  20.249   0.0088
  109.6     0.98  20.276   0.0073
  109.8     0.96  20.303   0.0101
  110.1     0.96  20.330   0.0067
  110.2     0.97  20.356   0.0045
  110.5     0.94  20.383   0.0059
  110.8     0.94  20.410   0.0051
  110.9     0.94  20.437   0.0052
  111.1     0.93  20.463   0.0047
  111.4     0.92  20.490   0.0040
  111.6     0.93  20.517   0.0036
  111.9     0.89  20.544  -0.0001
  112.1     0.86  20.570   0.0051
  112.3     0.85  20.597   0.0083
  112.6     0.85  20.624   0.0072
  112.7     0.85  20.651   0.0055
  113.0     0.81  20.678   0.0094
  113.2     0.81  20.705   0.0073
  113.4     0.82  20.731   0.0067
  113.5     0.80  20.758   0.0071
  113.8     0.81  20.785   0.0078
  114.2     0.77  20.812   0.0074
  114.3     0.79  20.839   0.0117
  114.5     0.80  20.866   0.0123
  114.8     0.78  20.893   0.0107
  115.0     0.78  20.920   0.0119
  115.3     0.76  20.947   0.0107
  115.4     0.75  20.973   0.0122
  115.6     0.76  21.000   0.0088
  115.9     0.72  21.026   0.0067
  116.1     0.70  21.053   0.0073
  116.3     0.67  21.079   0.0082
  116.5     0.70  21.106   0.0057
  116.7     0.71  21.133   0.0056
  117.0     0.70  21.161   0.0123
  117.3     0.64  21.188   0.0123
  117.4     0.63  21.215   0.0129
  117.7     0.67  21.242   0.0129
  118.0     0.64  21.269   0.0126
  118.1     0.64  21.295   0.0121
  118.3     0.64  21.322   0.0091
  118.6     0.62  21.349   0.0087
  118.8     0.61  21.376   0.0072
  119.0     0.60  21.402   0.0052
  119.3     0.58  21.429   0.0048
  119.5     0.59  21.456   0.0075
  119.7     0.58  21.483   0.0142
  119.9     0.57  21.511   0.0136
  120.2     0.57  21.538   0.0111
  120.5     0.57  21.565   0.0057
  120.6     0.54  21.592   0.0101
  120.7     0.55  21.619   0.0077
  121.1     0.54  21.646   0.0109
  121.2     0.56  21.673   0.0092
  121.4     0.55  21.699   0.0107
  121.8     0.54  21.726   0.0106
  121.9     0.56  21.753   0.0057
  122.2     0.52  21.779   0.0053
  122.4     0.53  21.806   0.0084
  122.7     0.52  21.833   0.0093
  122.8     0.50  21.860   0.0130
  123.1     0.51  21.887   0.0067
  123.4     0.50  21.914   0.0035
  123.5     0.50  21.941   0.0036
  123.8     0.48  21.967   0.0035
  123.9     0.49  21.994   0.0046
  124.2     0.51  22.021   0.0069
  124.5     0.48  22.047   0.0048
  124.6     0.50  22.074   0.0030
  124.8     0.47  22.100   0.0056
  125.2     0.49  22.127   0.0052
  125.3     0.46  22.154   0.0069
  125.6     0.50  22.181   0.0065
  125.8     0.48  22.208   0.0065
  126.1     0.46  22.235   0.0033
  126.2     0.50  22.263   0.0049
  126.4     0.47  22.289   0.0059
  126.6     0.48  22.317   0.0064
  126.9     0.48  22.343   0.0038
  127.2     0.47  22.370   0.0040
  127.4     0.50  22.397   0.0052
  127.5     0.49  22.423   0.0064
  127.8     0.48  22.451   0.0088
  128.0     0.50  22.477   0.0051
  128.2     0.48  22.504   0.0050
  128.5     0.51  22.530   0.0048
  128.7     0.51  22.557   0.0079
  128.9     0.52  22.585   0.0112
  129.3     0.52  22.612   0.0070
  129.3     0.50  22.639   0.0082
  129.5     0.49  22.666   0.0067
  129.8     0.49  22.692   0.0083
  130.1     0.50  22.719   0.0073
  130.3     0.49  22.746   0.0103
  130.4     0.50  22.772   0.0084
  130.7     0.51  22.799   0.0121
  130.8     0.56  22.826   0.0099
  131.1     0.50  22.852   0.0126
  131.3     0.50  22.879   0.0084
  131.5     0.50  22.906   0.0062
  131.8     0.49  22.933   0.0070
  132.0     0.51  22.960   0.0096
  132.3     0.52  22.987   0.0097
  132.4     0.54  23.015   0.0122
  132.7     0.52  23.042   0.0130
  132.9     0.53  23.068   0.0132
  133.1     0.54  23.095   0.0126
  133.3     0.57  23.122   0.0175
  133.6     0.55  23.149   0.0129
  133.7     0.55  23.177   0.0135
  133.9     0.52  23.203   0.0132
  134.2     0.54  23.230   0.0110
  134.4     0.55  23.257   0.0103
  134.6     0.56  23.283   0.0118
  134.8     0.56  23.310   0.0071
  135.1     0.59  23.338   0.0083
  135.3     0.58  23.365   0.0075
  135.5     0.60  23.391   0.0088
  135.7     0.58  23.418   0.0082
  135.9     0.63  23.445   0.0092
  136.1     0.60  23.472   0.0098
  136.4     0.63  23.499   0.0115
  136.5     0.63  23.525   0.0122
  136.7     0.64  23.552   0.0086
  137.1     0.67  23.579   0.0038
  137.2     0.67  23.606   0.0056
  137.4     0.67  23.633   0.0040
  137.6     0.69  23.659   0.0060
  137.8     0.69  23.686   0.0052
  138.1     0.68  23.713   0.0071
  138.3     0.67  23.740   0.0079
  138.5     0.71  23.766   0.0069
  138.8     0.71  23.793   0.0087
  138.9     0.70  23.820   0.0063
  139.1     0.71  23.847   0.0038
  139.4     0.70  23.874   0.0043
  139.6     0.73  23.901   0.0037
  139.8     0.71  23.928   0.0049
  140.1     0.74  23.955   0.0053
  140.2     0.75  23.981   0.0075
  140.4     0.78  24.008   0.0101
  140.7     0.79  24.035   0.0064
  140.9     0.79  24.063   0.0035
  141.2     0.79  24.090   0.0042
  141.3     0.79  24.116   0.0034
  141.5     0.81  24.143   0.0039
  141.7     0.82  24.171   0.0043
  142.0     0.85  24.198   0.0054
  142.2     0.85  24.226   0.0038
  142.4     0.85  24.252   0.0069
  142.7     0.86  24.279   0.0104
  142.9     0.88  24.306   0.0109
  143.1     0.89  24.333   0.0077
  143.3     0.91  24.360   0.0018
  143.5     0.93  24.387   0.0005
  143.7     0.92  24.414  -0.0025
  143.9     0.95  24.442  -0.0021
  144.2     1.00  24.470  -0.0003
  144.4     0.97  24.497   0.0021
  144.5     1.00  24.524   0.0010
  144.9     1.00  24.551   0.0035
  145.0     0.99  24.578   0.0041
  145.2     1.00  24.605   0.0028
  145.5     1.06  24.632  -0.0011
  145.7     1.05  24.659   0.0019
  145.9     1.07  24.685   0.0038
  146.1     1.07  24.712   0.0009
  146.3     1.06  24.739   0.0018
  146.5     1.11  24.765   0.0010
  146.9     1.12  24.792   0.0043
  147.0     1.09  24.819   0.0027
  147.1     1.13  24.846  -0.0010
  147.4     1.14  24.873  -0.0027
  147.6     1.13  24.900  -0.0047
  147.8     1.15  24.927  -0.0018
  148.0     1.18  24.953  -0.0028
  148.2     1.18  24.980  -0.0008
  148.4     1.20  25.007   0.0016
  148.6     1.21  25.034  -0.0012
  148.9     1.25  25.060  -0.0019
  149.0     1.24  25.087  -0.0015
  149.3     1.27  25.114  -0.0014
  149.5     1.28  25.140   0.0005
  149.7     1.30  25.168  -0.0023
  149.9     1.31  25.195  -0.0036
  150.1     1.34  25.222  -0.0020
  150.4     1.35  25.249  -0.0025
  150.6     1.36  25.277   0.0006
  150.8     1.38  25.304   0.0009
  151.0     1.39  25.331  -0.0031
  151.2     1.39  25.358  -0.0041
  151.4     1.39  25.385  -0.0029
  151.6     1.45  25.412  -0.0008
  151.9     1.44  25.439  -0.0001
  152.1     1.43  25.466   0.0014
  152.2     1.46  25.492  -0.0011
  152.5     1.49  25.520  -0.0014
  152.8     1.48  25.547   0.0003
  153.0     1.54  25.574   0.0029
  153.1     1.53  25.601   0.0023
  153.4     1.54  25.627   0.0010
  153.6     1.57  25.654   0.0015
  153.9     1.57  25.681  -0.0004
  154.0     1.56  25.708   0.0003
  154.2     1.61  25.735   0.0018
  154.4     1.62  25.762  -0.0017
  154.7     1.61  25.789   0.0031
  154.8     1.62  25.815   0.0002
  155.1     1.63  25.843   0.0003
  155.3     1.66  25.870  -0.0013
  155.6     1.68  25.896  -0.0028
  155.7     1.73  25.924  -0.0014
  156.0     1.73  25.951  -0.0033
  156.2     1.71  25.977  -0.0042
  156.4     1.75  26.004  -0.0048
  156.7     1.77  26.031  -0.0019
  156.9     1.78  26.058   0.0015
  157.0     1.79  26.085   0.0003
  157.3     1.81  26.112   0.0001
  157.5     1.81  26.139   0.0009
  157.6     1.83  26.166  -0.0031
  157.9     1.84  26.193  -0.0019
  158.1     1.87  26.221  -0.0021
  158.3     1.90  26.248  -0.0049
  158.6     1.91  26.276   0.0003
  158.8     1.94  26.303  -0.0020
  159.0     1.93  26.330  -0.0014
  159.1     1.94  26.357   0.0017
  159.3     1.96  26.384   0.0033
  159.6     1.96  26.411   0.0062
  159.8     2.00  26.438   0.0052
  160.1     2.02  26.465   0.0028
  160.3     2.05  26.491   0.0018
  160.5     2.06  26.518  -0.0009
  160.7     2.09  26.545  -0.0024
  160.9     2.09  26.572  -0.0034
  161.2     2.09  26.599  -0.0042
  161.3     2.11  26.626   0.0006
  161.6     2.13  26.653  -0.0002
  161.8     2.13  26.681  -0.0013
  161.9     2.14  26.707  -0.0013
  162.2     2.15  26.734  -0.0050
  162.3     2.16  26.761   0.0004
  162.6     2.20  26.788  -0.0016
  162.9     2.29  26.814  -0.0012
  163.1     2.26  26.841  -0.0034
  163.3     2.25  26.868   0.0011
  163.5     2.26  26.896  -0.0018
  163.8     2.30  26.923   0.0008
  163.9     2.31  26.949   0.0015
  164.1     2.30  26.976   0.0035
  164.4     2.33  27.003  -0.0011
  164.6     2.35  27.031  -0.0004
  164.9     2.38  27.058  -0.0003
  165.0     2.40  27.085  -0.0005
  165.3     2.41  27.112  -0.0000
  165.6     2.45  27.138  -0.0021
  165.7     2.43  27.165  -0.0030
  165.9     2.43  27.192  -0.0023
  166.0     2.46  27.221   0.0012
  166.4     2.48  27.248   0.0001
  166.5     2.52  27.275  -0.0025
  166.8     2.52  27.302  -0.0008
  167.0     2.54  27.329  -0.0049
  167.2     2.54  27.356  -0.0029
  167.4     2.52  27.383  -0.0039
  167.7     2.58  27.411  -0.0019
  167.8     2.55  27.438   0.0024
  168.0     2.61  27.465   0.0011
  168.2     2.61  27.492   0.0015
  168.4     2.62  27.518   0.0029
  168.7     2.65  27.545   0.0001
  168.9     2.67  27.572   0.0011
  169.1     2.70  27.599   0.0023
  169.4     2.71  27.626  -0.0005
  169.6     2.72  27.653   0.0008
  169.8     2.74  27.680  -0.0012
  170.0     2.75  27.707   0.0000
  170.2     2.75  27.734  -0.0018
  170.4     2.78  27.761  -0.0062
  170.6     2.80  27.788  -0.0054
  170.8     2.81  27.815  -0.0033
  171.0     2.85  27.842  -0.0034
  171.3     2.81  27.869  -0.0056
  171.5     2.87  27.896  -0.0047
  171.7     2.90  27.922  -0.0078
  172.0     2.91  27.949  -0.0057
  172.1     2.93  27.976  -0.0065
  172.3     2.92  28.003  -0.0021
  172.6     2.95  28.030   0.0000
  172.7     2.98  28.056  -0.0024
  173.1     2.98  28.083  -0.0027
  173.2     2.98  28.111  -0.0029
  173.4     3.00  28.138  -0.0013
  173.6     2.98  28.165  -0.0027
  173.9     3.04  28.191  -0.0014
  174.1     3.06  28.219  -0.0008
  174.2     3.07  28.246  -0.0008
  174.4     3.12  28.273  -0.0006
  174.8     3.09  28.300  -0.0020
  174.9     3.10  28.327  -0.0007
  175.1     3.08  28.354  -0.0063
  175.3     3.12  28.381  -0.0046
  175.5     3.16  28.407  -0.0037
  175.7     3.18  28.434  -0.0038
  175.8     3.16  28.461  -0.0046
  176.1     3.19  28.490  -0.0063
  176.4     3.18  28.517  -0.0068
  176.5     3.23  28.544  -0.0049
  176.8     3.23  28.571  -0.0052
  177.0     3.27  28.598  -0.0060
  177.3     3.28  28.624  -0.0040
  177.5     3.29  28.651  -0.0034
  177.7     3.28  28.679  -0.0005
  177.8     3.31  28.705  -0.0001
  178.2     3.31  28.732  -0.0011
  178.2     3.33  28.759   0.0010
  178.5     3.37  28.786  -0.0017
  178.8     3.38  28.813  -0.0036
  178.9     3.39  28.840  -0.0039
  179.1     3.41  28.867  -0.0085
  179.4     3.44  28.893  -0.0027
  179.6     3.41  28.920   0.0001
  179.8     3.43  28.947  -0.0016
  180.0     3.45  28.973   0.0024
  180.2     3.47  29.001  -0.0002
  180.4     3.49  29.027  -0.0002
  180.6     3.48  29.054   0.0028
  180.8     3.53  29.081   0.0025
  181.0     3.52  29.108   0.0013
  181.2     3.56  29.134   0.0003
  181.4     3.54  29.161   0.0035
  181.7     3.55  29.189   0.0050
  181.9     3.59  29.217   0.0046
  182.1     3.59  29.244   0.0055
  182.2     3.61  29.271   0.0036
  182.6     3.62  29.297   0.0019
  182.7     3.66  29.324   0.0031
  183.0     3.63  29.351   0.0006
  183.2     3.65  29.378   0.0012
  183.4     3.64  29.405   0.0025
  183.6     3.69  29.433  -0.0007
  183.8     3.71  29.460  -0.0021
  183.9     3.70  29.487  -0.0046
  184.2     3.71  29.514  -0.0035
  184.4     3.73  29.541  -0.0025
  184.6     3.74  29.568  -0.0018
  184.8     3.73  29.595  -0.0028
  185.0     3.78  29.622  -0.0038
  185.2     3.82  29.649  -0.0019
  185.5     3.79  29.676  -0.0012
  185.7     3.81  29.703   0.0002
  185.9     3.83  29.730  -0.0004
  186.1     3.81  29.757   0.0023
  186.4     3.83  29.784   0.0042
  186.5     3.88  29.811   0.0019
  186.8     3.89  29.838   0.0034
  186.9     3.86  29.865   0.0013
  187.1     3.88  29.892   0.0013
  187.4     3.90  29.919   0.0023
  187.6     3.91  29.946   0.0006
  187.7     3.94  29.973   0.0019
  187.9     3.94  30.001   0.0054
  188.2     3.88  30.028   0.0030
  188.4     3.96  30.054  -0.0003
  188.7     3.99  30.081  -0.0019
  188.9     3.99  30.108  -0.0027
  188.9     3.98  30.135  -0.0039
  189.2     3.99  30.162  -0.0060
  189.4     4.00  30.189  -0.0079
  189.6     4.02  30.216  -0.0045
  189.9     4.03  30.243  -0.0032
  190.1     4.01  30.270  -0.0041
  190.3     4.04  30.297  -0.0035
  190.5     4.06  30.324  -0.0051
  190.8     4.09  30.351  -0.0059
  190.9     4.08  30.378  -0.0049
  191.1     4.11  30.405  -0.0028
  191.3     4.11  30.432  -0.0056
  191.5     4.13  30.459  -0.0080
  191.8     4.11  30.486  -0.0103
  191.9     4.15  30.514  -0.0091
  192.2     4.17  30.540  -0.0126
  192.4     4.18  30.567  -0.0113
  192.6     4.20  30.594  -0.0109
  192.7     4.22  30.621  -0.0099
  193.1     4.22  30.647  -0.0080
  193.3     4.23  30.675  -0.0056
  193.4     4.23  30.702  -0.0100
  193.7     4.25  30.729  -0.0089
  193.9     4.22  30.755  -0.0073
  194.1     4.24  30.782  -0.0063
  194.3     4.23  30.809  -0.0085
  194.5     4.29  30.836  -0.0072
  194.6     4.27  30.864  -0.0091
  194.9     4.29  30.890  -0.0066
  195.2     4.29  30.917  -0.0057
  195.4     4.31  30.945  -0.0057
  195.6     4.34  30.971  -0.0041
  195.8     4.36  30.999  -0.0056
  196.0     4.35  31.026  -0.0031
  196.3     4.36  31.052  -0.0052
  196.4     4.38  31.079  -0.0043
  196.6     4.39  31.106  -0.0035
  196.9     4.39  31.133  -0.0069
  197.1     4.42  31.160  -0.0059
  197.3     4.39  31.188  -0.0040
  197.5     4.41  31.214  -0.0080
  197.7     4.45  31.242  -0.0080
  198.0     4.42  31.269  -0.0097
  198.1     4.41  31.296  -0.0061
  198.3     4.44  31.323  -0.0058
  198.6     4.47  31.350  -0.0085
  198.7     4.45  31.377  -0.0036
  199.0     4.51  31.403  -0.0067
  199.2     4.48  31.431  -0.0051
  199.5     4.50  31.458  -0.0044
  199.6     4.52  31.485  -0.0040
  199.8     4.52  31.512  -0.0010
  200.1     4.55  31.539   0.0003
  200.4     4.55  31.566  -0.0018
  200.4     4.55  31.592  -0.0050
  200.8     4.55  31.619  -0.0061
  201.0     4.55  31.646  -0.0087
  201.1     4.57  31.673  -0.0060
  201.3     4.59  31.700  -0.0066
  201.5     4.58  31.727  -0.0057
  201.8     4.61  31.754  -0.0047
  202.0     4.62  31.781  -0.0045
  202.2     4.64  31.808  -0.0075
  202.4     4.68  31.835  -0.0108
  202.6     4.64  31.861  -0.0080
  202.9     4.64  31.888  -0.0111
  203.1     4.63  31.915  -0.0144
  203.3     4.65  31.942  -0.0111
  203.5     4.65  31.969  -0.0132
  203.7     4.67  31.996  -0.0110
  204.0     4.69  32.023  -0.0117
  204.1     4.69  32.050  -0.0122
  204.3     4.74  32.077  -0.0139
  204.6     4.69  32.104  -0.0142
  204.7     4.71  32.131  -0.0136
  204.9     4.68  32.158  -0.0113
  205.2     4.75  32.186  -0.0118
  205.4     4.75  32.213  -0.0095
  205.5     4.74  32.240  -0.0093
  205.8     4.77  32.267  -0.0094
  206.0     4.78  32.295  -0.0128
  206.3     4.77  32.322  -0.0145
  206.5     4.79  32.348  -0.0120
  206.7     4.79  32.375  -0.0107
  206.9     4.80  32.402  -0.0129
  207.2     4.79  32.429  -0.0116
  207.4     4.81  32.456  -0.0116
  207.6     4.83  32.483  -0.0095
  207.7     4.83  32.510  -0.0104
  207.9     4.84  32.536  -0.0083
  208.2     4.82  32.564  -0.0080
  208.5     4.84  32.591  -0.0107
  208.7     4.84  32.617  -0.0132
  208.9     4.86  32.644  -0.0140
  209.1     4.87  32.671  -0.0124
  209.2     4.87  32.698  -0.0122
  209.4     4.88  32.725  -0.0121
  209.7     4.88  32.752  -0.0153
  209.9     4.92  32.779  -0.0135
  210.2     4.90  32.805  -0.0116
  210.3     4.93  32.833  -0.0119
  210.6     4.91  32.859  -0.0127
  210.7     4.89  32.887  -0.0090
  211.0     4.90  32.914  -0.0074
  211.2     4.91  32.941  -0.0088
  211.4     4.91  32.967  -0.0096
  211.6     4.93  32.994  -0.0108
  211.9     4.93  33.021  -0.0134
  212.0     4.94  33.048  -0.0111
  212.3     4.95  33.074  -0.0073
  212.5     4.99  33.102  -0.0074
  212.7     4.95  33.129  -0.0093
  212.9     4.95  33.155  -0.0097
  213.1     4.97  33.182  -0.0125
  213.3     4.96  33.209  -0.0153
  213.6     5.00  33.237  -0.0151
  213.7     4.99  33.264  -0.0128
  214.0     4.98  33.291  -0.0162
  214.2     4.98  33.318  -0.0136
  214.4     5.02  33.345  -0.0113
  214.6     5.01  33.371  -0.0114
  214.8     5.00  33.398  -0.0146
  215.0     5.04  33.425  -0.0125
  215.3     5.04  33.452  -0.0103
  215.5     5.06  33.479  -0.0149
  215.7     5.05  33.506  -0.0133
  215.8     5.07  33.533  -0.0136
  216.2     5.07  33.559  -0.0125
  216.3     5.06  33.586  -0.0153
  216.6     5.08  33.613  -0.0143
  216.7     5.05  33.641  -0.0126
  216.9     5.06  33.668  -0.0151
  217.1     5.05  33.695  -0.0132
  217.4     5.08  33.722  -0.0110
  217.6     5.06  33.749  -0.0131
  217.6     5.07  33.776  -0.0123
  218.0     5.05  33.803  -0.0127
  218.3     5.10  33.830  -0.0108
  218.4     5.05  33.857  -0.0127
  218.6     5.07  33.884  -0.0105
  218.9     5.07  33.911  -0.0101
  219.1     5.10  33.938  -0.0115
  219.2     5.05  33.964  -0.0099
  219.5     5.07  33.991  -0.0163
  219.6     5.09  34.018  -0.0160
  219.9     5.08  34.045  -0.0192
  220.1     5.10  34.071  -0.0187
  220.3     5.11  34.098  -0.0201
  220.5     5.11  34.125  -0.0191
  220.8     5.09  34.152  -0.0193
  221.0     5.12  34.179  -0.0158
  221.1     5.12  34.206  -0.0165
  221.4     5.11  34.234  -0.0178
  221.6     5.10  34.260  -0.0112
  221.8     5.13  34.288  -0.0096
  222.0     5.12  34.314  -0.0130
  222.2     5.11  34.342  -0.0122
  222.5     5.14  34.369  -0.0116
  222.6     5.13  34.396  -0.0158
  222.9     5.12  34.423  -0.0173
  223.0     5.13  34.451  -0.0144
  223.3     5.12  34.477  -0.0164
  223.6     5.11  34.504  -0.0163
  223.8     5.11  34.531  -0.0203
  224.0     5.14  34.558  -0.0178
  224.3     5.14  34.585  -0.0142
  224.4     5.11  34.612  -0.0126
  224.6     5.12  34.639  -0.0115
  224.8     5.14  34.665  -0.0152
  225.0     5.13  34.692  -0.0176
  225.3     5.19  34.719  -0.0149
  225.5     5.13  34.746  -0.0185
  225.6     5.17  34.773  -0.0187
  225.9     5.16  34.800  -0.0200
  226.1     5.15  34.827  -0.0188
  226.3     5.11  34.854  -0.0194
  226.5     5.22  34.881  -0.0203
  226.8     5.15  34.908  -0.0236
  227.0     5.17  34.935  -0.0216
  227.2     5.20  34.961  -0.0207
  227.4     5.20  34.988  -0.0211
  227.5     5.19  35.016  -0.0225
  227.8     5.19  35.042  -0.0207
  228.0     5.17  35.069  -0.0184
  228.2     5.19  35.096  -0.0221
  228.5     5.20  35.123  -0.0192
  228.7     5.18  35.150  -0.0198
  228.9     5.20  35.177  -0.0205
  229.2     5.21  35.204  -0.0259
  229.4     5.18  35.232  -0.0271
  229.6     5.20  35.259  -0.0281
  229.8     5.19  35.286  -0.0244
  230.0     5.19  35.313  -0.0253
  230.2     5.20  35.340  -0.0263
  230.5     5.21  35.368  -0.0293
  230.7     5.22  35.395  -0.0297
  230.9     5.21  35.422  -0.0264
  231.1     5.21  35.450  -0.0270
  231.3     5.23  35.478  -0.0284
  231.5     5.24  35.505  -0.0288
  231.7     5.20  35.532  -0.0321
  232.0     5.21  35.559  -0.0287
  232.2     5.21  35.586  -0.0303
  232.4     5.24  35.613  -0.0331
  232.6     5.23  35.640  -0.0301
  232.8     5.26  35.667  -0.0297
  233.1     5.24  35.693  -0.0274
  233.2     5.27  35.720  -0.0303
  233.4     5.27  35.747  -0.0312
  233.6     5.27  35.774  -0.0286
  233.9     5.28  35.801  -0.0293
  234.1     5.26  35.830  -0.0298
  234.4     5.27  35.857  -0.0311
  234.5     5.28  35.884  -0.0344
  234.8     5.28  35.911  -0.0309
  235.0     5.32  35.938  -0.0300
  235.1     5.29  35.965  -0.0315
  235.3     5.30  35.992  -0.0311
  235.6     5.30  36.020  -0.0287
  235.7     5.31  36.047  -0.0319
  236.0     5.30  36.073  -0.0321
  236.2     5.31  36.100  -0.0305
  236.4     5.29  36.127  -0.0313
  236.6     5.30  36.154  -0.0286
  236.8     5.29  36.181  -0.0313
  237.1     5.32  36.208  -0.0292
  237.4     5.30  36.236  -0.0320
  237.5     5.30  36.263  -0.0388
  237.6     5.31  36.290  -0.0361
  237.8     5.33  36.317  -0.0376
  238.1     5.34  36.345  -0.0365
  238.2     5.34  36.371  -0.0354
  238.5     5.33  36.398  -0.0348
  238.7     5.33  36.425  -0.0379
  238.9     5.36  36.452  -0.0350
  239.1     5.36  36.479  -0.0338
  239.3     5.34  36.506  -0.0320
  239.5     5.35  36.533  -0.0382
  239.7     5.34  36.559  -0.0373
  239.9     5.37  36.588  -0.0350
  240.2     5.38  36.614  -0.0367
  240.4     5.36  36.641  -0.0378
  240.5     5.38  36.668  -0.0383
  240.7     5.40  36.696  -0.0352
  241.0     5.38  36.723  -0.0344
  241.1     5.39  36.750  -0.0338
  241.4     5.37  36.776  -0.0339
  241.6     5.37  36.803  -0.0309
  241.7     5.41  36.830  -0.0326
  242.0     5.40  36.857  -0.0356
  242.2     5.39  36.884  -0.0347
  242.5     5.38  36.911  -0.0379
  242.6     5.40  36.938  -0.0364
  242.8     5.39  36.965  -0.0358
  242.9     5.43  36.992  -0.0379
  243.2     5.42  37.019  -0.0391
  243.4     5.40  37.046  -0.0358
  243.7     5.43  37.073  -0.0348
  243.9     5.45  37.100  -0.0383
  244.1     5.41  37.127  -0.0374
  244.3     5.44  37.154  -0.0378
  244.4     5.40  37.181  -0.0358
  244.7     5.41  37.208  -0.0358
  244.9     5.44  37.235  -0.0382
  245.1     5.43  37.262  -0.0378
  245.4     5.44  37.289  -0.0394
  245.5     5.45  37.316  -0.0376
  245.8     5.46  37.343  -0.0369
  245.9     5.45  37.370  -0.0339
  246.3     5.43  37.397  -0.0385
  246.4     5.47  37.423  -0.0410
  246.6     5.44  37.451  -0.0425
  246.7     5.46  37.477  -0.0427
  247.0     5.48  37.504  -0.0422
  247.2     5.50  37.531  -0.0417
  247.4     5.49  37.558  -0.0413
  247.6     5.53  37.585  -0.0447
  247.8     5.51  37.611  -0.0457
  248.0     5.52  37.639  -0.0455
  248.3     5.54  37.666  -0.0417
  248.5     5.52  37.693  -0.0422
  248.7     5.52  37.720  -0.0404
  248.9     5.52  37.746  -0.0454
  249.1     5.53  37.773  -0.0451
  249.3     5.56  37.800  -0.0464
  249.5     5.56  37.827  -0.0452
  249.6     5.55  37.854  -0.0443
  250.0     5.57  37.881  -0.0474
  250.2     5.58  37.908  -0.0485
  250.4     5.58  37.935  -0.0508
  250.6     5.58  37.962  -0.0536
  250.7     5.59  37.989  -0.0506
  250.9     5.60  38.016  -0.0529
  251.1     5.60  38.043  -0.0525
  251.4     5.61  38.069  -0.0512
  251.5     5.60  38.097  -0.0488
  251.7     5.64  38.123  -0.0477
  252.1     5.64  38.150  -0.0492
  252.3     5.62  38.177  -0.0518
  252.4     5.64  38.204  -0.0532
  252.7     5.67  38.232  -0.0541
  252.9     5.64  38.259  -0.0558
  253.0     5.66  38.285  -0.0541
  253.3     5.68  38.312  -0.0558
  253.5     5.68  38.339  -0.0570
  253.7     5.69  38.366  -0.0560
  254.0     5.70  38.393  -0.0568
  254.2     5.71  38.421  -0.0585
  254.4     5.72  38.448  -0.0576
  254.7     5.73  38.474  -0.0588
  254.8     5.71  38.501  -0.0583
  255.0     5.76  38.528  -0.0582
  255.2     5.77  38.555  -0.0615
  255.5     5.78  38.582  -0.0587
  255.7     5.76  38.609  -0.0575
  255.8     5.80  38.636  -0.0623
  256.1     5.80  38.663  -0.0654
  256.2     5.81  38.690  -0.0616
  256.5     5.79  38.717  -0.0621
  256.7     5.82  38.744  -0.0657
  256.9     5.80  38.772  -0.0614
  257.2     5.82  38.799  -0.0615
  257.4     5.83  38.825  -0.0609
  257.6     5.82  38.852  -0.0612
  257.8     5.87  38.879  -0.0659
  258.1     5.88  38.906  -0.0682
  258.3     5.89  38.933  -0.0694
  258.5     5.89  38.960  -0.0666
  258.7     5.89  38.988  -0.0654
  258.9     5.87  39.015  -0.0673
  259.1     5.90  39.041  -0.0704
  259.4     5.91  39.068  -0.0721
  259.5     5.92  39.096  -0.0739
  259.7     5.93  39.123  -0.0691
  260.0     5.93  39.150  -0.0712
  260.2     5.97  39.177  -0.0737
  260.4     5.96  39.204  -0.0737
  260.7     5.97  39.232  -0.0711
  260.8     5.97  39.259  -0.0718
  261.0     5.97  39.286  -0.0748
  261.2     5.98  39.312  -0.0758
  261.5     5.98  39.340  -0.0783
  261.7     6.00  39.367  -0.0751
  261.9     6.02  39.393  -0.0743
  262.1     6.01  39.420  -0.0800
  262.4     6.01  39.447  -0.0795
  262.6     6.02  39.474  -0.0788
  262.7     6.03  39.502  -0.0788
  263.0     6.02  39.529  -0.0780
  263.1     6.01  39.556  -0.0820
  263.4     6.04  39.583  -0.0819
  263.6     6.06  39.609  -0.0807
  263.8     6.07  39.636  -0.0795
  264.1     6.07  39.663  -0.0796
  264.3     6.08  39.690  -0.0797
  264.5     6.07  39.717  -0.0828
  264.7     6.09  39.743  -0.0813
  264.9     6.08  39.770  -0.0821
  265.1     6.09  39.798  -0.0813
  265.3     6.10  39.824  -0.0838
  265.5     6.09  39.852  -0.0853
  265.8     6.12  39.880  -0.0853
  265.9     6.12  39.907  -0.0832
  266.1     6.16  39.934  -0.0830
  266.3     6.11  39.960  -0.0798
  266.5     6.12  39.987  -0.0829
  266.8     6.14  40.015  -0.0864
  267.0     6.13  40.042  -0.0852
  267.2     6.13  40.069  -0.0875
  267.4     6.11  40.096  -0.0898
  267.6     6.15  40.122  -0.0875
  267.8     6.17  40.149  -0.0889
  268.0     6.16  40.176  -0.0918
  268.2     6.18  40.203  -0.0941
  268.5     6.15  40.230  -0.0942
  268.7     6.16  40.258  -0.0932
  268.9     6.17  40.285  -0.0911
  269.1     6.18  40.311  -0.0897
  269.3     6.17  40.339  -0.0911
  269.5     6.18  40.366  -0.0950
  269.6     6.16  40.393  -0.0971
  269.9     6.17  40.420  -0.0950
  270.1     6.18  40.447  -0.0993
  270.3     6.20  40.473  -0.0976
  270.6     6.18  40.501  -0.0963
  270.7     6.20  40.528  -0.0963
  270.9     6.18  40.554  -0.0963
  271.1     6.18  40.581  -0.0981
  271.3     6.20  40.609  -0.0957
  271.5     6.20  40.636  -0.0948
  271.7     6.18  40.664  -0.0965
  272.0     6.18  40.690  -0.0967
  272.2     6.20  40.717  -0.0984
  272.5     6.19  40.744  -0.1010
  272.6     6.17  40.771  -0.1029
  272.8     6.17  40.798  -0.1014
  273.1     6.17  40.824  -0.1020
  273.2     6.17  40.852  -0.0985
  273.5     6.19  40.878  -0.1015
  273.7     6.21  40.905  -0.1022
  273.9     6.21  40.932  -0.1057
  274.1     6.20  40.959  -0.1048
  274.2     6.21  40.986  -0.1046
  274.5     6.20  41.014  -0.1069
  274.7     6.19  41.040  -0.1099
  275.0     6.22  41.067  -0.1091
  275.0     6.20  41.095  -0.1076
  275.3     6.21  41.122  -0.1070
  275.6     6.22  41.149  -0.1057
  275.9     6.21  41.176  -0.1068
  275.9     6.22  41.203  -0.1070
  276.2     6.24  41.231  -0.1104
  276.5     6.23  41.258  -0.1116
  276.7     6.23  41.284  -0.1116
  276.9     6.23  41.311  -0.1116
  277.0     6.20  41.339  -0.1123
  277.2     6.23  41.366  -0.1073
  277.4     6.23  41.392  -0.1096
  277.8     6.24  41.419  -0.1116
  277.9     6.21  41.446  -0.1143
  278.1     6.21  41.473  -0.1128
  278.3     6.20  41.500  -0.1107
  278.5     6.22  41.527  -0.1124
  278.7     6.21  41.553  -0.1138
  279.0     6.21  41.580  -0.1113
  279.1     6.24  41.607  -0.1104
  279.3     6.23  41.634  -0.1122
  279.5     6.23  41.660  -0.1128
  279.8     6.16  41.687  -0.1122
  280.0     6.24  41.714  -0.1141
  280.3     6.21  41.741  -0.1182
  280.4     6.25  41.768  -0.1191
  280.6     6.22  41.795  -0.1191
  280.8     6.20  41.822  -0.1200
  281.1     6.20  41.849  -0.1211
  281.3     6.23  41.876  -0.1191
  281.5     6.21  41.903  -0.1191
  281.7     6.22  41.930  -0.1184
  282.0     6.22  41.957  -0.1241
  282.2     6.19  41.984  -0.1200
  282.2     6.21  42.011  -0.1211
  282.5     6.20  42.038  -0.1201
  282.7     6.21  42.065  -0.1221
  282.9     6.18  42.093  -0.1208
  283.1     6.19  42.120  -0.1183
  283.3     6.20  42.147  -0.1236
  283.5     6.18  42.174  -0.1270
  283.6     6.19  42.201  -0.1227
  284.0     6.19  42.228  -0.1214
  284.2     6.19  42.255  -0.1194
  284.3     6.16  42.283  -0.1212
  284.6     6.15  42.310  -0.1250
  284.8     6.20  42.337  -0.1259
  285.0     6.15  42.363  -0.1258
  285.1     6.14  42.390  -0.1214
  285.5     6.15  42.417  -0.1232
  285.6     6.16  42.444  -0.1256
  285.8     6.15  42.471  -0.1241
  286.0     6.16  42.498  -0.1248
  286.2     6.13  42.525  -0.1263
  286.5     6.16  42.552  -0.1278
  286.7     6.15  42.579  -0.1317
  286.9     6.13  42.605  -0.1318
  287.1     6.13  42.632  -0.1327
  287.3     6.14  42.659  -0.1332
  287.5     6.11  42.686  -0.1326
  287.7     6.12  42.714  -0.1323
  287.9     6.12  42.740  -0.1325
  288.2     6.09  42.767  -0.1320
  288.3     6.11  42.793  -0.1333
  288.6     6.12  42.820  -0.1350
  288.8     6.11  42.847  -0.1349
  289.1     6.10  42.874  -0.1354
  289.2     6.10  42.901  -0.1334
  289.3     6.08  42.927  -0.1339
  289.4     6.11  42.954  -0.1378
  289.7     6.06  42.981  -0.1417
  289.9     6.05  43.008  -0.1359
  290.2     6.09  43.035  -0.1393
  290.5     6.07  43.061  -0.1366
  290.6     6.07  43.088  -0.1398
  290.8     6.05  43.115  -0.1391
  291.0     6.09  43.142  -0.1407
  291.2     6.06  43.170  -0.1388
  291.5     6.05  43.197  -0.1387
  291.6     6.05  43.224  -0.1415
  291.9     6.06  43.251  -0.1413
  292.1     6.07  43.278  -0.1406
  292.4     6.04  43.305  -0.1378
  292.5     6.04  43.332  -0.1373
  292.8     6.06  43.359  -0.1358
  293.0     6.04  43.386  -0.1372
  293.2     6.03  43.413  -0.1376
  293.3     6.03  43.440  -0.1354
  293.6     6.06  43.467  -0.1410
  293.8     6.06  43.494  -0.1398
  294.1     6.07  43.521  -0.1425
  294.3     6.05  43.548  -0.1434
  294.5     6.04  43.575  -0.1409
  294.8     6.04  43.602  -0.1419
  294.9     6.02  43.629  -0.1422
  295.2     6.03  43.655  -0.1450
  295.4     5.99  43.683  -0.1476
  295.5     6.02  43.709  -0.1454
  295.7     6.00  43.736  -0.1459
  296.1     6.04  43.763  -0.1455
  296.2     6.01  43.789  -0.1466
  296.4     5.99  43.816  -0.1480
  296.6     5.99  43.842  -0.1489
  296.8     6.00  43.869  -0.1494
  297.2     5.97  43.896  -0.1530
  297.2     5.98  43.923  -0.1517
  297.5     6.01  43.950  -0.1522
  297.8     5.98  43.977  -0.1520
  297.9     5.99  44.004  -0.1526
  298.1     6.01  44.031  -0.1535
  298.4     6.00  44.058  -0.1530
  298.5     5.98  44.085  -0.1514
  298.8     5.98  44.112  -0.1513
  299.0     5.95  44.139  -0.1490
  299.2     5.99  44.166  -0.1486
  299.5     5.97  44.193  -0.1483
  299.6     5.94  44.220  -0.1481
  299.8     5.95  44.247  -0.1494
  300.1     5.99  44.274  -0.1513
  300.3     5.97  44.302  -0.1525
  300.5     5.95  44.328  -0.1537
  300.7     5.96  44.356  -0.1529
  300.9     5.95  44.383  -0.1550
  301.1     5.97  44.409  -0.1561
  301.3     5.94  44.437  -0.1543
  301.6     5.97  44.464  -0.1563
  301.7     5.95  44.491  -0.1529
  301.9     5.96  44.518  -0.1566
  302.0     5.95  44.546  -0.1532
  302.4     5.95  44.573  -0.1502
  302.6     5.95  44.600  -0.1535
  302.9     5.93  44.627  -0.1541
  303.0     5.91  44.654  -0.1569
  303.3     5.94  44.682  -0.1520
  303.4     5.94  44.709  -0.1557
  303.7     5.95  44.736  -0.1568
  303.8     5.93  44.763  -0.1608
  304.1     5.98  44.790  -0.1608
  304.2     5.94  44.817  -0.1595
  304.5     5.92  44.844  -0.1583
  304.7     5.93  44.871  -0.1641
  304.8     5.92  44.898  -0.1586
  305.1     5.95  44.925  -0.1630
  305.3     5.92  44.952  -0.1607
  305.5     5.90  44.979  -0.1603
  305.8     5.91  45.006  -0.1645
  305.9     5.93  45.033  -0.1674
  306.2     5.93  45.059  -0.1667
  306.3     5.92  45.087  -0.1668
  306.6     5.89  45.114  -0.1671
  306.9     5.92  45.141  -0.1653
  307.0     5.91  45.168  -0.1637
  307.3     5.91  45.195  -0.1643
  307.4     5.90  45.223  -0.1665
  307.6     5.92  45.249  -0.1675
  307.9     5.91  45.276  -0.1700
  308.1     5.89  45.303  -0.1678
  308.3     5.90  45.330  -0.1745
  308.5     5.90  45.357  -0.1715
  308.7     5.91  45.384  -0.1700
  308.9     5.90  45.411  -0.1677
  309.0     5.87  45.439  -0.1755
  309.3     5.88  45.466  -0.1734
  309.6     5.90  45.492  -0.1737
  309.7     5.91  45.519  -0.1725
  310.0     5.88  45.546  -0.1712
  310.3     5.90  45.573  -0.1772
  310.4     5.90  45.600  -0.1724
  310.5     5.89  45.627  -0.1715
  310.8     5.90  45.654  -0.1766
  311.0     5.89  45.682  -0.1724
  311.2     5.88  45.709  -0.1679
  311.5     5.90  45.736  -0.1704
  311.7     5.89  45.763  -0.1712
  311.9     5.92  45.790  -0.1715
  312.1     5.89  45.817  -0.1753
  312.3     5.91  45.844  -0.1698
  312.4     5.89  45.871  -0.1712
  312.8     5.87  45.898  -0.1742
  312.9     5.89  45.925  -0.1784
  313.1     5.88  45.952  -0.1768
  313.3     5.87  45.979  -0.1752
  313.6     5.88  46.006  -0.1759
  313.8     5.90  46.033  -0.1747
  314.0     5.90  46.060  -0.1815
  314.3     5.89  46.086  -0.1837
  314.4     5.92  46.114  -0.1811
  314.6     5.94  46.141  -0.1791
  314.8     5.90  46.168  -0.1810
  315.1     5.91  46.195  -0.1800
  315.2     5.91  46.223  -0.1776
  315.5     5.92  46.250  -0.1764
  315.6     5.92  46.277  -0.1776
  315.9     5.91  46.304  -0.1784
  316.1     5.92  46.331  -0.1781
  316.3     5.93  46.358  -0.1783
  316.5     5.89  46.384  -0.1761
  316.8     5.92  46.411  -0.1763
  317.0     5.94  46.439  -0.1771
  317.2     5.93  46.466  -0.1788
  317.4     5.94  46.493  -0.1758
  317.5     5.94  46.520  -0.1774
  317.8     5.94  46.547  -0.1819
  318.1     5.93  46.574  -0.1854
  318.2     5.95  46.601  -0.1827
  318.5     5.94  46.627  -0.1793
  318.6     5.94  46.654  -0.1784
  318.9     5.98  46.682  -0.1796
  319.0     5.95  46.709  -0.1771
  319.3     5.96  46.736  -0.1801
  319.6     5.95  46.763  -0.1804
  319.8     5.99  46.790  -0.1816
  320.1     5.94  46.817  -0.1845
  320.2     5.97  46.845  -0.1842
  320.4     5.97  46.871  -0.1851
  320.6     5.98  46.898  -0.1854
  320.8     5.98  46.926  -0.1859
  321.1     5.98  46.952  -0.1879
  321.2     6.00  46.979  -0.1870
  321.5     5.99  47.006  -0.1859
  321.7     5.98  47.034  -0.1869
  322.0     5.99  47.061  -0.1879
  322.1     6.00  47.087  -0.1886
  322.4     5.99  47.114  -0.1889
  322.6     6.01  47.141  -0.1865
  322.8     5.99  47.168  -0.1908
  323.1     6.01  47.194  -0.1860
  323.3     6.01  47.222  -0.1842
  323.5     6.01  47.249  -0.1841
  323.6     6.03  47.276  -0.1827
  323.9     6.04  47.303  -0.1815
  324.2     6.02  47.331  -0.1835
  324.4     6.02  47.358  -0.1862
  324.6     6.03  47.385  -0.1811
  324.9     6.03  47.412  -0.1842
  325.1     6.05  47.440  -0.1831
  325.3     6.06  47.466  -0.1826
  325.5     6.05  47.493  -0.1869
  325.7     6.06  47.521  -0.1845
  325.9     6.06  47.548  -0.1897
  326.2     6.05  47.575  -0.1914
  326.4     6.04  47.602  -0.1955
  326.6     6.06  47.629  -0.1965
  326.8     6.08  47.656  -0.1989
  327.0     6.09  47.684  -0.1984
  327.2     6.06  47.711  -0.1972
  327.4     6.05  47.738  -0.2013
  327.6     6.08  47.765  -0.1984
  328.0     6.07  47.792  -0.1983
  328.2     6.11  47.819  -0.1950
  328.4     6.06  47.847  -0.1990
  328.6     6.06  47.873  -0.1969
  328.9     6.07  47.900  -0.2029
  329.0     6.11  47.928  -0.2045
  329.2     6.11  47.954  -0.2080
  329.4     6.10  47.982  -0.2057
  329.7     6.07  48.009  -0.2010
  329.8     6.06  48.036  -0.2010
  330.1     6.09  48.064  -0.2029
  330.3     6.10  48.091  -0.2018
  330.5     6.09  48.117  -0.2041
  330.7     6.08  48.145  -0.2007
  331.0     6.08  48.172  -0.2032
  331.2     6.07  48.199  -0.2008
  331.4     6.07  48.226  -0.2016
  331.7     6.08  48.253  -0.1982
  331.8     6.07  48.280  -0.2000
  332.1     6.08  48.307  -0.2033
  332.2     6.06  48.335  -0.1985
  332.5     6.07  48.362  -0.2014
  332.8     6.06  48.389  -0.2017
  332.9     6.05  48.417  -0.2007
  333.2     6.05  48.444  -0.2019
  333.3     6.07  48.472  -0.1996
  333.6     6.07  48.499  -0.2018
  333.7     6.04  48.526  -0.2028
  334.0     5.99  48.553  -0.2024
  334.2     6.00  48.581  -0.2049
  334.3     6.02  48.608  -0.2026
  334.6     6.01  48.634  -0.2055
  334.9     6.02  48.662  -0.2084
  335.1     6.00  48.689  -0.2067
  335.3     6.00  48.717  -0.2116
  335.4     5.99  48.744  -0.2068
  335.7     5.99  48.771  -0.2076
  336.0     5.99  48.798  -0.2033
  336.1     5.98  48.825  -0.2049
  336.3     5.95  48.852  -0.2052
  336.6     5.94  48.879  -0.2029
  336.7     5.95  48.906  -0.2061
  336.8     5.97  48.933  -0.2017
  337.1     5.94  48.960  -0.2057
  337.3     5.93  48.987  -0.2051
  337.6     5.92  49.014  -0.2069
  337.9     5.95  49.041  -0.2046
  338.0     5.91  49.068  -0.2048
  338.2     5.91  49.096  -0.2036
  338.5     5.91  49.123  -0.2036
  338.6     5.89  49.150  -0.2061
  338.9     5.81  49.177  -0.2089
  339.1     5.90  49.204  -0.2071
  339.3     5.89  49.232  -0.2090
  339.4     5.85  49.259  -0.2021
  339.7     5.86  49.286  -0.2026
  340.0     5.89  49.313  -0.2076
  340.2     5.85  49.340  -0.2092
  340.4     5.84  49.367  -0.2085
  340.6     5.80  49.394  -0.2083
  340.8     5.79  49.422  -0.2087
  341.0     5.80  49.449  -0.2084
  341.2     5.79  49.476  -0.2085
  341.4     5.74  49.503  -0.2081
  341.7     5.73  49.530  -0.2087
  341.8     5.75  49.558  -0.2073
  342.0     5.75  49.585  -0.2098
  342.3     5.74  49.612  -0.2077
  342.5     5.73  49.639  -0.2108
  342.8     5.68  49.666  -0.2116
  343.0     5.67  49.693  -0.2109
  343.1     5.64  49.720  -0.2086
  343.3     5.68  49.747  -0.2099
  343.5     5.65  49.774  -0.2119
  343.7     5.64  49.801  -0.2105
  344.0     5.65  49.828  -0.2127
  344.3     5.63  49.855  -0.2112
  344.4     5.66  49.882  -0.2113
  344.6     5.61  49.909  -0.2134
  344.8     5.61  49.936  -0.2130
  345.1     5.59  49.964  -0.2136
  345.3     5.58  49.991  -0.2137
  345.5     5.60  50.017  -0.2157
  345.7     5.59  50.044  -0.2187
  346.0     5.60  50.071  -0.2217
  346.2     5.59  50.098  -0.2200
  346.4     5.57  50.126  -0.2161
  346.6     5.56  50.153  -0.2195
  346.8     5.54  50.181  -0.2181
  347.0     5.54  50.208  -0.2216
  347.1     5.55  50.236  -0.2213
  347.4     5.52  50.264  -0.2199
  347.7     5.50  50.291  -0.2187
  347.8     5.50  50.318  -0.2184
  348.1     5.49  50.345  -0.2192
  348.2     5.51  50.373  -0.2131
  348.4     5.49  50.400  -0.2159
  348.7     5.47  50.428  -0.2154
  348.8     5.50  50.455  -0.2180
  349.1     5.49  50.482  -0.2186
  349.3     5.49  50.509  -0.2171
  349.5     5.49  50.536  -0.2097
  349.8     5.48  50.564  -0.2126
  350.0     5.48  50.591  -0.2136
  350.2     5.48  50.618  -0.2158
  350.3     5.45  50.645  -0.2160
  350.6     5.44  50.673  -0.2160
  350.9     5.45  50.699  -0.2168
  351.1     5.45  50.727  -0.2178
  351.3     5.43  50.754  -0.2199
  351.5     5.42  50.781  -0.2199
  351.6     5.42  50.808  -0.2161
  351.8     5.41  50.835  -0.2130
  352.1     5.39  50.861  -0.2180
  352.3     5.40  50.889  -0.2198
  352.3     5.41  50.915  -0.2172
  352.7     5.39  50.942  -0.2190
  352.9     5.42  50.969  -0.2141
  353.1     5.43  50.996  -0.2170
  353.2     5.40  51.023  -0.2214
  353.5     5.43  51.050  -0.2164
  353.7     5.45  51.077  -0.2123
  353.9     5.39  51.105  -0.2133
  354.1     5.38  51.132  -0.2134
  354.3     5.37  51.158  -0.2147
  354.6     5.39  51.186  -0.2166
  354.8     5.40  51.213  -0.2173
  355.0     5.38  51.240  -0.2199
  355.3     5.39  51.267  -0.2170
  355.4     5.37  51.295  -0.2152
  355.7     5.40  51.322  -0.2164
  355.8     5.39  51.349  -0.2163
  356.0     5.38  51.376  -0.2183
  356.3     5.40  51.403  -0.2194
  356.4     5.36  51.430  -0.2186
  356.6     5.30  51.457  -0.2194
  356.8     5.35  51.483  -0.2216
  357.0     5.32  51.510  -0.2201
  357.2     5.32  51.538  -0.2209
  357.4     5.33  51.564  -0.2224
  357.7     5.33  51.591  -0.2199
  358.0     5.34  51.619  -0.2189
  358.2     5.34  51.647  -0.2148
  358.3     5.31  51.674  -0.2133
  358.5     5.29  51.701  -0.2147
  358.8     5.30  51.728  -0.2132
  358.9     5.32  51.756  -0.2135
  359.3     5.35  51.783  -0.2087
  359.4     5.33  51.810  -0.2113
  359.5     5.34  51.838  -0.2103
  359.8     5.36  51.865  -0.2112
  360.0     5.33  51.892  -0.2098
  360.3     5.36  51.919  -0.2135
  360.5     5.36  51.946  -0.2144
  360.7     5.32  51.973  -0.2126
  360.8     5.32  52.000  -0.2102
  361.0     5.32  52.027  -0.2140
  361.3     5.37  52.053  -0.2188
  361.5     5.32  52.080  -0.2158
  361.7     5.31  52.107  -0.2144
  362.0     5.32  52.134  -0.2147
  362.1     5.32  52.161  -0.2123
  362.3     5.30  52.188  -0.2159
  362.4     5.32  52.216  -0.2182
  362.7     5.31  52.242  -0.2156
  362.9     5.32  52.269  -0.2172
  363.1     5.31  52.296  -0.2189
  363.4     5.29  52.323  -0.2221
  363.5     5.30  52.350  -0.2213
  363.7     5.33  52.377  -0.2174
  363.9     5.30  52.404  -0.2217
  364.1     5.28  52.432  -0.2230
  364.4     5.29  52.458  -0.2228
  364.5     5.28  52.485  -0.2190
  364.9     5.28  52.513  -0.2208
  364.9     5.28  52.540  -0.2195
  365.1     5.27  52.567  -0.2166
  365.4     5.29  52.594  -0.2138
  365.5     5.26  52.621  -0.2188
  365.7     5.27  52.648  -0.2164
  365.8     5.28  52.675  -0.2160
  366.1     5.30  52.702  -0.2150
  366.4     5.28  52.728  -0.2143
  366.6     5.29  52.756  -0.2118
  366.8     5.28  52.783  -0.2126
  366.9     5.27  52.810  -0.2146
  367.1     5.23  52.837  -0.2164
  367.3     5.25  52.864  -0.2150
  367.6     5.27  52.891  -0.2128
  367.8     5.26  52.918  -0.2117
  368.0     5.27  52.945  -0.2139
  368.1     5.25  52.972  -0.2123
  368.3     5.29  52.999  -0.2118
  368.6     5.28  53.026  -0.2138
  368.8     5.23  53.053  -0.2149
  368.9     5.25  53.080  -0.2161
  369.2     5.27  53.107  -0.2171
  369.4     5.26  53.134  -0.2169
  369.6     5.27  53.161  -0.2167
  369.8     5.26  53.189  -0.2150
  370.0     5.27  53.216  -0.2192
  370.3     5.25  53.243  -0.2166
  370.5     5.25  53.270  -0.2200
  370.6     5.26  53.298  -0.2224
  370.8     5.23  53.325  -0.2220
  371.1     5.23  53.352  -0.2238
  371.2     5.24  53.379  -0.2200
  371.4     5.25  53.405  -0.2187
  371.6     5.26  53.432  -0.2182
  371.9     5.25  53.459  -0.2142
  372.0     5.23  53.487  -0.2153
  372.2     5.23  53.514  -0.2164
  372.5     5.23  53.541  -0.2179
  372.7     5.24  53.568  -0.2158
  372.9     5.25  53.596  -0.2126
  373.1     5.23  53.623  -0.2156
  373.3     5.23  53.650  -0.2188
  373.5     5.25  53.677  -0.2192
  373.8     5.25  53.704  -0.2193
  374.0     5.28  53.731  -0.2195
  374.2     5.25  53.758  -0.2201
  374.4     5.24  53.785  -0.2203
  374.6     5.25  53.812  -0.2194
  374.8     5.25  53.839  -0.2225
  375.0     5.21  53.866  -0.2201
  375.2     5.24  53.893  -0.2178
  375.5     5.24  53.920  -0.2183
  375.7     5.25  53.947  -0.2146
  375.8     5.26  53.974  -0.2162
  376.1     5.26  54.002  -0.2188
  376.4     5.23  54.029  -0.2162
  376.5     5.26  54.056  -0.2191
  376.6     5.26  54.083  -0.2189
  377.0     5.28  54.110  -0.2208
  377.2     5.25  54.136  -0.2222
  377.4     5.25  54.163  -0.2221
  377.6     5.26  54.191  -0.2244
  377.9     5.29  54.218  -0.2226
  378.1     5.27  54.245  -0.2193
  378.1     5.27  54.272  -0.2186
  378.4     5.26  54.299  -0.2201
  378.6     5.29  54.326  -0.2212
  378.9     5.27  54.353  -0.2206
  379.1     5.28  54.380  -0.2197
  379.3     5.24  54.408  -0.2219
  379.5     5.27  54.434  -0.2220
  379.7     5.24  54.461  -0.2240
  379.9     5.29  54.489  -0.2221
  380.1     5.24  54.516  -0.2219
  380.3     5.25  54.543  -0.2195
  380.5     5.24  54.570  -0.2231
  380.8     5.27  54.597  -0.2216
  380.9     5.27  54.624  -0.2254
  381.1     5.25  54.651  -0.2237
  381.4     5.27  54.678  -0.2254
  381.6     5.27  54.704  -0.2290
  381.8     5.27  54.732  -0.2252
  382.0     5.26  54.759  -0.2267
  382.3     5.27  54.786  -0.2253
  382.5     5.28  54.813  -0.2275
  382.6     5.26  54.840  -0.2275
  382.9     5.25  54.867  -0.2246
  383.0     5.27  54.893  -0.2249
  383.2     5.23  54.920  -0.2216
  383.4     5.26  54.947  -0.2253
  383.7     5.23  54.974  -0.2259
  383.9     5.24  55.002  -0.2272
  384.1     5.24  55.028  -0.2288
  384.4     5.25  55.056  -0.2332
  384.6     5.26  55.083  -0.2312
  384.7     5.27  55.110  -0.2314
  385.0     5.24  55.137  -0.2271
  385.1     5.24  55.164  -0.2257
  385.3     5.27  55.191  -0.2230
  385.5     5.24  55.218  -0.2237
  385.9     5.25  55.245  -0.2246
  386.0     5.25  55.272  -0.2227
  386.2     5.22  55.299  -0.2218
  386.4     5.23  55.326  -0.2222
  386.7     5.24  55.353  -0.2221
  386.9     5.26  55.380  -0.2224
  387.2     5.27  55.407  -0.2272
  387.3     5.23  55.434  -0.2205
  387.5     5.26  55.461  -0.2249
  387.8     5.26  55.488  -0.2271
  388.0     5.26  55.515  -0.2286
  388.1     5.26  55.542  -0.2247
  388.4     5.25  55.569  -0.2301
  388.6     5.24  55.596  -0.2264
  388.7     5.24  55.624  -0.2256
  389.0     5.25  55.651  -0.2220
  389.2     5.23  55.678  -0.2214
  389.4     5.23  55.705  -0.2205
  389.6     5.25  55.733  -0.2206
  389.8     5.26  55.760  -0.2208
  390.0     5.23  55.787  -0.2190
  390.3     5.23  55.814  -0.2187
  390.5     5.25  55.841  -0.2204
  390.7     5.25  55.868  -0.2202
  390.9     5.24  55.895  -0.2212
  391.1     5.24  55.923  -0.2201
  391.4     5.20  55.950  -0.2215
  391.5     5.23  55.977  -0.2175
  391.8     5.23  56.004  -0.2155
  391.9     5.22  56.030  -0.2181
  392.2     5.23  56.058  -0.2195
  392.5     5.25  56.085  -0.2184
  392.6     5.23  56.111  -0.2215
  392.8     5.22  56.138  -0.2207
  393.1     5.23  56.165  -0.2235
  393.4     5.25  56.192  -0.2260
  393.4     5.21  56.220  -0.2252
  393.7     5.21  56.247  -0.2239
  393.9     5.25  56.274  -0.2247
  394.1     5.22  56.301  -0.2233
  394.3     5.23  56.328  -0.2236
  394.5     5.20  56.355  -0.2251
  394.8     5.21  56.383  -0.2230
  395.0     5.22  56.410  -0.2256
  395.1     5.21  56.437  -0.2238
  395.4     5.21  56.464  -0.2229
  395.5     5.20  56.491  -0.2229
  395.7     5.20  56.518  -0.2248
  395.9     5.18  56.545  -0.2297
  396.1     5.21  56.572  -0.2300
  396.5     5.18  56.599  -0.2273
  396.5     5.21  56.626  -0.2228
  396.8     5.19  56.653  -0.2251
  397.0     5.19  56.680  -0.2255
  397.2     5.18  56.707  -0.2264
  397.4     5.17  56.734  -0.2251
  397.7     5.19  56.761  -0.2259
  397.9     5.18  56.789  -0.2258
  398.0     5.19  56.816  -0.2333
  398.3     5.19  56.843  -0.2334
  398.5     5.25  56.870  -0.2305
  398.6     5.15  56.897  -0.2297
  398.8     5.18  56.924  -0.2274
  399.1     5.17  56.952  -0.2308
  399.2     5.20  56.978  -0.2305
  399.5     5.15  57.006  -0.2274
  399.8     5.14  57.033  -0.2270
  399.9     5.16  57.060  -0.2308
  400.1     5.15  57.087  -0.2328
  400.3     5.12  57.114  -0.2339
  400.4     5.10  57.141  -0.2331
  400.8     5.14  57.168  -0.2302
  401.1     5.13  57.195  -0.2328
  401.1     5.15  57.223  -0.2356
  401.4     5.14  57.250  -0.2342
  401.6     5.17  57.277  -0.2341
  401.8     5.14  57.304  -0.2346
  401.9     5.13  57.331  -0.2347
  402.1     5.12  57.358  -0.2347
  402.3     5.16  57.386  -0.2333
  402.6     5.11  57.413  -0.2320
  402.8     5.12  57.440  -0.2311
  403.0     5.10  57.467  -0.2345
  403.2     4.99  57.495  -0.2363
  403.4     5.08  57.522  -0.2348
  403.5     5.09  57.549  -0.2335
  403.8     5.07  57.576  -0.2337
  404.1     5.10  57.603  -0.2338
  404.3     5.14  57.630  -0.2389
  404.5     5.10  57.657  -0.2356
  404.7     5.12  57.684  -0.2322
  405.0     5.10  57.711  -0.2333
  405.1     5.12  57.738  -0.2368
  405.2     5.11  57.765  -0.2334
  405.5     5.08  57.792  -0.2323
  405.8     5.07  57.819  -0.2348
  406.0     5.10  57.847  -0.2344
  406.1     5.11  57.875  -0.2356
  406.4     5.06  57.902  -0.2335
  406.5     5.08  57.929  -0.2321
  406.9     5.07  57.956  -0.2323
  407.0     5.08  57.983  -0.2354
  407.3     5.08  58.010  -0.2354
  407.4     5.09  58.037  -0.2360
  407.7     5.06  58.064  -0.2363
  407.9     5.06  58.091  -0.2362
  408.0     5.09  58.117  -0.2369
  408.2     5.06  58.144  -0.2379
  408.4     5.06  58.172  -0.2352
  408.6     5.04  58.199  -0.2319
  408.8     5.05  58.226  -0.2381
  409.0     5.04  58.254  -0.2370
  409.3     5.07  58.281  -0.2362
  409.5     5.05  58.308  -0.2354
  409.6     5.05  58.335  -0.2354
  409.9     5.07  58.362  -0.2311
  410.1     5.03  58.389  -0.2306
  410.2     5.03  58.417  -0.2373
  410.5     5.03  58.443  -0.2369
  410.6     5.03  58.470  -0.2355
  410.9     5.04  58.497  -0.2348
  411.2     5.03  58.524  -0.2340
  411.3     5.02  58.551  -0.2344
  411.5     5.02  58.578  -0.2339
  411.7     5.02  58.605  -0.2338
  412.0     5.02  58.633  -0.2354
  412.2     4.99  58.659  -0.2350
  412.3     5.01  58.686  -0.2339
  412.6     5.02  58.714  -0.2375
  412.7     5.01  58.741  -0.2375
  413.1     5.04  58.768  -0.2358
  413.1     5.00  58.795  -0.2356
  413.4     4.99  58.822  -0.2376
  413.6     4.96  58.849  -0.2367
  413.8     4.99  58.877  -0.2344
  413.9     4.99  58.904  -0.2321
  414.2     5.00  58.931  -0.2338
  414.4     5.00  58.958  -0.2356
  414.6     4.98  58.986  -0.2355
  414.8     4.98  59.013  -0.2334
  415.0     4.99  59.041  -0.2330
  415.3     4.99  59.068  -0.2339
  415.4     4.98  59.095  -0.2317
  415.8     5.00  59.122  -0.2342
  415.9     4.97  59.149  -0.2319
  416.0     4.97  59.176  -0.2344
  416.3     4.97  59.203  -0.2321
  416.4     4.95  59.231  -0.2353
  416.6     4.98  59.258  -0.2328
  416.8     4.97  59.284  -0.2334
  417.1     4.96  59.311  -0.2330
  417.3     4.95  59.339  -0.2370
  417.6     4.95  59.366  -0.2349
  417.8     4.97  59.394  -0.2317
  418.0     4.96  59.421  -0.2290
  418.1     4.96  59.448  -0.2304
  418.3     4.94  59.475  -0.2332
  418.5     4.96  59.502  -0.2347
  418.7     4.95  59.530  -0.2352
  418.9     4.95  59.557  -0.2358
  419.1     4.92  59.584  -0.2391
  419.3     4.95  59.610  -0.2368
  419.4     4.95  59.638  -0.2330
  419.8     4.93  59.665  -0.2359
  420.0     4.93  59.692  -0.2375
  420.2     4.92  59.719  -0.2382
  420.4     4.92  59.746  -0.2369
  420.6     4.91  59.773  -0.2382
  420.8     4.91  59.801  -0.2399
  421.1     4.94  59.828  -0.2339
  421.2     4.93  59.855  -0.2356
  421.4     4.92  59.882  -0.2388
  421.7     4.88  59.909  -0.2385
  421.9     4.91  59.936  -0.2371
  422.1     4.90  59.963  -0.2387
  422.3     4.89  59.989  -0.2377
  422.4     4.91  60.016  -0.2356
  422.7     4.91  60.043  -0.2337
  422.8     4.89  60.070  -0.2320
  423.1     4.88  60.097  -0.2325
  423.2     4.88  60.124  -0.2341
  423.5     4.90  60.152  -0.2353
  423.7     4.92  60.179  -0.2355
  423.9     4.91  60.206  -0.2381
  424.1     4.89  60.234  -0.2358
  424.4     4.90  60.260  -0.2338
  424.6     4.90  60.288  -0.2351
  424.8     4.91  60.314  -0.2328
  425.0     4.90  60.342  -0.2366
  425.2     4.90  60.368  -0.2367
  425.4     4.89  60.396  -0.2366
  425.6     4.91  60.423  -0.2290
  425.8     4.88  60.450  -0.2307
  426.0     4.89  60.477  -0.2342
  426.3     4.90  60.505  -0.2350
  426.4     4.89  60.532  -0.2346
  426.7     4.91  60.558  -0.2364
  426.9     4.93  60.585  -0.2350
  427.1     4.88  60.612  -0.2330
  427.3     4.87  60.639  -0.2318
  427.6     4.87  60.666  -0.2374
  427.8     4.88  60.694  -0.2348
  428.0     4.88  60.721  -0.2368
  428.3     4.89  60.747  -0.2342
  428.4     4.88  60.774  -0.2382
  428.6     4.88  60.802  -0.2364
  428.8     4.87  60.829  -0.2324
  429.0     4.88  60.856  -0.2347
  429.3     4.86  60.883  -0.2381
  429.5     4.86  60.910  -0.2372
  429.6     4.87  60.938  -0.2375
  429.9     4.87  60.964  -0.2404
  430.1     4.86  60.991  -0.2386
  430.3     4.86  61.018  -0.2380
  430.6     4.88  61.045  -0.2388
  430.8     4.85  61.072  -0.2372
  430.9     4.88  61.099  -0.2385
  431.1     4.88  61.126  -0.2336
  431.3     4.88  61.153  -0.2360
  431.5     4.86  61.180  -0.2363
  431.8     4.87  61.208  -0.2397
  432.0     4.85  61.235  -0.2382
  432.2     4.86  61.263  -0.2379
  432.4     4.86  61.289  -0.2376
  432.7     4.86  61.316  -0.2355
  432.9     4.87  61.344  -0.2384
  433.1     4.87  61.371  -0.2415
  433.2     4.87  61.397  -0.2401
  433.5     4.88  61.424  -0.2400
  433.7     4.84  61.451  -0.2381
  434.0     4.83  61.478  -0.2392
  434.1     4.91  61.505  -0.2411
  434.2     4.85  61.532  -0.2392
  434.5     4.84  61.559  -0.2401
  434.7     4.84  61.586  -0.2408
  435.0     4.84  61.613  -0.2396
  435.2     4.86  61.640  -0.2410
  435.4     4.84  61.668  -0.2402
  435.6     4.81  61.695  -0.2388
  435.7     4.85  61.722  -0.2409
  436.0     4.84  61.749  -0.2450
  436.2     4.83  61.777  -0.2456
  436.4     4.86  61.804  -0.2438
  436.6     4.83  61.830  -0.2452
  436.9     4.82  61.858  -0.2418
  437.1     4.81  61.885  -0.2444
  437.2     4.83  61.912  -0.2401
  437.5     4.83  61.940  -0.2452
  437.6     4.82  61.967  -0.2454
  437.9     4.82  61.994  -0.2432
  438.1     4.85  62.021  -0.2401
  438.3     4.83  62.048  -0.2396
  438.5     4.81  62.075  -0.2447
  438.7     4.83  62.102  -0.2424
  439.0     4.82  62.130  -0.2388
  439.1     4.82  62.157  -0.2420
  439.4     4.81  62.184  -0.2438
  439.6     4.81  62.211  -0.2434
  439.9     4.81  62.239  -0.2432
  440.1     4.80  62.266  -0.2429
  440.3     4.78  62.293  -0.2438
  440.4     4.80  62.320  -0.2422
  440.7     4.82  62.348  -0.2414
  440.8     4.81  62.375  -0.2422
  441.1     4.77  62.402  -0.2472
  441.3     4.73  62.430  -0.2402
  441.5     4.73  62.457  -0.2355
  441.8     4.86  62.484  -0.2408
  442.1     4.89  62.511  -0.2351
  442.3     4.88  62.538  -0.2363
  442.7     4.96  62.565  -0.2319
  442.8     4.94  62.592  -0.2339
  442.9     4.87  62.619  -0.2320
  443.1     4.86  62.647  -0.2330
  443.4     4.84  62.674  -0.2367
  443.6     4.84  62.701  -0.2344
  443.9     4.84  62.728  -0.2318
  444.0     4.84  62.755  -0.2305
  444.2     4.83  62.782  -0.2303
  444.4     4.76  62.809  -0.2275
  444.5     4.74  62.836  -0.2331
  444.7     4.78  62.863  -0.2430
  444.9     4.79  62.890  -0.2493
  445.2     4.77  62.917  -0.2518
  445.5     4.76  62.944  -0.2494
  445.6     4.77  62.971  -0.2499
  445.8     4.76  62.998  -0.2507
  446.1     4.78  63.025  -0.2526
  446.3     4.80  63.052  -0.2518
  446.5     4.76  63.079  -0.2538
  446.7     4.75  63.107  -0.2518
  446.9     4.74  63.134  -0.2485
  447.2     4.77  63.161  -0.2486
  447.4     4.77  63.188  -0.2478
  447.6     4.80  63.215  -0.2493
  447.8     4.78  63.242  -0.2503
  448.0     4.75  63.269  -0.2494
  448.2     4.74  63.297  -0.2516
  448.5     4.75  63.324  -0.2523
  448.6     4.76  63.352  -0.2527
  448.8     4.73  63.378  -0.2522
  449.1     4.82  63.405  -0.2518
  449.3     4.76  63.433  -0.2509
  449.5     4.72  63.460  -0.2477
  449.6     4.73  63.488  -0.2486
  449.9     4.73  63.515  -0.2495
  450.1     4.69  63.541  -0.2469
  450.3     4.72  63.568  -0.2443
  450.5     4.73  63.596  -0.2480
  450.7     4.72  63.622  -0.2465
  450.9     4.71  63.649  -0.2451
  451.1     4.70  63.677  -0.2454
  451.3     4.71  63.703  -0.2471
  451.5     4.74  63.730  -0.2441
  451.7     4.73  63.758  -0.2470
  451.9     4.72  63.785  -0.2486
  452.2     4.69  63.812  -0.2501
  452.2     4.69  63.839  -0.2530
  452.5     4.70  63.866  -0.2499
  452.7     4.69  63.893  -0.2463
  452.9     4.71  63.920  -0.2483
  453.0     4.69  63.947  -0.2462
  453.2     4.67  63.974  -0.2468
  453.5     4.66  64.001  -0.2479
  453.8     4.66  64.028  -0.2480
  453.9     4.67  64.055  -0.2505
  454.1     4.66  64.082  -0.2509
  454.3     4.65  64.109  -0.2495
  454.5     4.64  64.136  -0.2478
  454.6     4.64  64.164  -0.2486
  454.8     4.65  64.191  -0.2469
  455.1     4.65  64.219  -0.2469
  455.2     4.65  64.246  -0.2412
  455.5     4.63  64.273  -0.2416
  455.6     4.64  64.301  -0.2441
  455.9     4.61  64.328  -0.2463
  456.0     4.61  64.354  -0.2464
  456.3     4.63  64.381  -0.2460
  456.5     4.62  64.409  -0.2485
  456.7     4.64  64.436  -0.2445
  456.8     4.61  64.463  -0.2441
  457.1     4.60  64.491  -0.2449
  457.3     4.62  64.518  -0.2451
  457.5     4.61  64.545  -0.2471
  457.6     4.62  64.572  -0.2455
  457.8     4.62  64.599  -0.2458
  458.1     4.63  64.627  -0.2487
  458.3     4.60  64.654  -0.2525
  458.5     4.61  64.681  -0.2496
  458.7     4.64  64.708  -0.2476
  458.9     4.63  64.735  -0.2457
  459.1     4.60  64.762  -0.2500
  459.3     4.61  64.789  -0.2513
  459.4     4.55  64.816  -0.2489
  459.6     4.58  64.843  -0.2441
  459.9     4.60  64.871  -0.2467
  460.0     4.59  64.898  -0.2492
  460.2     4.60  64.925  -0.2480
  460.4     4.64  64.952  -0.2493
  460.7     4.60  64.979  -0.2486
  460.8     4.56  65.007  -0.2513
  461.1     4.57  65.034  -0.2498
  461.3     4.59  65.061  -0.2474
  461.5     4.61  65.089  -0.2450
  461.7     4.60  65.115  -0.2467
  461.9     4.63  65.142  -0.2518
  462.1     4.57  65.169  -0.2500
  462.3     4.62  65.197  -0.2489
  462.4     4.60  65.226  -0.2513
  462.7     4.56  65.253  -0.2492
  462.9     4.60  65.280  -0.2506
  463.1     4.59  65.307  -0.2513
  463.5     4.61  65.334  -0.2493
  463.5     4.57  65.362  -0.2517
  463.8     4.57  65.389  -0.2513
  463.9     4.57  65.416  -0.2501
  464.1     4.60  65.443  -0.2510
  464.3     4.57  65.470  -0.2462
  464.5     4.57  65.497  -0.2473
  464.8     4.59  65.524  -0.2459
  465.0     4.60  65.551  -0.2477
  465.2     4.60  65.578  -0.2483
  465.4     4.57  65.607  -0.2512
  465.6     4.60  65.634  -0.2512
  465.8     4.59  65.661  -0.2540
  466.0     4.54  65.688  -0.2540
  466.1     4.58  65.715  -0.2525
  466.4     4.59  65.742  -0.2547
  466.6     4.58  65.769  -0.2544
  466.8     4.58  65.796  -0.2544
  467.0     4.57  65.823  -0.2553
  467.3     4.56  65.850  -0.2545
  467.4     4.58  65.877  -0.2563
  467.7     4.57  65.903  -0.2571
  467.8     4.60  65.930  -0.2585
  468.0     4.58  65.958  -0.2585
  468.3     4.57  65.985  -0.2599
  468.4     4.59  66.013  -0.2550
  468.7     4.58  66.040  -0.2556
  468.8     4.58  66.067  -0.2553
  469.1     4.58  66.094  -0.2586
  469.3     4.58  66.121  -0.2546
  469.6     4.59  66.148  -0.2508
  469.8     4.55  66.175  -0.2518
  470.0     4.59  66.202  -0.2545
  470.0     4.56  66.230  -0.2551
  470.3     4.57  66.257  -0.2565
  470.6     4.58  66.284  -0.2555
  470.7     4.58  66.311  -0.2549
  470.9     4.60  66.339  -0.2566
  471.2     4.59  66.365  -0.2546
  471.3     4.58  66.392  -0.2530
  471.5     4.56  66.420  -0.2531
  471.7     4.56  66.447  -0.2509
  472.0     4.56  66.474  -0.2502
  472.2     4.56  66.502  -0.2558
  472.4     4.58  66.529  -0.2576
  472.6     4.56  66.556  -0.2562
  472.8     4.55  66.583  -0.2546
  472.9     4.52  66.610  -0.2571
  473.2     4.55  66.637  -0.2576
  473.5     4.53  66.664  -0.2575
  473.6     4.55  66.692  -0.2584
  473.8     4.54  66.719  -0.2600
  474.0     4.53  66.746  -0.2607
  474.2     4.57  66.773  -0.2581
  474.4     4.56  66.800  -0.2613
  474.7     4.56  66.827  -0.2601
  474.9     4.58  66.854  -0.2588
  475.1     4.59  66.881  -0.2613
  475.2     4.58  66.908  -0.2612
  475.5     4.57  66.935  -0.2607
  475.7     4.59  66.963  -0.2642
  475.9     4.57  66.990  -0.2600
  476.1     4.58  67.017  -0.2599
  476.3     4.56  67.044  -0.2592
  476.5     4.55  67.071  -0.2556
  476.7     4.58  67.098  -0.2569
  477.0     4.57  67.125  -0.2562
  477.1     4.56  67.152  -0.2591
  477.4     4.54  67.179  -0.2586
  477.5     4.57  67.206  -0.2612
  477.8     4.56  67.234  -0.2601
  478.1     4.57  67.261  -0.2574
  478.2     4.58  67.288  -0.2566
  478.3     4.54  67.315  -0.2589
  478.7     4.53  67.342  -0.2617
  478.9     4.54  67.370  -0.2618
  479.0     4.54  67.396  -0.2597
  479.2     4.52  67.423  -0.2607
  479.5     4.57  67.451  -0.2603
  479.6     4.55  67.478  -0.2596
  479.8     4.51  67.505  -0.2605
  480.1     4.52  67.533  -0.2586
  480.2     4.51  67.560  -0.2560
  480.4     4.52  67.587  -0.2550
  480.7     4.55  67.614  -0.2558
  480.9     4.53  67.641  -0.2541
  481.1     4.53  67.667  -0.2546
  481.3     4.52  67.695  -0.2551
  481.5     4.52  67.722  -0.2569
  481.7     4.52  67.749  -0.2590
  482.0     4.55  67.777  -0.2630
  482.2     4.52  67.804  -0.2617
  482.4     4.56  67.831  -0.2575
  482.6     4.54  67.859  -0.2640
  482.9     4.57  67.886  -0.2657
  483.0     4.53  67.913  -0.2654
  483.1     4.54  67.940  -0.2629
  483.4     4.51  67.968  -0.2610
  483.6     4.52  67.995  -0.2628
  483.8     4.52  68.022  -0.2600
  484.1     4.53  68.049  -0.2596
  484.3     4.54  68.076  -0.2572
  484.6     4.54  68.104  -0.2597
  484.7     4.54  68.131  -0.2603
  484.9     4.55  68.158  -0.2603
  485.0     4.55  68.186  -0.2599
  485.3     4.55  68.213  -0.2600
  485.6     4.55  68.240  -0.2609
  485.7     4.55  68.267  -0.2597
  485.9     4.54  68.294  -0.2564
  486.2     4.53  68.321  -0.2584
  486.4     4.60  68.348  -0.2608
  486.5     4.51  68.376  -0.2562
  486.7     4.52  68.403  -0.2572
  486.9     4.54  68.430  -0.2557
  487.2     4.50  68.457  -0.2555
  487.4     4.50  68.484  -0.2541
  487.6     4.53  68.512  -0.2545
  487.8     4.51  68.539  -0.2559
  488.0     4.53  68.566  -0.2544
  488.2     4.54  68.594  -0.2558
  488.4     4.54  68.621  -0.2556
  488.6     4.54  68.648  -0.2559
  488.8     4.50  68.675  -0.2555
  489.0     4.52  68.702  -0.2570
  489.3     4.53  68.730  -0.2579
  489.4     4.51  68.757  -0.2570
  489.7     4.51  68.784  -0.2569
  489.9     4.53  68.811  -0.2603
  490.0     4.53  68.838  -0.2590
  490.3     4.50  68.865  -0.2600
  490.5     4.53  68.892  -0.2631
  490.7     4.56  68.920  -0.2621
  490.9     4.50  68.947  -0.2631
  491.0     4.51  68.974  -0.2636
  491.3     4.50  69.001  -0.2593
  491.6     4.49  69.028  -0.2574
  491.8     4.52  69.055  -0.2590
  491.9     4.51  69.083  -0.2618
  492.2     4.53  69.110  -0.2607
  492.4     4.50  69.137  -0.2636
  492.6     4.50  69.164  -0.2640
  492.8     4.48  69.191  -0.2606
  493.0     4.52  69.219  -0.2602
  493.2     4.48  69.246  -0.2613
  493.4     4.49  69.274  -0.2656
  493.5     4.49  69.301  -0.2676
  493.8     4.48  69.328  -0.2631
  494.0     4.48  69.355  -0.2604
  494.2     4.45  69.382  -0.2639
  494.5     4.48  69.409  -0.2636
  494.5     4.49  69.436  -0.2638
  494.8     4.47  69.463  -0.2630
  495.0     4.46  69.490  -0.2638
  495.2     4.48  69.517  -0.2636
  495.4     4.48  69.545  -0.2621
  495.6     4.43  69.572  -0.2625
  495.8     4.46  69.599  -0.2629
  496.0     4.46  69.627  -0.2641
  496.2     4.44  69.654  -0.2648
  496.4     4.44  69.681  -0.2618
  496.6     4.45  69.708  -0.2600
  496.9     4.46  69.736  -0.2618
  497.1     4.45  69.764  -0.2616
  497.3     4.46  69.791  -0.2631
  497.4     4.48  69.818  -0.2635
  497.7     4.46  69.845  -0.2617
  497.9     4.45  69.872  -0.2594
  498.1     4.47  69.899  -0.2600
  498.3     4.49  69.926  -0.2565
  498.5     4.48  69.954  -0.2549
  498.7     4.45  69.981  -0.2562
  498.9     4.46  70.009  -0.2558
  499.1     4.48  70.036  -0.2550
  499.4     4.47  70.063  -0.2566
  499.5     4.48  70.090  -0.2561
  499.8     4.46  70.118  -0.2554
  499.9     4.49  70.145  -0.2585
  500.1     4.43  70.172  -0.2585
