   24.9     4.15   0.026   0.0027
   25.7     4.28   0.053  -0.0003
   26.3     4.43   0.079  -0.0017
   27.1     4.52   0.105  -0.0038
   27.7     4.63   0.132  -0.0024
   28.5     4.75   0.158  -0.0053
   29.1     4.84   0.185  -0.0043
   29.9     4.95   0.212  -0.0049
   30.6     5.04   0.238  -0.0025
   31.2     5.12   0.264  -0.0044
   32.0     5.24   0.291  -0.0067
   32.7     5.33   0.317  -0.0040
   33.3     5.41   0.344  -0.0034
   34.1     5.51   0.370  -0.0046
   34.8     5.58   0.396  -0.0081
   35.5     5.70   0.423  -0.0075
   36.2     5.81   0.449  -0.0074
   37.0     5.89   0.476  -0.0035
   37.6     6.02   0.503   0.0002
   38.4     6.05   0.529   0.0007
   39.1     6.14   0.556   0.0005
   39.7     6.22   0.582   0.0004
   40.4     6.30   0.609   0.0002
   41.0     6.37   0.635  -0.0012
   41.8     6.44   0.662  -0.0010
   42.5     6.54   0.688  -0.0017
   43.1     6.62   0.714  -0.0057
   43.9     6.70   0.741  -0.0053
   44.5     6.74   0.767  -0.0062
   45.2     6.80   0.794  -0.0064
   45.8     6.88   0.820  -0.0060
   46.5     6.92   0.847  -0.0052
   47.1     6.99   0.873  -0.0079
   47.7     7.03   0.899  -0.0071
   48.5     7.11   0.926  -0.0055
   49.0     7.15   0.952  -0.0077
   49.7     7.20   0.979  -0.0041
   50.4     7.25   1.005  -0.0044
   51.0     7.29   1.032  -0.0045
   51.6     7.33   1.058  -0.0022
   52.2     7.36   1.084  -0.0033
   52.8     7.43   1.111  -0.0006
   53.4     7.47   1.137  -0.0016
   54.0     7.49   1.164  -0.0014
   54.7     7.50   1.190  -0.0016
   55.2     7.54   1.216  -0.0029
   55.8     7.58   1.243  -0.0049
   56.4     7.59   1.269  -0.0063
   57.0     7.64   1.295  -0.0084
   57.6     7.66   1.322  -0.0068
   58.2     7.69   1.348  -0.0061
   58.7     7.69   1.374  -0.0040
   59.3     7.72   1.401  -0.0003
   59.8     7.72   1.427  -0.0032
   60.4     7.72   1.454  -0.0021
   60.9     7.74   1.480  -0.0042
   61.5     7.76   1.507  -0.0007
   62.0     7.81   1.533   0.0020
   62.6     7.80   1.560  -0.0015
   63.1     7.85   1.586  -0.0016
   63.6     7.78   1.612   0.0009
   64.1     7.80   1.639  -0.0007
   64.6     7.82   1.666   0.0008
   65.2     7.84   1.692   0.0002
   65.8     7.81   1.718  -0.0012
   66.2     7.81   1.745   0.0027
   66.7     7.80   1.771   0.0045
   67.3     7.83   1.798   0.0031
   67.8     7.82   1.824   0.0023
   68.2     7.79   1.851   0.0035
   68.7     7.80   1.877   0.0029
   69.1     7.76   1.904   0.0020
   69.7     7.76   1.930   0.0008
   70.1     7.75   1.957   0.0058
   70.6     7.75   1.983   0.0026
   71.0     7.77   2.009   0.0030
   71.5     7.70   2.036   0.0065
   72.0     7.72   2.062   0.0011
   72.4     7.67   2.089   0.0026
   72.9     7.67   2.115   0.0024
   73.3     7.64   2.141   0.0004
   73.8     7.65   2.167   0.0025
   74.1     7.60   2.194   0.0003
   74.5     7.59   2.220  -0.0010
   74.9     7.57   2.247  -0.0012
   75.4     7.54   2.273  -0.0016
   75.8     7.50   2.299   0.0001
   76.2     7.49   2.326  -0.0018
   76.7     7.48   2.352  -0.0062
   77.0     7.43   2.379  -0.0039
   77.3     7.41   2.405  -0.0019
   77.8     7.38   2.431   0.0016
   78.1     7.33   2.458   0.0010
   78.6     7.30   2.485   0.0010
   79.0     7.26   2.511   0.0020
   79.3     7.24   2.538   0.0065
   79.6     7.19   2.565   0.0026
   80.0     7.15   2.591   0.0059
   80.4     7.10   2.617   0.0059
   80.7     7.03   2.643   0.0029
   81.2     7.03   2.670   0.0049
   81.4     6.98   2.696   0.0040
   81.8     6.94   2.723   0.0052
   82.2     6.87   2.749   0.0030
   82.5     6.85   2.776  -0.0003
   82.8     6.77   2.802   0.0007
   83.2     6.74   2.828   0.0029
   83.5     6.67   2.855   0.0042
   83.8     6.63   2.882   0.0026
   84.2     6.56   2.908   0.0034
   84.5     6.52   2.935   0.0039
   84.8     6.48   2.961   0.0064
   85.1     6.45   2.988   0.0092
   85.4     6.38   3.014   0.0074
   85.7     6.32   3.040   0.0043
   86.0     6.25   3.067   0.0031
   86.3     6.21   3.093   0.0019
   86.6     6.15   3.120  -0.0007
   87.0     6.09   3.146  -0.0039
   87.2     6.04   3.173  -0.0032
   87.5     5.97   3.199  -0.0045
   87.8     5.90   3.225  -0.0030
   88.1     5.84   3.252   0.0003
   88.3     5.78   3.278  -0.0008
   88.6     5.72   3.304  -0.0032
   88.8     5.69   3.331  -0.0042
   89.1     5.62   3.357  -0.0011
   89.4     5.55   3.383   0.0027
   89.7     5.48   3.410  -0.0016
   89.9     5.44   3.436  -0.0001
   90.2     5.35   3.463   0.0007
   90.4     5.29   3.490  -0.0001
   90.8     5.25   3.517  -0.0020
   91.0     5.16   3.543  -0.0044
   91.2     5.10   3.569  -0.0032
   91.5     5.04   3.596  -0.0037
   91.7     4.98   3.622  -0.0061
   91.9     4.91   3.648  -0.0027
   92.2     4.86   3.675  -0.0023
   92.3     4.78   3.701  -0.0015
   92.6     4.72   3.727  -0.0046
   92.9     4.66   3.754  -0.0045
   93.1     4.60   3.780  -0.0044
   93.4     4.54   3.806  -0.0057
   93.5     4.48   3.833  -0.0060
   93.7     4.43   3.859  -0.0086
   94.0     4.36   3.885  -0.0104
   94.3     4.30   3.912  -0.0086
   94.4     4.22   3.938  -0.0068
   94.6     4.15   3.965  -0.0081
   94.7     4.09   3.991  -0.0083
   95.0     4.03   4.017  -0.0072
   95.2     3.95   4.044  -0.0082
   95.4     3.91   4.070  -0.0056
   95.6     3.87   4.097  -0.0080
   95.8     3.80   4.123  -0.0062
   96.0     3.75   4.149  -0.0045
   96.2     3.69   4.176  -0.0049
   96.4     3.61   4.203  -0.0042
   96.6     3.53   4.229  -0.0078
   96.8     3.51   4.255  -0.0077
   96.9     3.45   4.282  -0.0067
   97.1     3.39   4.308  -0.0060
   97.3     3.33   4.335  -0.0088
   97.3     3.28   4.361  -0.0067
   97.6     3.23   4.388  -0.0059
   97.9     3.18   4.414  -0.0011
   97.8     3.13   4.440  -0.0029
   98.1     3.06   4.467  -0.0026
   98.3     2.98   4.494  -0.0006
   98.4     2.98   4.520   0.0025
   98.7     2.93   4.546  -0.0024
   98.8     2.84   4.573  -0.0031
   99.0     2.81   4.599  -0.0002
   99.1     2.73   4.626  -0.0009
   99.3     2.70   4.652  -0.0014
   99.4     2.67   4.679  -0.0003
   99.6     2.60   4.705  -0.0030
   99.7     2.55   4.732  -0.0027
   99.9     2.53   4.758  -0.0015
  100.0     2.46   4.785   0.0013
  100.1     2.44   4.811   0.0005
  100.3     2.39   4.838  -0.0001
  100.4     2.35   4.864  -0.0004
  100.5     2.30   4.890  -0.0014
  100.8     2.27   4.917   0.0011
  100.9     2.21   4.943  -0.0013
  101.1     2.18   4.970   0.0022
  101.2     2.15   4.996   0.0017
  101.3     2.13   5.023  -0.0010
  101.5     2.07   5.049   0.0001
  101.5     2.05   5.076   0.0027
  101.7     1.99   5.102   0.0005
  101.8     1.94   5.129  -0.0028
  101.9     1.89   5.155   0.0001
  102.1     1.86   5.182   0.0013
  102.2     1.83   5.208   0.0004
  102.3     1.78   5.234  -0.0020
  102.4     1.77   5.261  -0.0049
  102.5     1.71   5.287  -0.0036
  102.7     1.69   5.314  -0.0081
  102.8     1.66   5.340  -0.0058
  103.0     1.62   5.366  -0.0053
  103.0     1.61   5.392  -0.0050
  103.1     1.57   5.419  -0.0051
  103.2     1.50   5.445  -0.0016
  103.3     1.52   5.472  -0.0004
  103.5     1.47   5.499  -0.0023
  103.5     1.43   5.525  -0.0064
  103.6     1.40   5.552  -0.0025
  103.7     1.41   5.578  -0.0014
  103.8     1.35   5.604   0.0010
  104.0     1.32   5.630   0.0009
  104.0     1.30   5.657  -0.0025
  104.1     1.27   5.684  -0.0009
  104.2     1.23   5.710   0.0007
  104.4     1.19   5.736   0.0011
  104.4     1.19   5.763   0.0015
  104.6     1.16   5.789   0.0014
  104.6     1.15   5.816  -0.0001
  104.7     1.09   5.842  -0.0015
  104.8     1.09   5.868  -0.0032
  104.9     1.08   5.895  -0.0051
  105.1     1.05   5.921  -0.0051
  105.0     1.03   5.947  -0.0084
  105.1     1.01   5.974  -0.0100
  105.2     1.01   6.000  -0.0094
  105.3     0.95   6.027  -0.0069
  105.4     0.93   6.054  -0.0039
  105.4     0.91   6.080  -0.0054
  105.6     0.89   6.107  -0.0090
  105.7     0.84   6.133  -0.0057
  105.7     0.85   6.159  -0.0049
  105.8     0.86   6.186  -0.0059
  105.9     0.80   6.212  -0.0072
  106.0     0.79   6.239  -0.0035
  106.0     0.79   6.265  -0.0033
  106.1     0.75   6.291  -0.0057
  106.2     0.75   6.318  -0.0034
  106.3     0.73   6.344  -0.0071
  106.4     0.74   6.370  -0.0045
  106.3     0.73   6.397  -0.0074
  106.5     0.71   6.423  -0.0063
  106.5     0.68   6.450  -0.0061
  106.6     0.69   6.477  -0.0055
  106.7     0.64   6.504  -0.0074
  106.7     0.63   6.530  -0.0102
  106.8     0.60   6.557  -0.0081
  106.8     0.61   6.583  -0.0054
  106.9     0.60   6.609  -0.0063
  107.0     0.58   6.636  -0.0079
  107.1     0.58   6.662  -0.0088
  107.1     0.54   6.688  -0.0063
  107.2     0.51   6.715  -0.0077
  107.2     0.53   6.741  -0.0071
  107.3     0.52   6.768  -0.0069
  107.3     0.52   6.795  -0.0039
  107.4     0.47   6.822  -0.0023
  107.5     0.46   6.848  -0.0051
  107.5     0.49   6.874  -0.0072
  107.5     0.48   6.901  -0.0056
  107.5     0.45   6.927  -0.0069
  107.6     0.44   6.954  -0.0046
  107.7     0.43   6.980  -0.0027
  107.7     0.43   7.007  -0.0028
  107.8     0.41   7.033  -0.0067
  107.9     0.42   7.059  -0.0072
  107.8     0.41   7.085  -0.0094
  108.0     0.41   7.112  -0.0049
  108.0     0.42   7.138  -0.0032
  108.0     0.39   7.165  -0.0084
  108.0     0.37   7.191  -0.0065
  108.2     0.38   7.217  -0.0051
  108.2     0.37   7.244  -0.0074
  108.2     0.35   7.270  -0.0074
  108.3     0.34   7.297  -0.0095
  108.4     0.36   7.323  -0.0074
  108.4     0.34   7.350  -0.0117
  108.5     0.34   7.376  -0.0063
  108.4     0.35   7.403  -0.0072
  108.5     0.31   7.429  -0.0071
  108.5     0.32   7.455  -0.0085
  108.6     0.31   7.483  -0.0097
  108.6     0.31   7.509  -0.0050
  108.6     0.32   7.535  -0.0074
  108.7     0.30   7.561  -0.0072
  108.7     0.30   7.588  -0.0073
  108.8     0.30   7.614  -0.0067
  108.8     0.29   7.641  -0.0079
  108.8     0.26   7.667  -0.0064
  108.9     0.28   7.693  -0.0082
  109.0     0.27   7.720  -0.0069
  108.9     0.27   7.746  -0.0051
  108.9     0.26   7.773  -0.0066
  109.0     0.27   7.799  -0.0040
  109.0     0.26   7.826  -0.0043
  109.0     0.27   7.852  -0.0038
  109.1     0.25   7.879  -0.0015
  109.1     0.25   7.905  -0.0035
  109.2     0.28   7.932  -0.0060
  109.2     0.29   7.958  -0.0091
  109.2     0.27   7.985  -0.0093
  109.3     0.25   8.011  -0.0081
  109.3     0.24   8.038  -0.0078
  109.3     0.26   8.064  -0.0087
  109.3     0.23   8.090  -0.0098
  109.3     0.25   8.117  -0.0122
  109.3     0.22   8.143  -0.0125
  109.4     0.24   8.170  -0.0111
  109.4     0.24   8.196  -0.0125
  109.4     0.21   8.222  -0.0126
  109.4     0.20   8.248  -0.0081
  109.5     0.24   8.276  -0.0085
  109.6     0.24   8.302  -0.0056
  109.6     0.24   8.328  -0.0093
  109.5     0.21   8.354  -0.0090
  109.6     0.21   8.381  -0.0099
  109.7     0.20   8.407  -0.0084
  109.5     0.21   8.433  -0.0090
  109.6     0.21   8.460  -0.0098
  109.5     0.20   8.487  -0.0095
  109.7     0.21   8.513  -0.0085
  109.8     0.20   8.540  -0.0086
  109.7     0.22   8.566  -0.0073
  109.8     0.22   8.593  -0.0054
  109.7     0.22   8.620  -0.0094
  109.8     0.20   8.646  -0.0108
  109.8     0.23   8.672  -0.0115
  109.8     0.22   8.699  -0.0101
  109.8     0.22   8.725  -0.0116
  109.9     0.24   8.751  -0.0125
  109.9     0.20   8.778  -0.0097
  109.9     0.20   8.804  -0.0080
  109.9     0.19   8.831  -0.0065
  109.9     0.23   8.857  -0.0093
  109.9     0.24   8.884  -0.0086
  109.9     0.24   8.910  -0.0056
  110.0     0.20   8.936  -0.0069
  109.9     0.20   8.964  -0.0087
  110.0     0.20   8.990  -0.0094
  109.9     0.21   9.016  -0.0078
  110.0     0.23   9.043  -0.0074
  110.0     0.21   9.069  -0.0027
  110.0     0.22   9.095  -0.0012
  110.0     0.20   9.122  -0.0033
  110.1     0.21   9.148  -0.0034
  110.1     0.24   9.175  -0.0042
  110.1     0.23   9.201  -0.0028
  110.1     0.25   9.228  -0.0064
  110.1     0.22   9.254  -0.0033
  110.1     0.19   9.280  -0.0040
  110.1     0.21   9.307  -0.0048
  110.1     0.26   9.333  -0.0017
  110.1     0.26   9.360  -0.0044
  110.1     0.28   9.386  -0.0066
  110.1     0.28   9.412  -0.0023
  110.1     0.26   9.439  -0.0018
  110.1     0.27   9.465  -0.0010
  110.1     0.26   9.493  -0.0025
  110.2     0.28   9.519  -0.0047
  110.1     0.29   9.545  -0.0018
  110.2     0.28   9.572  -0.0064
  110.1     0.28   9.598  -0.0039
  110.2     0.27   9.625  -0.0020
  110.2     0.29   9.651  -0.0018
  110.2     0.29   9.678  -0.0018
  110.3     0.27   9.704  -0.0021
  110.2     0.30   9.730  -0.0035
  110.2     0.29   9.757  -0.0043
  110.2     0.30   9.784  -0.0062
  110.3     0.29   9.810  -0.0071
  110.2     0.33   9.837  -0.0054
  110.2     0.32   9.863  -0.0073
  110.2     0.30   9.890  -0.0062
  110.2     0.28   9.917  -0.0067
  110.3     0.31   9.944  -0.0063
  110.2     0.28   9.970  -0.0087
  110.2     0.31   9.997  -0.0096
  110.3     0.30  10.023  -0.0091
  110.2     0.27  10.049  -0.0062
  110.3     0.30  10.076  -0.0068
  110.2     0.29  10.103  -0.0065
  110.2     0.31  10.129  -0.0068
  110.3     0.30  10.155  -0.0100
  110.1     0.31  10.182  -0.0108
  110.3     0.32  10.209  -0.0057
  110.3     0.34  10.235  -0.0045
  110.3     0.31  10.261  -0.0050
  110.2     0.30  10.288  -0.0028
  110.3     0.33  10.314  -0.0051
  110.4     0.30  10.341  -0.0089
  110.2     0.30  10.367  -0.0094
  110.3     0.31  10.393  -0.0063
  110.3     0.33  10.420  -0.0075
  110.3     0.32  10.447  -0.0056
  110.3     0.36  10.473  -0.0068
  110.3     0.36  10.501  -0.0103
  110.2     0.37  10.527  -0.0094
  110.3     0.37  10.553  -0.0132
  110.3     0.37  10.579  -0.0119
  110.2     0.34  10.606  -0.0091
  110.2     0.34  10.632  -0.0091
  110.2     0.33  10.659  -0.0067
  110.2     0.32  10.685  -0.0094
  110.2     0.32  10.711  -0.0150
  110.1     0.35  10.738  -0.0131
  110.2     0.35  10.764  -0.0098
  110.2     0.38  10.791  -0.0110
  110.2     0.36  10.817  -0.0076
  110.2     0.31  10.844  -0.0086
  110.2     0.35  10.870  -0.0072
  110.2     0.38  10.896  -0.0084
  110.2     0.39  10.923  -0.0075
  110.2     0.41  10.949  -0.0073
  110.3     0.41  10.976  -0.0082
  110.2     0.39  11.002  -0.0069
  110.2     0.40  11.029  -0.0084
  110.1     0.40  11.055  -0.0074
  110.2     0.41  11.082  -0.0101
  110.2     0.38  11.108  -0.0079
  110.1     0.39  11.134  -0.0063
  110.1     0.40  11.161  -0.0037
  110.1     0.36  11.188  -0.0047
  110.1     0.38  11.214  -0.0043
  110.1     0.41  11.240  -0.0072
  110.1     0.43  11.267  -0.0063
  110.1     0.41  11.293  -0.0064
  110.1     0.45  11.320  -0.0058
  110.1     0.45  11.346  -0.0051
  110.1     0.48  11.372  -0.0056
  110.1     0.47  11.399  -0.0069
  110.1     0.45  11.425  -0.0087
  110.1     0.46  11.452  -0.0060
  110.1     0.46  11.478  -0.0117
  110.0     0.43  11.505  -0.0113
  109.9     0.45  11.531  -0.0096
  110.0     0.45  11.558  -0.0065
  110.0     0.48  11.585  -0.0052
  110.0     0.48  11.611  -0.0035
  110.0     0.49  11.637  -0.0053
  110.0     0.49  11.664  -0.0066
  110.0     0.49  11.690  -0.0098
  110.0     0.50  11.716  -0.0130
  109.9     0.50  11.743  -0.0121
  110.0     0.54  11.769  -0.0131
  110.0     0.51  11.796  -0.0089
  109.9     0.51  11.822  -0.0097
  110.0     0.52  11.849  -0.0059
  110.0     0.53  11.876  -0.0076
  109.9     0.52  11.902  -0.0079
  109.9     0.53  11.929  -0.0072
  109.9     0.55  11.955  -0.0082
  109.9     0.55  11.982  -0.0080
  110.0     0.53  12.008  -0.0079
  109.8     0.52  12.034  -0.0059
  109.9     0.52  12.061  -0.0024
  109.9     0.51  12.087  -0.0025
  109.8     0.54  12.114  -0.0045
  109.9     0.55  12.141  -0.0079
  109.8     0.57  12.167  -0.0075
  109.8     0.54  12.193  -0.0116
  109.8     0.56  12.220  -0.0117
  109.8     0.55  12.246  -0.0164
  109.8     0.52  12.273  -0.0140
  109.8     0.55  12.299  -0.0143
  109.8     0.54  12.326  -0.0112
  109.7     0.56  12.352  -0.0098
  109.7     0.55  12.379  -0.0092
  109.7     0.59  12.405  -0.0081
  109.7     0.57  12.432  -0.0097
  109.7     0.54  12.458  -0.0103
  109.6     0.55  12.485  -0.0122
  109.7     0.61  12.512  -0.0105
  109.7     0.59  12.538  -0.0088
  109.5     0.56  12.564  -0.0096
  109.6     0.59  12.591  -0.0092
  109.7     0.57  12.617  -0.0088
  109.6     0.57  12.644  -0.0072
  109.5     0.57  12.671  -0.0073
  109.6     0.59  12.697  -0.0096
  109.6     0.58  12.723  -0.0088
  109.6     0.62  12.750  -0.0067
  109.5     0.59  12.777  -0.0079
  109.6     0.63  12.803  -0.0098
  109.6     0.61  12.829  -0.0100
  109.6     0.61  12.856  -0.0097
  109.5     0.59  12.882  -0.0085
  109.5     0.63  12.908  -0.0108
  109.5     0.60  12.935  -0.0099
  109.5     0.63  12.961  -0.0104
  109.5     0.61  12.988  -0.0087
  109.4     0.61  13.014  -0.0098
  109.4     0.61  13.040  -0.0091
  109.4     0.61  13.067  -0.0090
  109.4     0.63  13.093  -0.0118
  109.3     0.65  13.120  -0.0074
  109.3     0.61  13.146  -0.0066
  109.4     0.59  13.172  -0.0065
  109.4     0.64  13.198  -0.0052
  109.3     0.63  13.225  -0.0014
  109.3     0.62  13.251   0.0007
  109.3     0.62  13.278  -0.0010
  109.3     0.66  13.304  -0.0027
  109.4     0.65  13.330  -0.0020
  109.3     0.65  13.357  -0.0007
  109.2     0.65  13.383  -0.0001
  109.2     0.64  13.410   0.0004
  109.1     0.65  13.436  -0.0000
  109.2     0.66  13.463  -0.0021
  109.2     0.67  13.490  -0.0031
  109.2     0.68  13.516  -0.0067
  109.2     0.66  13.542  -0.0082
  109.1     0.66  13.568  -0.0077
  109.1     0.66  13.595  -0.0079
  109.1     0.67  13.621  -0.0064
  109.0     0.70  13.648  -0.0050
  109.1     0.66  13.674   0.0001
  109.1     0.66  13.700  -0.0044
  109.0     0.70  13.727  -0.0039
  109.1     0.68  13.754   0.0001
  109.1     0.68  13.781  -0.0039
  108.9     0.70  13.807  -0.0062
  109.0     0.70  13.833  -0.0067
  109.0     0.68  13.860  -0.0077
  108.9     0.71  13.886  -0.0083
  109.0     0.70  13.913  -0.0067
  109.0     0.73  13.939  -0.0038
  109.0     0.70  13.966  -0.0025
  108.9     0.71  13.992  -0.0012
  108.9     0.71  14.018   0.0005
  108.9     0.72  14.045  -0.0018
  109.0     0.72  14.071  -0.0073
  108.9     0.71  14.097  -0.0056
  109.0     0.74  14.124   0.0004
  108.9     0.74  14.150  -0.0031
  108.8     0.73  14.177  -0.0030
  108.9     0.74  14.203  -0.0051
  108.8     0.73  14.229  -0.0073
  108.9     0.75  14.255  -0.0060
  108.9     0.75  14.282  -0.0079
  108.9     0.76  14.309  -0.0058
  108.9     0.78  14.335  -0.0060
  108.9     0.76  14.361  -0.0007
  108.9     0.77  14.388  -0.0042
  108.9     0.77  14.414  -0.0071
  108.8     0.75  14.441  -0.0075
  108.9     0.82  14.467  -0.0075
  108.9     0.77  14.495  -0.0081
  108.9     0.79  14.521  -0.0081
  109.0     0.80  14.548  -0.0076
  108.9     0.80  14.574  -0.0078
  108.9     0.81  14.600  -0.0085
  108.9     0.84  14.627  -0.0083
  108.9     0.82  14.653  -0.0060
  109.0     0.82  14.680  -0.0065
  109.1     0.83  14.707  -0.0050
  109.0     0.83  14.733  -0.0025
  109.1     0.87  14.759  -0.0060
  109.1     0.85  14.786  -0.0085
  109.2     0.88  14.813  -0.0066
  109.1     0.86  14.839  -0.0069
  109.2     0.89  14.866  -0.0049
  109.3     0.87  14.892  -0.0058
  109.3     0.90  14.918  -0.0060
  109.2     0.90  14.945  -0.0038
  109.4     0.92  14.971  -0.0022
  109.4     0.88  14.998  -0.0018
  109.5     0.94  15.024  -0.0081
  109.5     0.97  15.050  -0.0082
  109.6     0.94  15.077  -0.0086
  109.5     0.97  15.103  -0.0091
  109.6     0.98  15.129  -0.0065
  109.7     0.99  15.156  -0.0090
  109.7     0.99  15.183  -0.0073
  109.8     1.02  15.209  -0.0097
  109.8     1.03  15.236  -0.0074
  109.9     1.02  15.262  -0.0083
  110.0     1.06  15.289  -0.0094
  110.0     1.07  15.315  -0.0110
  110.1     1.07  15.341  -0.0103
  110.2     1.08  15.368  -0.0074
  110.3     1.09  15.395  -0.0081
  110.3     1.09  15.421  -0.0028
  110.5     1.11  15.447  -0.0007
  110.6     1.14  15.474  -0.0003
  110.6     1.16  15.501  -0.0008
  110.7     1.16  15.528  -0.0002
  110.9     1.17  15.554  -0.0034
  110.9     1.19  15.580  -0.0038
  111.1     1.20  15.608  -0.0050
  111.1     1.21  15.634  -0.0045
  111.2     1.24  15.660  -0.0052
  111.3     1.27  15.687  -0.0051
  111.5     1.27  15.713  -0.0084
  111.6     1.28  15.740  -0.0053
  111.6     1.30  15.766  -0.0056
  111.8     1.32  15.793  -0.0048
  111.9     1.33  15.819  -0.0041
  112.2     1.34  15.846  -0.0008
  112.2     1.37  15.873  -0.0005
  112.3     1.37  15.899  -0.0023
  112.5     1.39  15.926  -0.0053
  112.6     1.42  15.952  -0.0081
  112.8     1.44  15.979  -0.0011
  113.0     1.47  16.005  -0.0006
  113.0     1.47  16.032  -0.0006
  113.2     1.51  16.058  -0.0001
  113.3     1.52  16.084  -0.0018
  113.5     1.52  16.111  -0.0051
  113.7     1.55  16.138  -0.0055
  113.8     1.61  16.164  -0.0060
  114.0     1.60  16.191  -0.0069
  114.2     1.59  16.217  -0.0048
  114.3     1.63  16.244  -0.0069
  114.6     1.64  16.271  -0.0056
  114.7     1.65  16.297  -0.0034
  114.9     1.71  16.324  -0.0046
  115.1     1.72  16.350  -0.0043
  115.2     1.72  16.377  -0.0003
  115.4     1.73  16.403  -0.0033
  115.6     1.76  16.430  -0.0013
  115.8     1.79  16.457  -0.0043
  116.0     1.78  16.484  -0.0012
  116.2     1.80  16.510  -0.0007
  116.4     1.86  16.536  -0.0027
  116.5     1.85  16.563   0.0008
  116.8     1.89  16.589  -0.0024
  116.9     1.89  16.616  -0.0071
  117.2     1.84  16.642  -0.0077
  117.3     1.94  16.668  -0.0082
  117.5     1.96  16.696  -0.0078
  117.9     1.99  16.722  -0.0049
  118.0     1.99  16.749  -0.0036
  118.2     2.02  16.776  -0.0040
  118.5     2.07  16.802  -0.0050
  118.7     2.09  16.829  -0.0043
  118.9     2.13  16.855  -0.0029
  119.1     2.13  16.882  -0.0018
  119.4     2.19  16.909  -0.0046
  119.5     2.14  16.935  -0.0076
  119.8     2.18  16.961  -0.0045
  120.0     2.19  16.988  -0.0013
  120.3     2.22  17.015  -0.0017
  120.5     2.24  17.041  -0.0025
  120.8     2.27  17.068  -0.0041
  121.0     2.27  17.095  -0.0050
  121.3     2.29  17.122  -0.0038
  121.5     2.33  17.148  -0.0059
  121.7     2.31  17.175  -0.0055
  122.0     2.35  17.201  -0.0054
  122.3     2.36  17.228  -0.0029
  122.5     2.38  17.254  -0.0063
  122.8     2.38  17.281  -0.0046
  123.0     2.38  17.307  -0.0081
  123.2     2.44  17.333  -0.0087
  123.5     2.46  17.360  -0.0086
  123.7     2.45  17.386  -0.0104
  124.0     2.47  17.413  -0.0074
  124.2     2.49  17.440  -0.0091
  124.5     2.52  17.467  -0.0074
  124.8     2.52  17.494  -0.0125
  125.1     2.55  17.520  -0.0104
  125.4     2.55  17.547  -0.0127
  125.6     2.59  17.573  -0.0095
  125.8     2.59  17.599  -0.0063
  126.2     2.58  17.626  -0.0095
  126.3     2.61  17.652  -0.0112
  126.7     2.67  17.678  -0.0094
  126.9     2.67  17.705  -0.0096
  127.2     2.68  17.731  -0.0093
  127.4     2.68  17.757  -0.0098
  127.6     2.71  17.784  -0.0122
  128.0     2.71  17.811  -0.0096
  128.2     2.72  17.838  -0.0111
  128.6     2.75  17.864  -0.0103
  128.8     2.76  17.891  -0.0108
  129.1     2.75  17.917  -0.0134
  129.6     2.80  17.943  -0.0076
  129.7     2.80  17.970  -0.0086
  129.9     2.80  17.996  -0.0086
  130.2     2.82  18.023  -0.0079
  130.5     2.83  18.049  -0.0071
  130.8     2.84  18.076  -0.0066
  131.1     2.88  18.103  -0.0059
  131.2     2.87  18.129  -0.0092
  131.6     2.88  18.156  -0.0079
  131.9     2.87  18.183  -0.0096
  132.2     2.89  18.210  -0.0063
  132.5     2.91  18.236  -0.0086
  132.8     2.92  18.263  -0.0115
  133.1     2.96  18.290  -0.0084
  133.3     2.97  18.316  -0.0088
  133.7     2.99  18.343  -0.0104
  133.9     3.02  18.370  -0.0082
  134.2     3.00  18.396  -0.0069
  134.5     3.02  18.422  -0.0097
  134.8     3.04  18.449  -0.0102
  135.1     3.01  18.476  -0.0084
  135.4     3.04  18.504  -0.0109
  135.7     3.07  18.531  -0.0096
  136.0     3.07  18.558  -0.0103
  136.3     3.06  18.584  -0.0101
  136.7     3.08  18.611  -0.0097
  136.9     3.11  18.637  -0.0058
  137.2     3.12  18.664  -0.0084
  137.4     3.13  18.690  -0.0088
  137.8     3.13  18.717  -0.0121
  138.1     3.16  18.744  -0.0108
  138.5     3.17  18.770  -0.0079
  138.8     3.19  18.797  -0.0068
  139.0     3.17  18.824  -0.0076
  139.4     3.18  18.850  -0.0101
  139.7     3.19  18.876  -0.0099
  139.9     3.18  18.903  -0.0076
  140.2     3.22  18.930  -0.0053
  140.6     3.22  18.957  -0.0043
  140.7     3.23  18.983  -0.0079
  141.2     3.27  19.010  -0.0100
  141.4     3.24  19.037  -0.0080
  141.6     3.24  19.063  -0.0089
  142.1     3.17  19.089  -0.0110
  142.4     3.27  19.117  -0.0101
  142.6     3.27  19.143  -0.0132
  143.0     3.28  19.169  -0.0118
  143.2     3.30  19.196  -0.0115
  143.6     3.31  19.223  -0.0127
  143.8     3.28  19.249  -0.0109
  144.2     3.32  19.276  -0.0111
  144.4     3.32  19.303  -0.0105
  144.7     3.34  19.329  -0.0090
  145.0     3.34  19.356  -0.0101
  145.4     3.36  19.383  -0.0103
  145.7     3.38  19.409  -0.0102
  146.0     3.37  19.436  -0.0101
  146.3     3.37  19.463  -0.0082
  146.7     3.34  19.490  -0.0121
  146.9     3.39  19.517  -0.0131
  147.2     3.40  19.543  -0.0124
  147.5     3.40  19.569  -0.0137
  147.8     3.42  19.596  -0.0137
  148.1     3.35  19.623  -0.0149
  148.4     3.41  19.650  -0.0125
  148.8     3.44  19.677  -0.0121
  149.1     3.45  19.704  -0.0131
  149.4     3.46  19.731  -0.0127
  149.7     3.49  19.758  -0.0135
  150.0     3.49  19.785  -0.0121
  150.4     3.50  19.811  -0.0117
  150.6     3.50  19.838  -0.0109
  150.9     3.52  19.864  -0.0084
  151.3     3.50  19.891  -0.0093
  151.6     3.43  19.919  -0.0082
  152.0     3.49  19.946  -0.0100
  152.2     3.52  19.972  -0.0083
  152.5     3.52  19.998  -0.0064
  152.8     3.54  20.025  -0.0075
  153.2     3.57  20.052  -0.0147
  153.4     3.56  20.079  -0.0149
  153.7     3.56  20.107  -0.0159
  154.1     3.57  20.134  -0.0163
  154.4     3.59  20.160  -0.0159
  154.6     3.60  20.187  -0.0150
  155.0     3.61  20.214  -0.0150
  155.3     3.60  20.241  -0.0113
  155.6     3.62  20.267  -0.0128
  155.9     3.64  20.295  -0.0131
  156.3     3.64  20.321  -0.0102
  156.7     3.66  20.348  -0.0057
  156.9     3.64  20.376  -0.0093
  157.2     3.66  20.402  -0.0098
  157.5     3.68  20.429  -0.0109
  157.8     3.68  20.455  -0.0167
  158.2     3.67  20.483  -0.0134
  158.5     3.66  20.510  -0.0127
  158.8     3.70  20.537  -0.0115
  159.1     3.70  20.564  -0.0118
  159.5     3.73  20.590  -0.0122
  159.6     3.75  20.617  -0.0118
  160.1     3.74  20.643  -0.0128
  160.4     3.77  20.671  -0.0124
  160.7     3.77  20.697  -0.0166
  161.0     3.77  20.724  -0.0151
  161.3     3.76  20.752  -0.0131
  161.7     3.79  20.779  -0.0140
  161.9     3.79  20.807  -0.0124
  162.2     3.81  20.834  -0.0148
  162.5     3.82  20.861  -0.0107
  163.0     3.81  20.888  -0.0114
  163.2     3.82  20.915  -0.0105
  163.5     3.84  20.943  -0.0144
  163.9     3.84  20.970  -0.0132
  164.2     3.87  20.996  -0.0114
  164.4     3.89  21.023  -0.0138
  164.8     3.89  21.049  -0.0143
  165.0     3.89  21.077  -0.0156
  165.5     3.88  21.104  -0.0158
  165.7     3.90  21.131  -0.0148
  166.0     3.93  21.158  -0.0159
  166.4     3.93  21.185  -0.0151
  166.7     3.99  21.212  -0.0169
  167.0     3.95  21.239  -0.0188
  167.3     3.98  21.266  -0.0174
  167.6     3.96  21.293  -0.0146
  167.9     3.98  21.320  -0.0155
  168.2     3.98  21.346  -0.0113
  168.5     3.99  21.373  -0.0142
  168.8     3.99  21.400  -0.0159
  169.1     4.02  21.427  -0.0176
  169.4     3.99  21.454  -0.0188
  169.7     4.03  21.481  -0.0164
  170.1     4.03  21.509  -0.0154
  170.3     4.05  21.536  -0.0165
  170.7     4.05  21.563  -0.0151
  171.0     4.07  21.591  -0.0168
  171.4     4.07  21.618  -0.0124
  171.6     4.08  21.645  -0.0127
  171.9     4.10  21.672  -0.0141
  172.2     4.14  21.699  -0.0131
  172.6     4.13  21.726  -0.0120
  172.8     4.12  21.752  -0.0131
  173.2     4.11  21.780  -0.0122
  173.4     4.18  21.806  -0.0080
  173.8     4.18  21.833  -0.0084
  174.1     4.21  21.860  -0.0089
  174.4     4.23  21.887  -0.0109
  174.7     4.22  21.914  -0.0105
  175.0     4.24  21.941  -0.0120
  175.3     4.25  21.968  -0.0119
  175.6     4.24  21.995  -0.0093
  175.8     4.24  22.022  -0.0076
  176.3     4.25  22.048  -0.0081
  176.6     4.28  22.075  -0.0084
  176.8     4.29  22.102  -0.0094
  177.1     4.28  22.129  -0.0126
  177.4     4.30  22.156  -0.0136
  177.8     4.32  22.183  -0.0124
  178.0     4.35  22.210  -0.0117
  178.5     4.35  22.237  -0.0149
  178.7     4.34  22.264  -0.0145
  178.9     4.36  22.290  -0.0148
  179.2     4.41  22.317  -0.0131
  179.6     4.41  22.344  -0.0155
  179.9     4.39  22.371  -0.0178
  180.2     4.42  22.398  -0.0135
  180.6     4.45  22.424  -0.0146
  180.8     4.46  22.452  -0.0107
  181.2     4.45  22.478  -0.0124
  181.4     4.48  22.506  -0.0149
  181.8     4.46  22.533  -0.0129
  182.0     4.48  22.560  -0.0127
  182.3     4.51  22.588  -0.0117
  182.6     4.53  22.615  -0.0085
  183.0     4.53  22.642  -0.0099
  183.2     4.54  22.669  -0.0088
  183.6     4.55  22.696  -0.0120
  183.8     4.56  22.722  -0.0096
  184.1     4.56  22.749  -0.0108
  184.5     4.62  22.776  -0.0097
  184.8     4.57  22.803  -0.0073
  185.1     4.62  22.830  -0.0126
  185.3     4.64  22.857  -0.0091
  185.7     4.61  22.884  -0.0109
  186.1     4.63  22.911  -0.0110
  186.3     4.63  22.938  -0.0116
  186.6     4.66  22.965  -0.0110
  186.9     4.67  22.992  -0.0100
  187.2     4.67  23.019  -0.0077
  187.5     4.69  23.046  -0.0083
  187.9     4.71  23.073  -0.0088
  188.1     4.75  23.100  -0.0091
  188.4     4.74  23.128  -0.0114
  188.8     4.75  23.155  -0.0115
  189.0     4.76  23.182  -0.0078
  189.2     4.80  23.208  -0.0108
  189.7     4.79  23.235  -0.0109
  190.0     4.81  23.262  -0.0103
  190.2     4.80  23.289  -0.0072
  190.5     4.83  23.316  -0.0052
  190.8     4.82  23.343  -0.0064
  191.3     4.84  23.370  -0.0062
  191.4     4.85  23.397  -0.0070
  191.7     4.86  23.423  -0.0084
  192.0     4.87  23.451  -0.0125
  192.4     4.89  23.477  -0.0122
  192.7     4.91  23.504  -0.0136
  192.9     4.92  23.531  -0.0132
  193.3     4.91  23.558  -0.0139
  193.6     4.94  23.585  -0.0152
  193.8     4.95  23.612  -0.0155
  194.2     4.97  23.639  -0.0157
  194.5     4.98  23.666  -0.0150
  194.8     5.00  23.693  -0.0118
  195.0     5.01  23.720  -0.0120
  195.3     4.98  23.747  -0.0166
  195.7     5.00  23.774  -0.0163
  196.0     5.04  23.802  -0.0174
  196.3     5.00  23.828  -0.0159
  196.6     5.04  23.855  -0.0136
  196.8     5.05  23.883  -0.0113
  197.2     5.06  23.909  -0.0123
  197.5     5.07  23.936  -0.0115
  197.9     5.10  23.963  -0.0109
  198.0     5.12  23.990  -0.0116
  198.4     5.12  24.018  -0.0157
  198.7     5.15  24.045  -0.0108
  199.0     5.14  24.072  -0.0095
  199.3     5.17  24.099  -0.0101
  199.5     5.16  24.126  -0.0112
  199.9     5.15  24.153  -0.0125
  200.2     5.19  24.180  -0.0139
  200.5     5.20  24.207  -0.0139
  200.7     5.21  24.234  -0.0128
  201.1     5.21  24.261  -0.0125
  201.3     5.24  24.288  -0.0079
  201.6     5.26  24.315  -0.0072
  201.9     5.23  24.342  -0.0119
  202.3     5.23  24.369  -0.0133
  202.6     5.27  24.396  -0.0135
  203.0     5.27  24.423  -0.0132
  203.2     5.27  24.450  -0.0102
  203.4     5.27  24.477  -0.0114
  203.8     5.24  24.505  -0.0104
  204.1     5.30  24.532  -0.0100
  204.4     5.32  24.558  -0.0141
  204.7     5.34  24.585  -0.0142
  205.0     5.34  24.612  -0.0112
  205.3     5.32  24.639  -0.0174
  205.6     5.35  24.666  -0.0140
  205.9     5.36  24.693  -0.0148
  206.2     5.35  24.720  -0.0176
  206.5     5.36  24.747  -0.0120
  206.9     5.39  24.775  -0.0098
  207.1     5.40  24.802  -0.0108
  207.4     5.43  24.829  -0.0107
  207.7     5.40  24.856  -0.0140
  208.0     5.41  24.883  -0.0143
  208.3     5.42  24.909  -0.0106
  208.6     5.43  24.936  -0.0133
  208.9     5.45  24.963  -0.0122
  209.2     5.49  24.990  -0.0139
  209.5     5.45  25.017  -0.0126
  209.9     5.46  25.043  -0.0129
  210.2     5.49  25.070  -0.0107
  210.4     5.48  25.097  -0.0131
  210.7     5.52  25.124  -0.0131
  211.0     5.52  25.151  -0.0112
  211.3     5.52  25.178  -0.0055
  211.7     5.55  25.205  -0.0090
  211.9     5.56  25.232  -0.0068
  212.2     5.54  25.259  -0.0064
  212.5     5.54  25.286  -0.0136
  212.9     5.55  25.313  -0.0115
  213.1     5.57  25.340  -0.0099
  213.5     5.59  25.367  -0.0084
  213.7     5.58  25.394  -0.0128
  214.1     5.58  25.421  -0.0096
  214.3     5.62  25.447  -0.0107
  214.7     5.60  25.474  -0.0098
  214.9     5.61  25.502  -0.0116
  215.3     5.62  25.530  -0.0111
  215.6     5.62  25.557  -0.0099
  216.0     5.66  25.584  -0.0091
  216.2     5.65  25.611  -0.0165
  216.5     5.69  25.638  -0.0150
  216.8     5.68  25.665  -0.0171
  217.2     5.68  25.692  -0.0192
  217.4     5.60  25.719  -0.0148
  217.7     5.70  25.746  -0.0165
  218.0     5.70  25.773  -0.0132
  218.3     5.71  25.800  -0.0121
  218.6     5.71  25.827  -0.0102
  218.8     5.70  25.853  -0.0114
  219.1     5.73  25.880  -0.0149
  219.4     5.71  25.907  -0.0175
  219.7     5.74  25.934  -0.0190
  220.1     5.73  25.961  -0.0160
  220.3     5.72  25.988  -0.0161
  220.6     5.76  26.014  -0.0148
  221.0     5.76  26.041  -0.0154
  221.2     5.75  26.068  -0.0182
  221.6     5.77  26.095  -0.0199
  221.8     5.72  26.122  -0.0182
  222.1     5.74  26.149  -0.0210
  222.5     5.78  26.176  -0.0161
  222.7     5.77  26.202  -0.0154
  223.0     5.76  26.229  -0.0161
  223.3     5.77  26.256  -0.0197
  223.7     5.80  26.284  -0.0159
  223.9     5.76  26.311  -0.0158
  224.2     5.79  26.338  -0.0170
  224.5     5.82  26.365  -0.0169
  224.8     5.78  26.392  -0.0190
  225.1     5.80  26.419  -0.0166
  225.4     5.79  26.446  -0.0180
  225.6     5.83  26.473  -0.0201
  225.9     5.80  26.501  -0.0178
  226.3     5.80  26.527  -0.0187
  226.6     5.82  26.554  -0.0207
  226.8     5.84  26.581  -0.0179
  227.1     5.83  26.609  -0.0183
  227.5     5.84  26.636  -0.0166
  227.8     5.83  26.662  -0.0165
  228.1     5.84  26.689  -0.0175
  228.4     5.78  26.716  -0.0150
  228.6     5.84  26.742  -0.0178
  228.9     5.85  26.769  -0.0227
  229.2     5.85  26.796  -0.0237
  229.5     5.82  26.823  -0.0226
  229.8     5.86  26.850  -0.0198
  230.1     5.88  26.877  -0.0232
  230.5     5.89  26.903  -0.0205
  230.6     5.87  26.930  -0.0230
  231.0     5.88  26.958  -0.0247
  231.3     5.89  26.984  -0.0241
  231.6     5.91  27.011  -0.0231
  231.8     5.86  27.038  -0.0256
  232.2     5.88  27.065  -0.0266
  232.5     5.91  27.092  -0.0290
  232.6     5.89  27.119  -0.0286
  233.0     5.90  27.146  -0.0252
  233.3     5.92  27.173  -0.0243
  233.6     5.91  27.200  -0.0262
  233.9     5.89  27.227  -0.0268
  234.1     5.91  27.254  -0.0268
  234.4     5.92  27.281  -0.0242
  234.7     5.92  27.308  -0.0262
  235.1     5.95  27.335  -0.0288
  235.3     5.94  27.362  -0.0275
  235.6     5.94  27.389  -0.0278
  236.0     5.93  27.415  -0.0324
  236.2     5.96  27.442  -0.0300
  236.5     5.92  27.470  -0.0293
  236.9     5.93  27.497  -0.0309
  237.1     5.96  27.524  -0.0275
  237.4     5.94  27.551  -0.0270
  237.7     6.00  27.578  -0.0315
  237.9     5.98  27.605  -0.0341
  238.2     5.95  27.632  -0.0355
  238.6     5.99  27.659  -0.0334
  238.8     5.97  27.686  -0.0311
  239.2     5.97  27.714  -0.0323
  239.5     5.99  27.740  -0.0337
  239.8     6.02  27.767  -0.0370
  240.0     6.00  27.794  -0.0394
  240.3     6.03  27.821  -0.0393
  240.6     5.98  27.847  -0.0357
  240.9     6.06  27.874  -0.0348
  241.3     6.03  27.901  -0.0348
  241.5     6.03  27.928  -0.0355
  241.8     6.04  27.955  -0.0339
  242.1     6.05  27.982  -0.0353
  242.3     6.07  28.009  -0.0402
  242.7     6.06  28.036  -0.0390
  242.9     6.04  28.063  -0.0404
  243.1     6.13  28.090  -0.0401
  243.5     6.09  28.117  -0.0369
  243.8     6.09  28.145  -0.0377
  244.1     6.11  28.172  -0.0424
  244.4     6.09  28.198  -0.0415
  244.6     6.12  28.225  -0.0434
  245.0     6.14  28.253  -0.0402
  245.3     6.11  28.279  -0.0448
  245.6     6.11  28.306  -0.0426
  245.9     6.16  28.333  -0.0450
  246.1     6.14  28.360  -0.0436
  246.4     6.14  28.387  -0.0417
  246.6     6.12  28.415  -0.0396
  247.1     6.14  28.442  -0.0409
  247.3     6.13  28.470  -0.0418
  247.6     6.20  28.497  -0.0429
  247.9     6.22  28.524  -0.0414
  248.3     6.17  28.551  -0.0398
  248.5     6.21  28.577  -0.0414
  248.8     6.20  28.604  -0.0452
  249.1     6.21  28.632  -0.0441
  249.4     6.26  28.659  -0.0478
  249.6     6.24  28.685  -0.0452
  249.9     6.25  28.712  -0.0476
  250.2     6.24  28.739  -0.0465
  250.6     6.27  28.766  -0.0460
  250.8     6.25  28.793  -0.0455
  251.1     6.25  28.820  -0.0453
  251.4     6.27  28.847  -0.0441
  251.7     6.27  28.873  -0.0425
  252.0     6.28  28.901  -0.0507
  252.3     6.31  28.928  -0.0502
  252.6     6.35  28.955  -0.0514
  252.9     6.33  28.982  -0.0527
  253.1     6.34  29.008  -0.0543
  253.4     6.34  29.035  -0.0566
  253.8     6.39  29.061  -0.0548
  254.0     6.37  29.088  -0.0512
  254.3     6.39  29.115  -0.0543
  254.5     6.39  29.142  -0.0559
  254.9     6.40  29.169  -0.0589
  255.2     6.46  29.196  -0.0581
  255.5     6.45  29.223  -0.0578
  255.8     6.46  29.250  -0.0617
  256.0     6.47  29.277  -0.0633
  256.4     6.47  29.304  -0.0602
  256.7     6.46  29.330  -0.0578
  256.9     6.45  29.357  -0.0579
  257.3     6.46  29.384  -0.0593
  257.5     6.47  29.411  -0.0555
  257.8     6.45  29.437  -0.0564
  258.1     6.49  29.464  -0.0561
  258.5     6.49  29.491  -0.0572
  258.7     6.50  29.518  -0.0567
  259.0     6.54  29.546  -0.0552
  259.3     6.44  29.573  -0.0560
  259.6     6.54  29.600  -0.0576
  259.8     6.55  29.627  -0.0599
  260.1     6.55  29.654  -0.0581
  260.4     6.56  29.681  -0.0610
  260.7     6.58  29.708  -0.0580
  261.0     6.58  29.735  -0.0610
  261.3     6.57  29.762  -0.0639
  261.6     6.56  29.789  -0.0627
  261.9     6.62  29.816  -0.0595
  262.0     6.63  29.843  -0.0624
  262.4     6.62  29.870  -0.0642
  262.7     6.63  29.896  -0.0660
  263.0     6.64  29.924  -0.0669
  263.2     6.61  29.951  -0.0655
  263.6     6.59  29.978  -0.0653
  263.9     6.63  30.005  -0.0687
  264.2     6.64  30.032  -0.0669
  264.4     6.66  30.059  -0.0711
  264.7     6.66  30.086  -0.0683
  265.0     6.69  30.113  -0.0697
  265.2     6.70  30.140  -0.0692
  265.5     6.68  30.167  -0.0704
  265.8     6.69  30.193  -0.0715
  266.1     6.69  30.220  -0.0715
  266.4     6.68  30.248  -0.0742
  266.7     6.68  30.275  -0.0751
  267.1     6.73  30.302  -0.0749
  267.2     6.67  30.329  -0.0718
  267.5     6.71  30.356  -0.0741
  267.8     6.73  30.383  -0.0737
  268.2     6.71  30.409  -0.0728
  268.5     6.72  30.436  -0.0709
  268.7     6.72  30.464  -0.0729
  269.0     6.73  30.491  -0.0707
  269.2     6.77  30.518  -0.0741
  269.5     6.76  30.544  -0.0784
  269.8     6.77  30.571  -0.0779
  270.2     6.77  30.598  -0.0784
  270.4     6.77  30.626  -0.0805
  270.8     6.77  30.653  -0.0847
  271.0     6.77  30.681  -0.0833
  271.3     6.75  30.708  -0.0795
  271.6     6.74  30.735  -0.0823
  271.8     6.76  30.761  -0.0820
  272.1     6.77  30.789  -0.0817
  272.4     6.73  30.816  -0.0814
  272.6     6.75  30.843  -0.0831
  272.9     6.77  30.870  -0.0846
  273.3     6.78  30.896  -0.0854
  273.6     6.78  30.924  -0.0836
  273.8     6.78  30.951  -0.0851
  274.1     6.78  30.977  -0.0879
  274.4     6.78  31.004  -0.0863
  274.7     6.76  31.031  -0.0888
  274.9     6.78  31.058  -0.0910
  275.2     6.80  31.085  -0.0917
  275.5     6.80  31.112  -0.0888
  275.8     6.81  31.139  -0.0913
  276.0     6.82  31.165  -0.0915
  276.4     6.81  31.192  -0.0901
  276.7     6.80  31.219  -0.0931
  276.9     6.79  31.246  -0.0939
  277.2     6.86  31.273  -0.0935
  277.5     6.84  31.299  -0.0979
  277.8     6.81  31.326  -0.0953
  278.0     6.82  31.353  -0.0985
  278.3     6.79  31.380  -0.0959
  278.5     6.81  31.407  -0.0967
  278.9     6.82  31.434  -0.0999
  279.2     6.80  31.461  -0.1002
  279.5     6.79  31.488  -0.1025
  279.7     6.81  31.515  -0.1001
  279.9     6.82  31.542  -0.0997
  280.3     6.83  31.569  -0.1014
  280.5     6.86  31.596  -0.0989
  280.8     6.86  31.623  -0.1041
  281.1     6.82  31.649  -0.1024
  281.5     6.85  31.676  -0.0996
  281.7     6.84  31.703  -0.1049
  282.0     6.84  31.730  -0.1045
  282.4     6.87  31.757  -0.1019
  282.6     6.83  31.784  -0.1015
  282.8     6.83  31.810  -0.1013
  283.1     6.83  31.837  -0.1024
  283.4     6.82  31.864  -0.1012
  283.6     6.84  31.891  -0.0993
  283.9     6.81  31.918  -0.0995
  284.2     6.83  31.945  -0.0989
  284.5     6.84  31.971  -0.1024
  284.8     6.82  31.998  -0.0999
  285.1     6.82  32.024  -0.0987
  285.4     6.83  32.051  -0.0998
  285.6     6.82  32.078  -0.1011
  285.9     6.80  32.105  -0.1029
  286.2     6.81  32.132  -0.1026
  286.5     6.81  32.159  -0.0996
  286.8     6.82  32.186  -0.1032
  287.0     6.80  32.213  -0.1048
  287.3     6.79  32.240  -0.1047
  287.6     6.78  32.267  -0.1015
  287.9     6.76  32.294  -0.1048
  288.1     6.82  32.321  -0.0998
  288.4     6.75  32.347  -0.1012
  288.7     6.80  32.374  -0.1022
  289.0     6.78  32.401  -0.1038
  289.2     6.78  32.428  -0.1065
  289.5     6.75  32.455  -0.1055
  289.7     6.75  32.483  -0.1050
  290.1     6.76  32.510  -0.1062
  290.4     6.77  32.537  -0.1093
  290.7     6.77  32.564  -0.1106
  291.0     6.76  32.591  -0.1118
  291.2     6.78  32.618  -0.1100
  291.6     6.78  32.645  -0.1102
  291.8     6.78  32.672  -0.1140
  292.1     6.78  32.699  -0.1151
  292.4     6.77  32.726  -0.1177
  292.7     6.75  32.753  -0.1171
  293.0     6.77  32.779  -0.1172
  293.3     6.79  32.806  -0.1170
  293.6     6.75  32.833  -0.1143
  293.8     6.77  32.860  -0.1193
  294.1     6.77  32.887  -0.1209
  294.4     6.77  32.914  -0.1199
  294.8     6.74  32.942  -0.1209
  295.0     6.73  32.969  -0.1192
  295.3     6.74  32.996  -0.1161
  295.6     6.78  33.022  -0.1205
  295.9     6.74  33.049  -0.1203
  296.1     6.72  33.076  -0.1174
  296.4     6.74  33.103  -0.1158
  296.7     6.75  33.130  -0.1192
  297.0     6.77  33.157  -0.1235
  297.3     6.75  33.183  -0.1255
  297.6     6.73  33.210  -0.1236
  297.9     6.67  33.238  -0.1214
  298.2     6.68  33.264  -0.1253
  298.4     6.69  33.291  -0.1205
  298.7     6.68  33.318  -0.1262
  299.0     6.67  33.345  -0.1284
  299.3     6.68  33.372  -0.1265
  299.6     6.70  33.399  -0.1234
  299.9     6.70  33.426  -0.1254
  300.2     6.71  33.453  -0.1278
  300.5     6.71  33.481  -0.1281
  300.8     6.74  33.508  -0.1289
  301.0     6.71  33.535  -0.1297
  301.3     6.69  33.561  -0.1275
  301.7     6.70  33.589  -0.1294
  302.0     6.70  33.616  -0.1291
  302.3     6.70  33.643  -0.1257
  302.5     6.70  33.670  -0.1294
  302.8     6.69  33.697  -0.1279
  303.2     6.71  33.724  -0.1322
  303.3     6.69  33.751  -0.1342
  303.7     6.67  33.778  -0.1354
  304.0     6.69  33.804  -0.1323
  304.2     6.70  33.831  -0.1301
  304.6     6.68  33.858  -0.1301
  304.8     6.66  33.885  -0.1340
  305.1     6.68  33.911  -0.1326
  305.4     6.68  33.938  -0.1319
  305.6     6.67  33.966  -0.1314
  305.9     6.67  33.993  -0.1312
  306.2     6.67  34.020  -0.1353
  306.6     6.66  34.047  -0.1336
  306.8     6.66  34.074  -0.1336
  307.1     6.66  34.101  -0.1365
  307.4     6.66  34.128  -0.1358
  307.7     6.68  34.154  -0.1355
  307.9     6.64  34.181  -0.1308
  308.2     6.66  34.208  -0.1338
  308.5     6.66  34.235  -0.1376
  308.8     6.66  34.262  -0.1396
  309.1     6.66  34.289  -0.1382
  309.4     6.64  34.315  -0.1387
  309.7     6.64  34.342  -0.1392
  310.0     6.62  34.369  -0.1389
  310.3     6.64  34.396  -0.1383
  310.5     6.64  34.423  -0.1386
  310.8     6.65  34.450  -0.1357
  311.1     6.64  34.477  -0.1376
  311.4     6.64  34.504  -0.1398
  311.7     6.64  34.531  -0.1412
  312.0     6.68  34.558  -0.1461
  312.3     6.66  34.585  -0.1459
  312.5     6.66  34.612  -0.1418
  312.8     6.65  34.639  -0.1396
  313.1     6.64  34.666  -0.1428
  313.4     6.66  34.693  -0.1446
  313.7     6.66  34.721  -0.1448
  314.0     6.65  34.748  -0.1435
  314.3     6.66  34.776  -0.1476
  314.6     6.70  34.803  -0.1469
  314.8     6.70  34.829  -0.1475
  315.2     6.68  34.856  -0.1432
  315.4     6.64  34.883  -0.1421
  315.7     6.66  34.909  -0.1459
  316.0     6.66  34.936  -0.1469
  316.3     6.66  34.963  -0.1453
  316.6     6.68  34.990  -0.1491
  316.8     6.67  35.016  -0.1520
  317.1     6.68  35.043  -0.1543
  317.4     6.71  35.071  -0.1500
  317.7     6.69  35.098  -0.1452
  318.0     6.69  35.125  -0.1453
  318.2     6.67  35.152  -0.1487
  318.5     6.68  35.179  -0.1464
  318.8     6.68  35.205  -0.1490
  319.2     6.69  35.232  -0.1501
  319.4     6.72  35.259  -0.1522
  319.7     6.71  35.286  -0.1545
  319.9     6.71  35.313  -0.1498
  320.2     6.71  35.340  -0.1530
  320.6     6.70  35.367  -0.1549
  320.8     6.71  35.393  -0.1553
  321.3     6.73  35.420  -0.1589
  321.4     6.75  35.448  -0.1559
  321.8     6.80  35.475  -0.1600
  322.1     6.71  35.502  -0.1587
  322.3     6.74  35.529  -0.1598
  322.5     6.74  35.556  -0.1566
  322.9     6.75  35.583  -0.1565
  323.2     6.78  35.610  -0.1568
  323.4     6.78  35.637  -0.1550
  323.8     6.78  35.664  -0.1599
  324.1     6.77  35.691  -0.1584
  324.2     6.78  35.717  -0.1595
  324.6     6.84  35.744  -0.1617
  324.8     6.80  35.771  -0.1625
  325.1     6.80  35.798  -0.1634
  325.5     6.83  35.826  -0.1673
  325.7     6.82  35.852  -0.1688
  326.0     6.82  35.879  -0.1645
  326.3     6.84  35.906  -0.1699
  326.5     6.84  35.932  -0.1651
  326.8     6.84  35.959  -0.1681
  327.1     6.84  35.986  -0.1693
  327.4     6.81  36.013  -0.1693
  327.7     6.84  36.039  -0.1681
  327.9     6.86  36.066  -0.1706
  328.2     6.84  36.093  -0.1736
  328.5     6.86  36.120  -0.1720
  328.8     6.89  36.147  -0.1740
  329.1     6.86  36.174  -0.1720
  329.4     6.92  36.201  -0.1744
  329.6     6.89  36.228  -0.1736
  329.9     6.85  36.254  -0.1761
  330.2     6.86  36.282  -0.1749
  330.5     6.89  36.308  -0.1737
  330.9     6.87  36.335  -0.1751
  331.1     6.90  36.362  -0.1765
  331.4     6.91  36.388  -0.1741
  331.6     6.90  36.415  -0.1723
  332.0     6.87  36.443  -0.1773
  332.2     6.88  36.470  -0.1767
  332.5     6.93  36.497  -0.1767
  332.8     6.90  36.524  -0.1768
  333.0     6.89  36.551  -0.1773
  333.3     6.90  36.578  -0.1788
  333.6     6.89  36.605  -0.1787
  334.0     6.95  36.632  -0.1782
  334.2     6.92  36.659  -0.1779
  334.5     6.88  36.686  -0.1763
  334.8     6.89  36.713  -0.1747
  335.0     6.89  36.740  -0.1784
  335.2     6.88  36.766  -0.1799
  335.6     6.89  36.793  -0.1750
  335.9     6.89  36.820  -0.1751
  336.2     6.86  36.847  -0.1811
  336.5     6.89  36.874  -0.1783
  336.7     6.88  36.901  -0.1757
  337.0     6.86  36.929  -0.1765
  337.3     6.86  36.955  -0.1780
  337.6     6.85  36.982  -0.1743
  337.9     6.87  37.009  -0.1772
  338.2     6.87  37.036  -0.1785
  338.4     6.85  37.063  -0.1804
  338.8     6.84  37.090  -0.1782
  339.0     6.85  37.117  -0.1781
  339.3     6.83  37.143  -0.1817
  339.5     6.83  37.170  -0.1822
  339.9     6.81  37.196  -0.1839
  340.1     6.78  37.223  -0.1813
  340.3     6.83  37.250  -0.1803
  340.7     6.79  37.278  -0.1823
  340.9     6.79  37.305  -0.1786
  341.2     6.78  37.333  -0.1800
  341.4     6.75  37.359  -0.1775
  341.7     6.74  37.386  -0.1775
  342.1     6.75  37.413  -0.1799
  342.4     6.74  37.441  -0.1805
  342.7     6.73  37.467  -0.1809
  343.0     6.73  37.495  -0.1816
  343.2     6.71  37.522  -0.1820
  343.5     6.71  37.549  -0.1811
  343.8     6.66  37.576  -0.1831
  344.1     6.67  37.603  -0.1823
  344.3     6.65  37.630  -0.1826
  344.6     6.64  37.657  -0.1811
  345.0     6.60  37.684  -0.1814
  345.3     6.63  37.711  -0.1819
  345.5     6.60  37.738  -0.1798
  345.7     6.58  37.765  -0.1800
  346.0     6.59  37.792  -0.1812
  346.3     6.57  37.819  -0.1806
  346.6     6.57  37.846  -0.1801
  346.9     6.52  37.872  -0.1792
  347.2     6.51  37.899  -0.1785
  347.5     6.49  37.926  -0.1761
  347.7     6.48  37.953  -0.1785
  347.9     6.50  37.980  -0.1808
  348.2     6.46  38.007  -0.1811
  348.5     6.46  38.033  -0.1824
  348.9     6.43  38.060  -0.1851
  349.1     6.43  38.087  -0.1837
  349.4     6.41  38.114  -0.1842
  349.7     6.41  38.141  -0.1838
  350.0     6.41  38.168  -0.1805
  350.3     6.41  38.195  -0.1808
  350.5     6.38  38.222  -0.1834
  350.7     6.38  38.249  -0.1816
  351.1     6.34  38.276  -0.1817
  351.4     6.36  38.303  -0.1808
  351.7     6.33  38.329  -0.1840
  352.0     6.32  38.356  -0.1863
  352.1     6.28  38.384  -0.1846
  352.3     6.30  38.411  -0.1854
  352.7     6.28  38.438  -0.1795
  353.1     6.28  38.465  -0.1819
  353.2     6.28  38.493  -0.1813
  353.6     6.26  38.520  -0.1821
  353.8     6.29  38.547  -0.1845
  354.2     6.25  38.574  -0.1851
  354.4     6.22  38.601  -0.1891
  354.8     6.19  38.628  -0.1926
  355.0     6.18  38.655  -0.1919
  355.3     6.21  38.682  -0.1922
  355.6     6.23  38.709  -0.1900
  355.9     6.20  38.736  -0.1914
  356.2     6.21  38.763  -0.1910
  356.4     6.20  38.790  -0.1890
  356.7     6.18  38.816  -0.1913
  357.0     6.17  38.843  -0.1927
  357.2     6.17  38.871  -0.1915
  357.6     6.14  38.898  -0.1937
  357.9     6.14  38.925  -0.1948
  358.1     6.13  38.952  -0.1929
  358.5     6.11  38.979  -0.1946
  358.8     6.14  39.005  -0.1902
  359.0     6.12  39.033  -0.1911
  359.3     6.13  39.060  -0.1925
  359.6     6.09  39.086  -0.1918
  359.9     6.09  39.113  -0.1927
  360.0     6.08  39.140  -0.1940
  360.5     6.11  39.167  -0.1926
  360.7     6.08  39.194  -0.1932
  360.9     6.07  39.221  -0.1924
  361.2     6.07  39.247  -0.1920
  361.5     6.07  39.274  -0.1919
  361.8     6.05  39.302  -0.1916
  362.1     6.08  39.329  -0.1894
  362.3     6.09  39.355  -0.1908
  362.7     6.07  39.382  -0.1957
  363.0     6.07  39.409  -0.1948
  363.2     6.04  39.436  -0.1917
  363.6     6.04  39.463  -0.1888
  363.8     6.01  39.491  -0.1910
  364.2     6.01  39.518  -0.1914
  364.4     6.01  39.545  -0.1889
  364.7     6.02  39.572  -0.1862
  365.0     6.02  39.599  -0.1887
  365.2     6.00  39.626  -0.1895
  365.5     6.01  39.653  -0.1895
  365.8     6.00  39.679  -0.1904
  366.1     5.98  39.706  -0.1902
  366.4     6.00  39.733  -0.1881
  366.6     6.00  39.760  -0.1917
  366.9     6.01  39.787  -0.1901
  367.2     5.98  39.814  -0.1889
  367.6     5.97  39.841  -0.1924
  367.8     5.99  39.868  -0.1904
  368.1     6.01  39.895  -0.1859
  368.3     5.95  39.922  -0.1841
  368.7     5.98  39.949  -0.1867
  368.9     5.96  39.976  -0.1871
  369.2     5.97  40.003  -0.1898
  369.5     5.96  40.030  -0.1902
  369.7     5.96  40.057  -0.1893
  370.1     5.98  40.084  -0.1913
  370.4     5.93  40.111  -0.1919
  370.6     5.95  40.138  -0.1938
  371.0     5.93  40.165  -0.1923
  371.2     5.94  40.192  -0.1898
  371.6     5.94  40.219  -0.1911
  371.8     5.93  40.246  -0.1937
  372.0     5.96  40.273  -0.1942
  372.3     5.94  40.300  -0.1952
  372.7     5.92  40.327  -0.1937
  372.9     5.93  40.353  -0.1940
  373.2     5.93  40.380  -0.1952
  373.4     5.91  40.407  -0.1972
  373.8     5.94  40.434  -0.2003
  374.0     5.92  40.461  -0.1993
  374.3     5.93  40.488  -0.1970
  374.6     5.91  40.514  -0.1951
  374.9     5.90  40.541  -0.1971
  375.2     5.91  40.569  -0.1940
  375.6     5.92  40.596  -0.1975
  375.7     5.92  40.624  -0.1969
  376.0     5.91  40.651  -0.1975
  376.3     5.90  40.678  -0.1986
  376.7     5.88  40.705  -0.1974
  376.9     5.90  40.732  -0.1971
  377.2     5.91  40.759  -0.1989
  377.4     5.90  40.786  -0.1988
  377.7     5.89  40.813  -0.2011
  377.9     5.90  40.840  -0.2021
  378.3     5.87  40.867  -0.2015
  378.6     5.88  40.894  -0.2030
  378.8     5.88  40.921  -0.1988
  379.1     5.87  40.949  -0.1964
  379.4     5.88  40.976  -0.1978
  379.7     5.90  41.003  -0.1967
  380.0     5.88  41.030  -0.1972
  380.2     5.88  41.057  -0.1977
  380.5     5.88  41.084  -0.1999
  380.8     5.86  41.111  -0.1984
  381.1     5.86  41.138  -0.1961
  381.3     5.87  41.165  -0.1948
  381.7     5.87  41.192  -0.1952
  381.9     5.87  41.219  -0.1942
  382.3     5.87  41.246  -0.1985
  382.5     5.87  41.273  -0.1961
  382.8     5.85  41.300  -0.1937
  383.0     5.86  41.328  -0.1953
  383.2     5.87  41.355  -0.1966
  383.6     5.86  41.382  -0.1945
  384.0     5.86  41.409  -0.1952
  384.2     5.83  41.436  -0.1976
  384.5     5.81  41.463  -0.1994
  384.7     5.81  41.491  -0.2011
  385.0     5.83  41.518  -0.1972
  385.3     5.80  41.545  -0.1986
  385.6     5.79  41.571  -0.1958
  385.9     5.81  41.598  -0.1983
  386.1     5.82  41.625  -0.1991
  386.4     5.83  41.652  -0.1968
  386.7     5.82  41.679  -0.1991
  387.0     5.82  41.706  -0.1987
  387.3     5.81  41.733  -0.1968
  387.6     5.82  41.760  -0.1970
  387.7     5.80  41.787  -0.1971
  388.1     5.79  41.814  -0.1972
  388.3     5.83  41.841  -0.1951
  388.6     5.80  41.868  -0.1971
  388.9     5.77  41.895  -0.2000
  389.2     5.79  41.922  -0.1973
  389.5     5.80  41.949  -0.1970
  389.8     5.81  41.976  -0.1944
  390.1     5.78  42.003  -0.1944
  390.3     5.75  42.030  -0.1957
  390.5     5.75  42.057  -0.1960
  390.8     5.77  42.085  -0.1964
  391.2     5.74  42.112  -0.1953
  391.4     5.78  42.139  -0.1952
  391.7     5.78  42.166  -0.1973
  392.0     5.77  42.193  -0.1949
  392.3     5.75  42.221  -0.1923
  392.6     5.75  42.248  -0.1941
  392.8     5.76  42.275  -0.1942
  393.2     5.74  42.301  -0.1922
  393.4     5.74  42.328  -0.1933
  393.7     5.73  42.355  -0.1946
  394.0     5.71  42.382  -0.1953
  394.2     5.74  42.409  -0.1953
  394.6     5.73  42.436  -0.1947
  394.8     5.75  42.463  -0.1942
  395.1     5.74  42.491  -0.1945
  395.4     5.72  42.518  -0.1935
  395.7     5.74  42.545  -0.1961
  396.0     5.76  42.572  -0.1968
  396.2     5.71  42.599  -0.1971
  396.5     5.73  42.626  -0.1987
  396.9     5.73  42.653  -0.1985
  397.1     5.71  42.680  -0.1941
  397.4     5.71  42.707  -0.1943
  397.7     5.72  42.734  -0.1940
  398.0     5.70  42.762  -0.1952
  398.3     5.70  42.790  -0.1984
  398.6     5.71  42.818  -0.1974
  398.8     5.70  42.845  -0.1940
  399.1     5.68  42.872  -0.1940
  399.4     5.71  42.899  -0.1930
  399.7     5.67  42.927  -0.1936
  400.0     5.67  42.954  -0.1964
  400.2     5.68  42.980  -0.1948
  400.6     5.67  43.007  -0.1931
  400.9     5.68  43.034  -0.1930
  401.1     5.65  43.061  -0.1917
  401.4     5.69  43.088  -0.1934
  401.7     5.70  43.115  -0.1925
  402.0     5.68  43.143  -0.1918
  402.3     5.66  43.170  -0.1956
  402.6     5.67  43.197  -0.1937
  402.8     5.66  43.223  -0.1948
  403.0     5.66  43.251  -0.1951
  403.3     5.64  43.278  -0.1957
  403.6     5.63  43.305  -0.1924
  404.0     5.64  43.333  -0.1941
  404.2     5.63  43.359  -0.1965
  404.5     5.62  43.386  -0.1921
  404.8     5.63  43.413  -0.1932
  405.1     5.64  43.440  -0.1945
  405.3     5.63  43.467  -0.1899
  405.6     5.63  43.495  -0.1931
  405.9     5.62  43.522  -0.1955
  406.2     5.63  43.549  -0.1987
  406.5     5.61  43.576  -0.1964
  406.8     5.57  43.603  -0.1950
  407.0     5.60  43.630  -0.1948
  407.3     5.60  43.658  -0.1974
  407.6     5.59  43.684  -0.2013
  408.0     5.57  43.711  -0.2002
  408.2     5.59  43.738  -0.2020
  408.4     5.60  43.765  -0.2014
  408.7     5.60  43.792  -0.2054
  409.1     5.59  43.819  -0.2062
  409.3     5.59  43.847  -0.2034
  409.5     5.57  43.874  -0.2003
  409.9     5.57  43.901  -0.2033
  410.2     5.57  43.928  -0.2023
  410.5     5.56  43.955  -0.2020
  410.7     5.55  43.982  -0.2005
  411.0     5.55  44.009  -0.2039
  411.3     5.55  44.036  -0.2007
  411.5     5.57  44.063  -0.2026
  411.8     5.54  44.089  -0.2011
  412.1     5.53  44.116  -0.2013
  412.4     5.56  44.143  -0.2018
  412.8     5.53  44.171  -0.1994
  412.9     5.54  44.198  -0.1989
  413.3     5.54  44.225  -0.1981
  413.6     5.52  44.252  -0.1974
  413.9     5.51  44.279  -0.1978
  414.1     5.50  44.306  -0.1953
  414.3     5.51  44.333  -0.1970
  414.7     5.51  44.361  -0.2036
  415.0     5.52  44.388  -0.2009
  415.3     5.48  44.415  -0.2029
  415.6     5.49  44.442  -0.2015
  415.8     5.49  44.468  -0.1986
  416.0     5.48  44.496  -0.2025
  416.5     5.47  44.523  -0.2016
  416.6     5.53  44.550  -0.1998
  416.9     5.46  44.577  -0.2023
  417.3     5.48  44.604  -0.2005
  417.5     5.49  44.632  -0.2006
  417.8     5.47  44.659  -0.2011
  418.1     5.46  44.686  -0.2039
  418.4     5.41  44.713  -0.2038
  418.6     5.44  44.740  -0.2028
  419.0     5.44  44.767  -0.1962
  419.2     5.43  44.794  -0.1990
  419.5     5.41  44.821  -0.2029
  419.8     5.42  44.848  -0.1984
  420.0     5.42  44.875  -0.1989
  420.3     5.40  44.902  -0.1987
  420.6     5.42  44.929  -0.1968
  420.8     5.40  44.957  -0.1954
  421.1     5.38  44.983  -0.1956
  421.4     5.39  45.010  -0.1970
  421.7     5.40  45.037  -0.1994
  422.0     5.39  45.064  -0.2010
  422.3     5.41  45.091  -0.2046
  422.5     5.36  45.118  -0.2033
  422.8     5.36  45.145  -0.2031
  423.1     5.36  45.172  -0.2023
  423.4     5.38  45.199  -0.2016
  423.7     5.35  45.226  -0.2034
  424.0     5.34  45.253  -0.2028
  424.3     5.35  45.280  -0.2020
  424.5     5.34  45.307  -0.1980
  424.8     5.33  45.334  -0.1973
  425.1     5.33  45.361  -0.1930
  425.4     5.34  45.389  -0.1942
  425.6     5.32  45.416  -0.1935
  425.9     5.32  45.443  -0.1972
  426.2     5.33  45.470  -0.1953
  426.5     5.30  45.497  -0.1994
  426.8     5.30  45.524  -0.1983
  427.1     5.30  45.551  -0.1933
  427.4     5.29  45.577  -0.1977
  427.6     5.29  45.604  -0.2008
  427.9     5.30  45.632  -0.2011
  428.2     5.26  45.659  -0.1990
  428.4     5.27  45.686  -0.2008
  428.7     5.25  45.713  -0.2003
  429.0     5.28  45.740  -0.2011
  429.3     5.28  45.767  -0.2014
  429.5     5.23  45.795  -0.1985
  429.8     5.25  45.821  -0.1985
  430.1     5.27  45.848  -0.1997
  430.4     5.25  45.875  -0.1989
  430.7     5.22  45.902  -0.2023
  430.9     5.24  45.929  -0.2069
  431.2     5.23  45.956  -0.2074
  431.5     5.23  45.983  -0.2025
  431.7     5.22  46.010  -0.2013
  432.1     5.20  46.037  -0.2037
  432.4     5.21  46.065  -0.2082
  432.6     5.21  46.092  -0.2071
  432.9     5.21  46.120  -0.2105
  433.2     5.18  46.147  -0.2146
  433.5     5.18  46.174  -0.2107
  433.8     5.17  46.201  -0.2101
  434.0     5.19  46.228  -0.2119
  434.4     5.19  46.255  -0.2098
  434.6     5.17  46.283  -0.2058
  434.9     5.19  46.310  -0.2080
  435.1     5.16  46.336  -0.2078
  435.4     5.18  46.363  -0.2049
  435.7     5.16  46.390  -0.2072
  436.0     5.14  46.417  -0.2076
  436.3     5.14  46.445  -0.2051
  436.7     5.16  46.471  -0.2049
  436.9     5.13  46.499  -0.2049
  437.2     5.16  46.526  -0.2030
  437.5     5.15  46.553  -0.2037
  437.7     5.15  46.579  -0.2098
  438.0     5.16  46.606  -0.2103
  438.3     5.13  46.633  -0.2110
  438.6     5.15  46.660  -0.2119
  438.9     5.13  46.688  -0.2115
  439.1     5.15  46.715  -0.2106
  439.5     5.12  46.742  -0.2086
  439.7     5.08  46.769  -0.2063
  439.9     5.11  46.796  -0.2082
  440.2     5.09  46.823  -0.2080
  440.5     5.07  46.851  -0.2118
  440.8     5.10  46.878  -0.2135
  441.0     5.09  46.905  -0.2155
  441.4     5.08  46.932  -0.2145
  441.7     5.08  46.960  -0.2139
  441.9     5.07  46.987  -0.2115
  442.2     5.08  47.014  -0.2129
  442.5     5.07  47.041  -0.2122
  442.7     5.07  47.068  -0.2151
  443.1     5.07  47.095  -0.2157
  443.4     5.06  47.122  -0.2134
  443.5     5.07  47.149  -0.2158
  443.9     5.05  47.176  -0.2148
  444.2     5.07  47.203  -0.2147
  444.5     5.05  47.231  -0.2147
  444.7     5.04  47.259  -0.2130
  445.0     5.06  47.286  -0.2163
  445.3     5.05  47.313  -0.2153
  445.5     5.04  47.340  -0.2172
  445.9     5.06  47.366  -0.2163
  446.1     5.04  47.393  -0.2167
  446.5     5.04  47.421  -0.2165
  446.7     5.04  47.448  -0.2179
  446.9     5.02  47.474  -0.2145
  447.2     5.02  47.502  -0.2152
  447.4     5.02  47.529  -0.2115
  447.8     5.02  47.556  -0.2116
  448.1     5.01  47.584  -0.2154
  448.3     5.02  47.612  -0.2116
  448.6     4.99  47.639  -0.2117
  448.9     5.01  47.666  -0.2152
  449.2     5.01  47.693  -0.2149
  449.4     4.99  47.720  -0.2177
  449.7     4.99  47.747  -0.2172
  450.0     4.98  47.774  -0.2145
  450.3     5.00  47.801  -0.2156
  450.4     4.99  47.828  -0.2137
  450.8     4.97  47.855  -0.2148
  451.2     4.99  47.882  -0.2181
  451.3     4.95  47.910  -0.2161
  451.6     4.95  47.937  -0.2142
  451.9     4.90  47.965  -0.2163
  452.1     4.93  47.992  -0.2124
  452.4     4.93  48.018  -0.2101
  452.7     4.95  48.046  -0.2124
  453.0     4.95  48.072  -0.2150
  453.2     4.92  48.099  -0.2152
  453.5     4.92  48.127  -0.2152
  453.8     4.91  48.154  -0.2162
  454.1     4.90  48.180  -0.2129
  454.4     4.90  48.207  -0.2148
  454.6     4.92  48.234  -0.2140
  454.8     4.87  48.261  -0.2156
  455.2     4.89  48.289  -0.2156
  455.3     4.88  48.316  -0.2117
  455.7     4.84  48.343  -0.2121
  455.9     4.86  48.370  -0.2142
  456.3     4.88  48.397  -0.2141
  456.5     4.91  48.423  -0.2168
  456.8     4.88  48.451  -0.2164
  457.1     4.86  48.478  -0.2151
  457.3     4.85  48.506  -0.2138
  457.5     4.87  48.533  -0.2163
  457.9     4.89  48.559  -0.2152
  458.2     4.85  48.586  -0.2135
  458.4     4.86  48.614  -0.2167
  458.7     4.88  48.640  -0.2186
  459.0     4.86  48.667  -0.2166
  459.2     4.85  48.695  -0.2152
  459.6     4.84  48.721  -0.2102
  459.8     4.85  48.748  -0.2137
  460.1     4.86  48.776  -0.2150
  460.3     4.85  48.803  -0.2173
  460.7     4.86  48.830  -0.2145
  461.0     4.83  48.857  -0.2076
  461.3     4.84  48.884  -0.2120
  461.4     4.87  48.911  -0.2127
  461.8     4.86  48.938  -0.2144
  462.1     4.86  48.965  -0.2158
  462.4     4.85  48.992  -0.2144
  462.7     4.86  49.020  -0.2132
  462.9     4.85  49.047  -0.2138
  463.2     4.84  49.074  -0.2089
  463.4     4.85  49.102  -0.2122
  463.7     4.82  49.129  -0.2116
  464.1     4.85  49.156  -0.2134
  464.4     4.83  49.183  -0.2123
  464.7     4.86  49.210  -0.2109
  464.9     4.85  49.237  -0.2116
  465.2     4.83  49.265  -0.2110
  465.4     4.81  49.292  -0.2121
  465.7     4.83  49.319  -0.2090
  466.0     4.84  49.346  -0.2095
  466.3     4.82  49.373  -0.2127
  466.6     4.82  49.400  -0.2167
  466.8     4.80  49.427  -0.2149
  467.0     4.81  49.454  -0.2131
  467.4     4.79  49.482  -0.2175
  467.6     4.81  49.509  -0.2126
  467.9     4.83  49.536  -0.2132
  468.2     4.82  49.563  -0.2131
  468.5     4.83  49.590  -0.2146
  468.7     4.85  49.618  -0.2163
  469.0     4.84  49.645  -0.2127
  469.3     4.79  49.672  -0.2142
  469.6     4.76  49.698  -0.2136
  469.8     4.78  49.726  -0.2133
  470.1     4.78  49.753  -0.2128
  470.5     4.78  49.780  -0.2158
  470.7     4.80  49.807  -0.2135
  471.0     4.77  49.834  -0.2141
  471.2     4.74  49.862  -0.2148
  471.5     4.75  49.889  -0.2158
  471.7     4.76  49.915  -0.2160
  472.0     4.76  49.942  -0.2185
  472.3     4.77  49.970  -0.2179
  472.5     4.75  49.996  -0.2202
  472.9     4.79  50.023  -0.2155
  473.1     4.76  50.050  -0.2157
  473.4     4.73  50.077  -0.2134
  473.7     4.74  50.104  -0.2122
  474.0     4.73  50.132  -0.2134
  474.2     4.74  50.159  -0.2136
  474.5     4.75  50.185  -0.2123
  474.7     4.78  50.212  -0.2102
  475.0     4.76  50.239  -0.2124
  475.3     4.79  50.266  -0.2134
  475.6     4.75  50.293  -0.2126
  475.9     4.77  50.321  -0.2122
  476.2     4.77  50.347  -0.2156
  476.6     4.79  50.374  -0.2156
  476.7     4.74  50.401  -0.2199
  477.0     4.75  50.428  -0.2183
  477.3     4.74  50.455  -0.2171
  477.6     4.73  50.483  -0.2202
  477.8     4.75  50.510  -0.2167
  478.1     4.74  50.537  -0.2176
  478.5     4.74  50.565  -0.2179
  478.7     4.77  50.592  -0.2214
  478.9     4.74  50.619  -0.2212
  479.3     4.72  50.646  -0.2189
  479.6     4.72  50.673  -0.2175
  479.9     4.73  50.700  -0.2191
  480.1     4.71  50.727  -0.2185
  480.5     4.74  50.754  -0.2183
  480.7     4.72  50.782  -0.2151
  481.0     4.76  50.809  -0.2186
  481.2     4.70  50.836  -0.2144
  481.5     4.70  50.863  -0.2144
  481.9     4.71  50.890  -0.2174
  482.1     4.71  50.917  -0.2160
  482.4     4.72  50.944  -0.2166
  482.6     4.69  50.971  -0.2168
  482.9     4.68  50.998  -0.2204
  483.2     4.70  51.024  -0.2192
  483.4     4.72  51.051  -0.2217
  483.8     4.69  51.078  -0.2179
  484.0     4.73  51.105  -0.2152
  484.4     4.70  51.132  -0.2160
  484.6     4.67  51.159  -0.2178
  484.8     4.68  51.186  -0.2181
  485.2     4.69  51.213  -0.2186
  485.4     4.66  51.240  -0.2188
  485.7     4.68  51.267  -0.2214
  486.0     4.66  51.294  -0.2162
  486.3     4.71  51.321  -0.2168
  486.6     4.67  51.348  -0.2166
  486.9     4.69  51.376  -0.2143
  487.2     4.69  51.402  -0.2168
  487.3     4.69  51.430  -0.2173
  487.6     4.69  51.457  -0.2193
  487.9     4.68  51.485  -0.2192
  488.2     4.66  51.511  -0.2203
  488.5     4.65  51.538  -0.2220
  488.8     4.64  51.565  -0.2185
  489.1     4.64  51.593  -0.2216
  489.3     4.63  51.621  -0.2215
  489.6     4.64  51.648  -0.2223
  489.8     4.66  51.675  -0.2222
  490.1     4.63  51.702  -0.2213
  490.4     4.67  51.729  -0.2216
  490.6     4.63  51.757  -0.2214
  490.9     4.62  51.784  -0.2198
  491.2     4.59  51.811  -0.2218
  491.5     4.62  51.838  -0.2223
  491.8     4.62  51.865  -0.2218
  492.1     4.63  51.892  -0.2223
  492.3     4.60  51.919  -0.2190
  492.6     4.62  51.946  -0.2240
  492.8     4.59  51.974  -0.2202
  493.1     4.61  52.001  -0.2247
  493.4     4.57  52.027  -0.2249
  493.7     4.60  52.054  -0.2243
  493.9     4.61  52.082  -0.2241
  494.3     4.60  52.108  -0.2245
  494.5     4.60  52.135  -0.2244
  494.8     4.57  52.163  -0.2282
  495.0     4.59  52.189  -0.2272
  495.2     4.56  52.216  -0.2270
  495.6     4.59  52.243  -0.2252
  495.8     4.58  52.270  -0.2270
  496.1     4.59  52.297  -0.2278
  496.4     4.55  52.324  -0.2278
  496.6     4.55  52.351  -0.2250
  496.8     4.55  52.378  -0.2205
  497.2     4.55  52.405  -0.2208
  497.5     4.55  52.432  -0.2242
  497.7     4.58  52.460  -0.2239
  498.0     4.56  52.487  -0.2236
  498.2     4.52  52.514  -0.2218
  498.5     4.53  52.541  -0.2211
  498.8     4.51  52.568  -0.2233
  499.0     4.56  52.595  -0.2230
  499.3     4.55  52.622  -0.2214
  499.6     4.54  52.649  -0.2200
  499.8     4.55  52.676  -0.2174
  500.2     4.56  52.704  -0.2186
