   16.0     1.82   0.040   0.0007
   16.1     1.93   0.080   0.0011
   16.1     1.87   0.123  -0.0020
   16.3     2.31   0.160   0.0002
   16.2     2.14   0.201   0.0019
   16.2     2.04   0.244   0.0046
   16.1     1.53   0.283   0.0018
   16.2     1.70   0.322   0.0066
   16.2     1.88   0.362   0.0012
   16.3     2.13   0.400   0.0040
   16.2     1.65   0.440   0.0041
   16.3     2.10   0.480  -0.0013
   16.3     1.99   0.520   0.0022
   16.3     1.69   0.563   0.0047
   16.3     1.65   0.603   0.0033
   16.4     1.91   0.643   0.0051
   16.4     1.89   0.682   0.0028
   16.4     1.58   0.723   0.0041
   16.5     2.14   0.763  -0.0006
   16.6     1.94   0.804  -0.0010
   16.7     2.40   0.844   0.0064
   16.6     2.19   0.884   0.0077
   16.7     2.17   0.923   0.0072
   16.7     1.90   0.963   0.0051
   16.5     1.43   1.000   0.0022
   16.6     1.54   1.040   0.0019
   16.6     1.53   1.081   0.0097
   16.7     1.65   1.120   0.0059
   16.9     1.95   1.160   0.0031
   16.8     1.94   1.199   0.0030
   16.8     1.85   1.238   0.0042
   16.9     1.89   1.279   0.0018
   17.1     2.41   1.316   0.0045
   16.9     1.87   1.356  -0.0000
   16.9     1.86   1.394  -0.0024
   16.9     1.59   1.433   0.0024
   17.0     1.72   1.474   0.0056
   17.0     1.52   1.514   0.0040
   17.1     1.97   1.553   0.0068
   17.1     2.01   1.596   0.0132
   17.1     1.60   1.639   0.0159
   17.2     1.61   1.676   0.0103
   17.2     1.57   1.715   0.0079
   17.5     2.27   1.754   0.0017
   17.5     2.10   1.791   0.0086
   17.4     1.83   1.831   0.0067
   17.5     1.89   1.870   0.0083
   17.6     1.90   1.909   0.0083
   17.6     1.89   1.951   0.0087
   17.7     2.04   1.992   0.0003
   17.9     2.34   2.030  -0.0000
   17.9     1.85   2.070   0.0034
   18.0     2.11   2.110  -0.0007
   18.0     2.28   2.150   0.0086
   18.2     2.31   2.189   0.0095
   18.1     1.86   2.229   0.0055
   18.2     1.94   2.269   0.0068
   18.3     1.93   2.310   0.0036
   18.5     2.30   2.351   0.0048
   18.6     2.24   2.390   0.0059
   18.8     2.14   2.431   0.0060
   18.8     2.21   2.470   0.0066
   18.9     2.22   2.508   0.0034
   19.1     2.48   2.549   0.0030
   19.3     2.59   2.588  -0.0017
   19.3     2.33   2.628  -0.0010
   19.5     2.41   2.668   0.0023
   19.6     2.44   2.705  -0.0006
   19.7     2.70   2.745   0.0005
   19.8     2.38   2.784   0.0032
   20.0     2.39   2.821   0.0015
   20.2     2.54   2.860   0.0042
   20.3     2.58   2.899   0.0035
   20.4     2.50   2.938  -0.0023
   20.6     2.52   2.980   0.0066
   20.8     2.74   3.018   0.0008
   20.9     2.86   3.056   0.0017
   21.2     2.92   3.093  -0.0021
   21.2     2.43   3.134  -0.0035
   21.5     2.66   3.174  -0.0164
   21.6     2.84   3.212  -0.0198
   21.9     2.86   3.252  -0.0100
   22.0     2.95   3.290  -0.0140
   22.2     3.06   3.329  -0.0155
   22.4     2.88   3.370  -0.0135
   22.7     2.90   3.408  -0.0198
   22.9     3.24   3.447  -0.0132
   23.0     3.08   3.486  -0.0141
   23.2     2.99   3.525  -0.0140
   23.6     3.35   3.564  -0.0123
   23.8     3.31   3.603  -0.0128
   24.1     3.68   3.641  -0.0129
   24.2     3.10   3.680  -0.0151
   24.4     3.10   3.720  -0.0163
   24.6     3.09   3.759  -0.0117
   24.8     2.95   3.797  -0.0126
   25.0     2.99   3.835  -0.0132
   25.3     2.85   3.876  -0.0182
   25.6     3.42   3.918  -0.0225
   25.8     3.05   3.957  -0.0216
   26.2     3.49   3.997  -0.0263
   39.7     3.32   7.082  -0.0397
   43.9     2.95   7.123  -0.0019
   44.1     2.83   7.165   0.0048
   44.3     2.71   7.208   0.0025
   44.4     2.64   7.248  -0.0008
   44.7     3.02   7.289   0.0057
   44.9     2.99   7.328  -0.0002
   45.1     2.99   7.369  -0.0059
   45.2     2.69   7.413   0.0036
   45.6     3.01   7.457  -0.0073
   45.9     3.37   7.498  -0.0074
   46.2     3.35   7.540  -0.0044
   46.6     3.64   7.581  -0.0088
   46.9     3.59   7.624  -0.0082
   47.4     3.96   7.666  -0.0041
   47.7     3.85   7.706  -0.0109
   48.2     4.27   7.748  -0.0078
   48.7     4.17   7.791  -0.0072
   49.0     3.93   7.832  -0.0145
   49.6     4.30   7.875  -0.0118
   50.1     4.30   7.916  -0.0212
   50.7     4.62   7.956  -0.0162
   51.1     4.52   7.999  -0.0165
   51.7     4.47   8.040  -0.0228
   52.4     5.01   8.080  -0.0170
   52.8     4.79   8.122  -0.0213
   53.5     5.14   8.162  -0.0167
   54.0     4.83   8.205  -0.0155
   54.7     5.36   8.245  -0.0168
   55.3     5.14   8.284  -0.0131
   55.8     5.16   8.326  -0.0142
   56.5     5.19   8.368  -0.0150
   57.2     5.42   8.407  -0.0149
   57.8     5.56   8.447  -0.0177
   58.4     5.37   8.488  -0.0175
   58.9     5.38   8.529  -0.0120
   59.7     5.34   8.571  -0.0203
   60.3     5.51   8.612  -0.0208
   60.9     5.29   8.654  -0.0144
   61.6     5.40   8.697  -0.0185
   62.4     5.91   8.740  -0.0248
   63.0     5.79   8.783  -0.0253
   63.6     5.39   8.825  -0.0350
   64.2     5.73   8.866  -0.0378
   64.9     5.79   8.906  -0.0304
   65.4     5.16   8.947  -0.0293
   66.2     5.87   8.990  -0.0353
   66.8     5.67   9.031  -0.0322
   67.5     5.54   9.074  -0.0337
   68.1     5.95   9.114  -0.0378
   68.8     5.71   9.156  -0.0328
   69.3     5.44   9.198  -0.0401
   69.9     5.66   9.239  -0.0438
   70.6     5.79   9.282  -0.0377
   71.1     5.12   9.324  -0.0393
   71.9     5.90   9.366  -0.0417
   72.3     5.39   9.407  -0.0434
   73.0     5.42   9.449  -0.0400
   73.5     5.26   9.491  -0.0474
   74.1     5.35   9.533  -0.0455
   74.7     5.35   9.572  -0.0441
   75.3     5.26   9.615  -0.0472
   75.9     5.45   9.656  -0.0450
   76.4     5.34   9.696  -0.0424
   77.1     5.42   9.739  -0.0446
   77.6     5.37   9.780  -0.0434
   78.2     5.73   9.820  -0.0385
   78.8     5.50   9.861  -0.0406
   79.1     4.89   9.901  -0.0427
   79.8     5.26   9.943  -0.0403
   80.4     5.15   9.985  -0.0384
   81.0     5.27  10.027  -0.0424
   81.4     5.01  10.069  -0.0413
   82.0     5.22  10.109  -0.0407
   82.6     5.41  10.148  -0.0424
   83.0     5.29  10.191  -0.0426
   83.6     5.04  10.230  -0.0402
   84.1     4.97  10.271  -0.0465
   84.6     5.19  10.311  -0.0442
   85.0     4.68  10.350  -0.0392
   85.5     4.72  10.393  -0.0414
   86.1     5.02  10.438  -0.0417
   86.6     4.83  10.479  -0.0384
   87.3     4.98  10.524  -0.0421
   87.8     4.99  10.566  -0.0449
   88.2     4.74  10.605  -0.0466
   88.7     5.02  10.649  -0.0444
   89.2     4.84  10.692  -0.0429
   89.6     4.55  10.735  -0.0461
   90.2     4.94  10.777  -0.0466
   90.8     4.91  10.818  -0.0432
   91.1     4.32  10.859  -0.0451
   91.7     4.66  10.903  -0.0492
   92.1     4.47  10.944  -0.0480
   92.6     4.85  10.987  -0.0457
   93.0     4.18  11.029  -0.0489
   93.4     3.98  11.066  -0.0485
   94.1     5.17  11.108  -0.0445
   94.4     4.09  11.148  -0.0407
   94.8     4.27  11.188  -0.0454
   95.4     4.60  11.231  -0.0465
   95.8     4.62  11.273  -0.0443
   96.2     4.51  11.312  -0.0468
   96.8     4.76  11.354  -0.0467
   97.2     4.35  11.395  -0.0410
   97.7     4.57  11.436  -0.0514
   98.1     4.59  11.476  -0.0449
   98.6     4.52  11.515  -0.0446
   98.9     4.32  11.554  -0.0467
   99.3     4.20  11.594  -0.0425
   99.8     4.37  11.634  -0.0440
  100.1     3.88  11.672  -0.0492
  100.4     3.84  11.711  -0.0426
  101.1     4.11  11.753  -0.0441
  101.4     4.11  11.795  -0.0442
  101.9     4.44  11.833  -0.0402
  102.2     3.95  11.871  -0.0432
  102.7     4.25  11.910  -0.0439
  103.2     4.27  11.951  -0.0430
  103.4     3.77  11.990  -0.0437
  103.9     4.10  12.030  -0.0463
  104.3     3.95  12.071  -0.0436
  104.8     4.38  12.108  -0.0433
  105.1     4.10  12.148  -0.0489
  105.5     3.91  12.189  -0.0489
  105.9     4.05  12.227  -0.0478
  106.3     4.00  12.267  -0.0440
  106.7     3.95  12.309  -0.0489
  107.1     4.00  12.350  -0.0498
  107.5     3.88  12.389  -0.0457
  107.9     3.74  12.430  -0.0469
  108.3     3.87  12.469  -0.0549
  108.8     4.02  12.510  -0.0539
  109.2     3.83  12.551  -0.0445
  109.5     3.66  12.593  -0.0474
  110.0     3.91  12.632  -0.0477
  110.4     3.94  12.671  -0.0428
  110.8     3.84  12.711  -0.0409
  111.3     4.10  12.749  -0.0430
  111.6     4.14  12.788  -0.0403
  111.9     3.74  12.828  -0.0451
  112.4     4.03  12.868  -0.0486
  112.7     3.75  12.907  -0.0423
  113.1     3.48  12.947  -0.0420
  113.6     4.21  12.987  -0.0447
  113.9     4.01  13.023  -0.0470
  114.2     3.58  13.062  -0.0464
  114.6     3.68  13.101  -0.0460
  115.1     4.01  13.140  -0.0490
  115.3     3.65  13.180  -0.0417
  115.7     3.53  13.221  -0.0458
  116.1     3.57  13.262  -0.0437
  116.5     3.80  13.302  -0.0408
  116.9     3.59  13.342  -0.0465
  117.3     3.78  13.381  -0.0513
  117.8     4.27  13.420  -0.0439
  118.1     3.73  13.460  -0.0520
  118.5     3.98  13.499  -0.0514
  118.8     3.57  13.538  -0.0492
  119.1     3.46  13.578  -0.0499
  119.6     3.61  13.617  -0.0506
  119.9     3.78  13.657  -0.0515
  120.4     4.03  13.695  -0.0448
  120.6     3.32  13.735  -0.0485
  121.0     3.39  13.776  -0.0498
  121.5     3.88  13.816  -0.0491
  121.8     3.58  13.858  -0.0454
  122.2     3.47  13.900  -0.0447
  122.8     4.01  13.942  -0.0497
  123.1     4.10  13.981  -0.0447
  123.5     3.88  14.020  -0.0483
  123.9     3.88  14.060  -0.0499
  124.1     3.59  14.103  -0.0442
  124.6     3.67  14.143  -0.0423
  124.9     3.54  14.183  -0.0472
  125.3     3.70  14.223  -0.0456
  125.6     3.57  14.263  -0.0431
  126.1     3.85  14.302  -0.0497
  126.4     3.59  14.342  -0.0471
  126.8     3.43  14.383  -0.0468
  127.2     3.75  14.421  -0.0475
  127.7     4.04  14.460  -0.0429
  128.0     3.75  14.501  -0.0495
  128.3     3.72  14.539  -0.0371
  128.6     3.36  14.577  -0.0412
  129.2     4.10  14.616  -0.0375
  129.5     3.96  14.654  -0.0381
  129.7     3.51  14.693  -0.0459
  130.1     3.50  14.732  -0.0443
  130.6     3.75  14.770  -0.0467
  130.9     3.75  14.809  -0.0457
  131.2     3.56  14.849  -0.0482
  131.7     3.75  14.887  -0.0536
  132.0     3.78  14.928  -0.0439
  132.4     3.68  14.966  -0.0474
  132.8     3.81  15.004  -0.0463
  133.3     4.23  15.043  -0.0477
  133.6     3.93  15.081  -0.0513
  134.0     3.93  15.121  -0.0446
  134.3     3.84  15.159  -0.0494
  134.7     3.80  15.198  -0.0476
  134.9     3.49  15.237  -0.0450
  135.4     3.73  15.275  -0.0534
  135.9     4.36  15.314  -0.0479
  136.2     3.78  15.353  -0.0452
  136.5     3.84  15.395  -0.0510
  137.0     3.87  15.434  -0.0479
  137.3     3.80  15.473  -0.0470
  137.8     3.95  15.513  -0.0539
  138.3     4.30  15.553  -0.0445
  138.5     3.87  15.591  -0.0479
  138.7     3.57  15.630  -0.0480
  139.3     3.90  15.668  -0.0431
  139.7     4.07  15.707  -0.0452
  140.0     4.08  15.749  -0.0513
  140.4     3.90  15.789  -0.0453
  140.8     3.77  15.827  -0.0521
  141.3     4.15  15.867  -0.0559
  141.6     4.19  15.908  -0.0440
  142.0     3.92  15.947  -0.0466
  142.3     3.88  15.986  -0.0523
  142.9     4.72  16.026  -0.0539
  143.3     4.45  16.064  -0.0513
  143.5     4.15  16.104  -0.0502
  143.8     4.00  16.144  -0.0539
  144.3     4.29  16.183  -0.0559
  144.7     4.03  16.223  -0.0547
  145.1     3.84  16.263  -0.0533
  145.4     3.91  16.302  -0.0565
  145.8     3.97  16.339  -0.0558
  146.2     4.37  16.379  -0.0473
  146.8     4.68  16.418  -0.0479
  147.1     4.70  16.460  -0.0553
  147.5     4.43  16.501  -0.0551
  148.0     4.77  16.541  -0.0516
  148.3     4.58  16.582  -0.0452
  148.7     4.13  16.624  -0.0449
  149.0     4.21  16.666  -0.0507
  149.4     3.99  16.709  -0.0431
  149.8     3.98  16.749  -0.0426
  150.2     4.01  16.791  -0.0481
  150.7     4.28  16.832  -0.0436
  151.1     4.41  16.873  -0.0457
  151.6     4.17  16.916  -0.0479
  152.0     4.52  16.959  -0.0435
  152.5     4.34  17.001  -0.0519
  152.8     4.45  17.043  -0.0580
  153.3     4.33  17.086  -0.0516
  153.7     4.34  17.130  -0.0518
  154.3     4.60  17.173  -0.0433
  154.4     4.30  17.214  -0.0527
  155.1     4.67  17.257  -0.0500
  155.4     4.14  17.298  -0.0562
  155.8     4.48  17.338  -0.0532
  156.3     4.29  17.380  -0.0501
  156.8     4.71  17.420  -0.0562
  157.1     4.47  17.460  -0.0482
  157.4     4.55  17.500  -0.0509
  157.9     4.71  17.542  -0.0551
  158.3     4.78  17.583  -0.0477
  158.7     4.57  17.625  -0.0527
  159.2     4.84  17.666  -0.0571
  159.7     4.90  17.708  -0.0549
  160.0     4.48  17.749  -0.0534
  160.5     4.49  17.790  -0.0565
  160.9     5.02  17.831  -0.0572
  161.4     5.10  17.874  -0.0532
  161.7     4.72  17.912  -0.0599
  162.2     4.88  17.953  -0.0623
  162.5     4.49  17.994  -0.0496
  162.9     4.72  18.033  -0.0551
  163.5     5.01  18.075  -0.0635
  163.8     4.83  18.116  -0.0531
  164.2     4.76  18.157  -0.0545
  164.6     4.46  18.199  -0.0607
  165.1     5.02  18.238  -0.0547
  165.5     4.89  18.279  -0.0550
  165.9     5.00  18.322  -0.0560
  166.3     4.90  18.362  -0.0569
  166.7     4.83  18.405  -0.0497
  167.0     4.55  18.446  -0.0548
  167.4     4.74  18.486  -0.0521
  167.9     4.61  18.525  -0.0502
  168.3     4.53  18.567  -0.0523
  168.8     4.91  18.607  -0.0568
  169.2     4.90  18.647  -0.0543
  169.6     4.64  18.688  -0.0545
  169.9     4.57  18.727  -0.0602
  170.5     5.18  18.768  -0.0611
  170.8     4.82  18.808  -0.0546
  171.2     4.66  18.848  -0.0562
  171.8     5.12  18.888  -0.0568
  172.0     4.77  18.928  -0.0519
  172.5     5.09  18.969  -0.0565
  172.9     5.17  19.009  -0.0520
  173.4     5.16  19.049  -0.0522
  173.7     4.97  19.089  -0.0601
  174.2     5.55  19.128  -0.0595
  174.5     4.67  19.168  -0.0608
  175.0     5.04  19.208  -0.0650
  175.4     5.27  19.247  -0.0615
  175.7     5.12  19.286  -0.0605
  176.1     4.99  19.326  -0.0663
  176.6     5.07  19.368  -0.0619
  176.9     5.02  19.407  -0.0593
  177.3     4.70  19.447  -0.0658
  177.8     5.46  19.487  -0.0557
  178.2     5.12  19.527  -0.0571
  178.7     5.54  19.568  -0.0620
  179.2     5.78  19.607  -0.0550
  179.5     5.32  19.646  -0.0582
  179.8     4.96  19.686  -0.0651
  180.4     5.49  19.726  -0.0622
  180.6     4.94  19.766  -0.0615
  181.1     5.26  19.808  -0.0648
  181.5     5.37  19.848  -0.0628
  181.8     4.79  19.889  -0.0604
  182.3     5.32  19.929  -0.0679
  182.7     5.45  19.971  -0.0637
  183.0     4.98  20.012  -0.0613
  183.5     5.26  20.054  -0.0624
  183.8     5.05  20.096  -0.0597
  184.5     5.54  20.139  -0.0654
  184.9     5.73  20.183  -0.0632
  185.2     4.99  20.223  -0.0604
  185.8     5.45  20.264  -0.0654
  186.1     5.23  20.306  -0.0593
  186.6     5.34  20.349  -0.0659
  187.0     5.44  20.391  -0.0602
  187.4     5.18  20.432  -0.0623
  187.9     5.64  20.473  -0.0567
  188.3     5.70  20.514  -0.0547
  188.7     5.37  20.556  -0.0596
  189.2     5.78  20.595  -0.0592
  189.5     5.59  20.637  -0.0642
  189.9     5.36  20.677  -0.0660
  190.3     5.37  20.718  -0.0644
  190.7     5.37  20.760  -0.0596
  191.2     5.42  20.799  -0.0705
  191.5     5.31  20.840  -0.0618
  192.1     5.73  20.880  -0.0672
  192.3     5.05  20.920  -0.0726
  192.8     5.51  20.961  -0.0612
  193.3     5.30  21.003  -0.0662
  193.6     5.51  21.043  -0.0693
  194.0     5.43  21.085  -0.0647
  194.4     5.42  21.125  -0.0726
  195.0     5.78  21.165  -0.0662
  195.3     5.58  21.203  -0.0641
  195.7     5.77  21.245  -0.0669
  196.1     5.65  21.287  -0.0648
  196.6     5.54  21.328  -0.0712
  197.1     6.08  21.370  -0.0681
  197.4     5.61  21.415  -0.0671
  197.8     5.55  21.457  -0.0662
  198.2     5.53  21.499  -0.0653
  198.8     5.83  21.541  -0.0718
  199.2     5.95  21.584  -0.0712
  199.6     5.91  21.625  -0.0666
  200.0     5.48  21.666  -0.0705
  200.4     5.94  21.710  -0.0713
  200.9     5.89  21.751  -0.0684
  201.2     5.73  21.793  -0.0640
  201.8     5.87  21.834  -0.0680
  202.0     5.58  21.876  -0.0714
  202.7     6.11  21.917  -0.0683
  203.0     5.96  21.960  -0.0672
  203.3     5.51  22.004  -0.0671
  203.9     6.11  22.045  -0.0687
  204.3     6.18  22.084  -0.0667
  204.7     6.02  22.125  -0.0652
  205.1     6.05  22.167  -0.0683
  205.6     5.86  22.209  -0.0682
  206.0     5.88  22.250  -0.0661
  206.3     5.86  22.290  -0.0702
  206.7     5.87  22.332  -0.0705
  207.2     5.99  22.371  -0.0693
  207.8     6.44  22.413  -0.0726
  208.1     6.02  22.453  -0.0677
  208.5     6.15  22.494  -0.0751
  208.9     5.99  22.536  -0.0702
  209.3     6.01  22.578  -0.0745
  209.8     6.41  22.617  -0.0700
  210.0     5.78  22.657  -0.0640
  210.7     6.40  22.699  -0.0689
  211.1     6.22  22.739  -0.0670
  211.5     6.23  22.779  -0.0675
  212.0     6.41  22.821  -0.0674
  212.4     6.25  22.864  -0.0664
  212.7     6.27  22.904  -0.0704
  213.2     6.55  22.944  -0.0674
  213.5     6.10  22.985  -0.0620
  214.0     6.08  23.025  -0.0650
  214.4     6.17  23.067  -0.0688
  214.9     6.23  23.108  -0.0653
  215.3     6.29  23.150  -0.0715
  215.6     6.19  23.190  -0.0648
  216.2     6.28  23.230  -0.0672
  216.4     6.26  23.271  -0.0649
  217.0     6.52  23.314  -0.0597
  217.4     6.24  23.354  -0.0653
  217.8     6.50  23.397  -0.0663
  218.2     6.07  23.440  -0.0652
  218.7     6.39  23.479  -0.0701
  219.0     6.09  23.522  -0.0684
  219.5     6.21  23.563  -0.0727
  219.9     6.16  23.605  -0.0752
  220.3     6.16  23.646  -0.0668
  220.8     6.63  23.687  -0.0717
  221.3     6.78  23.726  -0.0652
  221.7     6.45  23.767  -0.0679
  222.2     7.25  23.808  -0.0725
  222.5     6.58  23.851  -0.0688
  223.0     6.73  23.894  -0.0730
  223.4     6.48  23.934  -0.0702
  223.7     6.42  23.975  -0.0760
  224.1     6.44  24.015  -0.0696
  224.6     6.46  24.055  -0.0744
  225.1     6.76  24.097  -0.0766
  225.5     6.79  24.136  -0.0697
  226.0     7.00  24.176  -0.0757
  226.2     6.50  24.217  -0.0753
  226.7     6.97  24.255  -0.0703
  227.2     6.98  24.293  -0.0732
  227.6     6.96  24.334  -0.0778
  227.9     6.60  24.374  -0.0712
  228.3     6.69  24.413  -0.0738
  228.8     7.09  24.453  -0.0743
  229.4     7.60  24.494  -0.0722
  229.6     6.98  24.533  -0.0740
  229.9     6.72  24.575  -0.0724
  230.4     6.84  24.613  -0.0761
  230.8     7.24  24.653  -0.0802
  231.2     7.05  24.693  -0.0824
  231.6     7.11  24.734  -0.0766
  232.1     6.91  24.777  -0.0797
  232.4     6.70  24.816  -0.0822
  232.9     6.81  24.856  -0.0768
  233.3     6.98  24.898  -0.0829
  233.7     6.70  24.942  -0.0821
  234.1     6.98  24.982  -0.0797
  234.4     6.57  25.023  -0.0839
  234.9     7.15  25.064  -0.0787
  235.4     6.99  25.105  -0.0818
  235.9     7.36  25.146  -0.0777
  236.1     6.81  25.185  -0.0747
  236.6     6.76  25.224  -0.0804
  237.0     7.17  25.264  -0.0847
  237.4     7.27  25.302  -0.0784
  237.8     6.91  25.343  -0.0825
  238.2     7.07  25.382  -0.0744
  238.5     6.91  25.422  -0.0785
  239.0     7.11  25.462  -0.0763
  239.4     7.13  25.500  -0.0766
  239.7     6.71  25.539  -0.0821
  240.3     7.22  25.576  -0.0771
  240.6     7.16  25.615  -0.0769
  241.0     7.07  25.657  -0.0749
  241.4     7.10  25.697  -0.0725
  241.9     7.22  25.736  -0.0776
  242.4     7.65  25.776  -0.0755
  242.8     7.47  25.816  -0.0741
  243.2     7.33  25.856  -0.0794
  243.5     7.02  25.894  -0.0786
  243.9     7.15  25.933  -0.0712
  244.2     6.75  25.974  -0.0792
  244.8     7.36  26.014  -0.0854
  245.1     7.26  26.055  -0.0752
  245.5     7.03  26.095  -0.0746
  246.0     7.18  26.135  -0.0801
  246.3     7.15  26.176  -0.0800
  246.8     7.33  26.216  -0.0724
  247.1     7.21  26.255  -0.0741
  247.5     6.98  26.295  -0.0794
  248.0     7.45  26.334  -0.0789
  248.4     7.38  26.373  -0.0734
  248.6     6.98  26.413  -0.0768
  249.1     7.05  26.454  -0.0778
  249.6     7.34  26.494  -0.0723
  250.0     7.10  26.535  -0.0749
  250.5     7.39  26.577  -0.0800
  250.9     7.55  26.617  -0.0750
  251.2     7.08  26.659  -0.0789
  251.7     7.47  26.700  -0.0779
  252.1     7.45  26.740  -0.0711
  252.5     7.41  26.781  -0.0733
  252.8     7.38  26.822  -0.0693
  253.4     7.66  26.863  -0.0768
  253.6     7.14  26.902  -0.0768
  254.0     7.36  26.942  -0.0674
  254.4     7.02  26.979  -0.0730
  254.9     7.32  27.019  -0.0722
  255.2     7.19  27.058  -0.0729
  255.7     7.56  27.101  -0.0708
  256.0     6.97  27.142  -0.0680
  256.4     7.15  27.182  -0.0738
  256.8     7.16  27.220  -0.0632
  257.1     7.19  27.260  -0.0669
  257.6     7.36  27.298  -0.0644
  258.0     7.18  27.339  -0.0680
  258.4     7.23  27.381  -0.0756
  258.8     7.46  27.422  -0.0722
  259.2     7.40  27.462  -0.0720
  259.5     7.24  27.501  -0.0699
  260.0     7.60  27.539  -0.0688
  260.3     6.99  27.580  -0.0758
  260.6     7.14  27.619  -0.0762
  261.1     7.39  27.657  -0.0707
  261.5     7.07  27.695  -0.0793
  261.9     7.82  27.734  -0.0704
  262.3     7.65  27.772  -0.0707
  262.7     7.49  27.812  -0.0765
  263.1     7.61  27.852  -0.0686
  263.4     7.28  27.892  -0.0728
  264.0     7.98  27.931  -0.0756
  264.2     7.52  27.970  -0.0762
  264.6     7.64  28.010  -0.0782
  264.8     6.99  28.050  -0.0748
  265.5     7.81  28.090  -0.0843
  265.7     7.27  28.131  -0.0789
  266.2     7.53  28.171  -0.0823
  266.7     7.75  28.211  -0.0810
  267.1     7.74  28.250  -0.0826
  267.5     7.84  28.290  -0.0826
  267.7     7.32  28.328  -0.0753
  268.2     7.59  28.367  -0.0827
  268.5     7.24  28.405  -0.0786
  268.9     7.39  28.445  -0.0786
  269.4     7.90  28.486  -0.0765
  269.7     7.52  28.524  -0.0728
  270.2     7.91  28.564  -0.0804
  270.6     7.73  28.604  -0.0746
  270.9     7.30  28.642  -0.0828
  271.4     7.93  28.681  -0.0809
  271.6     7.31  28.722  -0.0796
  272.1     7.69  28.761  -0.0815
  272.5     7.39  28.799  -0.0765
  272.8     7.40  28.838  -0.0858
  273.2     7.77  28.878  -0.0730
  273.7     7.69  28.915  -0.0788
  273.9     7.43  28.955  -0.0837
  274.4     7.52  28.997  -0.0759
  274.7     7.12  29.035  -0.0756
  275.2     7.69  29.075  -0.0824
  275.5     7.32  29.119  -0.0749
  276.0     7.16  29.159  -0.0802
  276.5     7.83  29.198  -0.0838
  276.8     7.76  29.240  -0.0791
  277.5     8.11  29.282  -0.0862
  277.7     7.64  29.324  -0.0794
  278.2     7.54  29.366  -0.0781
  278.7     8.23  29.408  -0.0847
  279.1     7.98  29.450  -0.0797
  279.3     7.35  29.492  -0.0840
  280.0     8.11  29.534  -0.0886
  280.3     7.69  29.576  -0.0811
  280.8     7.83  29.619  -0.0863
  281.2     7.95  29.662  -0.0850
  281.7     7.78  29.704  -0.0849
  282.0     7.62  29.745  -0.0883
  282.4     7.62  29.787  -0.0807
  282.9     7.62  29.828  -0.0837
  283.5     8.30  29.870  -0.0880
  283.9     7.98  29.912  -0.0821
  284.2     7.84  29.952  -0.0845
  284.6     7.94  29.992  -0.0878
  285.1     8.28  30.035  -0.0792
  285.5     7.91  30.075  -0.0798
  286.0     8.41  30.117  -0.0893
  286.4     8.10  30.159  -0.0794
  286.6     7.69  30.198  -0.0805
  287.0     7.64  30.239  -0.0891
  287.5     8.23  30.280  -0.0838
  287.9     7.91  30.322  -0.0823
  288.4     7.98  30.362  -0.0880
  288.8     8.29  30.404  -0.0845
  289.2     8.20  30.444  -0.0784
  289.5     7.69  30.485  -0.0904
  290.1     8.36  30.526  -0.0888
  290.5     8.36  30.565  -0.0797
  290.8     7.76  30.603  -0.0852
  291.2     7.99  30.643  -0.0857
  291.7     8.16  30.685  -0.0863
  292.1     7.77  30.725  -0.0854
  292.5     8.00  30.768  -0.0911
  293.0     8.40  30.808  -0.0895
  293.5     8.20  30.851  -0.0872
  293.8     7.86  30.894  -0.0887
  294.3     8.51  30.934  -0.0921
  294.8     8.41  30.974  -0.0835
  295.2     8.25  31.014  -0.0868
  295.6     8.34  31.056  -0.0906
  295.9     8.16  31.095  -0.0848
  296.4     8.16  31.135  -0.0855
  296.9     8.53  31.176  -0.0913
  297.3     8.44  31.215  -0.0869
  297.6     8.08  31.255  -0.0900
  298.0     7.90  31.296  -0.0932
  298.5     8.48  31.336  -0.0897
  298.9     7.94  31.376  -0.0877
  299.4     8.42  31.416  -0.0948
  299.7     8.10  31.457  -0.0958
  300.1     7.92  31.495  -0.0900
  300.5     8.03  31.536  -0.0949
  300.9     7.99  31.574  -0.1016
  301.3     8.10  31.616  -0.0930
  301.8     8.06  31.656  -0.0933
  302.2     8.24  31.696  -0.0957
  302.6     8.23  31.736  -0.0911
  303.0     8.37  31.775  -0.0866
  303.5     8.21  31.815  -0.0884
  303.9     8.23  31.855  -0.0926
  304.3     8.17  31.896  -0.0856
  304.7     8.25  31.938  -0.0948
  305.1     8.18  31.979  -0.0961
  305.6     8.45  32.020  -0.0913
  305.9     7.86  32.060  -0.0889
  306.5     8.41  32.101  -0.0966
  306.9     8.61  32.143  -0.0916
  307.3     8.33  32.183  -0.0920
  307.7     8.11  32.224  -0.0943
  308.2     8.81  32.265  -0.0885
  308.5     8.41  32.306  -0.0834
  309.0     8.52  32.348  -0.0880
  309.5     8.79  32.391  -0.0912
  309.8     8.19  32.433  -0.0851
  310.1     8.08  32.475  -0.0909
  310.5     8.01  32.517  -0.0932
  311.0     8.10  32.560  -0.0850
  311.5     8.07  32.600  -0.0908
  312.0     8.42  32.642  -0.0883
  312.4     8.46  32.684  -0.0839
  312.8     8.23  32.727  -0.0951
  313.3     8.46  32.768  -0.0929
  313.8     8.52  32.811  -0.0937
  314.1     8.48  32.852  -0.0881
  314.6     8.18  32.895  -0.0927
  315.1     8.63  32.938  -0.0889
  315.5     8.30  32.978  -0.0954
  315.9     8.26  33.020  -0.0916
  316.3     8.29  33.061  -0.0978
  316.8     8.78  33.103  -0.0900
  317.2     8.63  33.145  -0.0954
  317.7     8.26  33.188  -0.0979
  318.2     8.77  33.228  -0.1008
  318.4     8.32  33.269  -0.0914
  318.8     8.33  33.310  -0.0941
  319.3     8.64  33.349  -0.0909
  319.7     8.59  33.390  -0.0954
  320.2     8.79  33.429  -0.0971
  320.6     8.39  33.471  -0.0912
  320.9     8.25  33.513  -0.0904
  321.4     8.49  33.552  -0.0881
  321.8     8.51  33.592  -0.0949
  322.2     8.48  33.632  -0.0900
  322.4     8.00  33.672  -0.0964
  323.0     8.82  33.713  -0.0979
  323.5     8.71  33.755  -0.0945
  323.9     8.61  33.795  -0.0962
  324.5     8.78  33.837  -0.0974
  324.9     8.73  33.879  -0.0923
  325.2     8.54  33.920  -0.0925
  325.5     8.38  33.964  -0.0961
  326.2     8.88  34.006  -0.0884
  326.5     8.71  34.047  -0.0939
  326.9     8.53  34.090  -0.0960
  327.5     9.12  34.132  -0.0986
  327.7     8.21  34.174  -0.0992
  328.1     8.39  34.215  -0.0987
  328.7     8.87  34.257  -0.0960
  329.2     8.70  34.299  -0.0923
  329.5     8.65  34.342  -0.0977
  330.0     8.83  34.385  -0.0957
  330.4     8.52  34.427  -0.0972
  330.8     8.37  34.469  -0.0926
  331.2     8.01  34.510  -0.0928
  331.8     8.77  34.552  -0.0984
  332.2     8.81  34.592  -0.0945
  332.6     8.47  34.635  -0.1011
  333.1     8.83  34.679  -0.0947
  333.6     9.06  34.721  -0.0985
  333.9     8.69  34.762  -0.0934
  334.4     8.86  34.804  -0.0902
  334.9     9.03  34.844  -0.0963
  335.3     8.97  34.887  -0.0951
  335.7     8.68  34.929  -0.0936
  336.1     8.71  34.971  -0.0917
  336.6     8.69  35.017  -0.0915
  337.0     8.80  35.058  -0.0965
  337.4     8.67  35.100  -0.0955
  337.9     8.74  35.139  -0.0930
  338.2     8.40  35.179  -0.1030
  338.7     8.81  35.222  -0.0976
  339.3     8.75  35.264  -0.1013
  339.7     9.11  35.307  -0.0962
  340.0     8.79  35.347  -0.0959
  340.5     8.67  35.390  -0.0958
  340.9     8.73  35.433  -0.0995
  341.5     9.14  35.475  -0.0963
  341.7     8.56  35.513  -0.0910
  342.2     8.52  35.555  -0.0957
  342.7     8.63  35.597  -0.0987
  343.1     8.66  35.638  -0.0938
  343.5     8.66  35.679  -0.0959
  344.0     8.73  35.720  -0.1032
  344.3     8.45  35.762  -0.1044
  344.8     8.73  35.805  -0.1015
  345.3     8.67  35.847  -0.1018
  345.7     8.64  35.889  -0.1089
  346.1     8.69  35.933  -0.1042
  346.5     8.45  35.973  -0.1047
  347.0     8.62  36.017  -0.1038
  347.3     8.57  36.061  -0.1087
  347.8     8.55  36.099  -0.1107
  348.2     8.63  36.141  -0.0993
  348.6     8.46  36.184  -0.1027
  349.2     8.69  36.226  -0.1059
  349.6     8.63  36.270  -0.1078
  350.1     8.61  36.312  -0.0999
  350.4     8.62  36.352  -0.1047
  350.9     8.55  36.394  -0.1093
  351.3     8.67  36.434  -0.1086
  351.8     9.04  36.474  -0.1104
  352.2     8.83  36.517  -0.1183
  352.7     9.03  36.558  -0.1130
  353.1     8.91  36.599  -0.1047
  353.5     8.95  36.642  -0.1101
  353.9     8.77  36.681  -0.1146
  354.3     8.70  36.720  -0.1162
  354.7     8.94  36.763  -0.1067
  355.2     8.85  36.800  -0.1074
  355.6     8.95  36.841  -0.1148
  356.0     9.00  36.882  -0.1144
  356.4     9.02  36.922  -0.1072
  356.8     8.88  36.961  -0.1102
  357.2     8.90  37.001  -0.1185
  357.6     8.89  37.040  -0.1116
  358.0     8.85  37.080  -0.1079
  358.4     8.55  37.119  -0.1123
  358.9     8.94  37.160  -0.1150
  359.2     8.93  37.200  -0.1092
  359.6     8.71  37.239  -0.1110
  360.0     8.79  37.281  -0.1120
  360.5     8.91  37.322  -0.1078
  360.9     8.64  37.364  -0.1089
  361.3     8.86  37.405  -0.1126
  361.8     8.96  37.447  -0.1090
  362.2     8.72  37.486  -0.1021
  362.6     8.68  37.527  -0.1077
  363.1     8.92  37.570  -0.1116
  363.5     8.97  37.609  -0.1084
  363.9     8.77  37.649  -0.1036
  364.3     8.53  37.690  -0.1099
  364.7     8.75  37.729  -0.1172
  365.2     9.03  37.768  -0.1121
  365.5     8.93  37.809  -0.1083
  365.9     8.65  37.847  -0.1129
  366.3     9.04  37.886  -0.1199
  366.7     9.10  37.926  -0.1099
  367.1     8.72  37.965  -0.1113
  367.6     9.01  38.005  -0.1137
  367.8     8.74  38.045  -0.1133
  368.5     9.42  38.085  -0.1120
  368.7     8.79  38.126  -0.1114
  369.1     8.75  38.166  -0.1160
  369.5     8.56  38.206  -0.1161
  370.1     9.36  38.248  -0.1080
  370.3     8.62  38.288  -0.1103
  370.8     8.85  38.329  -0.1139
  371.1     8.76  38.368  -0.1166
  371.6     8.95  38.408  -0.1128
  372.0     8.80  38.449  -0.1143
  372.3     8.51  38.489  -0.1200
  372.8     8.71  38.527  -0.1211
  373.3     9.05  38.565  -0.1204
  373.7     9.12  38.604  -0.1127
  374.0     8.57  38.643  -0.1129
  374.4     8.72  38.683  -0.1129
  374.8     8.99  38.724  -0.1125
  375.4     9.33  38.763  -0.1119
  375.7     9.09  38.802  -0.1141
  375.9     8.53  38.843  -0.1175
  376.5     9.01  38.883  -0.1196
  376.9     9.05  38.921  -0.1164
  377.1     8.41  38.964  -0.1177
  377.6     8.66  39.004  -0.1216
  378.0     8.79  39.042  -0.1185
  378.5     8.93  39.083  -0.1147
  378.7     8.24  39.124  -0.1194
  379.3     8.92  39.164  -0.1231
  379.6     8.66  39.205  -0.1154
  380.1     8.84  39.244  -0.1172
  380.5     8.60  39.286  -0.1212
  381.0     8.94  39.328  -0.1175
  381.2     8.33  39.368  -0.1157
  381.7     8.75  39.410  -0.1224
  382.2     9.08  39.451  -0.1190
  382.6     8.89  39.492  -0.1153
  383.1     8.91  39.534  -0.1187
  383.4     8.48  39.574  -0.1258
  383.9     8.56  39.616  -0.1192
  384.2     8.24  39.657  -0.1194
  384.7     8.85  39.696  -0.1260
  385.1     8.86  39.738  -0.1192
  385.6     8.84  39.779  -0.1213
  385.9     8.60  39.818  -0.1256
  386.4     9.10  39.860  -0.1194
  386.7     8.59  39.899  -0.1217
  387.1     8.57  39.940  -0.1249
  387.6     8.86  39.980  -0.1189
  387.9     8.62  40.023  -0.1230
  388.4     8.91  40.064  -0.1220
  388.9     8.99  40.104  -0.1219
  389.2     8.80  40.146  -0.1265
  389.7     8.97  40.188  -0.1166
  390.0     8.88  40.230  -0.1224
  390.5     8.75  40.269  -0.1232
  390.8     8.87  40.308  -0.1173
  391.3     8.95  40.347  -0.1220
  391.6     8.83  40.384  -0.1165
  391.8     8.20  40.424  -0.1224
  392.3     8.67  40.462  -0.1235
  392.6     8.28  40.501  -0.1192
  393.2     8.84  40.541  -0.1220
  393.5     8.56  40.581  -0.1215
  393.9     8.67  40.622  -0.1164
  394.3     8.45  40.664  -0.1260
  394.8     8.98  40.701  -0.1213
  395.0     8.46  40.741  -0.1152
  395.6     8.96  40.782  -0.1189
  395.9     8.85  40.822  -0.1232
  396.2     8.68  40.861  -0.1239
  396.6     8.67  40.900  -0.1209
  397.1     8.64  40.938  -0.1241
  397.3     8.48  40.976  -0.1230
  397.8     8.58  41.016  -0.1250
  398.2     8.81  41.057  -0.1247
  398.6     9.26  41.094  -0.1206
  398.8     8.27  41.133  -0.1178
  399.3     8.70  41.172  -0.1206
  399.5     8.30  41.209  -0.1256
  400.0     8.52  41.248  -0.1269
  400.4     8.76  41.289  -0.1184
  400.8     8.71  41.329  -0.1135
  401.2     8.43  41.367  -0.1132
  401.6     8.50  41.406  -0.1181
  402.0     8.69  41.444  -0.1198
  402.5     9.10  41.484  -0.1203
  402.8     9.05  41.523  -0.1135
  403.0     8.35  41.562  -0.1113
  403.4     8.46  41.601  -0.1165
  403.9     8.55  41.642  -0.1229
  404.3     8.73  41.682  -0.1199
  404.7     8.66  41.722  -0.1257
  405.2     9.01  41.762  -0.1202
  405.5     8.72  41.801  -0.1194
  405.8     8.52  41.843  -0.1268
  406.3     8.42  41.884  -0.1302
  406.8     8.80  41.925  -0.1287
  407.1     8.59  41.968  -0.1294
  407.5     8.44  42.008  -0.1311
  407.9     8.82  42.050  -0.1259
  408.2     8.12  42.093  -0.1231
  408.7     8.37  42.136  -0.1257
  409.1     8.45  42.181  -0.1231
  409.8     8.98  42.223  -0.1220
  410.1     8.65  42.266  -0.1288
  410.5     8.64  42.309  -0.1272
  410.9     8.53  42.351  -0.1215
  411.5     8.75  42.392  -0.1238
  411.9     8.86  42.436  -0.1252
  412.2     8.41  42.477  -0.1217
  412.6     8.55  42.519  -0.1279
  413.1     8.92  42.561  -0.1236
  413.4     8.32  42.599  -0.1215
  413.9     8.52  42.640  -0.1316
  414.3     8.76  42.680  -0.1283
  414.8     8.73  42.720  -0.1274
  415.2     8.90  42.762  -0.1306
  415.5     8.54  42.803  -0.1265
  415.9     8.67  42.843  -0.1276
  416.4     8.75  42.885  -0.1228
  416.9     8.85  42.925  -0.1259
  417.2     8.68  42.966  -0.1325
  417.7     8.83  43.008  -0.1283
  418.0     8.48  43.048  -0.1333
  418.4     8.78  43.088  -0.1279
  418.9     8.84  43.128  -0.1312
  419.4     8.96  43.168  -0.1322
  419.7     8.52  43.209  -0.1300
  420.0     8.44  43.249  -0.1337
  420.7     8.96  43.289  -0.1344
  420.9     8.42  43.329  -0.1308
  421.4     8.66  43.372  -0.1349
  421.9     8.75  43.413  -0.1227
  422.3     8.95  43.453  -0.1305
  422.7     8.97  43.493  -0.1236
  423.1     8.87  43.532  -0.1270
  423.5     8.87  43.573  -0.1345
  423.9     8.63  43.613  -0.1288
  424.2     8.34  43.653  -0.1287
  424.7     8.97  43.695  -0.1319
  425.1     8.69  43.735  -0.1283
  425.7     8.96  43.776  -0.1329
  426.0     8.49  43.819  -0.1373
  426.3     8.53  43.859  -0.1282
  426.9     9.00  43.900  -0.1307
  427.2     8.63  43.939  -0.1334
  427.6     8.56  43.979  -0.1341
  428.0     8.57  44.019  -0.1250
  428.4     8.34  44.060  -0.1334
  428.8     8.36  44.099  -0.1355
  429.3     8.62  44.139  -0.1318
  429.6     8.59  44.179  -0.1273
  430.1     8.55  44.220  -0.1313
  430.6     8.84  44.261  -0.1329
  430.9     8.58  44.299  -0.1304
  431.4     8.85  44.339  -0.1273
  431.7     8.64  44.379  -0.1304
  432.1     8.39  44.419  -0.1338
  432.6     8.86  44.460  -0.1259
  433.0     8.63  44.499  -0.1234
  433.4     8.79  44.539  -0.1320
  433.8     8.68  44.580  -0.1372
  434.3     8.80  44.620  -0.1302
  434.6     8.42  44.659  -0.1380
  435.0     8.45  44.700  -0.1414
  435.6     9.30  44.741  -0.1315
  435.8     8.44  44.779  -0.1314
  436.2     8.53  44.820  -0.1418
  436.6     8.37  44.862  -0.1316
  436.9     8.17  44.902  -0.1330
  437.5     8.64  44.943  -0.1391
  437.9     8.80  44.987  -0.1346
  438.4     8.69  45.030  -0.1403
  438.9     9.05  45.072  -0.1387
  439.3     8.72  45.113  -0.1360
  439.6     8.54  45.157  -0.1403
  440.2     8.89  45.201  -0.1340
  440.5     8.33  45.243  -0.1383
  441.0     8.73  45.286  -0.1358
  441.4     8.43  45.328  -0.1326
  441.8     8.27  45.370  -0.1398
  442.3     8.89  45.414  -0.1372
  442.6     8.52  45.456  -0.1348
  443.1     8.59  45.496  -0.1398
  443.7     8.73  45.539  -0.1361
  444.0     8.54  45.581  -0.1399
  444.4     8.42  45.623  -0.1338
  444.9     8.70  45.666  -0.1418
  445.4     8.89  45.708  -0.1368
  445.7     8.42  45.748  -0.1392
  446.1     8.69  45.788  -0.1364
  446.7     8.74  45.829  -0.1402
  447.0     8.36  45.871  -0.1432
  447.3     8.03  45.912  -0.1361
  447.8     8.57  45.953  -0.1368
  448.3     8.81  45.992  -0.1382
  448.7     8.77  46.033  -0.1343
  449.0     8.41  46.074  -0.1356
  449.4     8.28  46.114  -0.1351
  449.9     8.29  46.154  -0.1318
  450.2     8.17  46.194  -0.1394
  450.7     8.38  46.236  -0.1383
  451.2     8.67  46.278  -0.1394
  451.5     8.25  46.317  -0.1443
  451.9     8.51  46.357  -0.1370
  452.2     8.11  46.397  -0.1400
  452.7     8.18  46.436  -0.1502
  453.2     8.60  46.477  -0.1426
  453.5     8.10  46.520  -0.1455
  454.1     8.86  46.563  -0.1379
  454.6     8.40  46.607  -0.1399
  454.8     8.06  46.648  -0.1447
  455.3     8.30  46.691  -0.1389
  455.8     8.42  46.733  -0.1432
  456.2     8.71  46.776  -0.1445
  456.7     8.64  46.820  -0.1395
  457.1     8.45  46.863  -0.1433
  457.5     8.31  46.905  -0.1442
  457.9     8.23  46.946  -0.1408
  458.5     8.89  46.990  -0.1451
  458.8     8.54  47.033  -0.1429
  459.2     8.41  47.077  -0.1425
  459.5     8.11  47.120  -0.1440
  460.1     8.21  47.162  -0.1339
  460.5     8.46  47.204  -0.1399
  460.8     8.17  47.246  -0.1440
  461.3     8.27  47.287  -0.1424
  461.8     8.50  47.330  -0.1501
  462.3     8.88  47.372  -0.1442
  462.5     7.93  47.416  -0.1494
  463.1     8.54  47.456  -0.1475
  463.4     8.35  47.498  -0.1406
  463.7     8.15  47.537  -0.1469
  464.3     8.68  47.578  -0.1412
  464.7     8.54  47.620  -0.1411
  465.1     8.57  47.662  -0.1421
  465.4     8.36  47.701  -0.1360
  465.8     7.99  47.744  -0.1439
  466.2     7.93  47.786  -0.1430
  466.7     8.32  47.828  -0.1401
  467.0     8.28  47.869  -0.1452
  467.4     8.42  47.909  -0.1416
  467.7     7.95  47.951  -0.1432
  468.4     8.55  47.991  -0.1442
  468.7     8.39  48.032  -0.1393
  469.0     8.03  48.077  -0.1435
  469.5     8.04  48.120  -0.1439
  469.9     8.23  48.161  -0.1415
  470.2     7.99  48.205  -0.1464
  470.6     7.80  48.248  -0.1415
  471.2     8.13  48.290  -0.1385
  471.6     8.34  48.332  -0.1450
  472.0     8.25  48.373  -0.1392
  472.4     8.20  48.416  -0.1417
  472.9     8.45  48.458  -0.1453
  473.1     7.80  48.496  -0.1418
  473.5     8.06  48.537  -0.1398
  474.1     8.62  48.579  -0.1467
  474.4     8.39  48.620  -0.1401
  474.8     8.24  48.661  -0.1455
  475.2     8.06  48.704  -0.1450
  475.5     7.79  48.744  -0.1442
  476.0     8.07  48.785  -0.1532
  476.4     8.56  48.828  -0.1490
  476.9     8.41  48.868  -0.1415
  477.1     7.75  48.910  -0.1490
  477.6     8.25  48.950  -0.1479
  478.1     8.33  48.990  -0.1421
  478.4     8.13  49.033  -0.1432
  478.8     8.08  49.074  -0.1434
  479.0     7.61  49.117  -0.1408
  479.6     7.99  49.158  -0.1384
  480.0     8.12  49.197  -0.1434
  480.4     8.18  49.240  -0.1455
  481.0     8.57  49.282  -0.1420
  481.3     8.22  49.321  -0.1380
  481.5     7.79  49.362  -0.1490
  482.0     8.03  49.402  -0.1500
  482.4     8.00  49.442  -0.1468
  482.8     8.10  49.482  -0.1397
  483.3     8.33  49.521  -0.1443
  483.5     7.79  49.562  -0.1479
  484.1     8.20  49.603  -0.1447
  484.4     8.08  49.642  -0.1412
  484.8     8.26  49.682  -0.1387
  485.2     7.88  49.722  -0.1370
  485.7     8.13  49.762  -0.1451
  486.1     8.29  49.801  -0.1447
  486.5     8.58  49.840  -0.1373
  486.9     8.28  49.880  -0.1451
  487.2     8.21  49.921  -0.1481
  487.6     8.02  49.961  -0.1433
  488.0     7.93  50.002  -0.1417
  488.5     8.09  50.044  -0.1479
  489.0     8.39  50.083  -0.1500
  489.4     8.49  50.122  -0.1417
  489.8     8.29  50.163  -0.1453
  490.2     8.25  50.205  -0.1485
  490.6     8.29  50.245  -0.1412
  491.0     8.16  50.286  -0.1431
  491.4     8.20  50.327  -0.1452
  491.8     8.32  50.366  -0.1472
  492.3     8.28  50.407  -0.1403
  492.5     7.70  50.447  -0.1472
  493.1     8.42  50.487  -0.1504
  493.4     8.17  50.526  -0.1427
  493.8     7.89  50.564  -0.1503
  494.4     8.47  50.605  -0.1537
  494.7     8.37  50.647  -0.1460
  495.3     8.30  50.689  -0.1519
  495.5     8.06  50.729  -0.1540
  496.0     8.29  50.768  -0.1445
  496.5     8.33  50.809  -0.1511
  496.8     8.21  50.848  -0.1562
  497.2     8.43  50.890  -0.1516
  497.6     7.93  50.929  -0.1483
  498.0     7.98  50.969  -0.1546
  498.6     8.62  51.011  -0.1490
  498.9     8.13  51.050  -0.1484
  499.2     8.00  51.089  -0.1516
  499.7     8.30  51.130  -0.1601
  500.0     8.13  51.170  -0.1575
  500.5     8.34  51.209  -0.1492
  500.8     7.86  51.251  -0.1548
  501.3     8.11  51.291  -0.1579
  501.8     8.52  51.330  -0.1504
  502.1     8.10  51.371  -0.1567
  502.6     8.34  51.413  -0.1599
  502.9     8.09  51.455  -0.1486
  503.3     8.04  51.497  -0.1589
  503.7     7.90  51.535  -0.1590
  504.2     8.24  51.575  -0.1523
  504.5     7.77  51.616  -0.1544
  504.9     8.07  51.657  -0.1588
  505.4     8.04  51.699  -0.1548
  505.8     8.02  51.740  -0.1604
  506.2     8.01  51.779  -0.1578
  506.6     7.96  51.820  -0.1529
  507.0     7.97  51.861  -0.1553
  507.5     8.68  51.900  -0.1536
  507.9     8.16  51.942  -0.1510
  508.3     8.07  51.981  -0.1557
  508.6     8.01  52.020  -0.1539
  509.0     7.89  52.061  -0.1507
  509.4     7.88  52.101  -0.1591
  509.8     7.93  52.140  -0.1616
  510.3     7.90  52.181  -0.1512
  510.6     8.01  52.221  -0.1518
  511.1     8.09  52.262  -0.1593
  511.4     7.78  52.306  -0.1530
  512.0     8.43  52.346  -0.1491
  512.4     8.13  52.384  -0.1525
  512.7     7.87  52.424  -0.1589
  513.1     8.18  52.464  -0.1534
  513.5     7.65  52.504  -0.1501
  513.9     7.99  52.546  -0.1548
  514.3     7.89  52.586  -0.1585
  514.8     7.96  52.626  -0.1495
  515.1     7.72  52.667  -0.1521
  515.4     7.40  52.707  -0.1555
  515.9     8.00  52.745  -0.1578
  516.4     8.14  52.783  -0.1519
  516.8     8.04  52.823  -0.1523
  517.2     7.97  52.861  -0.1594
  517.6     8.08  52.901  -0.1605
  517.9     8.03  52.941  -0.1505
  518.4     8.19  52.982  -0.1491
  518.6     7.60  53.021  -0.1540
  519.1     7.95  53.062  -0.1574
  519.5     8.02  53.100  -0.1500
  519.8     7.94  53.139  -0.1520
  520.3     7.92  53.180  -0.1580
  520.6     7.88  53.220  -0.1556
  521.1     8.11  53.261  -0.1492
  521.6     7.95  53.303  -0.1529
  522.0     8.15  53.344  -0.1543
  522.4     7.96  53.382  -0.1515
  522.7     7.65  53.422  -0.1435
  523.1     7.91  53.462  -0.1520
  523.7     8.27  53.502  -0.1585
  523.9     7.97  53.541  -0.1501
  524.3     7.96  53.581  -0.1459
  524.8     8.17  53.619  -0.1500
  525.2     7.82  53.660  -0.1572
  525.6     8.25  53.700  -0.1460
  526.0     7.97  53.738  -0.1495
  526.4     7.91  53.778  -0.1578
  526.8     8.02  53.818  -0.1584
  527.2     8.00  53.857  -0.1541
  527.6     8.22  53.894  -0.1519
  527.9     7.73  53.932  -0.1578
  528.2     7.75  53.971  -0.1599
  528.7     7.95  54.011  -0.1552
  529.2     8.13  54.050  -0.1504
  529.5     8.27  54.089  -0.1598
  530.0     8.25  54.132  -0.1638
  530.3     7.97  54.172  -0.1562
  530.7     7.84  54.212  -0.1590
  531.2     8.09  54.254  -0.1641
  531.7     8.40  54.294  -0.1620
  532.0     8.17  54.336  -0.1633
  532.4     8.00  54.378  -0.1676
  532.8     7.97  54.419  -0.1643
  533.3     7.92  54.462  -0.1582
  533.6     7.70  54.506  -0.1666
  534.3     8.48  54.550  -0.1607
  534.6     8.10  54.594  -0.1558
  535.0     8.11  54.636  -0.1610
  535.3     7.72  54.678  -0.1637
  535.8     7.76  54.721  -0.1603
  536.2     7.82  54.762  -0.1562
  536.6     7.77  54.804  -0.1601
  537.0     7.84  54.848  -0.1582
  537.5     7.80  54.888  -0.1511
  538.0     8.29  54.930  -0.1594
  538.4     7.93  54.973  -0.1550
  538.5     7.53  55.013  -0.1544
  539.0     7.54  55.056  -0.1664
  539.4     7.67  55.097  -0.1582
  539.9     7.68  55.139  -0.1569
  540.4     8.07  55.180  -0.1560
  540.7     7.76  55.222  -0.1616
  541.3     8.16  55.265  -0.1636
  541.6     7.66  55.307  -0.1623
  542.1     7.99  55.348  -0.1601
  542.5     7.63  55.390  -0.1610
  543.0     8.43  55.432  -0.1562
  543.4     7.87  55.474  -0.1612
  543.7     7.63  55.517  -0.1645
  544.1     7.75  55.558  -0.1625
  544.5     7.74  55.599  -0.1650
  545.0     7.92  55.640  -0.1593
  545.4     8.15  55.682  -0.1643
  545.7     7.70  55.722  -0.1618
  546.0     7.53  55.763  -0.1642
  546.6     8.05  55.803  -0.1607
  547.1     8.13  55.845  -0.1600
  547.3     7.93  55.886  -0.1642
  547.7     7.73  55.926  -0.1587
  548.1     7.54  55.967  -0.1658
  548.6     7.83  56.008  -0.1568
  549.0     7.75  56.047  -0.1601
  549.4     8.33  56.088  -0.1627
  549.8     7.87  56.129  -0.1553
  550.1     7.70  56.168  -0.1611
  550.6     7.95  56.208  -0.1598
  550.9     7.52  56.248  -0.1626
  551.3     7.68  56.288  -0.1576
  551.7     7.73  56.331  -0.1590
  552.2     8.21  56.371  -0.1648
  552.6     8.00  56.411  -0.1506
  552.9     7.67  56.451  -0.1614
  553.3     7.93  56.491  -0.1576
  553.8     7.89  56.533  -0.1585
  554.3     8.29  56.572  -0.1624
  554.6     7.90  56.612  -0.1547
  554.9     7.84  56.652  -0.1592
  555.4     8.17  56.692  -0.1574
  555.7     7.73  56.733  -0.1540
  556.1     7.88  56.772  -0.1659
  556.4     7.47  56.813  -0.1547
  557.0     7.81  56.853  -0.1546
  557.3     7.65  56.892  -0.1606
  557.8     8.03  56.932  -0.1549
  558.1     7.40  56.973  -0.1571
  558.5     7.73  57.011  -0.1634
  558.8     7.72  57.049  -0.1607
  559.2     7.77  57.089  -0.1586
  559.6     7.65  57.129  -0.1650
  560.1     7.62  57.170  -0.1576
  560.3     7.31  57.210  -0.1570
  560.9     7.85  57.250  -0.1676
  561.1     7.56  57.291  -0.1624
  561.7     7.68  57.330  -0.1592
  562.0     7.50  57.371  -0.1666
  562.5     7.85  57.413  -0.1653
  562.8     7.60  57.454  -0.1575
  563.2     7.68  57.494  -0.1588
  563.7     7.61  57.534  -0.1657
  564.0     7.48  57.575  -0.1603
  564.5     7.71  57.618  -0.1600
  564.9     7.61  57.660  -0.1612
  565.2     7.44  57.703  -0.1652
  565.7     7.48  57.745  -0.1587
  566.2     7.61  57.788  -0.1629
  566.6     7.63  57.831  -0.1663
  567.1     7.52  57.873  -0.1566
  567.5     7.81  57.917  -0.1601
  567.8     7.72  57.960  -0.1665
  568.4     7.77  58.001  -0.1692
  568.6     7.20  58.046  -0.1628
  569.2     7.54  58.090  -0.1694
  569.7     7.77  58.132  -0.1673
  570.1     7.63  58.177  -0.1603
  570.3     7.10  58.218  -0.1651
  570.9     7.50  58.258  -0.1705
  571.3     7.77  58.300  -0.1665
  571.7     7.84  58.342  -0.1612
  572.0     7.33  58.383  -0.1609
  572.4     7.17  58.426  -0.1668
  572.8     7.36  58.465  -0.1683
  573.3     7.50  58.504  -0.1555
  573.6     7.38  58.545  -0.1611
  574.0     7.30  58.586  -0.1664
  574.4     7.35  58.626  -0.1643
  575.0     7.95  58.668  -0.1600
  575.2     7.26  58.709  -0.1625
  575.8     7.62  58.749  -0.1665
  576.1     7.39  58.792  -0.1700
  576.5     7.45  58.832  -0.1663
  576.9     7.44  58.875  -0.1672
  577.2     7.23  58.917  -0.1732
  577.7     7.83  58.958  -0.1728
  578.1     7.52  58.999  -0.1679
  578.5     7.48  59.042  -0.1648
  578.8     7.20  59.084  -0.1741
  579.4     7.53  59.127  -0.1735
  579.9     7.87  59.167  -0.1653
  580.3     7.73  59.211  -0.1687
  580.6     7.33  59.254  -0.1761
  581.0     7.37  59.296  -0.1731
  581.3     7.14  59.339  -0.1742
  581.8     7.03  59.382  -0.1750
  582.4     7.97  59.425  -0.1725
  582.7     7.54  59.470  -0.1677
  583.1     7.39  59.512  -0.1683
  583.5     7.48  59.553  -0.1705
  584.0     7.48  59.598  -0.1630
  584.3     7.03  59.641  -0.1639
  584.7     7.29  59.684  -0.1723
  585.2     7.68  59.727  -0.1697
  585.7     7.50  59.769  -0.1652
  586.0     7.25  59.812  -0.1628
  586.4     7.62  59.853  -0.1649
  587.0     7.79  59.895  -0.1632
  587.3     7.27  59.937  -0.1635
  587.7     7.43  59.981  -0.1673
  588.2     7.71  60.023  -0.1654
  588.4     7.08  60.063  -0.1572
  588.8     6.96  60.104  -0.1584
  589.3     7.41  60.147  -0.1645
  589.7     7.58  60.189  -0.1666
  590.2     7.49  60.231  -0.1617
  590.6     7.67  60.270  -0.1585
  590.9     7.27  60.312  -0.1647
  591.2     7.23  60.354  -0.1701
  591.7     7.41  60.397  -0.1548
  592.1     7.46  60.436  -0.1576
  592.5     7.56  60.479  -0.1659
  592.9     7.42  60.522  -0.1635
  593.4     7.50  60.564  -0.1570
  593.7     7.12  60.607  -0.1627
  594.1     7.21  60.649  -0.1615
  594.6     7.57  60.689  -0.1590
  594.9     7.36  60.732  -0.1586
  595.3     7.36  60.773  -0.1639
  595.7     7.22  60.814  -0.1610
  596.0     7.05  60.857  -0.1590
  596.6     7.20  60.899  -0.1596
  597.0     7.25  60.944  -0.1602
  597.4     7.24  60.987  -0.1586
  597.8     7.21  61.028  -0.1563
  598.1     7.02  61.071  -0.1614
  598.7     7.73  61.111  -0.1594
  599.1     7.33  61.150  -0.1624
  599.4     7.11  61.192  -0.1642
  599.8     7.05  61.234  -0.1687
  600.2     7.04  61.274  -0.1635
