   15.5     2.52   0.042   0.0009
   15.6     2.94   0.082  -0.0048
   15.3     2.21   0.121   0.0005
   15.5     2.42   0.161  -0.0017
   15.4     2.18   0.202   0.0000
   15.6     2.66   0.242  -0.0019
   15.5     2.00   0.284  -0.0047
   15.6     2.32   0.326  -0.0013
   15.5     2.35   0.368  -0.0038
   15.5     2.21   0.411  -0.0066
   15.6     2.38   0.455  -0.0039
   15.5     2.23   0.497  -0.0024
   15.5     2.13   0.540   0.0031
   15.6     2.22   0.584  -0.0003
   15.6     1.98   0.627  -0.0012
   15.7     2.45   0.670  -0.0071
   15.6     1.94   0.712  -0.0010
   15.7     2.47   0.756  -0.0001
   15.7     2.13   0.797   0.0010
   15.6     1.89   0.839  -0.0039
   15.6     1.92   0.879  -0.0026
   15.8     2.38   0.919   0.0014
   15.8     2.11   0.961   0.0020
   15.9     2.35   0.999  -0.0013
   15.9     2.11   1.040  -0.0006
   15.9     2.25   1.081   0.0021
   16.0     2.31   1.121   0.0014
   15.9     2.17   1.160  -0.0010
   15.9     2.27   1.202  -0.0037
   16.0     2.56   1.244  -0.0013
   15.9     2.13   1.285  -0.0020
   16.1     2.34   1.324  -0.0004
   16.1     2.31   1.365   0.0009
   16.1     1.98   1.407   0.0027
   16.1     1.99   1.449   0.0034
   16.1     1.89   1.491   0.0003
   16.2     2.04   1.534   0.0054
   16.2     1.98   1.574   0.0013
   16.3     2.15   1.616  -0.0017
   16.2     1.99   1.660   0.0070
   16.3     2.11   1.702   0.0010
   16.5     2.37   1.743  -0.0008
   16.6     2.74   1.787  -0.0017
   16.5     1.89   1.829  -0.0003
   16.5     2.16   1.871  -0.0028
   16.6     2.18   1.913  -0.0030
   16.7     2.29   1.954  -0.0031
   16.7     2.02   1.996  -0.0037
   16.7     1.85   2.037  -0.0068
   16.9     2.27   2.077  -0.0088
   17.1     2.63   2.119  -0.0032
   17.0     2.08   2.160  -0.0034
   17.3     3.04   2.201  -0.0018
   17.2     2.16   2.243  -0.0031
   17.2     2.18   2.286  -0.0056
   17.4     2.68   2.327  -0.0106
   17.4     2.47   2.369  -0.0085
   17.5     2.30   2.410  -0.0055
   17.6     2.38   2.452  -0.0067
   17.8     2.29   2.494  -0.0038
   17.8     2.17   2.534  -0.0089
   18.2     2.93   2.574  -0.0062
   18.3     2.80   2.616  -0.0051
   18.3     2.28   2.654  -0.0150
   18.4     2.65   2.693  -0.0152
   18.5     2.66   2.732  -0.0111
   18.6     2.69   2.771  -0.0162
   18.7     2.71   2.812  -0.0142
   18.8     2.49   2.855  -0.0153
   19.1     2.74   2.894  -0.0155
   19.1     2.55   2.936  -0.0145
   19.3     2.59   2.978  -0.0168
   19.5     2.94   3.018  -0.0160
   19.5     2.38   3.060  -0.0125
   19.7     2.43   3.099  -0.0160
   19.8     2.72   3.140  -0.0210
   20.1     2.73   3.181  -0.0134
   20.3     2.91   3.222  -0.0171
   20.4     2.43   3.264  -0.0193
   20.6     2.95   3.308  -0.0148
   20.7     2.46   3.350  -0.0179
   21.0     2.96   3.391  -0.0207
   21.1     2.42   3.434  -0.0136
   21.4     2.90   3.474  -0.0148
   21.6     2.86   3.516  -0.0090
   21.7     2.51   3.558  -0.0096
   22.0     2.67   3.599  -0.0126
   22.2     3.10   3.640  -0.0116
   22.5     2.72   3.679  -0.0142
   22.7     2.77   3.719  -0.0147
   22.9     2.75   3.761  -0.0157
   23.0     2.57   3.801  -0.0175
   23.4     3.07   3.843  -0.0142
   23.7     3.09   3.885  -0.0147
   23.9     2.93   3.928  -0.0114
   24.3     3.14   3.971  -0.0139
   24.4     3.04   4.014  -0.0129
   24.8     3.26   4.056  -0.0112
   24.8     2.83   4.099  -0.0130
   25.3     3.31   4.143  -0.0121
   25.5     3.07   4.187  -0.0175
   25.7     2.93   4.232  -0.0145
   26.0     2.83   4.275  -0.0171
   26.4     3.25   4.318  -0.0173
   26.6     3.29   4.360  -0.0129
   26.9     2.98   4.403  -0.0131
   27.1     3.07   4.444  -0.0179
   27.5     3.54   4.486  -0.0153
   27.8     3.16   4.527  -0.0177
   27.9     2.70   4.568  -0.0191
   28.3     3.20   4.610  -0.0137
   28.6     2.86   4.651  -0.0089
   28.9     3.12   4.693  -0.0133
   29.2     2.95   4.733  -0.0088
   29.5     3.17   4.773  -0.0109
   29.7     2.60   4.814  -0.0086
   30.1     3.07   4.853  -0.0123
   30.4     3.16   4.895  -0.0146
   30.8     3.07   4.937  -0.0121
   31.1     3.06   4.978  -0.0181
   31.6     3.84   5.017  -0.0197
   31.8     3.56   5.060  -0.0158
   32.0     3.35   5.100  -0.0202
   32.4     3.14   5.139  -0.0188
   32.7     3.29   5.180  -0.0218
   33.0     3.29   5.221  -0.0184
   33.4     3.51   5.264  -0.0235
   33.6     2.92   5.304  -0.0184
   34.2     3.51   5.345  -0.0233
   34.4     3.23   5.388  -0.0175
   34.7     3.18   5.429  -0.0235
   35.1     3.21   5.473  -0.0165
   35.6     3.51   5.515  -0.0233
   35.7     3.12   5.556  -0.0250
   36.1     3.23   5.598  -0.0214
   36.4     3.25   5.640  -0.0302
   37.0     3.81   5.680  -0.0268
   37.2     3.29   5.722  -0.0259
   37.5     3.35   5.763  -0.0279
   37.9     3.25   5.804  -0.0256
   38.3     3.24   5.847  -0.0309
   38.8     3.83   5.888  -0.0285
   39.2     3.60   5.929  -0.0256
   39.3     2.95   5.971  -0.0306
   39.9     3.76   6.012  -0.0230
   40.2     3.22   6.056  -0.0230
   40.5     3.36   6.097  -0.0204
   41.0     3.33   6.140  -0.0172
   41.4     3.17   6.183  -0.0168
   41.6     3.11   6.224  -0.0177
   42.0     3.22   6.265  -0.0238
   42.6     3.46   6.307  -0.0239
   42.9     3.65   6.347  -0.0240
   43.3     3.39   6.387  -0.0266
   43.7     3.51   6.426  -0.0245
   43.9     3.54   6.467  -0.0254
   44.4     3.63   6.509  -0.0240
   44.7     3.44   6.550  -0.0237
   45.2     3.65   6.589  -0.0239
   45.6     3.81   6.630  -0.0244
   45.9     3.31   6.672  -0.0270
   46.4     3.98   6.713  -0.0277
   46.6     3.37   6.755  -0.0212
   47.1     3.61   6.798  -0.0273
   47.5     3.55   6.839  -0.0254
   47.8     3.37   6.879  -0.0290
   48.4     3.98   6.921  -0.0331
   48.6     3.44   6.964  -0.0319
   49.1     3.93   7.007  -0.0308
   49.4     3.46   7.049  -0.0311
   50.0     3.76   7.090  -0.0313
   50.4     3.94   7.132  -0.0340
   50.7     3.57   7.172  -0.0310
   51.0     3.44   7.211  -0.0295
   51.4     3.74   7.253  -0.0326
   51.9     3.86   7.294  -0.0323
   52.2     3.30   7.335  -0.0338
   52.6     3.61   7.375  -0.0352
   53.0     3.51   7.416  -0.0324
   53.4     3.50   7.456  -0.0338
   53.9     3.96   7.498  -0.0401
   54.3     3.68   7.540  -0.0339
   54.6     3.55   7.580  -0.0348
   55.1     3.91   7.622  -0.0302
   55.3     3.24   7.663  -0.0276
   55.9     4.02   7.705  -0.0366
   56.2     3.61   7.748  -0.0335
   56.8     3.80   7.790  -0.0312
   57.1     3.59   7.833  -0.0314
   57.7     4.10   7.877  -0.0298
   58.0     3.72   7.920  -0.0356
   58.4     3.74   7.964  -0.0340
   58.8     3.85   8.009  -0.0297
   59.2     3.47   8.051  -0.0311
   59.7     4.21   8.093  -0.0279
   60.2     4.26   8.136  -0.0292
   60.4     3.58   8.179  -0.0310
   60.9     3.89   8.218  -0.0295
   61.2     3.39   8.259  -0.0330
   61.8     4.36   8.302  -0.0300
   62.2     3.93   8.341  -0.0332
   62.4     3.56   8.380  -0.0362
   62.9     3.68   8.421  -0.0345
   63.3     3.90   8.462  -0.0372
   63.8     4.10   8.501  -0.0383
   64.1     3.86   8.541  -0.0432
   64.6     3.98   8.582  -0.0399
   65.0     3.81   8.622  -0.0370
   65.3     3.78   8.663  -0.0396
   65.8     3.84   8.703  -0.0354
   66.1     3.75   8.745  -0.0398
   66.6     4.24   8.784  -0.0402
   67.1     3.85   8.825  -0.0446
   67.3     3.64   8.865  -0.0363
   67.6     3.48   8.905  -0.0422
   68.2     3.61   8.946  -0.0395
   68.6     3.90   8.989  -0.0405
   69.1     4.25   9.030  -0.0423
   69.4     3.69   9.073  -0.0391
   69.8     3.55   9.116  -0.0431
   70.3     4.06   9.156  -0.0386
   70.5     3.33   9.197  -0.0399
   71.1     4.00   9.237  -0.0443
   71.4     3.89   9.276  -0.0401
   71.8     3.71   9.317  -0.0401
   72.4     4.25   9.359  -0.0400
   72.8     4.00   9.399  -0.0390
   73.1     3.97   9.440  -0.0389
   73.5     4.07   9.480  -0.0346
   73.9     3.80   9.522  -0.0411
   74.3     3.74   9.563  -0.0386
   74.8     3.89   9.603  -0.0362
   75.1     3.81   9.643  -0.0386
   75.6     4.05   9.685  -0.0357
   76.2     4.11   9.726  -0.0389
   76.4     3.50   9.769  -0.0370
   76.8     3.67   9.811  -0.0389
   77.3     4.04   9.854  -0.0386
   77.6     3.61   9.896  -0.0385
   78.1     3.86   9.937  -0.0403
   78.5     3.85   9.978  -0.0392
   79.0     3.86  10.019  -0.0419
   79.3     3.61  10.059  -0.0401
   79.7     4.02  10.099  -0.0381
   80.0     3.52  10.142  -0.0399
   80.6     3.83  10.182  -0.0324
   81.0     3.76  10.223  -0.0389
   81.4     3.74  10.264  -0.0379
   81.8     3.82  10.304  -0.0367
   82.3     4.11  10.346  -0.0407
   82.7     4.20  10.388  -0.0429
   83.2     4.31  10.428  -0.0407
   83.4     3.65  10.468  -0.0364
   83.8     3.50  10.508  -0.0445
   84.2     3.79  10.549  -0.0456
   84.7     4.08  10.592  -0.0412
   85.0     3.54  10.634  -0.0439
   85.6     3.84  10.675  -0.0451
   86.1     4.14  10.718  -0.0420
   86.4     3.67  10.760  -0.0381
   86.7     3.66  10.802  -0.0433
   87.1     3.73  10.844  -0.0404
   87.6     3.81  10.884  -0.0352
   87.9     3.53  10.924  -0.0338
   88.4     3.82  10.965  -0.0409
   88.8     3.76  11.006  -0.0378
   89.3     3.79  11.049  -0.0355
   89.6     3.62  11.089  -0.0417
   90.1     3.91  11.131  -0.0381
   90.5     3.93  11.172  -0.0351
   90.9     3.65  11.214  -0.0397
   91.5     3.87  11.256  -0.0442
   91.7     3.54  11.297  -0.0362
   92.2     3.88  11.339  -0.0394
   92.6     3.85  11.383  -0.0386
   92.9     3.39  11.426  -0.0387
   93.5     3.74  11.469  -0.0455
   93.8     3.52  11.512  -0.0416
   94.2     3.17  11.554  -0.0444
   94.8     3.68  11.598  -0.0477
   95.2     3.76  11.642  -0.0417
   95.7     3.80  11.686  -0.0413
   96.1     3.54  11.730  -0.0480
   96.5     3.53  11.774  -0.0418
   97.0     3.67  11.815  -0.0460
   97.3     3.36  11.858  -0.0481
   97.8     3.65  11.898  -0.0438
   98.1     3.47  11.939  -0.0488
   98.6     3.52  11.981  -0.0475
   99.0     3.52  12.022  -0.0446
   99.2     2.97  12.063  -0.0449
   99.8     3.64  12.106  -0.0352
  100.2     3.45  12.146  -0.0464
  100.7     3.84  12.187  -0.0431
  101.1     3.68  12.228  -0.0485
  101.4     3.81  12.270  -0.0518
  101.8     3.27  12.311  -0.0486
  102.4     3.89  12.349  -0.0514
  102.6     3.14  12.390  -0.0489
  103.0     3.33  12.430  -0.0497
  103.5     3.61  12.471  -0.0504
  103.9     3.23  12.510  -0.0489
  104.3     3.49  12.552  -0.0505
  104.8     3.51  12.591  -0.0455
  105.0     3.27  12.631  -0.0569
  105.5     3.26  12.671  -0.0532
  105.8     3.24  12.713  -0.0578
  106.3     3.53  12.755  -0.0570
  106.7     3.33  12.797  -0.0585
  107.1     3.55  12.839  -0.0533
  107.5     3.21  12.882  -0.0563
  107.7     2.86  12.925  -0.0525
  108.3     3.05  12.965  -0.0587
  108.6     2.61  13.008  -0.0538
  109.1     2.90  13.049  -0.0538
  109.4     2.84  13.090  -0.0548
  109.9     2.98  13.130  -0.0548
  110.2     2.99  13.173  -0.0548
  110.8     3.19  13.212  -0.0569
  111.2     3.01  13.255  -0.0583
  111.6     3.19  13.297  -0.0642
  111.9     2.73  13.340  -0.0618
  112.4     2.95  13.382  -0.0621
  112.8     3.00  13.422  -0.0666
  113.3     2.89  13.464  -0.0660
  113.5     2.79  13.505  -0.0640
  114.0     2.55  13.546  -0.0644
  114.5     2.62  13.587  -0.0673
  114.9     2.81  13.629  -0.0615
  115.2     2.66  13.668  -0.0633
  115.6     2.47  13.709  -0.0617
  116.1     3.00  13.747  -0.0671
  116.4     2.60  13.787  -0.0662
  116.8     2.56  13.830  -0.0654
  117.1     2.38  13.872  -0.0633
  117.7     2.59  13.914  -0.0579
  118.1     2.48  13.955  -0.0623
  118.4     2.69  13.995  -0.0606
  118.8     2.20  14.035  -0.0674
  119.3     2.69  14.075  -0.0644
  119.5     1.93  14.116  -0.0625
  119.9     2.21  14.157  -0.0677
  120.5     2.37  14.200  -0.0688
  120.8     2.14  14.242  -0.0699
  121.4     2.46  14.284  -0.0628
  121.7     2.28  14.328  -0.0667
  122.1     2.26  14.369  -0.0657
  122.5     1.86  14.413  -0.0690
  123.0     2.10  14.454  -0.0644
  123.3     1.91  14.493  -0.0622
  123.8     2.22  14.534  -0.0659
  124.2     2.27  14.575  -0.0626
  124.5     1.89  14.615  -0.0695
  124.9     2.05  14.653  -0.0636
  125.3     1.71  14.695  -0.0703
  125.7     1.93  14.736  -0.0702
  126.2     1.66  14.777  -0.0766
  126.4     1.49  14.818  -0.0701
  126.9     1.64  14.859  -0.0683
  127.3     1.59  14.900  -0.0666
  127.7     1.62  14.940  -0.0650
  128.1     1.29  14.982  -0.0666
  128.7     2.05  15.023  -0.0698
  128.9     1.60  15.066  -0.0747
  129.4     1.52  15.107  -0.0682
  129.7     1.25  15.152  -0.0734
  130.2     1.49  15.193  -0.0710
  130.6     1.78  15.238  -0.0749
  131.2     1.73  15.281  -0.0667
  131.6     1.65  15.324  -0.0673
  131.9     1.35  15.369  -0.0676
  132.5     1.56  15.412  -0.0729
  132.7     0.84  15.454  -0.0741
  133.3     1.27  15.496  -0.0762
  133.6     1.29  15.535  -0.0738
  133.9     1.01  15.578  -0.0770
  134.4     1.37  15.619  -0.0696
  134.9     1.33  15.660  -0.0772
  135.3     1.37  15.701  -0.0731
  135.5     0.67  15.741  -0.0764
  136.0     1.00  15.783  -0.0725
  136.5     1.13  15.825  -0.0782
  136.9     1.18  15.866  -0.0774
  137.3     1.21  15.907  -0.0771
  137.9     1.84  15.948  -0.0745
  138.1     1.13  15.990  -0.0759
  138.6     1.27  16.030  -0.0709
  139.1     1.17  16.073  -0.0759
  139.4     1.30  16.115  -0.0713
  139.8     1.07  16.155  -0.0729
  140.2     1.01  16.194  -0.0742
  140.7     1.06  16.234  -0.0739
  141.1     1.21  16.275  -0.0793
  141.4     1.15  16.315  -0.0758
  141.9     1.05  16.355  -0.0786
  142.3     1.37  16.396  -0.0779
  142.6     0.87  16.436  -0.0820
  143.0     1.23  16.476  -0.0778
  143.3     0.89  16.518  -0.0816
  144.0     1.54  16.561  -0.0754
  144.3     0.89  16.603  -0.0798
  144.5     0.39  16.644  -0.0756
  145.0     0.77  16.684  -0.0819
  145.5     0.80  16.727  -0.0786
  145.9     0.84  16.767  -0.0779
  146.3     0.86  16.807  -0.0766
  146.9     1.07  16.851  -0.0834
  147.1     0.40  16.893  -0.0815
  147.7     0.92  16.936  -0.0794
  148.0     0.66  16.977  -0.0790
  148.5     0.61  17.016  -0.0845
  148.8     0.57  17.059  -0.0814
  149.4     1.20  17.101  -0.0792
  149.9     1.37  17.141  -0.0772
  150.0     0.51  17.181  -0.0830
  150.7     1.33  17.222  -0.0751
  151.0     1.14  17.262  -0.0772
  151.5     0.87  17.305  -0.0748
  151.9     0.98  17.344  -0.0808
  152.4     0.85  17.383  -0.0780
  152.7     1.00  17.423  -0.0792
  153.2     1.25  17.464  -0.0819
  153.6     1.14  17.502  -0.0812
  153.9     0.91  17.542  -0.0879
  154.3     1.05  17.583  -0.0841
  154.8     1.15  17.623  -0.0870
  155.1     0.50  17.665  -0.0870
  155.7     1.59  17.707  -0.0932
  156.1     1.11  17.748  -0.0857
  156.6     1.47  17.788  -0.0910
  156.9     1.11  17.828  -0.0823
  157.3     1.28  17.870  -0.0886
  157.8     1.23  17.912  -0.0872
  158.2     1.12  17.952  -0.0914
  158.6     0.94  17.994  -0.0838
  159.0     1.02  18.036  -0.0863
  159.6     1.36  18.077  -0.0782
  160.0     1.23  18.122  -0.0832
  160.4     1.36  18.164  -0.0786
  160.8     1.27  18.206  -0.0799
  161.3     1.35  18.249  -0.0772
  161.8     1.50  18.291  -0.0729
  161.9     0.88  18.332  -0.0758
  162.5     0.69  18.372  -0.0760
  162.9     1.35  18.411  -0.0797
  163.2     1.06  18.453  -0.0830
  163.9     1.41  18.494  -0.0831
  164.3     1.70  18.536  -0.0831
  164.7     1.30  18.578  -0.0783
  165.1     1.23  18.621  -0.0825
  165.6     1.51  18.662  -0.0796
  166.0     1.70  18.706  -0.0830
  166.4     1.51  18.748  -0.0822
  167.0     1.75  18.791  -0.0864
  167.5     1.98  18.835  -0.0843
  167.9     1.88  18.875  -0.0855
  168.2     1.61  18.918  -0.0857
  168.7     1.64  18.962  -0.0862
  169.3     2.53  19.006  -0.0858
  169.6     1.63  19.051  -0.0862
  170.1     1.87  19.094  -0.0863
  170.6     2.08  19.137  -0.0853
  171.1     2.28  19.179  -0.0873
  171.4     2.03  19.219  -0.0822
  171.8     1.93  19.261  -0.0894
  172.4     2.64  19.304  -0.0904
  172.6     1.63  19.344  -0.0903
  173.1     2.13  19.386  -0.0941
  173.7     2.42  19.428  -0.0811
  174.0     2.18  19.469  -0.0923
  174.4     1.89  19.509  -0.0814
  174.9     2.13  19.550  -0.0866
  175.2     2.15  19.592  -0.0900
  175.8     2.61  19.631  -0.0844
  176.2     2.29  19.674  -0.0920
  176.5     2.34  19.715  -0.0941
  177.1     2.55  19.756  -0.0947
  177.5     2.84  19.796  -0.0969
  177.9     2.78  19.837  -0.0961
  178.2     2.32  19.878  -0.0962
  178.8     2.76  19.918  -0.0920
  179.2     2.66  19.960  -0.0933
  179.6     2.81  20.001  -0.0926
  180.0     2.57  20.043  -0.0848
  180.5     2.86  20.085  -0.0852
  180.9     2.75  20.128  -0.0821
  181.4     3.06  20.171  -0.0842
  181.7     2.61  20.213  -0.0873
  182.3     3.12  20.253  -0.0877
  182.6     2.55  20.293  -0.0937
  183.1     2.97  20.334  -0.0946
  183.4     2.60  20.376  -0.0942
  183.8     2.67  20.419  -0.0911
  184.4     2.91  20.463  -0.0904
  184.8     2.81  20.505  -0.0977
  185.3     3.30  20.546  -0.1002
  185.8     3.18  20.590  -0.0949
  186.1     2.95  20.632  -0.1027
  186.5     3.06  20.674  -0.1014
  187.0     2.96  20.717  -0.1030
  187.5     3.46  20.759  -0.1028
  187.8     3.11  20.803  -0.0975
  188.4     3.45  20.844  -0.0964
  188.8     3.61  20.887  -0.1005
  189.3     3.51  20.931  -0.0920
  189.7     3.50  20.972  -0.0948
  190.0     3.29  21.014  -0.0971
  190.5     3.51  21.053  -0.0945
  191.0     3.64  21.092  -0.0944
  191.4     3.76  21.131  -0.0975
  191.8     3.55  21.174  -0.0924
  192.2     3.60  21.216  -0.1021
  192.5     3.50  21.257  -0.0999
  192.9     3.50  21.299  -0.0981
  193.5     3.79  21.340  -0.1030
  194.1     4.46  21.382  -0.1011
  194.3     3.51  21.423  -0.1089
  194.8     4.04  21.466  -0.1104
  195.2     4.04  21.507  -0.1039
  195.8     4.07  21.547  -0.1080
  196.2     4.61  21.588  -0.1037
  196.7     4.36  21.632  -0.1039
  197.2     4.64  21.673  -0.1021
  197.5     4.05  21.716  -0.0999
  197.8     3.66  21.758  -0.1007
  198.3     4.20  21.801  -0.0939
  198.7     4.32  21.846  -0.0984
  199.3     4.69  21.886  -0.0941
  199.6     4.21  21.927  -0.0939
  200.1     4.47  21.969  -0.0971
  200.6     4.73  22.010  -0.0945
  201.0     4.33  22.050  -0.1075
  201.4     4.82  22.091  -0.1039
  201.7     3.99  22.132  -0.0985
  202.3     4.60  22.174  -0.0992
  202.7     4.55  22.215  -0.0971
  203.1     4.41  22.255  -0.0998
  203.6     4.59  22.296  -0.0944
  204.1     4.82  22.338  -0.0995
  204.4     4.59  22.378  -0.0960
  204.9     4.83  22.421  -0.0974
  205.4     4.93  22.463  -0.0958
  205.8     4.64  22.506  -0.0946
  206.3     4.98  22.550  -0.1021
  206.8     5.09  22.592  -0.0949
  207.1     4.70  22.636  -0.1050
  207.7     5.48  22.679  -0.0972
  208.1     4.97  22.722  -0.1001
  208.4     4.84  22.766  -0.1013
  208.9     5.20  22.808  -0.1004
  209.3     5.02  22.850  -0.1038
  209.8     5.27  22.892  -0.0998
  210.2     4.88  22.933  -0.1023
  210.6     5.04  22.974  -0.1056
  211.1     5.31  23.017  -0.1044
  211.6     5.68  23.056  -0.1066
  212.0     5.50  23.097  -0.1064
  212.5     5.41  23.138  -0.1089
  212.9     5.80  23.178  -0.1078
  213.3     5.62  23.218  -0.1005
  213.7     5.15  23.260  -0.1035
  214.1     5.45  23.300  -0.1052
  214.4     5.34  23.341  -0.1067
  215.0     5.81  23.383  -0.1093
  215.4     5.39  23.424  -0.1014
  215.7     5.21  23.466  -0.1076
  216.2     5.33  23.508  -0.1076
  216.7     5.64  23.549  -0.1037
  217.2     5.80  23.592  -0.1088
  217.5     5.68  23.635  -0.1020
  218.0     5.56  23.676  -0.1001
  218.5     5.92  23.720  -0.1026
  218.9     5.77  23.761  -0.1016
  219.3     5.63  23.804  -0.1042
  219.8     5.92  23.847  -0.1057
  220.4     6.29  23.889  -0.0994
  220.8     6.42  23.932  -0.1058
  221.2     5.86  23.974  -0.0978
  221.7     6.13  24.016  -0.1077
  222.1     5.93  24.059  -0.1049
  222.5     5.93  24.100  -0.1042
  222.8     5.61  24.141  -0.1100
  223.4     6.20  24.184  -0.1020
  223.6     5.73  24.224  -0.1025
  224.2     5.95  24.269  -0.1107
  224.8     6.61  24.312  -0.1035
  225.0     5.72  24.355  -0.1064
  225.5     6.20  24.399  -0.1086
  226.0     6.00  24.440  -0.1101
  226.5     6.27  24.484  -0.1032
  226.8     5.64  24.527  -0.1114
  227.4     6.35  24.570  -0.1110
  227.9     6.56  24.612  -0.1081
  228.1     5.76  24.654  -0.1121
  228.6     6.15  24.696  -0.1123
  229.0     6.08  24.736  -0.1150
  229.6     6.39  24.777  -0.1131
  229.8     6.05  24.817  -0.1192
  230.2     6.05  24.858  -0.1149
  230.5     5.80  24.898  -0.1155
  231.1     6.08  24.939  -0.1159
  231.6     6.30  24.981  -0.1124
  232.0     6.09  25.020  -0.1046
  232.5     6.42  25.061  -0.1127
  232.8     5.97  25.103  -0.1122
  233.2     6.02  25.145  -0.1114
  233.7     6.11  25.188  -0.1129
  234.3     6.91  25.229  -0.1111
  234.6     6.22  25.270  -0.1098
  235.1     6.16  25.312  -0.1139
  235.4     6.06  25.355  -0.1178
  236.0     6.67  25.398  -0.1176
  236.3     6.19  25.441  -0.1190
  236.8     6.30  25.485  -0.1210
  237.5     6.71  25.529  -0.1140
  237.8     6.38  25.569  -0.1159
  238.2     6.31  25.611  -0.1190
  238.8     6.67  25.653  -0.1166
  239.2     6.70  25.695  -0.1244
  239.4     6.46  25.736  -0.1254
  240.0     6.80  25.777  -0.1249
  240.5     6.95  25.819  -0.1240
  241.0     7.21  25.861  -0.1182
  241.3     6.48  25.904  -0.1218
  241.9     6.89  25.945  -0.1191
  242.2     6.43  25.986  -0.1191
  242.7     6.78  26.028  -0.1235
  243.1     6.68  26.069  -0.1174
  243.6     6.70  26.112  -0.1208
  243.9     6.33  26.153  -0.1221
  244.5     6.79  26.194  -0.1183
  244.8     6.78  26.238  -0.1208
  245.2     6.73  26.280  -0.1220
  245.9     7.23  26.322  -0.1271
  246.4     7.35  26.368  -0.1236
  246.7     6.63  26.411  -0.1259
  247.1     7.04  26.455  -0.1245
  247.5     6.78  26.497  -0.1287
  247.9     6.80  26.540  -0.1285
  248.6     6.98  26.583  -0.1249
  248.9     6.89  26.625  -0.1265
  249.4     7.22  26.667  -0.1223
  249.8     7.03  26.708  -0.1265
  250.3     6.98  26.749  -0.1310
  250.7     7.48  26.789  -0.1258
  251.1     7.26  26.832  -0.1325
  251.5     7.09  26.871  -0.1284
  251.9     6.94  26.912  -0.1310
  252.3     7.24  26.952  -0.1312
  252.9     7.44  26.991  -0.1263
  253.2     7.16  27.032  -0.1312
  253.6     7.67  27.073  -0.1282
  254.1     7.38  27.114  -0.1411
  254.5     7.60  27.156  -0.1400
  255.0     7.45  27.198  -0.1409
  255.4     7.40  27.239  -0.1436
  255.8     7.61  27.281  -0.1415
  256.1     7.04  27.321  -0.1501
  256.5     7.11  27.361  -0.1477
  256.9     7.23  27.402  -0.1548
  257.5     7.75  27.443  -0.1489
  257.9     7.68  27.483  -0.1550
  258.4     7.73  27.527  -0.1522
  258.8     7.91  27.568  -0.1503
  259.2     7.97  27.611  -0.1539
  259.6     7.73  27.654  -0.1520
  260.1     8.05  27.695  -0.1578
  260.6     8.28  27.738  -0.1539
  260.9     7.85  27.780  -0.1587
  261.4     7.91  27.818  -0.1611
  261.9     8.27  27.861  -0.1604
  262.4     8.39  27.902  -0.1709
  262.8     8.20  27.943  -0.1670
  263.3     8.54  27.983  -0.1683
  263.6     8.30  28.025  -0.1643
  264.0     8.07  28.068  -0.1673
  264.3     8.01  28.111  -0.1691
  264.9     8.29  28.151  -0.1652
  265.2     8.13  28.194  -0.1757
  265.8     8.35  28.235  -0.1752
  266.1     8.07  28.277  -0.1758
  266.6     8.53  28.318  -0.1753
  267.0     8.09  28.361  -0.1787
  267.5     8.36  28.404  -0.1767
  267.9     7.99  28.447  -0.1798
  268.3     8.28  28.488  -0.1784
  268.9     8.51  28.531  -0.1818
  269.2     8.23  28.572  -0.1771
  269.8     8.84  28.612  -0.1784
  270.2     8.65  28.653  -0.1836
  270.6     8.59  28.695  -0.1804
  271.0     8.51  28.736  -0.1876
  271.4     8.51  28.776  -0.1832
  271.8     8.63  28.818  -0.1850
  272.3     8.75  28.857  -0.1868
  272.7     8.35  28.898  -0.1878
  273.1     8.56  28.942  -0.1833
  273.5     8.36  28.984  -0.1882
  273.9     8.53  29.028  -0.1865
  274.4     8.26  29.072  -0.1929
  274.9     8.51  29.115  -0.1883
  275.2     8.45  29.159  -0.1941
  275.8     8.47  29.202  -0.1878
  276.3     8.53  29.243  -0.1993
  276.4     7.83  29.285  -0.1946
  277.0     8.07  29.324  -0.1973
  277.4     8.19  29.365  -0.1940
  277.8     8.25  29.407  -0.2025
  278.3     8.25  29.448  -0.1997
  278.7     8.33  29.490  -0.2065
  279.1     8.08  29.531  -0.2000
  279.6     8.40  29.574  -0.2049
  280.1     8.27  29.617  -0.2044
  280.4     8.21  29.658  -0.2051
  280.7     7.99  29.700  -0.2037
  281.2     8.07  29.742  -0.2073
  281.7     8.10  29.784  -0.2070
  282.2     8.50  29.824  -0.2101
  282.4     7.69  29.868  -0.2134
  282.9     8.07  29.910  -0.2084
  283.3     7.78  29.952  -0.2105
  283.7     7.93  29.994  -0.2086
  284.3     8.18  30.040  -0.2134
  284.7     7.96  30.085  -0.2113
  285.0     7.70  30.128  -0.2126
  285.7     8.48  30.171  -0.2048
  285.8     7.70  30.213  -0.2145
  286.4     8.02  30.253  -0.2104
  286.9     8.06  30.296  -0.2145
  287.3     8.15  30.337  -0.2109
  287.6     7.52  30.378  -0.2145
  288.0     7.64  30.421  -0.2089
  288.4     7.58  30.463  -0.2120
  288.7     7.16  30.503  -0.2079
  289.3     7.86  30.545  -0.2108
  289.7     7.88  30.585  -0.2085
  290.1     7.93  30.627  -0.2151
  290.6     7.84  30.670  -0.2113
  291.0     7.79  30.712  -0.2141
  291.3     7.52  30.755  -0.2110
  291.9     7.95  30.797  -0.2138
  292.3     7.70  30.839  -0.2137
  292.7     7.84  30.881  -0.2169
  293.1     7.76  30.921  -0.2154
  293.5     7.82  30.963  -0.2152
  293.9     7.44  31.006  -0.2162
  294.4     7.56  31.046  -0.2144
  294.6     7.05  31.089  -0.2184
  295.1     7.43  31.131  -0.2200
  295.5     7.27  31.173  -0.2198
  296.0     7.48  31.215  -0.2175
  296.4     7.08  31.258  -0.2195
  296.8     7.40  31.300  -0.2207
  297.4     7.54  31.345  -0.2237
  297.7     7.20  31.386  -0.2180
  298.1     7.35  31.429  -0.2227
  298.4     6.90  31.471  -0.2193
  298.9     7.30  31.511  -0.2260
  299.4     7.38  31.553  -0.2168
  299.8     7.27  31.594  -0.2232
  300.2     7.65  31.634  -0.2196
  300.6     7.04  31.676  -0.2233
  301.0     7.26  31.718  -0.2172
  301.4     7.05  31.760  -0.2259
  301.9     7.24  31.801  -0.2237
  302.2     7.07  31.843  -0.2283
  302.7     7.04  31.886  -0.2251
  303.2     7.47  31.927  -0.2260
  303.6     7.50  31.969  -0.2225
  304.1     7.27  32.010  -0.2285
  304.3     7.10  32.051  -0.2306
  304.9     7.17  32.093  -0.2274
  305.3     7.02  32.137  -0.2309
  305.7     6.86  32.179  -0.2263
  306.1     7.13  32.218  -0.2288
  306.5     6.85  32.259  -0.2284
  306.9     6.95  32.300  -0.2372
  307.3     7.26  32.341  -0.2321
  307.8     7.12  32.384  -0.2318
  308.3     7.63  32.424  -0.2283
  308.5     6.92  32.465  -0.2310
  309.0     6.95  32.506  -0.2338
  309.4     7.10  32.547  -0.2339
  309.8     7.02  32.587  -0.2364
  310.2     6.97  32.630  -0.2357
  310.6     6.94  32.669  -0.2374
  311.2     7.30  32.711  -0.2360
  311.5     6.95  32.754  -0.2376
  312.1     7.29  32.795  -0.2386
  312.4     7.48  32.838  -0.2345
  312.8     7.12  32.880  -0.2358
  313.2     7.12  32.921  -0.2349
  313.7     7.14  32.962  -0.2377
  314.1     7.08  33.005  -0.2350
  314.6     7.17  33.045  -0.2323
  314.9     7.14  33.086  -0.2316
  315.4     6.93  33.127  -0.2332
  315.9     7.41  33.168  -0.2381
  316.2     7.10  33.210  -0.2324
  316.7     7.09  33.249  -0.2463
  317.0     6.90  33.289  -0.2431
  317.5     7.00  33.332  -0.2512
  318.1     7.85  33.372  -0.2440
  318.4     7.03  33.413  -0.2442
  318.8     7.35  33.453  -0.2449
  319.1     6.93  33.493  -0.2438
  319.6     6.79  33.535  -0.2432
  319.9     6.66  33.576  -0.2430
  320.4     6.89  33.617  -0.2502
  321.1     7.46  33.659  -0.2452
  321.3     7.02  33.703  -0.2527
  322.0     7.74  33.746  -0.2481
  322.3     6.90  33.789  -0.2518
  322.7     7.02  33.832  -0.2511
  323.2     6.65  33.877  -0.2554
  323.7     6.81  33.919  -0.2515
  324.0     6.75  33.963  -0.2502
  324.5     6.81  34.004  -0.2572
  325.0     6.89  34.046  -0.2524
  325.5     7.09  34.087  -0.2592
  326.0     7.21  34.129  -0.2552
  326.4     7.19  34.170  -0.2620
  326.8     7.36  34.210  -0.2652
  327.2     7.32  34.252  -0.2619
  327.8     7.58  34.293  -0.2672
  328.3     8.08  34.332  -0.2605
  328.6     7.59  34.373  -0.2670
  328.9     7.00  34.413  -0.2599
  329.4     7.01  34.454  -0.2660
  329.9     7.39  34.494  -0.2702
  330.3     7.39  34.534  -0.2656
  330.7     7.32  34.575  -0.2721
  331.2     7.63  34.615  -0.2696
  331.5     6.88  34.657  -0.2684
  332.0     7.27  34.699  -0.2761
  332.5     7.32  34.741  -0.2727
  333.0     7.57  34.783  -0.2829
  333.4     7.49  34.825  -0.2812
  333.8     7.09  34.865  -0.2767
  334.3     7.45  34.908  -0.2853
  334.8     7.68  34.949  -0.2867
  335.2     7.78  34.988  -0.2816
  335.6     7.34  35.032  -0.2879
  336.0     7.37  35.076  -0.2876
  336.6     7.59  35.116  -0.2916
  337.1     7.97  35.159  -0.2944
  337.4     7.65  35.199  -0.2961
  337.9     7.62  35.238  -0.2965
  338.3     7.84  35.281  -0.2960
  338.9     8.19  35.320  -0.3014
  339.3     8.21  35.361  -0.2965
  339.7     8.05  35.405  -0.3067
  340.2     8.07  35.446  -0.3008
  340.6     7.93  35.490  -0.3078
  341.1     8.01  35.531  -0.3051
  341.5     8.07  35.573  -0.3069
  342.1     8.47  35.615  -0.3099
  342.4     8.02  35.657  -0.3085
  342.9     8.00  35.698  -0.3127
  343.4     8.18  35.741  -0.3090
  343.8     8.02  35.784  -0.3125
  344.2     8.08  35.827  -0.3135
  344.7     7.90  35.870  -0.3115
  345.2     8.14  35.909  -0.3105
  345.7     8.24  35.951  -0.3083
  346.1     8.33  35.992  -0.3162
  346.6     8.55  36.031  -0.3213
  346.9     8.13  36.072  -0.3151
  347.6     8.79  36.113  -0.3145
  347.9     8.42  36.154  -0.3118
  348.2     7.74  36.194  -0.3193
  348.9     8.75  36.235  -0.3103
  349.2     8.15  36.276  -0.3140
  349.5     8.06  36.319  -0.3177
  349.9     7.87  36.360  -0.3110
  350.4     7.83  36.402  -0.3142
  351.0     8.22  36.444  -0.3204
  351.3     7.65  36.487  -0.3201
  351.8     7.75  36.528  -0.3231
  352.3     7.95  36.572  -0.3222
  352.7     7.79  36.614  -0.3185
  353.0     7.59  36.656  -0.3232
  353.6     7.90  36.698  -0.3235
  354.0     7.62  36.740  -0.3201
  354.4     7.55  36.781  -0.3278
  355.0     8.05  36.824  -0.3284
  355.3     7.42  36.863  -0.3243
  355.9     7.97  36.904  -0.3285
  356.2     7.70  36.946  -0.3247
  356.6     7.55  36.988  -0.3303
  357.1     7.75  37.029  -0.3290
  357.6     7.76  37.069  -0.3234
  357.7     6.98  37.109  -0.3284
  358.5     7.97  37.153  -0.3316
  358.8     7.50  37.194  -0.3206
  359.1     7.20  37.237  -0.3253
  359.4     6.88  37.279  -0.3301
  360.0     7.21  37.322  -0.3241
  360.4     6.87  37.366  -0.3287
  361.0     7.21  37.411  -0.3362
  361.5     7.73  37.454  -0.3297
  361.9     7.20  37.498  -0.3368
  362.4     7.26  37.542  -0.3400
  362.7     7.15  37.586  -0.3349
  363.3     7.24  37.628  -0.3378
  363.7     7.37  37.670  -0.3431
  364.0     6.87  37.711  -0.3439
  364.6     7.46  37.752  -0.3382
  365.0     7.38  37.794  -0.3352
  365.5     7.57  37.837  -0.3384
  365.7     7.01  37.878  -0.3324
  366.1     6.80  37.920  -0.3304
  366.6     6.93  37.961  -0.3373
  367.1     7.25  38.003  -0.3366
  367.5     6.87  38.044  -0.3305
  367.9     7.34  38.086  -0.3346
  368.2     6.86  38.124  -0.3355
  368.7     7.16  38.164  -0.3266
  369.2     7.20  38.204  -0.3251
  369.6     7.28  38.245  -0.3257
  370.1     7.54  38.288  -0.3311
  370.4     6.96  38.329  -0.3288
  370.8     7.00  38.369  -0.3310
  371.3     7.26  38.412  -0.3362
  371.5     6.77  38.455  -0.3348
  372.0     6.85  38.497  -0.3321
  372.4     7.03  38.538  -0.3320
  372.8     6.64  38.580  -0.3343
  373.4     7.05  38.623  -0.3287
  373.6     6.60  38.664  -0.3359
  374.2     7.11  38.704  -0.3332
  374.6     6.93  38.746  -0.3335
  374.9     6.86  38.788  -0.3367
  375.5     7.18  38.831  -0.3387
  375.9     6.87  38.875  -0.3383
  376.3     6.83  38.918  -0.3422
  376.8     7.26  38.960  -0.3383
  377.1     6.86  39.000  -0.3339
  377.6     6.81  39.042  -0.3370
  377.9     6.89  39.086  -0.3301
  378.5     6.90  39.129  -0.3325
  378.9     7.14  39.171  -0.3385
  379.3     6.87  39.213  -0.3368
  379.8     7.02  39.255  -0.3347
  380.2     7.12  39.296  -0.3389
  380.5     6.74  39.339  -0.3403
  381.1     7.26  39.381  -0.3339
  381.4     6.70  39.423  -0.3381
  381.9     7.03  39.465  -0.3374
  382.3     7.05  39.507  -0.3321
  382.8     7.22  39.550  -0.3382
  383.0     6.52  39.591  -0.3348
  383.5     6.84  39.632  -0.3407
  384.0     7.11  39.675  -0.3393
  384.5     7.08  39.720  -0.3398
  384.9     6.79  39.760  -0.3403
  385.5     7.79  39.803  -0.3387
  385.6     6.76  39.845  -0.3410
  386.2     7.25  39.886  -0.3383
  386.5     6.76  39.928  -0.3301
  387.0     6.80  39.969  -0.3415
  387.5     7.35  40.010  -0.3453
  387.8     7.00  40.051  -0.3371
  388.3     7.43  40.092  -0.3359
  388.6     7.07  40.136  -0.3419
  389.2     7.09  40.180  -0.3376
  389.5     6.80  40.223  -0.3435
  389.9     6.99  40.264  -0.3500
  390.4     7.16  40.306  -0.3373
  390.7     6.88  40.347  -0.3408
  391.1     7.00  40.387  -0.3453
  391.7     7.32  40.427  -0.3438
  392.0     7.15  40.467  -0.3404
  392.5     7.25  40.510  -0.3455
  393.0     7.44  40.549  -0.3409
  393.3     7.11  40.588  -0.3395
  393.7     7.13  40.631  -0.3440
  394.1     6.99  40.673  -0.3457
  394.6     7.21  40.713  -0.3429
  394.9     6.58  40.754  -0.3477
  395.3     7.07  40.794  -0.3457
  395.8     6.98  40.836  -0.3414
  396.3     7.20  40.877  -0.3426
  396.6     7.04  40.918  -0.3459
  397.0     6.83  40.961  -0.3416
  397.4     6.53  41.003  -0.3387
  397.9     6.83  41.046  -0.3491
  398.4     7.46  41.088  -0.3401
  398.8     7.18  41.131  -0.3402
  399.2     7.00  41.175  -0.3493
  399.8     7.52  41.219  -0.3427
  400.2     7.04  41.262  -0.3434
  400.6     7.37  41.305  -0.3468
  401.1     7.14  41.348  -0.3390
  401.5     6.79  41.389  -0.3448
  401.8     6.96  41.432  -0.3391
  402.2     6.67  41.474  -0.3407
  402.8     7.33  41.516  -0.3474
  403.2     7.01  41.558  -0.3466
  403.6     7.46  41.600  -0.3575
  403.8     6.74  41.642  -0.3493
  404.2     6.55  41.685  -0.3503
  404.8     7.04  41.725  -0.3548
  405.2     7.16  41.767  -0.3506
  405.7     7.14  41.809  -0.3533
  406.2     7.20  41.851  -0.3442
  406.4     6.74  41.894  -0.3459
  406.9     7.06  41.935  -0.3476
  407.4     7.37  41.977  -0.3431
  407.8     6.87  42.021  -0.3503
  408.2     7.03  42.063  -0.3519
  408.5     6.74  42.107  -0.3468
  409.0     6.74  42.150  -0.3554
  409.5     7.11  42.191  -0.3518
  409.8     6.64  42.233  -0.3481
  410.3     6.62  42.275  -0.3532
  410.7     6.85  42.316  -0.3460
  411.1     6.75  42.360  -0.3480
  411.6     7.04  42.402  -0.3535
  411.9     6.61  42.445  -0.3489
  412.4     6.87  42.488  -0.3435
  413.0     6.88  42.530  -0.3489
  413.3     6.71  42.572  -0.3561
  413.8     6.82  42.615  -0.3500
  414.2     6.71  42.657  -0.3529
  414.6     6.80  42.696  -0.3552
  414.9     6.64  42.736  -0.3540
  415.4     6.85  42.776  -0.3495
  415.8     6.79  42.818  -0.3542
  416.3     7.08  42.859  -0.3577
  416.7     7.13  42.900  -0.3555
  417.2     7.10  42.941  -0.3505
  417.4     6.61  42.983  -0.3486
  418.0     7.05  43.025  -0.3529
  418.2     6.50  43.066  -0.3511
  418.7     6.80  43.107  -0.3493
  419.2     6.76  43.148  -0.3549
  419.6     6.88  43.190  -0.3541
  420.1     7.04  43.231  -0.3492
  420.4     6.70  43.274  -0.3572
  420.8     6.66  43.313  -0.3568
  421.2     6.70  43.353  -0.3489
  421.6     6.81  43.394  -0.3524
  422.0     6.62  43.434  -0.3576
  422.5     7.27  43.475  -0.3532
  422.9     7.12  43.517  -0.3487
  423.1     6.33  43.557  -0.3493
  423.6     6.59  43.598  -0.3543
  424.0     6.81  43.639  -0.3516
  424.5     6.90  43.680  -0.3465
  424.9     6.71  43.722  -0.3501
  425.4     6.93  43.765  -0.3562
  425.9     7.37  43.805  -0.3531
  426.1     6.81  43.847  -0.3475
  426.6     6.75  43.889  -0.3544
  426.9     6.25  43.932  -0.3602
  427.4     6.74  43.976  -0.3560
  428.0     7.13  44.020  -0.3561
  428.3     6.45  44.061  -0.3587
  428.9     7.11  44.104  -0.3539
  429.2     6.67  44.144  -0.3529
  429.5     6.57  44.186  -0.3612
  429.9     6.41  44.227  -0.3654
  430.5     6.75  44.267  -0.3582
  430.8     6.51  44.309  -0.3522
  431.3     6.52  44.350  -0.3560
  431.8     7.06  44.391  -0.3588
  432.1     6.68  44.431  -0.3536
  432.4     6.00  44.475  -0.3622
  433.0     6.65  44.516  -0.3658
  433.4     6.75  44.559  -0.3590
  434.0     6.81  44.601  -0.3612
  434.3     6.59  44.644  -0.3621
  434.7     6.56  44.686  -0.3559
  435.0     6.27  44.728  -0.3643
  435.7     6.97  44.771  -0.3588
  436.0     6.38  44.814  -0.3615
  436.4     6.50  44.858  -0.3646
  437.0     6.63  44.900  -0.3586
  437.3     6.26  44.943  -0.3631
  437.8     6.58  44.986  -0.3586
  438.3     6.79  45.029  -0.3579
  438.6     6.30  45.070  -0.3560
  439.0     6.39  45.112  -0.3494
  439.5     6.92  45.153  -0.3593
  439.9     6.31  45.193  -0.3538
  440.3     6.36  45.233  -0.3609
  440.9     6.93  45.273  -0.3585
  441.2     6.68  45.314  -0.3620
  441.5     6.23  45.356  -0.3582
  442.0     6.62  45.397  -0.3626
  442.4     6.47  45.437  -0.3610
  442.8     6.58  45.479  -0.3629
  443.2     6.47  45.520  -0.3691
  443.6     6.07  45.561  -0.3638
  444.0     6.27  45.603  -0.3652
  444.5     6.62  45.642  -0.3636
  444.8     6.27  45.683  -0.3639
  445.3     6.24  45.724  -0.3660
  445.8     6.94  45.765  -0.3625
  446.2     6.22  45.807  -0.3679
  446.5     6.38  45.850  -0.3659
  446.9     6.24  45.892  -0.3613
  447.6     6.73  45.934  -0.3672
  448.0     6.90  45.976  -0.3623
  448.3     6.47  46.016  -0.3634
  448.7     6.52  46.059  -0.3701
  449.2     6.89  46.101  -0.3660
  449.5     6.19  46.144  -0.3662
  450.0     6.41  46.186  -0.3687
  450.3     6.22  46.226  -0.3635
  450.7     6.21  46.267  -0.3642
  451.3     6.54  46.310  -0.3723
  451.7     6.52  46.352  -0.3627
  452.0     6.41  46.396  -0.3697
  452.5     6.52  46.438  -0.3706
  452.8     5.85  46.480  -0.3656
  453.3     6.06  46.522  -0.3703
  453.9     6.88  46.563  -0.3627
  454.1     6.03  46.604  -0.3638
  454.5     6.34  46.647  -0.3711
  455.0     6.24  46.687  -0.3657
  455.4     6.44  46.728  -0.3617
  455.9     6.37  46.770  -0.3667
  456.2     6.20  46.811  -0.3648
  456.6     6.02  46.854  -0.3631
  457.1     6.09  46.897  -0.3669
  457.5     6.29  46.940  -0.3655
  457.9     6.17  46.981  -0.3626
  458.3     5.78  47.023  -0.3614
  458.7     6.03  47.063  -0.3668
  459.1     6.05  47.106  -0.3647
  459.8     6.98  47.147  -0.3648
  459.9     6.10  47.189  -0.3675
  460.4     5.96  47.231  -0.3702
  460.7     5.93  47.272  -0.3672
  461.4     6.57  47.310  -0.3643
  461.5     5.94  47.349  -0.3629
  462.0     6.41  47.391  -0.3669
  462.5     6.39  47.431  -0.3683
  463.0     6.57  47.472  -0.3608
  463.2     5.98  47.513  -0.3626
  463.6     6.20  47.557  -0.3653
  464.0     6.02  47.601  -0.3623
  464.5     5.95  47.643  -0.3626
  465.0     6.24  47.686  -0.3696
  465.4     6.44  47.729  -0.3702
  466.0     7.08  47.771  -0.3626
  466.1     5.75  47.813  -0.3647
  466.5     6.09  47.854  -0.3643
  466.9     5.94  47.895  -0.3560
  467.2     5.47  47.937  -0.3644
  467.7     5.98  47.978  -0.3702
  468.2     6.29  48.019  -0.3644
  468.6     6.29  48.061  -0.3704
  468.9     5.66  48.102  -0.3606
  469.5     6.06  48.145  -0.3688
  469.8     5.83  48.187  -0.3675
  470.2     5.85  48.228  -0.3650
  470.7     6.10  48.271  -0.3713
  471.1     6.15  48.312  -0.3616
  471.6     6.33  48.354  -0.3678
  471.9     5.95  48.398  -0.3637
  472.3     5.39  48.440  -0.3705
  472.9     6.33  48.484  -0.3713
  473.2     5.93  48.528  -0.3653
  473.6     5.69  48.572  -0.3691
  474.1     6.00  48.616  -0.3715
  474.6     5.93  48.659  -0.3637
  474.9     5.71  48.700  -0.3661
  475.3     5.92  48.743  -0.3690
  475.7     5.71  48.784  -0.3648
  476.2     6.21  48.824  -0.3699
  476.6     5.88  48.867  -0.3650
  476.9     5.63  48.909  -0.3750
  477.5     6.29  48.950  -0.3694
  477.8     5.95  48.991  -0.3710
  478.3     6.08  49.032  -0.3722
  478.6     5.88  49.076  -0.3691
  479.1     5.76  49.116  -0.3704
  479.4     5.89  49.156  -0.3680
  479.8     5.50  49.198  -0.3717
  480.3     6.07  49.238  -0.3700
  480.6     5.71  49.277  -0.3619
  481.1     5.98  49.318  -0.3690
  481.5     6.14  49.361  -0.3647
  481.9     6.02  49.399  -0.3659
  482.2     5.81  49.441  -0.3749
  482.7     5.99  49.481  -0.3640
  483.1     5.79  49.523  -0.3685
  483.3     5.25  49.565  -0.3755
  483.9     5.94  49.606  -0.3698
  484.4     5.99  49.652  -0.3737
  484.8     5.82  49.693  -0.3765
  485.2     5.98  49.734  -0.3705
  485.6     5.88  49.776  -0.3716
  486.0     5.57  49.818  -0.3783
  486.5     6.06  49.859  -0.3735
  486.9     5.99  49.902  -0.3739
  487.2     5.89  49.944  -0.3802
  487.7     5.98  49.986  -0.3740
  488.1     5.74  50.027  -0.3794
  488.5     5.73  50.067  -0.3779
  488.9     5.62  50.108  -0.3761
  489.5     6.23  50.149  -0.3811
  489.9     6.13  50.190  -0.3785
  490.2     5.74  50.232  -0.3818
  490.6     5.73  50.273  -0.3808
  491.1     5.98  50.315  -0.3721
  491.4     5.53  50.359  -0.3766
  491.8     5.75  50.402  -0.3786
  492.4     6.16  50.443  -0.3695
  492.8     5.58  50.484  -0.3702
  493.2     5.64  50.525  -0.3775
  493.5     5.67  50.568  -0.3698
  494.1     6.14  50.608  -0.3693
  494.4     5.70  50.648  -0.3700
  495.0     6.23  50.689  -0.3719
  495.2     5.48  50.730  -0.3629
  495.6     5.50  50.771  -0.3678
  496.1     6.00  50.812  -0.3722
  496.4     5.55  50.855  -0.3679
  496.9     5.84  50.894  -0.3676
  497.4     5.80  50.937  -0.3768
  497.8     6.05  50.976  -0.3780
  498.3     6.36  51.016  -0.3731
  498.6     6.07  51.056  -0.3757
  498.9     5.65  51.098  -0.3762
  499.3     5.71  51.140  -0.3698
  499.6     5.29  51.182  -0.3778
  500.0     5.27  51.224  -0.3770
  500.7     6.25  51.266  -0.3746
  500.9     5.40  51.309  -0.3789
  501.4     5.53  51.351  -0.3788
  501.9     6.20  51.393  -0.3735
  502.2     5.76  51.436  -0.3821
  502.8     6.04  51.476  -0.3835
  503.1     5.92  51.517  -0.3788
  503.5     6.01  51.559  -0.3879
  503.9     5.89  51.598  -0.3831
  504.2     5.66  51.639  -0.3870
  504.6     5.58  51.679  -0.3847
  505.1     5.82  51.720  -0.3827
  505.4     5.48  51.762  -0.3887
  505.9     6.10  51.803  -0.3859
  506.3     5.85  51.844  -0.3799
  506.7     6.01  51.884  -0.3862
  507.1     6.06  51.925  -0.3889
  507.5     5.42  51.967  -0.3809
  507.8     5.32  52.011  -0.3848
  508.3     5.53  52.053  -0.3855
  508.8     5.82  52.095  -0.3714
  509.2     5.55  52.137  -0.3746
  509.8     6.16  52.182  -0.3796
  510.0     5.35  52.227  -0.3753
  510.5     5.46  52.271  -0.3777
  510.9     5.76  52.314  -0.3778
  511.4     5.56  52.357  -0.3768
  511.9     5.82  52.398  -0.3834
  512.2     5.35  52.441  -0.3769
  512.5     5.56  52.482  -0.3792
  513.0     5.69  52.524  -0.3735
  513.5     5.69  52.566  -0.3803
  513.8     5.66  52.606  -0.3787
  514.3     5.80  52.645  -0.3799
  514.7     5.76  52.685  -0.3827
  515.0     5.88  52.725  -0.3761
  515.3     5.16  52.766  -0.3851
  515.8     5.47  52.806  -0.3766
  516.2     5.65  52.846  -0.3844
  516.6     5.98  52.887  -0.3820
  517.0     5.76  52.929  -0.3800
  517.3     5.52  52.971  -0.3824
  517.8     5.68  53.014  -0.3789
  518.2     5.37  53.054  -0.3831
  518.6     5.64  53.097  -0.3804
  519.0     5.22  53.139  -0.3827
  519.4     5.50  53.178  -0.3839
  519.8     5.50  53.219  -0.3761
  520.2     5.70  53.259  -0.3800
  520.6     5.57  53.300  -0.3824
  521.2     6.57  53.343  -0.3730
  521.3     5.25  53.385  -0.3775
  521.8     5.57  53.424  -0.3811
  522.4     5.79  53.467  -0.3765
  522.6     5.40  53.511  -0.3832
  523.3     6.20  53.551  -0.3796
  523.5     5.47  53.593  -0.3739
  523.9     5.46  53.637  -0.3805
  524.4     5.60  53.680  -0.3832
  524.9     6.10  53.724  -0.3777
  525.3     5.57  53.765  -0.3787
  525.5     5.28  53.808  -0.3852
  526.1     5.51  53.851  -0.3800
  526.5     5.73  53.891  -0.3834
  527.0     5.79  53.933  -0.3893
  527.4     5.82  53.977  -0.3843
  527.6     5.06  54.020  -0.3867
  528.1     5.56  54.062  -0.3877
  528.4     5.39  54.105  -0.3889
  529.0     5.82  54.145  -0.3809
  529.3     5.21  54.186  -0.3802
  529.7     5.19  54.226  -0.3819
  530.2     5.45  54.267  -0.3778
  530.6     5.20  54.308  -0.3743
  531.0     5.34  54.348  -0.3824
  531.6     5.91  54.389  -0.3870
  531.7     5.25  54.431  -0.3822
  532.3     5.45  54.471  -0.3832
  532.6     5.55  54.512  -0.3878
  533.1     5.63  54.554  -0.3839
  533.4     5.42  54.593  -0.3858
  533.9     5.56  54.634  -0.3918
  534.2     5.22  54.676  -0.3780
  534.7     5.28  54.716  -0.3772
  535.2     5.86  54.757  -0.3864
  535.6     5.72  54.798  -0.3803
  535.8     5.17  54.840  -0.3858
  536.3     5.35  54.883  -0.3791
  536.8     5.50  54.926  -0.3916
  537.2     5.83  54.970  -0.3885
  537.6     5.18  55.012  -0.3863
  538.1     5.72  55.053  -0.3855
  538.5     5.26  55.096  -0.3795
  538.9     5.43  55.139  -0.3844
  539.5     6.13  55.179  -0.3800
  539.7     5.06  55.220  -0.3909
  540.1     5.33  55.262  -0.3833
  540.7     5.53  55.303  -0.3849
  541.2     5.75  55.345  -0.3882
  541.4     5.42  55.386  -0.3897
  542.0     6.06  55.429  -0.3827
  542.4     5.41  55.472  -0.3930
  542.7     5.66  55.513  -0.3833
  543.1     5.15  55.556  -0.3888
  543.7     6.00  55.598  -0.3876
  544.1     5.62  55.640  -0.3836
  544.6     5.65  55.682  -0.3849
  544.9     5.61  55.724  -0.3814
  545.2     5.26  55.765  -0.3955
  545.7     5.45  55.808  -0.3867
  546.1     5.23  55.852  -0.3899
  546.5     5.61  55.895  -0.3883
  546.8     4.99  55.939  -0.3941
  547.5     5.70  55.983  -0.3983
  547.7     5.15  56.026  -0.3867
  548.4     5.85  56.067  -0.3927
  548.8     5.89  56.106  -0.3895
  549.2     5.16  56.147  -0.3834
  549.6     5.76  56.187  -0.3949
  550.1     6.03  56.229  -0.3868
  550.5     5.55  56.270  -0.3906
  550.7     5.40  56.311  -0.3943
  551.3     5.58  56.352  -0.3860
  551.5     5.36  56.393  -0.3906
  551.9     5.51  56.435  -0.3853
  552.4     5.16  56.477  -0.3932
  552.9     5.87  56.517  -0.3960
  553.2     5.59  56.557  -0.3884
  553.7     5.68  56.600  -0.3971
  554.0     5.37  56.643  -0.3932
  554.5     5.80  56.683  -0.3954
  554.9     5.63  56.724  -0.3996
  555.1     4.98  56.764  -0.3914
  555.7     5.33  56.805  -0.3959
  556.2     5.91  56.846  -0.3924
  556.4     5.24  56.886  -0.3885
  556.8     5.18  56.927  -0.3950
  557.3     5.98  56.969  -0.3871
  557.6     5.01  57.010  -0.3864
  558.1     5.61  57.050  -0.3945
  558.4     5.25  57.092  -0.3919
  558.9     5.55  57.133  -0.3798
  559.2     5.06  57.175  -0.3855
  559.9     5.82  57.218  -0.3881
  560.1     5.06  57.260  -0.3883
  560.6     5.42  57.302  -0.4004
  560.9     5.07  57.345  -0.3941
  561.5     5.75  57.386  -0.3947
  561.8     5.31  57.428  -0.3914
  562.3     5.68  57.469  -0.3936
  562.7     6.09  57.513  -0.3912
  563.0     5.10  57.556  -0.3933
  563.5     5.74  57.595  -0.3975
  563.9     5.51  57.638  -0.3927
  564.3     5.23  57.679  -0.3971
  564.8     5.98  57.721  -0.3920
  565.1     5.36  57.764  -0.3894
  565.4     5.04  57.806  -0.3948
  565.9     5.63  57.849  -0.3895
  566.4     5.57  57.892  -0.3946
  566.6     5.13  57.932  -0.3943
  567.2     5.48  57.974  -0.3922
  567.6     5.42  58.018  -0.3926
  568.0     5.73  58.056  -0.3915
  568.3     5.26  58.099  -0.3925
  568.8     5.55  58.142  -0.3900
  569.3     5.65  58.183  -0.3975
  569.6     5.20  58.227  -0.3960
  570.0     5.29  58.269  -0.3987
  570.4     5.54  58.310  -0.3990
  570.8     5.43  58.350  -0.3891
  571.2     5.44  58.388  -0.3972
  571.5     5.40  58.429  -0.3953
  572.0     5.68  58.470  -0.3900
  572.3     5.28  58.511  -0.3942
  572.8     5.56  58.553  -0.3908
  573.0     5.13  58.595  -0.3902
  573.5     5.42  58.637  -0.3959
  573.9     5.22  58.680  -0.3862
  574.4     5.38  58.723  -0.3922
  574.7     5.23  58.764  -0.3882
  575.2     5.48  58.805  -0.3909
  575.7     5.91  58.846  -0.3935
  576.1     5.49  58.889  -0.3870
  576.4     5.33  58.928  -0.3963
  576.8     5.23  58.971  -0.3918
  577.2     5.43  59.013  -0.3900
  577.7     5.69  59.054  -0.3951
  578.0     5.56  59.095  -0.3848
  578.5     5.30  59.136  -0.3906
  578.9     5.52  59.179  -0.3907
  579.2     5.46  59.219  -0.3849
  579.8     5.68  59.260  -0.3914
  580.1     5.43  59.302  -0.3863
  580.5     5.36  59.343  -0.3822
  580.9     5.35  59.387  -0.3896
  581.4     5.60  59.429  -0.3923
  581.8     5.50  59.472  -0.3850
  582.2     5.32  59.514  -0.3888
  582.7     5.35  59.559  -0.3968
  583.0     5.25  59.604  -0.3885
  583.4     5.17  59.648  -0.3896
  584.1     5.66  59.691  -0.3960
  584.3     5.17  59.735  -0.3877
  584.7     5.36  59.777  -0.3924
  585.2     5.47  59.818  -0.3925
  585.5     5.31  59.861  -0.3895
  586.0     4.96  59.902  -0.3943
  586.4     5.27  59.943  -0.3877
  586.9     5.23  59.984  -0.3894
  587.3     5.43  60.025  -0.4004
  587.7     5.62  60.066  -0.3880
  588.1     5.81  60.105  -0.3892
  588.4     5.27  60.146  -0.3977
  588.9     5.79  60.185  -0.3939
  589.3     5.74  60.228  -0.3892
  589.6     5.14  60.270  -0.3993
  590.1     5.71  60.313  -0.3986
  590.5     5.44  60.355  -0.3904
  590.8     5.32  60.395  -0.3975
  591.2     5.20  60.437  -0.3999
  591.6     5.30  60.479  -0.3952
  592.0     5.30  60.518  -0.3962
  592.3     5.35  60.560  -0.4027
  592.9     5.84  60.601  -0.3950
  593.2     5.11  60.644  -0.3952
  593.6     5.18  60.686  -0.4017
  594.1     5.86  60.727  -0.3985
  594.5     5.47  60.769  -0.4025
  594.9     5.96  60.812  -0.3989
  595.3     5.12  60.854  -0.3982
  595.7     5.67  60.897  -0.4051
  596.2     5.82  60.937  -0.3996
  596.4     5.25  60.978  -0.4001
  596.9     5.60  61.019  -0.3982
  597.3     5.50  61.060  -0.3938
  597.7     5.50  61.101  -0.4034
  598.1     5.46  61.143  -0.3942
  598.4     5.14  61.185  -0.3968
  598.8     5.37  61.227  -0.3940
  599.4     5.53  61.270  -0.3948
  599.7     5.33  61.311  -0.4024
  600.3     5.96  61.355  -0.3974
