   18.7     1.24   0.042  -0.0127
   18.7     1.22   0.082  -0.0157
   18.6     1.02   0.122  -0.0188
   18.6     1.01   0.161  -0.0167
   18.5     0.87   0.201  -0.0140
   18.6     1.35   0.241  -0.0142
   18.6     1.11   0.285  -0.0182
   18.6     1.15   0.326  -0.0127
   18.5     0.81   0.368  -0.0194
   18.6     1.02   0.408  -0.0199
   18.6     1.20   0.450  -0.0091
   18.7     1.09   0.494  -0.0202
   18.6     0.94   0.537  -0.0170
   18.6     0.89   0.580  -0.0227
   18.6     1.07   0.625  -0.0214
   18.6     1.09   0.667  -0.0142
   18.6     0.90   0.707  -0.0168
   18.7     1.10   0.751  -0.0173
   18.6     0.84   0.790  -0.0130
   18.7     1.21   0.830  -0.0193
   18.6     0.90   0.873  -0.0163
   18.6     0.93   0.914  -0.0201
   18.7     1.38   0.957  -0.0176
   18.7     0.96   1.000  -0.0211
   18.7     1.09   1.042  -0.0200
   18.6     0.91   1.080  -0.0210
   18.6     1.01   1.121  -0.0178
   18.6     0.88   1.161  -0.0213
   18.7     1.15   1.204  -0.0172
   18.7     1.13   1.245  -0.0169
   18.7     1.01   1.286  -0.0200
   18.8     1.22   1.327  -0.0198
   18.7     0.98   1.368  -0.0230
   18.8     1.27   1.409  -0.0221
   18.7     1.06   1.452  -0.0205
   18.8     1.16   1.494  -0.0189
   18.8     1.23   1.536  -0.0202
   18.8     1.03   1.579  -0.0180
   18.8     1.10   1.619  -0.0219
   18.8     1.13   1.662  -0.0203
   18.9     1.22   1.707  -0.0193
   18.9     1.21   1.753  -0.0167
   18.9     0.99   1.799  -0.0158
   19.0     1.15   1.842  -0.0174
   18.9     1.00   1.886  -0.0194
   19.0     1.06   1.930  -0.0209
   19.0     1.04   1.973  -0.0144
   19.0     0.92   2.016  -0.0116
   19.2     1.14   2.059  -0.0155
   19.2     1.43   2.100  -0.0175
   19.2     0.97   2.142  -0.0128
   19.3     1.34   2.186  -0.0132
   19.2     0.93   2.230  -0.0166
   19.3     1.06   2.273  -0.0079
   19.4     1.02   2.315  -0.0110
   19.4     1.11   2.361  -0.0143
   19.6     1.05   2.403  -0.0223
   19.6     1.18   2.449  -0.0234
   19.6     0.85   2.495  -0.0203
   19.8     1.23   2.538  -0.0268
   19.7     1.00   2.585  -0.0220
   19.9     1.04   2.631  -0.0183
   19.9     0.91   2.674  -0.0177
   20.1     1.28   2.720  -0.0191
   20.1     0.66   2.764  -0.0204
   20.2     0.95   2.807  -0.0216
   20.3     0.83   2.853  -0.0220
   20.4     1.09   2.896  -0.0229
   20.5     0.82   2.940  -0.0247
   20.7     1.03   2.986  -0.0139
   20.8     0.81   3.030  -0.0115
   20.9     1.02   3.073  -0.0123
   20.9     0.45   3.113  -0.0100
   21.1     0.87   3.153  -0.0137
   21.3     1.08   3.197  -0.0101
   21.3     0.84   3.241  -0.0087
   21.6     0.60   3.285  -0.0088
   21.7     0.93   3.329  -0.0064
   21.8     0.53   3.369  -0.0076
   21.8     0.45   3.410  -0.0145
   22.1     0.55   3.451  -0.0099
   22.2     0.44   3.492  -0.0123
   22.4     0.47   3.535  -0.0150
   22.5     0.45   3.577  -0.0157
   22.8     0.46   3.620  -0.0124
   22.9     0.48   3.665  -0.0189
   23.1     0.32   3.707  -0.0161
   23.3     0.38   3.749  -0.0132
   23.4     0.10   3.790  -0.0118
   23.5    -0.10   3.830  -0.0097
   23.8     0.06   3.873  -0.0100
   24.1     0.27   3.917  -0.0126
   24.3    -0.07   3.959  -0.0128
   24.5    -0.24   4.000  -0.0153
   24.6    -0.06   4.041  -0.0153
   24.9     0.09   4.081  -0.0086
   25.0    -0.13   4.120  -0.0123
   25.3    -0.15   4.160  -0.0149
   25.5    -0.19   4.204  -0.0162
   25.8    -0.17   4.245  -0.0104
   26.0    -0.31   4.288  -0.0145
   26.2    -0.29   4.328  -0.0140
   26.4    -0.57   4.368  -0.0108
   26.6    -0.38   4.409  -0.0137
   26.9    -0.27   4.451  -0.0108
   27.2    -0.39   4.493  -0.0096
   27.3    -0.84   4.533  -0.0156
   27.5    -1.06   4.575  -0.0213
   27.9    -0.50   4.618  -0.0200
   28.1    -0.95   4.658  -0.0130
   28.4    -1.02   4.702  -0.0213
   28.6    -1.25   4.745  -0.0211
   28.9    -1.15   4.788  -0.0198
   29.2    -1.38   4.831  -0.0191
   29.5    -1.33   4.872  -0.0163
   29.7    -1.16   4.913  -0.0191
   29.9    -1.65   4.956  -0.0100
   30.2    -1.47   4.998  -0.0130
   30.6    -1.35   5.039  -0.0160
   30.8    -1.68   5.079  -0.0134
   31.1    -1.61   5.117  -0.0175
   31.4    -1.69   5.157  -0.0147
   31.7    -1.57   5.199  -0.0162
   31.9    -1.97   5.242  -0.0204
   32.2    -2.01   5.284  -0.0201
   32.5    -2.25   5.324  -0.0164
   32.8    -2.02   5.364  -0.0166
   33.1    -2.05   5.403  -0.0110
   33.4    -2.19   5.444  -0.0168
   33.8    -2.32   5.484  -0.0172
   33.9    -2.56   5.526  -0.0201
   34.3    -2.70   5.566  -0.0137
   34.5    -2.82   5.609  -0.0082
   35.0    -2.54   5.654  -0.0057
   35.3    -2.85   5.696  -0.0053
   35.6    -2.89   5.739  -0.0178
   36.0    -3.03   5.781  -0.0162
   36.3    -3.00   5.820  -0.0147
   36.6    -2.99   5.862  -0.0111
   36.9    -3.09   5.901  -0.0093
   37.2    -3.24   5.944  -0.0155
   37.6    -3.60   5.987  -0.0118
   38.0    -3.38   6.027  -0.0136
   38.3    -3.49   6.065  -0.0138
   38.6    -3.59   6.104  -0.0105
   38.9    -3.84   6.143  -0.0070
   39.2    -3.75   6.184  -0.0075
   39.6    -3.62   6.228  -0.0122
   39.9    -3.95   6.269  -0.0074
   40.2    -4.27   6.310  -0.0111
   40.5    -4.36   6.351  -0.0099
   40.9    -4.36   6.391  -0.0087
   41.3    -4.07   6.433  -0.0118
   41.6    -4.26   6.474  -0.0139
   42.0    -4.45   6.516  -0.0159
   42.3    -4.65   6.560  -0.0124
   42.7    -4.60   6.602  -0.0208
   43.0    -4.82   6.646  -0.0160
   43.4    -4.57   6.691  -0.0184
   43.8    -4.98   6.736  -0.0170
   44.2    -5.05   6.781  -0.0149
   44.6    -5.11   6.825  -0.0203
   45.0    -5.07   6.865  -0.0125
   45.3    -5.33   6.909  -0.0136
   45.6    -5.46   6.953  -0.0031
   46.1    -5.52   6.998  -0.0092
   46.5    -5.63   7.044  -0.0076
   47.0    -5.66   7.084  -0.0043
   47.2    -5.95   7.127  -0.0100
   47.7    -5.62   7.168  -0.0048
   48.0    -5.89   7.213  -0.0045
   48.4    -5.78   7.257  -0.0035
   48.8    -6.10   7.300  -0.0083
   49.2    -6.11   7.345  -0.0109
   49.5    -6.38   7.390  -0.0127
   50.0    -6.24   7.434  -0.0159
   50.3    -6.61   7.480  -0.0116
   50.7    -6.55   7.523  -0.0130
   51.2    -6.31   7.568  -0.0106
   51.6    -6.83   7.614  -0.0042
   52.0    -6.47   7.658  -0.0019
   52.3    -6.92   7.705  -0.0097
   52.8    -7.02   7.751  -0.0098
   53.2    -7.17   7.795  -0.0061
   53.5    -7.47   7.842  -0.0056
   54.0    -7.13   7.884  -0.0078
   54.3    -7.41   7.926  -0.0036
   54.8    -7.11   7.972  -0.0024
   55.2    -7.34   8.015  -0.0034
   55.5    -7.55   8.058  -0.0099
   56.0    -7.67   8.098  -0.0106
   56.2    -8.12   8.139  -0.0091
   56.6    -7.95   8.182  -0.0077
   57.0    -7.97   8.227  -0.0027
   57.5    -8.03   8.271  -0.0014
   57.9    -7.99   8.316   0.0022
   58.3    -8.02   8.357  -0.0061
   58.6    -8.37   8.399   0.0017
   59.0    -8.61   8.441   0.0024
   59.4    -8.54   8.483  -0.0030
   59.8    -8.36   8.523  -0.0071
   60.0    -8.86   8.566  -0.0089
   60.6    -8.47   8.610  -0.0078
   60.9    -8.76   8.655  -0.0076
   61.3    -9.12   8.696  -0.0135
   61.7    -8.89   8.739  -0.0112
   62.1    -9.00   8.780  -0.0149
   62.5    -8.92   8.822  -0.0075
   62.8    -9.33   8.865  -0.0120
   63.2    -9.16   8.906  -0.0133
   63.6    -9.26   8.948  -0.0098
   64.0    -9.48   8.992  -0.0115
   64.4    -9.37   9.034  -0.0103
   64.8    -9.56   9.076  -0.0167
   65.2    -9.66   9.116  -0.0121
   65.5    -9.77   9.157  -0.0173
   65.8   -10.01   9.200  -0.0126
   66.2   -10.21   9.240  -0.0089
   66.7    -9.99   9.282  -0.0152
   66.9   -10.10   9.323  -0.0129
   67.4   -10.26   9.367  -0.0177
   67.8   -10.17   9.407  -0.0197
   68.1   -10.41   9.449  -0.0204
   68.6   -10.21   9.491  -0.0159
   69.0   -10.34   9.533  -0.0181
   69.4   -10.42   9.575  -0.0154
   69.7   -10.48   9.617  -0.0112
   70.1   -10.53   9.660  -0.0128
   70.4   -11.00   9.701  -0.0123
   70.7   -11.17   9.741  -0.0201
   71.3   -11.00   9.785  -0.0171
   71.6   -11.22   9.827  -0.0192
   72.0   -11.16   9.867  -0.0169
   72.3   -11.35   9.908  -0.0151
   72.7   -11.54   9.951  -0.0152
   73.2   -11.37   9.992  -0.0113
   73.5   -11.38  10.032  -0.0158
   73.9   -11.32  10.069  -0.0163
   74.1   -11.72  10.109  -0.0144
   74.6   -11.27  10.147  -0.0126
   74.9   -11.58  10.187  -0.0144
   75.3   -11.77  10.230  -0.0159
   75.7   -11.91  10.274  -0.0166
   76.1   -11.73  10.316  -0.0146
   76.5   -12.00  10.358  -0.0211
   76.8   -12.11  10.399  -0.0161
   77.2   -12.38  10.441  -0.0154
   77.6   -12.24  10.484  -0.0198
   78.0   -12.21  10.526  -0.0161
   78.4   -12.46  10.569  -0.0218
   78.8   -12.40  10.613  -0.0150
   79.1   -12.60  10.655  -0.0218
   79.5   -12.62  10.697  -0.0246
   79.9   -12.70  10.738  -0.0198
   80.2   -12.83  10.779  -0.0237
   80.6   -12.95  10.822  -0.0172
   81.1   -13.01  10.864  -0.0205
   81.4   -13.26  10.903  -0.0206
   81.7   -13.03  10.946  -0.0178
   82.1   -13.32  10.988  -0.0196
   82.6   -12.89  11.029  -0.0169
   82.9   -13.14  11.067  -0.0222
   83.3   -13.26  11.106  -0.0210
   83.6   -13.39  11.145  -0.0165
   83.9   -13.50  11.188  -0.0235
   84.3   -13.64  11.230  -0.0192
   84.7   -13.65  11.270  -0.0222
   85.0   -13.74  11.310  -0.0215
   85.5   -13.57  11.352  -0.0189
   85.7   -14.15  11.391  -0.0184
   86.1   -14.19  11.433  -0.0137
   86.5   -13.87  11.475  -0.0247
   86.9   -13.94  11.516  -0.0252
   87.2   -14.30  11.557  -0.0237
   87.6   -14.42  11.600  -0.0292
   88.0   -14.25  11.643  -0.0263
   88.4   -14.36  11.689  -0.0242
   88.7   -14.71  11.736  -0.0253
   89.2   -14.68  11.781  -0.0252
   89.6   -14.58  11.824  -0.0224
   90.0   -14.47  11.867  -0.0220
   90.4   -14.85  11.912  -0.0252
   90.8   -14.82  11.957  -0.0210
   91.2   -15.01  12.001  -0.0176
   91.7   -14.82  12.044  -0.0147
   92.0   -14.96  12.087  -0.0171
   92.3   -15.18  12.127  -0.0224
   92.7   -15.23  12.165  -0.0214
   93.1   -15.13  12.210  -0.0203
   93.4   -15.49  12.253  -0.0223
   93.9   -15.31  12.297  -0.0255
   94.2   -15.63  12.342  -0.0251
   94.7   -15.56  12.387  -0.0267
   95.1   -15.51  12.432  -0.0233
   95.5   -15.77  12.477  -0.0305
   96.0   -15.61  12.520  -0.0306
   96.2   -16.11  12.566  -0.0288
   96.7   -16.00  12.613  -0.0263
   97.1   -16.16  12.657  -0.0288
   97.4   -16.39  12.703  -0.0298
   98.0   -15.92  12.746  -0.0343
   98.3   -16.37  12.792  -0.0341
   98.7   -16.39  12.836  -0.0405
   99.2   -16.33  12.878  -0.0371
   99.4   -16.77  12.920  -0.0333
   99.8   -16.66  12.963  -0.0405
  100.3   -16.77  13.006  -0.0379
  100.6   -16.66  13.050  -0.0416
  101.1   -16.74  13.092  -0.0383
  101.4   -17.13  13.134  -0.0381
  101.9   -16.52  13.177  -0.0379
  102.2   -17.07  13.220  -0.0374
  102.6   -17.23  13.262  -0.0357
  103.0   -17.40  13.303  -0.0311
  103.4   -17.41  13.345  -0.0398
  103.8   -17.49  13.384  -0.0427
  104.1   -17.68  13.428  -0.0424
  104.5   -17.82  13.470  -0.0433
  104.9   -17.65  13.511  -0.0448
  105.2   -18.04  13.551  -0.0464
  105.7   -17.61  13.597  -0.0450
  106.1   -17.84  13.641  -0.0415
  106.5   -18.27  13.683  -0.0440
  107.0   -17.96  13.727  -0.0433
  107.3   -18.23  13.767  -0.0413
  107.6   -18.61  13.808  -0.0419
  108.0   -18.46  13.850  -0.0397
  108.5   -18.37  13.890  -0.0403
  108.7   -18.92  13.931  -0.0389
  109.1   -18.86  13.972  -0.0364
  109.6   -19.07  14.013  -0.0466
  109.9   -19.06  14.054  -0.0382
  110.2   -19.46  14.092  -0.0503
  110.5   -19.48  14.131  -0.0540
  110.9   -19.55  14.172  -0.0499
  111.3   -19.61  14.214  -0.0546
  111.8   -19.53  14.255  -0.0481
  112.2   -19.57  14.297  -0.0542
  112.7   -19.52  14.339  -0.0586
  113.0   -19.60  14.377  -0.0562
  113.4   -19.69  14.420  -0.0614
  113.8   -19.90  14.463  -0.0562
  114.1   -20.14  14.504  -0.0556
  114.4   -20.37  14.545  -0.0574
  114.8   -20.59  14.588  -0.0553
  115.3   -20.34  14.631  -0.0573
  115.7   -20.47  14.673  -0.0556
  116.2   -20.65  14.716  -0.0606
  116.6   -20.65  14.758  -0.0587
  116.8   -21.19  14.800  -0.0630
  117.2   -21.30  14.839  -0.0630
  117.7   -21.28  14.881  -0.0564
  118.2   -21.34  14.925  -0.0601
  118.6   -21.54  14.968  -0.0622
  118.9   -21.55  15.012  -0.0649
  119.4   -21.40  15.051  -0.0609
  119.7   -21.81  15.092  -0.0614
  120.0   -22.01  15.131  -0.0626
  120.4   -22.31  15.171  -0.0696
  120.9   -21.88  15.214  -0.0685
  121.2   -22.46  15.256  -0.0694
  121.6   -22.43  15.295  -0.0658
  122.0   -22.53  15.338  -0.0618
  122.4   -22.67  15.379  -0.0647
  122.9   -22.70  15.418  -0.0678
  123.2   -23.10  15.460  -0.0689
  123.7   -22.86  15.502  -0.0684
  123.9   -23.55  15.545  -0.0683
  124.4   -23.14  15.590  -0.0684
  124.8   -23.68  15.632  -0.0719
  125.1   -23.69  15.672  -0.0708
  125.8   -23.44  15.713  -0.0627
  126.1   -23.73  15.753  -0.0639
  126.5   -23.80  15.793  -0.0639
  126.8   -24.17  15.834  -0.0686
  127.2   -24.23  15.874  -0.0708
  127.7   -24.39  15.915  -0.0739
  128.0   -24.31  15.959  -0.0709
  128.3   -24.80  15.999  -0.0738
  128.8   -24.80  16.040  -0.0775
  129.3   -24.60  16.078  -0.0790
  129.6   -24.51  16.117  -0.0777
  130.0   -24.85  16.157  -0.0755
  130.3   -25.45  16.196  -0.0787
  130.7   -25.35  16.237  -0.0764
  131.1   -25.47  16.278  -0.0776
  131.4   -26.12  16.319  -0.0786
  131.9   -25.86  16.360  -0.0775
  132.3   -25.92  16.402  -0.0779
  132.7   -26.29  16.444  -0.0807
  133.1   -26.29  16.487  -0.0815
  133.5   -26.48  16.531  -0.0811
  133.9   -26.80  16.572  -0.0853
  134.3   -26.85  16.617  -0.0830
  134.7   -27.05  16.661  -0.0849
  135.1   -27.43  16.703  -0.0888
  135.5   -27.21  16.745  -0.0870
  136.0   -27.44  16.786  -0.0848
  136.4   -27.61  16.828  -0.0863
  136.7   -27.96  16.868  -0.0893
  137.1   -28.02  16.910  -0.0941
  137.6   -27.87  16.953  -0.0943
  138.0   -28.29  16.996  -0.0954
  138.4   -28.51  17.036  -0.0934
  138.9   -28.40  17.077  -0.0932
  139.3   -28.42  17.117  -0.0877
  139.5   -29.06  17.157  -0.0906
  139.9   -29.18  17.198  -0.0924
  140.4   -29.27  17.240  -0.0940
  140.7   -29.70  17.281  -0.0926
  141.2   -29.67  17.323  -0.0927
  141.5   -29.83  17.365  -0.0915
  141.9   -29.95  17.404  -0.0957
  142.3   -30.29  17.445  -0.1020
  142.7   -30.41  17.486  -0.1025
  143.1   -30.60  17.527  -0.0984
  143.5   -30.83  17.571  -0.1016
  143.9   -31.00  17.613  -0.0940
  144.4   -31.25  17.656  -0.0984
  144.8   -31.35  17.699  -0.1026
  145.3   -31.14  17.741  -0.1012
  145.6   -31.83  17.782  -0.1064
  146.1   -31.81  17.824  -0.1097
  146.5   -31.72  17.864  -0.1052
  146.8   -32.53  17.906  -0.1063
  147.2   -32.56  17.949  -0.1083
  147.7   -32.64  17.991  -0.1058
  148.1   -32.90  18.032  -0.1094
  148.5   -32.82  18.072  -0.1106
  148.7   -33.30  18.110  -0.1108
  149.2   -33.23  18.149  -0.1128
  149.5   -33.70  18.190  -0.1188
  150.0   -33.68  18.233  -0.1102
  150.4   -34.03  18.275  -0.1124
  150.8   -34.10  18.318  -0.1155
  151.2   -34.44  18.360  -0.1363
  151.6   -34.47  18.400  -0.1187
  152.1   -34.37  18.443  -0.1179
  152.5   -34.86  18.486  -0.1200
  152.8   -35.45  18.527  -0.1210
  153.2   -35.31  18.569  -0.1216
  153.7   -35.48  18.612  -0.1219
  154.1   -35.82  18.653  -0.1260
  154.5   -35.97  18.695  -0.1258
  154.9   -36.05  18.737  -0.1294
  155.3   -36.29  18.779  -0.1238
  155.6   -36.70  18.820  -0.1281
  156.0   -36.95  18.861  -0.1268
  156.4   -37.04  18.902  -0.1271
  156.9   -37.16  18.944  -0.1311
  157.2   -37.50  18.986  -0.1258
  157.7   -37.66  19.028  -0.1292
  158.1   -37.60  19.065  -0.1276
  158.4   -38.08  19.104  -0.1287
  158.8   -37.98  19.141  -0.1335
  159.2   -38.18  19.180  -0.1313
  159.6   -38.33  19.222  -0.1357
  160.0   -38.53  19.263  -0.1389
  160.4   -38.55  19.306  -0.1361
  160.7   -39.15  19.346  -0.1436
  161.1   -39.42  19.389  -0.1415
  161.6   -39.44  19.430  -0.1430
  162.0   -39.65  19.472  -0.1445
  162.4   -39.87  19.515  -0.1402
  162.8   -40.15  19.558  -0.1436
  163.2   -40.06  19.601  -0.1404
  163.6   -40.46  19.643  -0.1440
  164.1   -40.53  19.686  -0.1458
  164.5   -40.63  19.729  -0.1422
  164.9   -41.23  19.772  -0.1513
  165.4   -41.12  19.809  -0.1542
  165.5   -41.55  19.850  -0.1532
  166.1   -41.85  19.897  -0.1551
  166.5   -41.92  19.949  -0.1551
  167.2   -42.10  20.004  -0.1560
  167.6   -42.11  20.046  -0.1599
  167.9   -42.62  20.089  -0.1655
  168.4   -42.46  20.129  -0.1594
  168.7   -42.96  20.168  -0.1606
  169.2   -43.03  20.211  -0.1649
  169.6   -43.09  20.252  -0.1622
  170.0   -43.36  20.292  -0.1629
  170.5   -43.45  20.334  -0.1693
  170.8   -43.56  20.375  -0.1674
  171.3   -43.76  20.415  -0.1720
  171.6   -43.93  20.456  -0.1748
  172.0   -44.36  20.497  -0.1751
  172.4   -44.59  20.539  -0.1787
  172.8   -44.71  20.580  -0.1777
  173.3   -44.79  20.622  -0.1806
  173.8   -44.71  20.665  -0.1896
  174.2   -44.89  20.709  -0.1834
  174.5   -45.55  20.749  -0.1894
  175.0   -45.22  20.791  -0.1896
  175.4   -45.60  20.834  -0.1852
  175.6   -46.18  20.875  -0.1859
  176.2   -45.79  20.917  -0.1942
  176.6   -45.98  20.960  -0.1937
  177.1   -45.99  21.003  -0.1958
  177.4   -46.41  21.043  -0.2025
  177.8   -46.64  21.081  -0.2051
  178.2   -46.81  21.119  -0.2019
  178.6   -46.75  21.157  -0.2056
  179.1   -46.81  21.196  -0.2060
  179.5   -46.91  21.238  -0.2062
  179.8   -47.36  21.278  -0.2120
  180.1   -47.57  21.318  -0.2134
  180.5   -47.71  21.358  -0.2079
  181.0   -47.73  21.399  -0.2069
  181.3   -48.09  21.442  -0.2080
  181.8   -47.90  21.486  -0.2088
  182.1   -48.44  21.528  -0.2134
  182.5   -48.45  21.569  -0.2141
  183.2   -48.13  21.614  -0.2140
  183.5   -48.89  21.657  -0.2141
  183.9   -48.68  21.699  -0.2186
  184.4   -48.87  21.743  -0.2112
  184.8   -49.17  21.783  -0.2156
  185.1   -49.15  21.824  -0.2194
  185.6   -49.20  21.865  -0.2147
  185.9   -49.61  21.907  -0.2142
  186.5   -49.29  21.950  -0.2116
  186.8   -49.82  21.991  -0.2144
  187.3   -49.97  22.031  -0.2182
  187.7   -49.73  22.072  -0.2136
  188.1   -50.00  22.113  -0.2226
  188.5   -50.11  22.153  -0.2322
  188.8   -50.38  22.194  -0.2353
  189.1   -50.69  22.236  -0.2432
  189.7   -50.56  22.276  -0.2435
  190.0   -50.89  22.319  -0.2463
  190.4   -50.90  22.359  -0.2490
  190.9   -50.96  22.400  -0.2500
  191.3   -51.13  22.444  -0.2544
  191.6   -51.21  22.484  -0.2529
  192.1   -51.28  22.527  -0.2529
  192.5   -51.56  22.571  -0.2570
  192.9   -51.77  22.613  -0.2566
  193.4   -51.92  22.658  -0.2636
  193.9   -51.56  22.700  -0.2600
  194.2   -52.00  22.743  -0.2644
  194.6   -52.01  22.785  -0.2641
  195.0   -52.38  22.827  -0.2583
  195.6   -52.27  22.868  -0.2613
  195.9   -52.29  22.908  -0.2630
  196.3   -52.47  22.950  -0.2621
  196.8   -52.39  22.992  -0.2714
  197.2   -52.57  23.033  -0.2687
  197.6   -52.52  23.072  -0.2674
  197.9   -53.00  23.114  -0.2716
  198.4   -52.87  23.152  -0.2669
  198.8   -52.79  23.195  -0.2673
  199.2   -53.04  23.236  -0.2699
  199.6   -53.30  23.280  -0.2704
  200.1   -53.23  23.322  -0.2726
  200.5   -53.23  23.364  -0.2798
  200.9   -53.54  23.406  -0.2802
  201.5   -53.16  23.452  -0.2756
  201.9   -53.37  23.494  -0.2775
  202.4   -53.50  23.536  -0.2860
  202.8   -53.58  23.584  -0.2735
  203.3   -53.77  23.628  -0.2793
  203.7   -53.70  23.674  -0.2801
  204.2   -53.87  23.718  -0.2775
  204.5   -53.93  23.762  -0.2789
  205.1   -54.07  23.807  -0.2794
  205.6   -53.94  23.851  -0.2846
  206.0   -53.90  23.891  -0.2850
  206.4   -54.16  23.936  -0.2850
  206.8   -54.29  23.979  -0.2844
  207.3   -54.17  24.021  -0.2853
  207.7   -54.40  24.065  -0.2900
  208.0   -54.47  24.105  -0.2959
  208.5   -54.54  24.145  -0.2955
  209.1   -54.30  24.187  -0.2943
  209.4   -54.48  24.229  -0.2998
  210.0   -54.23  24.272  -0.2995
  210.3   -54.51  24.318  -0.2975
  210.9   -54.47  24.360  -0.3005
  211.2   -54.31  24.404  -0.3022
  211.6   -54.82  24.448  -0.2953
  212.2   -54.53  24.491  -0.3010
  212.6   -54.46  24.535  -0.2976
  213.2   -54.22  24.579  -0.2969
  213.6   -54.42  24.627  -0.2970
  214.0   -54.57  24.673  -0.2989
  214.5   -54.58  24.718  -0.3035
  215.0   -54.64  24.762  -0.3030
  215.4   -54.85  24.805  -0.3074
  215.8   -54.66  24.850  -0.3049
  216.3   -54.63  24.895  -0.3030
  216.8   -54.46  24.937  -0.3101
  217.1   -54.96  24.980  -0.3049
  217.7   -54.70  25.023  -0.3069
  218.2   -54.30  25.062  -0.3091
  218.5   -54.35  25.103  -0.3093
  219.0   -54.68  25.142  -0.3148
  219.3   -54.64  25.184  -0.3119
  219.9   -54.36  25.227  -0.3109
  220.3   -54.37  25.267  -0.3112
  220.8   -54.37  25.309  -0.3149
  221.1   -54.32  25.350  -0.3121
  221.5   -54.46  25.389  -0.3123
  222.1   -54.30  25.431  -0.3146
  222.5   -54.00  25.473  -0.3093
  222.9   -54.26  25.515  -0.3121
  223.3   -54.31  25.558  -0.3156
  224.0   -53.76  25.602  -0.3247
  224.3   -54.10  25.643  -0.3208
  224.8   -53.94  25.687  -0.3191
  225.1   -54.33  25.730  -0.3220
  225.7   -53.71  25.774  -0.3199
  226.1   -53.94  25.817  -0.3184
  226.5   -54.05  25.858  -0.3207
  227.0   -53.52  25.900  -0.3216
  227.6   -53.61  25.943  -0.3177
  227.9   -53.70  25.987  -0.3194
  228.4   -53.54  26.029  -0.3268
  228.8   -53.70  26.068  -0.3228
  229.4   -53.43  26.109  -0.3201
  229.8   -53.25  26.150  -0.3233
  230.1   -53.07  26.194  -0.3321
  230.7   -52.91  26.236  -0.3284
  231.1   -52.96  26.276  -0.3362
  231.5   -52.99  26.318  -0.3346
  232.0   -52.91  26.361  -0.3338
  232.5   -52.59  26.402  -0.3355
  232.9   -52.73  26.445  -0.3305
  233.3   -52.55  26.487  -0.3290
  233.8   -52.47  26.529  -0.3276
  234.3   -52.33  26.572  -0.3295
  234.8   -51.95  26.616  -0.3255
  235.2   -52.18  26.659  -0.3247
  235.8   -51.50  26.704  -0.3194
  236.2   -51.87  26.747  -0.3313
  236.6   -51.82  26.787  -0.3280
  237.1   -51.67  26.827  -0.3281
  237.5   -51.51  26.870  -0.3214
  237.9   -51.43  26.910  -0.3177
  238.4   -51.32  26.952  -0.3260
  238.8   -51.24  26.994  -0.3264
  239.2   -51.12  27.034  -0.3270
  239.7   -50.85  27.074  -0.3316
  240.1   -50.77  27.112  -0.3308
  240.6   -50.44  27.152  -0.3368
  241.1   -50.29  27.195  -0.3287
  241.4   -50.52  27.235  -0.3365
  241.9   -50.13  27.277  -0.3318
  242.3   -50.23  27.320  -0.3295
  242.7   -50.11  27.362  -0.3347
  243.3   -49.70  27.405  -0.3323
  243.8   -49.43  27.449  -0.3357
  244.2   -49.65  27.491  -0.3328
  244.7   -49.16  27.534  -0.3338
  245.1   -49.07  27.578  -0.3268
  245.6   -48.82  27.621  -0.3286
  246.0   -49.00  27.665  -0.3330
  246.6   -48.65  27.709  -0.3358
  247.1   -48.13  27.753  -0.3337
  247.5   -48.22  27.794  -0.3310
  247.9   -47.99  27.837  -0.3349
  248.3   -47.79  27.879  -0.3368
  248.8   -47.74  27.919  -0.3387
  249.2   -47.53  27.963  -0.3302
  249.8   -47.24  28.003  -0.3362
  250.0   -47.36  28.045  -0.3355
  250.6   -46.94  28.088  -0.3345
  251.1   -46.65  28.127  -0.3352
  251.5   -46.70  28.169  -0.3293
  251.8   -46.67  28.212  -0.3307
  252.4   -46.14  28.252  -0.3325
  252.8   -46.06  28.291  -0.3382
  253.3   -46.00  28.332  -0.3316
  253.7   -45.84  28.371  -0.3387
  254.1   -45.55  28.415  -0.3383
  254.6   -45.28  28.459  -0.3356
  255.1   -45.10  28.499  -0.3316
  255.5   -45.18  28.542  -0.3366
  256.0   -44.76  28.586  -0.3404
  256.5   -44.62  28.628  -0.3396
  256.9   -44.39  28.672  -0.3353
  257.4   -44.31  28.715  -0.3352
  257.8   -44.26  28.758  -0.3377
  258.4   -43.68  28.801  -0.3403
  258.7   -43.57  28.842  -0.3401
  259.3   -43.35  28.883  -0.3367
  259.7   -43.06  28.925  -0.3413
  260.2   -42.92  28.965  -0.3394
  260.6   -42.88  29.006  -0.3432
  261.0   -42.62  29.049  -0.3391
  261.6   -42.29  29.094  -0.3452
  262.0   -42.27  29.141  -0.3476
  262.6   -41.58  29.186  -0.3408
  263.0   -41.70  29.226  -0.3439
  263.5   -41.34  29.269  -0.3398
  263.9   -41.22  29.309  -0.3377
  264.3   -41.14  29.350  -0.3448
  264.9   -40.44  29.394  -0.3393
  265.3   -40.64  29.437  -0.3515
  265.9   -40.15  29.480  -0.3494
  266.3   -40.18  29.524  -0.3509
  266.8   -39.90  29.567  -0.3524
  267.4   -39.33  29.612  -0.3473
  267.8   -39.37  29.656  -0.3515
  268.3   -38.82  29.699  -0.3502
  268.7   -38.95  29.740  -0.3486
  269.2   -38.68  29.780  -0.3549
  269.5   -38.94  29.819  -0.3546
  270.1   -38.10  29.861  -0.3512
  270.6   -38.12  29.906  -0.3573
  270.9   -38.13  29.947  -0.3602
  271.5   -37.59  29.987  -0.3571
  271.9   -37.51  30.030  -0.3569
  272.5   -37.30  30.073  -0.3635
  272.8   -37.30  30.115  -0.3681
  273.3   -36.71  30.155  -0.3689
  273.8   -36.72  30.199  -0.3638
  274.3   -36.43  30.242  -0.3668
  274.8   -36.11  30.287  -0.3693
  275.3   -35.82  30.332  -0.3683
  275.7   -35.71  30.374  -0.3651
  276.3   -35.41  30.421  -0.3713
  276.8   -35.10  30.465  -0.3709
  277.3   -34.86  30.510  -0.3698
  277.8   -34.65  30.557  -0.3716
  278.3   -34.52  30.601  -0.3788
  278.9   -33.83  30.648  -0.3765
  279.3   -33.94  30.695  -0.3789
  279.9   -33.48  30.737  -0.3817
  280.3   -33.44  30.781  -0.3801
  280.9   -32.98  30.825  -0.3853
  281.3   -32.99  30.866  -0.3914
  281.9   -32.17  30.910  -0.3989
  282.3   -32.26  30.954  -0.3940
  282.8   -32.11  30.996  -0.4003
  283.3   -31.75  31.039  -0.4096
  283.7   -31.49  31.081  -0.4061
  284.3   -31.24  31.123  -0.4153
  284.8   -30.89  31.167  -0.4159
  285.2   -30.70  31.211  -0.4119
  285.8   -30.24  31.253  -0.4181
  286.3   -30.18  31.297  -0.4216
  286.8   -29.84  31.338  -0.4320
  287.2   -29.30  31.382  -0.4421
  287.8   -29.17  31.427  -0.4404
  288.2   -29.13  31.472  -0.4543
  288.8   -28.63  31.516  -0.4574
  289.3   -28.31  31.562  -0.4629
  289.8   -28.07  31.608  -0.4711
  290.4   -27.66  31.653  -0.4783
  290.9   -27.35  31.697  -0.4897
  291.5   -26.47  31.740  -0.4957
  292.0   -26.13  31.784  -0.5057
  292.6   -25.93  31.827  -0.5184
  293.0   -25.38  31.866  -0.5271
  293.4   -25.43  31.907  -0.5386
  293.9   -24.73  31.950  -0.5549
  294.5   -24.09  31.990  -0.5634
  294.9   -23.54  32.031  -0.5793
  295.5   -22.82  32.072  -0.5890
  296.0   -22.22  32.110  -0.5956
  296.3   -22.15  32.150  -0.6155
  296.9   -21.19  32.192  -0.6364
  297.4   -20.46  32.233  -0.6525
  297.8   -19.83  32.273  -0.6728
  298.4   -18.91  32.315  -0.6923
  298.8   -18.16  32.355  -0.7098
  299.4   -17.09  32.397  -0.7273
  299.9   -15.89  32.441  -0.7511
  300.5   -14.67  32.483  -0.7766
  300.9   -13.68  32.524  -0.7975
  301.4   -12.61  32.567  -0.8229
  301.9   -10.89  32.614  -0.8491
  302.4    -9.74  32.658  -0.8658
  303.1    -8.23  32.699  -0.8951
  303.6    -6.88  32.738  -0.9217
  303.9    -5.55  32.779  -0.9550
  304.4    -3.94  32.819  -0.9796
  304.9    -2.59  32.862  -1.0024
  305.6    -0.51  32.904  -1.0242
  306.0     1.34  32.948  -1.0476
  306.6     3.08  32.991  -1.0688
  307.2     4.62  33.033  -1.0942
  307.7     5.86  33.074  -1.1156
  308.2     7.58  33.112  -1.1318
  308.7     9.00  33.151  -1.1481
  309.3    10.48  33.196  -1.1625
  309.8    11.61  33.238  -1.1802
  310.4    13.35  33.278  -1.1961
  310.8    13.81  33.320  -1.2160
  311.4    15.12  33.361  -1.2322
  311.9    16.27  33.401  -1.2524
  312.4    17.06  33.444  -1.2662
  313.0    18.04  33.485  -1.2789
  313.5    18.70  33.528  -1.2958
  314.1    19.38  33.572  -1.3124
  314.7    20.32  33.614  -1.3246
  315.3    21.10  33.657  -1.3423
  315.7    21.73  33.699  -1.3624
  316.5    22.68  33.739  -1.3762
  317.0    23.29  33.783  -1.3888
  317.4    23.49  33.825  -1.4097
  318.0    24.30  33.866  -1.4313
  318.4    24.59  33.908  -1.4419
  319.0    25.44  33.950  -1.4664
  319.6    26.02  33.990  -1.4850
  320.1    26.38  34.030  -1.4907
  320.7    27.17  34.068  -1.5156
  321.1    27.67  34.108  -1.5363
  321.7    28.49  34.149  -1.5426
  322.1    29.38  34.190  -1.5711
  322.6    29.62  34.233  -1.5996
  323.1    30.28  34.274  -1.6128
  323.6    31.14  34.314  -1.6489
  324.2    32.23  34.355  -1.6774
  324.7    33.23  34.397  -1.6998
  325.2    34.15  34.439  -1.7406
  325.9    35.98  34.481  -1.7714
  326.3    36.95  34.522  -1.7940
  326.8    38.19  34.565  -1.8377
  327.3    40.26  34.619  -1.8805
  328.0    42.39  34.673  -1.9267
  328.6    44.86  34.717  -1.9828
  329.3    47.46  34.759  -2.0105
  329.8    49.58  34.800  -2.0475
  330.4    51.91  34.842  -2.0810
  330.8    54.15  34.885  -2.0966
  331.4    56.05  34.926  -2.1244
  332.0    58.46  34.967  -2.1363
  332.5    59.99  35.007  -2.1491
  333.1    62.11  35.046  -2.1657
  333.6    63.08  35.085  -2.1819
  334.1    64.30  35.120  -2.1768
  334.6    65.43  35.162  -2.1880
  335.2    66.52  35.204  -2.2054
  335.7    67.48  35.244  -2.2044
  336.3    68.21  35.286  -2.2171
  337.0    69.10  35.330  -2.2249
  337.5    69.53  35.371  -2.2236
  338.1    70.47  35.415  -2.2411
  338.6    70.63  35.456  -2.2369
  339.1    71.25  35.498  -2.2415
  339.7    71.69  35.541  -2.2377
  340.2    71.61  35.585  -2.2543
  340.8    71.86  35.631  -2.2662
  341.4    72.14  35.674  -2.2662
  341.9    72.12  35.719  -2.2732
  342.5    71.84  35.764  -2.2758
  343.0    71.31  35.809  -2.2859
  343.7    71.57  35.851  -2.2860
  344.1    71.10  35.895  -2.2911
  344.6    70.87  35.938  -2.2898
  345.1    70.15  35.983  -2.2879
  345.7    69.85  36.027  -2.2938
  346.1    69.62  36.070  -2.2944
  346.8    69.04  36.113  -2.3057
  347.2    68.41  36.154  -2.3024
  347.7    67.70  36.198  -2.3041
  348.2    67.05  36.242  -2.3080
  348.6    66.21  36.286  -2.3145
  349.1    65.52  36.330  -2.3111
  349.7    65.05  36.373  -2.3120
  350.1    63.90  36.417  -2.3139
  350.7    63.16  36.462  -2.3178
  351.0    62.64  36.505  -2.3168
  351.6    61.89  36.548  -2.3208
  352.0    60.91  36.591  -2.3245
  352.4    59.85  36.645  -2.3269
  353.2    59.26  36.701  -2.3238
  353.6    58.09  36.746  -2.3318
  354.1    57.21  36.789  -2.3259
  354.5    56.57  36.834  -2.3316
  354.9    55.64  36.877  -2.3280
  355.5    55.20  36.922  -2.3334
  355.8    54.06  36.964  -2.3270
  356.2    53.09  37.008  -2.3347
  356.8    52.77  37.053  -2.3306
  357.1    51.64  37.095  -2.3379
  357.5    51.02  37.138  -2.3272
  358.0    50.29  37.183  -2.3361
  358.3    49.23  37.229  -2.3351
  358.8    48.58  37.274  -2.3361
  359.3    47.92  37.318  -2.3285
  359.7    47.31  37.364  -2.3404
  360.0    46.12  37.411  -2.3340
  360.6    45.79  37.457  -2.3382
  361.0    44.73  37.501  -2.3384
  361.4    44.01  37.547  -2.3483
  361.8    43.23  37.594  -2.3384
  362.2    42.74  37.640  -2.3352
  362.7    42.04  37.684  -2.3300
  363.0    41.33  37.729  -2.3400
  363.4    40.66  37.771  -2.3330
  363.9    40.22  37.815  -2.3418
  364.2    39.24  37.859  -2.3392
  364.6    38.80  37.902  -2.3415
  365.0    38.36  37.949  -2.3388
  365.4    37.63  37.995  -2.3441
  365.9    37.25  38.037  -2.3479
  366.2    36.49  38.078  -2.3382
  366.7    36.22  38.119  -2.3452
  366.9    35.42  38.163  -2.3379
  367.4    35.12  38.207  -2.3472
  367.8    34.74  38.249  -2.3500
  368.2    34.07  38.295  -2.3430
  368.7    33.61  38.338  -2.3544
  369.0    33.06  38.377  -2.3492
  369.3    32.73  38.420  -2.3536
  369.6    32.22  38.461  -2.3540
  370.0    31.85  38.503  -2.3479
  370.4    31.50  38.547  -2.3530
  370.8    31.06  38.590  -2.3441
  371.3    30.69  38.632  -2.3587
  371.5    30.07  38.675  -2.3545
  372.0    29.88  38.717  -2.3561
  372.4    29.72  38.761  -2.3626
  372.7    29.01  38.805  -2.3576
  373.1    28.67  38.847  -2.3573
  373.5    28.05  38.890  -2.3637
  373.9    27.74  38.934  -2.3555
  374.5    27.72  38.976  -2.3574
  374.6    27.05  39.017  -2.3597
  375.1    27.01  39.056  -2.3483
  375.4    26.55  39.093  -2.3527
  375.9    26.41  39.134  -2.3588
  376.1    26.17  39.174  -2.3514
  376.4    25.66  39.215  -2.3549
  377.0    25.62  39.257  -2.3644
  377.3    25.57  39.296  -2.3544
  377.6    24.96  39.339  -2.3567
  378.1    24.36  39.380  -2.3651
  378.5    24.46  39.422  -2.3584
  378.8    24.03  39.463  -2.3605
  379.2    24.00  39.504  -2.3646
  379.5    23.58  39.547  -2.3561
  380.0    23.48  39.593  -2.3598
  380.3    23.11  39.635  -2.3622
  380.8    23.20  39.681  -2.3497
  381.1    22.58  39.723  -2.3537
  381.6    22.40  39.763  -2.3648
  382.0    22.47  39.805  -2.3589
  382.3    21.93  39.847  -2.3555
  382.7    21.75  39.889  -2.3584
  383.0    21.51  39.932  -2.3611
  383.4    21.25  39.974  -2.3489
  383.8    21.02  40.015  -2.3524
  384.2    21.13  40.057  -2.3607
  384.7    21.02  40.095  -2.3566
  385.1    20.77  40.135  -2.3522
  385.4    20.69  40.178  -2.3647
  385.9    20.47  40.221  -2.3630
  386.2    20.04  40.262  -2.3541
  386.5    19.73  40.304  -2.3610
  387.0    19.88  40.343  -2.3656
  387.4    19.93  40.385  -2.3518
  387.8    19.48  40.427  -2.3594
  388.0    19.05  40.469  -2.3688
  388.6    19.25  40.512  -2.3664
  389.0    19.09  40.555  -2.3597
  389.3    18.86  40.599  -2.3719
  389.8    18.75  40.641  -2.3707
  390.2    18.70  40.684  -2.3625
  390.5    18.34  40.726  -2.3697
  391.0    18.46  40.768  -2.3726
  391.4    18.32  40.808  -2.3703
  391.8    17.97  40.850  -2.3642
  392.2    17.86  40.892  -2.3716
  392.6    17.94  40.932  -2.3648
  393.0    17.78  40.973  -2.3593
  393.4    17.45  41.014  -2.3706
  393.8    17.76  41.054  -2.3621
  394.2    17.46  41.095  -2.3651
  394.6    17.41  41.135  -2.3702
  394.9    17.32  41.176  -2.3744
  395.3    17.30  41.217  -2.3624
  395.9    17.18  41.257  -2.3675
  396.1    16.82  41.298  -2.3791
  396.6    17.07  41.340  -2.3694
  396.9    16.72  41.381  -2.3694
  397.4    16.82  41.424  -2.3718
  397.7    16.73  41.466  -2.3641
  398.1    16.70  41.508  -2.3686
  398.6    16.80  41.551  -2.3721
  398.9    16.47  41.594  -2.3659
  399.4    16.53  41.639  -2.3699
  399.7    16.45  41.684  -2.3702
  400.2    16.43  41.726  -2.3616
  400.7    16.37  41.769  -2.3792
  401.1    16.41  41.813  -2.3783
  401.5    16.26  41.857  -2.3714
  402.0    16.49  41.900  -2.3787
  402.3    15.97  41.946  -2.3722
  402.8    16.21  41.988  -2.3773
  403.2    16.07  42.033  -2.3655
  403.5    15.61  42.074  -2.3711
  404.1    15.88  42.115  -2.3780
  404.5    15.77  42.160  -2.3696
  404.9    15.63  42.205  -2.3804
  405.3    15.74  42.249  -2.3705
  405.8    15.31  42.293  -2.3791
  406.2    15.52  42.339  -2.3703
  406.7    15.62  42.383  -2.3757
  407.1    15.64  42.428  -2.3716
  407.5    15.41  42.471  -2.3829
  408.0    15.62  42.514  -2.3760
  408.5    15.77  42.559  -2.3807
  408.9    15.39  42.605  -2.3722
  409.3    15.37  42.651  -2.3808
  409.8    15.17  42.696  -2.3727
  410.2    15.11  42.738  -2.3785
  410.5    15.11  42.781  -2.3723
  411.0    14.92  42.826  -2.3781
  411.5    15.20  42.870  -2.3726
  411.9    14.85  42.914  -2.3836
  412.4    15.39  42.961  -2.3806
  412.7    14.82  43.003  -2.3818
  413.3    15.09  43.049  -2.3753
  413.7    15.16  43.092  -2.3815
  414.1    15.03  43.132  -2.3860
  414.5    14.71  43.176  -2.3715
  414.9    14.74  43.217  -2.3837
  415.4    15.21  43.260  -2.3786
  415.8    14.79  43.305  -2.3758
  416.3    14.94  43.346  -2.3892
  416.7    14.91  43.388  -2.3808
  417.0    14.85  43.432  -2.3898
  417.5    14.59  43.475  -2.3837
  417.8    14.72  43.519  -2.3897
  418.5    15.00  43.562  -2.3927
  418.8    14.81  43.604  -2.3847
  419.3    15.11  43.649  -2.3944
  419.6    14.64  43.692  -2.3896
  420.1    15.01  43.733  -2.3921
  420.6    14.87  43.776  -2.3996
  420.9    14.70  43.816  -2.3963
  421.4    15.14  43.855  -2.3954
  421.8    14.98  43.899  -2.4039
  422.1    14.86  43.942  -2.3898
  422.5    14.59  43.986  -2.3892
  423.0    14.68  44.028  -2.4036
  423.4    14.75  44.068  -2.3968
  423.8    14.91  44.107  -2.3956
  424.2    14.65  44.149  -2.4039
  424.5    14.55  44.191  -2.3999
  425.0    14.73  44.232  -2.3876
  425.5    14.95  44.271  -2.4013
  425.9    15.00  44.312  -2.4068
  426.3    14.66  44.353  -2.3977
  426.6    14.91  44.393  -2.3932
  427.1    14.67  44.436  -2.4004
  427.4    14.71  44.478  -2.3892
  427.9    14.84  44.519  -2.3897
  428.3    14.76  44.562  -2.3986
  428.9    15.20  44.606  -2.3952
  429.2    14.61  44.650  -2.3968
  429.7    14.96  44.692  -2.4046
  430.1    14.92  44.732  -2.3964
  430.4    14.77  44.776  -2.3885
  430.8    14.84  44.819  -2.3981
  431.3    14.75  44.859  -2.3947
  431.7    14.93  44.899  -2.3879
  432.0    14.45  44.939  -2.4006
  432.6    15.05  44.980  -2.3986
  432.8    14.63  45.021  -2.3991
  433.2    14.82  45.062  -2.4050
  433.6    14.50  45.103  -2.3958
  434.2    14.94  45.147  -2.4059
  434.7    15.26  45.188  -2.3992
  435.0    14.78  45.229  -2.4049
  435.4    14.92  45.272  -2.4040
  435.9    14.88  45.313  -2.3993
  436.3    14.84  45.355  -2.4026
  436.7    14.93  45.397  -2.3989
  437.1    14.94  45.438  -2.4093
  437.5    14.94  45.479  -2.4062
  437.8    14.73  45.522  -2.4190
  438.4    15.24  45.567  -2.4107
  438.8    14.86  45.610  -2.4184
  439.2    14.98  45.652  -2.4097
  439.6    14.95  45.695  -2.4146
  440.0    14.92  45.739  -2.4097
  440.5    14.90  45.778  -2.4049
  440.9    14.84  45.819  -2.4183
  441.2    14.64  45.861  -2.4099
  441.7    14.92  45.902  -2.4197
  442.1    14.82  45.945  -2.4092
  442.6    14.86  45.987  -2.4201
  443.0    14.80  46.026  -2.4224
  443.4    14.93  46.066  -2.4182
  443.8    14.69  46.107  -2.4304
  444.1    14.90  46.146  -2.4217
  444.6    14.84  46.189  -2.4204
  445.0    15.01  46.230  -2.4294
  445.4    14.99  46.269  -2.4270
  445.8    14.95  46.311  -2.4293
  446.2    15.03  46.352  -2.4252
  446.5    14.55  46.396  -2.4307
  447.1    14.98  46.437  -2.4267
  447.3    14.79  46.479  -2.4347
  447.7    14.49  46.523  -2.4313
  448.2    14.95  46.566  -2.4338
  448.7    15.21  46.610  -2.4319
  449.1    14.84  46.652  -2.4237
  449.5    14.71  46.697  -2.4318
  450.0    15.08  46.740  -2.4250
  450.4    14.86  46.785  -2.4256
  450.8    14.63  46.829  -2.4247
  451.3    14.70  46.873  -2.4326
  451.7    14.81  46.919  -2.4366
  452.1    14.81  46.961  -2.4413
  452.6    14.81  47.005  -2.4315
  453.1    15.00  47.047  -2.4363
  453.3    14.51  47.087  -2.4308
  453.7    14.57  47.128  -2.4377
  454.1    14.78  47.170  -2.4334
  454.5    14.44  47.216  -2.4406
  455.0    14.71  47.262  -2.4331
  455.5    14.67  47.305  -2.4370
  456.0    14.90  47.349  -2.4404
  456.3    14.63  47.393  -2.4401
  456.9    14.83  47.440  -2.4460
  457.2    14.75  47.484  -2.4396
  457.6    14.56  47.528  -2.4439
  458.1    14.84  47.574  -2.4467
  458.5    14.76  47.620  -2.4378
  458.9    14.27  47.667  -2.4407
  459.4    14.56  47.711  -2.4421
  459.8    14.41  47.754  -2.4433
  460.3    14.66  47.800  -2.4485
  460.8    14.81  47.843  -2.4483
  461.1    14.28  47.888  -2.4423
  461.7    14.58  47.933  -2.4573
  462.0    14.23  47.977  -2.4532
  462.4    14.40  48.021  -2.4520
  462.8    14.21  48.064  -2.4611
  463.4    14.51  48.106  -2.4545
  463.7    14.44  48.150  -2.4513
  464.2    14.36  48.195  -2.4584
  464.6    14.23  48.240  -2.4538
  465.0    14.10  48.285  -2.4544
  465.5    14.45  48.328  -2.4523
  465.9    14.18  48.368  -2.4436
  466.4    14.16  48.411  -2.4578
  466.8    14.17  48.453  -2.4516
  467.1    14.01  48.496  -2.4541
  467.7    14.34  48.540  -2.4481
  468.0    13.76  48.584  -2.4534
  468.5    14.10  48.628  -2.4584
  469.0    14.06  48.672  -2.4540
  469.4    14.34  48.715  -2.4618
  469.9    14.22  48.758  -2.4533
  470.1    13.70  48.800  -2.4666
  470.7    14.00  48.841  -2.4652
  471.1    14.30  48.882  -2.4574
  471.5    13.96  48.924  -2.4641
  471.9    14.08  48.965  -2.4707
  472.3    13.90  49.007  -2.4587
  472.8    14.11  49.044  -2.4639
  473.0    13.64  49.083  -2.4734
  473.5    13.90  49.121  -2.4685
  473.8    13.82  49.163  -2.4672
  474.3    14.07  49.203  -2.4756
  474.8    14.47  49.242  -2.4698
  475.0    13.76  49.282  -2.4711
  475.4    13.64  49.324  -2.4738
  475.8    13.59  49.365  -2.4725
  476.2    13.63  49.409  -2.4823
  476.6    13.66  49.451  -2.4718
  477.0    13.45  49.492  -2.4733
  477.5    13.74  49.537  -2.4708
  478.0    13.83  49.582  -2.4718
  478.4    13.58  49.624  -2.4828
  478.8    13.68  49.668  -2.4715
  479.1    13.30  49.708  -2.4803
  479.6    13.72  49.749  -2.4807
  480.0    13.63  49.792  -2.4795
  480.4    13.66  49.834  -2.4829
  480.7    13.39  49.874  -2.4726
  481.1    13.39  49.916  -2.4853
  481.7    13.88  49.958  -2.4766
  481.9    13.23  49.999  -2.4779
  482.5    13.68  50.039  -2.4824
  482.7    13.30  50.079  -2.4772
  483.1    13.48  50.119  -2.4922
  483.5    13.31  50.161  -2.4861
  483.9    13.20  50.201  -2.4856
  484.3    13.19  50.242  -2.4889
  484.7    13.40  50.283  -2.4819
  485.2    13.23  50.325  -2.4880
  485.6    13.50  50.367  -2.4799
  485.9    12.87  50.410  -2.4898
  486.4    13.07  50.452  -2.4837
  486.8    13.17  50.495  -2.4891
  487.2    13.18  50.535  -2.4888
  487.7    12.92  50.581  -2.4831
  488.0    12.96  50.622  -2.4941
  488.6    13.30  50.665  -2.4811
  488.9    12.84  50.710  -2.4888
  489.3    12.87  50.751  -2.4781
  489.8    12.97  50.792  -2.4916
  490.2    13.03  50.835  -2.4893
  490.6    13.11  50.876  -2.4911
  490.9    12.79  50.918  -2.4923
  491.4    12.79  50.962  -2.4948
  491.8    12.56  51.004  -2.5023
  492.3    12.91  51.045  -2.4926
  492.6    12.95  51.085  -2.5032
  493.0    12.73  51.127  -2.4962
  493.5    13.07  51.171  -2.4952
  493.8    12.61  51.212  -2.4982
  494.2    12.62  51.252  -2.4891
  494.5    12.41  51.296  -2.5000
  495.1    12.82  51.336  -2.4875
  495.4    12.74  51.378  -2.4930
  495.8    12.53  51.421  -2.4931
  496.2    12.68  51.462  -2.4844
  496.6    12.71  51.504  -2.4958
  497.0    12.89  51.548  -2.4927
  497.4    12.45  51.590  -2.5020
  498.0    12.75  51.633  -2.5051
  498.3    12.55  51.676  -2.5000
  498.7    12.30  51.720  -2.5078
  499.2    12.69  51.766  -2.5024
  499.5    12.25  51.809  -2.5023
  500.0    12.53  51.852  -2.5105
  500.5    12.50  51.897  -2.5031
  500.8    12.15  51.941  -2.5142
  501.3    12.44  51.984  -2.5092
  501.8    12.41  52.028  -2.5112
  502.2    12.46  52.073  -2.5102
  502.6    12.11  52.115  -2.5061
  503.0    12.32  52.157  -2.5166
  503.4    12.14  52.200  -2.5100
  503.9    12.26  52.243  -2.5185
  504.2    12.10  52.286  -2.5142
  504.7    12.25  52.330  -2.5064
  505.1    12.05  52.373  -2.5157
  505.4    11.87  52.418  -2.5118
  505.9    11.83  52.461  -2.5128
  506.2    11.71  52.503  -2.5204
  506.8    11.71  52.550  -2.5117
  507.1    11.63  52.596  -2.5133
  507.6    11.95  52.640  -2.5201
  508.1    11.98  52.686  -2.5176
  508.6    11.84  52.731  -2.5171
  508.9    11.75  52.777  -2.5228
  509.4    11.90  52.822  -2.5196
  509.7    11.73  52.865  -2.5126
  510.2    11.68  52.909  -2.5245
  510.7    11.80  52.953  -2.5267
  511.1    11.65  52.998  -2.5165
  511.6    11.94  53.042  -2.5294
  512.0    11.86  53.082  -2.5282
  512.2    11.27  53.124  -2.5171
  512.7    11.72  53.166  -2.5314
  513.1    11.46  53.209  -2.5336
  513.6    11.68  53.254  -2.5281
  514.0    11.41  53.298  -2.5408
  514.4    11.77  53.340  -2.5337
  514.7    11.56  53.380  -2.5281
  515.1    11.10  53.421  -2.5351
  515.5    11.15  53.464  -2.5249
  516.1    11.70  53.506  -2.5314
  516.4    11.36  53.547  -2.5393
  516.9    11.55  53.591  -2.5283
  517.2    11.19  53.635  -2.5315
  517.6    11.36  53.679  -2.5337
  518.0    11.13  53.720  -2.5286
  518.3    10.81  53.761  -2.5413
  519.0    11.51  53.801  -2.5331
  519.1    11.02  53.842  -2.5346
  519.7    11.32  53.883  -2.5424
  520.0    11.02  53.926  -2.5324
  520.5    11.38  53.969  -2.5385
  520.9    11.44  54.010  -2.5449
  521.2    11.20  54.050  -2.5347
  521.7    11.21  54.090  -2.5455
  521.9    11.18  54.131  -2.5437
  522.5    11.49  54.174  -2.5350
  522.7    11.00  54.214  -2.5343
  523.1    10.90  54.253  -2.5327
  523.6    11.17  54.295  -2.5309
  523.9    10.82  54.335  -2.5383
  524.3    11.14  54.376  -2.5286
  524.8    11.08  54.420  -2.5179
  525.0    10.71  54.462  -2.5314
  525.6    11.19  54.504  -2.5324
  526.0    10.86  54.549  -2.5263
  526.4    10.75  54.592  -2.5343
  526.8    10.75  54.635  -2.5370
  527.3    10.92  54.679  -2.5368
  527.7    10.59  54.719  -2.5523
  528.0    10.63  54.760  -2.5417
  528.4    10.61  54.802  -2.5499
  528.8    10.51  54.845  -2.5442
  529.3    10.89  54.887  -2.5465
  529.7    10.67  54.929  -2.5464
  530.1    10.66  54.973  -2.5455
  530.6    10.68  55.013  -2.5517
  530.9    10.74  55.053  -2.5446
  531.4    10.68  55.096  -2.5582
  531.6    10.18  55.146  -2.5479
  532.2    10.28  55.198  -2.5578
  532.7    10.58  55.239  -2.5482
  533.2    10.57  55.281  -2.5601
  533.6    10.72  55.322  -2.5582
  533.9    10.27  55.365  -2.5547
  534.5    10.47  55.424  -2.5590
  535.1    10.23  55.477  -2.5543
  535.5    10.14  55.519  -2.5612
  535.9    10.13  55.570  -2.5540
  536.4     9.90  55.614  -2.5548
  537.0    10.39  55.657  -2.5621
  537.3    10.23  55.699  -2.5511
  537.8    10.28  55.741  -2.5637
  538.1    10.36  55.781  -2.5610
  538.6    10.26  55.825  -2.5608
  538.8     9.67  55.866  -2.5703
  539.3     9.96  55.906  -2.5643
  539.7     9.91  55.949  -2.5637
  540.1     9.76  55.990  -2.5669
  540.5     9.99  56.028  -2.5698
  540.9     9.92  56.066  -2.5816
  541.3     9.79  56.105  -2.5722
  541.7     9.85  56.147  -2.5793
  542.0     9.77  56.187  -2.5804
  542.5     9.69  56.230  -2.5816
  542.9     9.76  56.273  -2.5797
  543.3     9.86  56.315  -2.5832
  543.8     9.73  56.357  -2.5792
  544.1     9.76  56.401  -2.5772
  544.6     9.72  56.443  -2.5749
  545.0     9.60  56.484  -2.5793
  545.5    10.07  56.527  -2.5686
  545.9     9.86  56.569  -2.5658
  546.3     9.90  56.612  -2.5662
  546.6     9.52  56.655  -2.5713
  547.1     9.45  56.700  -2.5739
  547.5     9.60  56.746  -2.5724
  548.0     9.51  56.790  -2.5731
  548.3     9.34  56.834  -2.5708
  548.9     9.69  56.879  -2.5846
  549.2     9.39  56.924  -2.5729
  549.6     9.49  56.967  -2.5736
  550.2     9.50  57.012  -2.5725
  550.6     9.56  57.055  -2.5807
  551.0     9.20  57.099  -2.5759
  551.4     9.32  57.142  -2.5662
  551.9     9.58  57.187  -2.5688
  552.4     9.70  57.230  -2.5725
  552.8     9.63  57.274  -2.5817
  553.2     9.34  57.319  -2.5672
  553.6     9.30  57.361  -2.5822
  554.1     9.70  57.406  -2.5801
  554.5     9.51  57.451  -2.5858
  555.0     9.58  57.495  -2.5851
  555.4     9.13  57.542  -2.5812
  555.8     9.00  57.588  -2.5882
  556.3     9.21  57.632  -2.5840
  556.6     8.94  57.677  -2.5879
  557.1     9.00  57.721  -2.5810
  557.7     9.46  57.765  -2.5764
  557.9     8.87  57.810  -2.5824
  558.5     9.32  57.852  -2.5800
  558.9     9.22  57.897  -2.5851
  559.4     9.17  57.941  -2.5804
  559.8     9.04  57.983  -2.5854
  560.2     9.21  58.026  -2.6007
  560.6     8.88  58.069  -2.6001
  561.1     9.20  58.110  -2.6052
  561.5     9.01  58.152  -2.6038
  561.9     9.01  58.196  -2.6048
  562.3     9.13  58.240  -2.6075
  562.7     8.91  58.285  -2.6002
  563.2     9.03  58.329  -2.6110
  563.6     9.14  58.371  -2.6051
  564.0     9.03  58.415  -2.6076
  564.6     9.22  58.459  -2.6072
  564.9     8.82  58.502  -2.6086
  565.4     8.93  58.546  -2.6106
  565.7     9.04  58.590  -2.6045
  566.2     8.95  58.633  -2.6216
  566.6     9.05  58.673  -2.6198
  567.0     8.73  58.717  -2.6225
  567.5     8.98  58.760  -2.6313
  567.9     9.00  58.804  -2.6323
  568.3     8.83  58.846  -2.6411
  568.7     8.96  58.886  -2.6409
  569.2     9.08  58.929  -2.6402
  569.5     8.88  58.972  -2.6412
  569.9     8.64  59.012  -2.6416
  570.4     8.98  59.050  -2.6314
  570.7     8.73  59.090  -2.6417
  571.0     8.60  59.130  -2.6562
  571.6     8.98  59.173  -2.6465
  571.9     8.69  59.214  -2.6411
  572.3     8.59  59.254  -2.6465
  572.7     8.82  59.296  -2.6308
  573.2     8.73  59.337  -2.6317
  573.6     8.76  59.379  -2.6409
  574.0     8.91  59.421  -2.6404
  574.4     8.80  59.462  -2.6346
  574.8     8.65  59.505  -2.6393
  575.3     8.87  59.550  -2.6318
  575.6     8.39  59.591  -2.6265
  576.0     8.58  59.635  -2.6341
  576.5     8.75  59.676  -2.6275
  576.9     8.75  59.716  -2.6225
  577.3     8.67  59.757  -2.6350
  577.7     8.64  59.800  -2.6385
  578.0     8.40  59.841  -2.6309
  578.5     8.59  59.883  -2.6349
  578.9     8.31  59.926  -2.6365
  579.4     8.95  59.969  -2.6324
  579.8     8.88  60.010  -2.6372
  580.3     8.96  60.049  -2.6309
  580.6     8.99  60.089  -2.6289
  581.0     8.44  60.129  -2.6412
  581.4     8.72  60.170  -2.6323
  581.8     8.64  60.212  -2.6374
  582.2     8.87  60.253  -2.6423
  582.5     8.46  60.296  -2.6345
  583.0     8.46  60.337  -2.6460
  583.4     8.70  60.377  -2.6466
  583.8     8.53  60.420  -2.6553
  584.3     8.70  60.462  -2.6562
  584.6     8.57  60.502  -2.6443
  585.1     8.69  60.547  -2.6556
  585.4     8.43  60.591  -2.6472
  585.8     8.34  60.633  -2.6567
  586.4     8.76  60.677  -2.6616
  586.9     8.88  60.720  -2.6669
  587.1     8.46  60.760  -2.6717
  587.5     8.52  60.801  -2.6745
  588.0     8.62  60.842  -2.6633
  588.4     8.55  60.884  -2.6650
  588.8     8.46  60.926  -2.6720
  589.3     8.54  60.968  -2.6601
  589.6     8.47  61.008  -2.6586
  590.0     8.32  61.049  -2.6721
  590.5     8.65  61.089  -2.6701
  590.9     8.51  61.132  -2.6570
  591.4     8.59  61.174  -2.6651
  591.6     8.04  61.215  -2.6663
  592.0     8.41  61.259  -2.6574
  592.5     8.46  61.303  -2.6654
  592.9     8.26  61.347  -2.6561
  593.5     8.31  61.392  -2.6621
  593.9     8.61  61.437  -2.6719
  594.3     8.29  61.482  -2.6626
  594.7     8.09  61.529  -2.6632
  595.3     8.50  61.574  -2.6630
  595.6     8.01  61.621  -2.6661
  596.2     8.28  61.667  -2.6636
  596.6     8.03  61.710  -2.6594
  597.1     8.09  61.753  -2.6634
  597.6     8.57  61.795  -2.6526
  598.0     8.55  61.839  -2.6603
  598.4     8.41  61.881  -2.6499
  598.7     8.09  61.925  -2.6542
  599.2     8.11  61.966  -2.6530
  599.6     8.25  62.004  -2.6524
  600.0     8.47  62.046  -2.6549
