   17.7     2.33   0.039   0.0004
   17.8     2.63   0.081  -0.0044
   17.8     2.70   0.120   0.0001
   17.7     2.32   0.159  -0.0057
   17.8     2.33   0.199  -0.0056
   17.7     2.06   0.237  -0.0043
   17.8     2.06   0.277  -0.0084
   17.8     2.34   0.316  -0.0061
   17.9     2.54   0.355  -0.0011
   17.8     1.95   0.394  -0.0048
   17.9     2.29   0.434  -0.0063
   17.8     1.94   0.473  -0.0014
   17.9     2.20   0.512  -0.0047
   17.9     2.16   0.551  -0.0055
   18.0     2.49   0.590  -0.0055
   18.0     2.11   0.629  -0.0123
   17.9     1.91   0.669  -0.0105
   18.0     2.07   0.709  -0.0084
   18.0     2.06   0.749  -0.0146
   18.1     2.57   0.790  -0.0039
   18.2     2.54   0.830  -0.0107
   18.1     2.14   0.871  -0.0078
   18.1     2.21   0.908  -0.0004
   18.0     1.95   0.951  -0.0094
   18.1     1.94   0.993  -0.0029
   18.1     1.99   1.033  -0.0091
   18.2     2.03   1.072  -0.0102
   18.3     2.42   1.110  -0.0052
   18.1     1.93   1.150  -0.0143
   18.3     2.25   1.192  -0.0094
   18.3     2.08   1.234  -0.0130
   18.4     2.19   1.275  -0.0171
   18.3     2.07   1.315  -0.0149
   18.3     1.97   1.357  -0.0263
   18.4     2.08   1.398  -0.0216
   18.5     2.29   1.440  -0.0194
   18.5     2.20   1.480  -0.0282
   18.5     2.16   1.522  -0.0235
   18.5     1.92   1.564  -0.0285
   18.6     1.85   1.607  -0.0338
   18.6     1.90   1.651  -0.0302
   18.7     1.79   1.695  -0.0356
   18.8     2.21   1.738  -0.0304
   18.8     2.02   1.783  -0.0300
   18.8     2.10   1.827  -0.0368
   18.7     1.67   1.870  -0.0279
   19.0     1.99   1.913  -0.0336
   19.0     2.01   1.957  -0.0279
   19.2     2.30   2.000  -0.0299
   19.1     2.18   2.042  -0.0322
   19.1     1.81   2.081  -0.0269
   19.3     2.31   2.123  -0.0331
   19.2     1.81   2.165  -0.0285
   19.3     2.09   2.207  -0.0329
   19.5     2.00   2.251  -0.0306
   19.6     2.09   2.291  -0.0230
   19.6     1.93   2.332  -0.0293
   19.7     2.13   2.374  -0.0259
   19.8     2.17   2.414  -0.0243
   19.9     2.09   2.454  -0.0369
   20.0     2.27   2.498  -0.0349
   20.2     2.34   2.541  -0.0345
   20.1     1.84   2.584  -0.0386
   20.4     2.23   2.627  -0.0294
   20.7     2.47   2.671  -0.0336
   20.7     2.47   2.714  -0.0369
   20.8     2.43   2.756  -0.0313
   20.8     2.21   2.799  -0.0422
   20.8     1.86   2.840  -0.0347
   21.1     2.18   2.881  -0.0419
   21.2     2.30   2.922  -0.0405
   21.4     2.26   2.965  -0.0389
   21.6     2.43   3.008  -0.0431
   21.7     2.23   3.050  -0.0377
   21.9     2.47   3.092  -0.0355
   22.0     2.24   3.132  -0.0416
   22.2     2.24   3.176  -0.0394
   22.3     2.21   3.216  -0.0337
   22.5     1.98   3.258  -0.0443
   22.8     2.44   3.299  -0.0354
   22.9     2.13   3.341  -0.0343
   23.2     2.66   3.386  -0.0426
   23.2     2.38   3.429  -0.0342
   23.5     2.26   3.470  -0.0412
   23.6     2.20   3.510  -0.0437
   23.7     2.02   3.551  -0.0391
   24.0     2.05   3.590  -0.0394
   24.3     2.54   3.631  -0.0452
   24.7     2.85   3.670  -0.0354
   24.8     2.56   3.709  -0.0391
   25.0     2.57   3.754  -0.0460
   25.2     2.50   3.797  -0.0416
   25.4     2.25   3.839  -0.0515
   25.7     2.38   3.882  -0.0471
   25.9     2.54   3.922  -0.0418
   26.2     2.43   3.965  -0.0505
   26.3     2.05   4.010  -0.0463
   26.8     2.68   4.051  -0.0451
   26.9     2.45   4.095  -0.0455
   27.2     2.45   4.139  -0.0379
   27.4     2.07   4.183  -0.0493
   27.7     2.13   4.228  -0.0436
   28.1     2.53   4.274  -0.0485
   28.5     2.34   4.318  -0.0441
   28.6     2.38   4.362  -0.0438
   29.1     2.28   4.407  -0.0498
   29.4     2.76   4.452  -0.0464
   29.6     2.58   4.495  -0.0478
   30.0     2.39   4.541  -0.0514
   30.3     2.57   4.586  -0.0440
   30.6     2.34   4.629  -0.0479
   30.9     2.60   4.673  -0.0513
   31.2     2.38   4.718  -0.0413
   31.7     2.57   4.762  -0.0443
   31.9     2.69   4.806  -0.0384
   32.1     2.08   4.849  -0.0349
   32.6     2.39   4.895  -0.0471
   33.0     2.65   4.940  -0.0398
   33.1     2.28   4.984  -0.0432
   33.6     2.22   5.027  -0.0496
   34.0     2.60   5.070  -0.0460
   34.3     2.65   5.112  -0.0502
   34.7     2.34   5.155  -0.0558
   35.0     2.50   5.197  -0.0547
   35.4     2.26   5.240  -0.0552
   35.6     2.39   5.282  -0.0612
   35.9     2.28   5.325  -0.0577
   36.5     2.67   5.366  -0.0538
   36.7     2.05   5.408  -0.0563
   37.0     2.19   5.450  -0.0559
   37.4     2.10   5.492  -0.0473
   37.8     1.91   5.533  -0.0494
   38.2     2.37   5.575  -0.0540
   38.6     2.67   5.616  -0.0466
   38.9     2.56   5.656  -0.0455
   39.2     2.68   5.699  -0.0520
   39.7     2.53   5.739  -0.0487
   40.0     2.32   5.780  -0.0479
   40.2     1.98   5.824  -0.0500
   40.7     2.17   5.866  -0.0473
   41.2     2.46   5.909  -0.0443
   41.4     2.09   5.951  -0.0483
   41.9     2.50   5.994  -0.0404
   42.1     1.96   6.037  -0.0448
   42.5     1.89   6.081  -0.0478
   43.1     2.55   6.122  -0.0386
   43.4     2.03   6.164  -0.0503
   43.8     2.16   6.204  -0.0461
   44.0     1.67   6.243  -0.0432
   44.5     1.96   6.285  -0.0525
   44.8     1.80   6.324  -0.0411
   45.2     1.87   6.364  -0.0491
   45.7     2.31   6.406  -0.0424
   45.9     1.61   6.447  -0.0493
   46.4     1.96   6.486  -0.0507
   46.7     1.91   6.526  -0.0400
   47.1     1.75   6.568  -0.0529
   47.4     1.47   6.608  -0.0442
   48.0     2.14   6.649  -0.0490
   48.4     2.25   6.690  -0.0462
   48.8     1.97   6.731  -0.0481
   49.1     2.02   6.774  -0.0548
   49.4     1.76   6.814  -0.0441
   49.8     1.90   6.856  -0.0527
   50.3     1.87   6.898  -0.0496
   50.6     1.53   6.937  -0.0540
   51.0     1.58   6.979  -0.0630
   51.4     1.63   7.023  -0.0516
   51.9     1.63   7.066  -0.0600
   52.3     1.51   7.106  -0.0599
   52.8     2.19   7.148  -0.0586
   53.1     1.59   7.191  -0.0600
   53.5     1.63   7.235  -0.0503
   54.0     1.63   7.277  -0.0593
   54.5     2.01   7.320  -0.0542
   54.8     1.81   7.363  -0.0595
   55.1     1.22   7.404  -0.0495
   55.6     1.31   7.446  -0.0606
   56.1     1.57   7.488  -0.0528
   56.3     1.16   7.530  -0.0586
   56.8     1.49   7.572  -0.0554
   57.2     1.46   7.613  -0.0534
   57.6     1.12   7.659  -0.0585
   58.0     1.38   7.701  -0.0525
   58.4     1.09   7.745  -0.0621
   58.9     1.41   7.788  -0.0530
   59.4     1.37   7.831  -0.0613
   59.8     1.66   7.875  -0.0531
   60.2     1.33   7.919  -0.0578
   60.6     1.48   7.961  -0.0570
   61.1     1.37   8.005  -0.0545
   61.4     1.16   8.048  -0.0623
   61.9     1.27   8.091  -0.0523
   62.3     1.07   8.134  -0.0615
   62.8     1.33   8.177  -0.0575
   63.0     1.27   8.217  -0.0522
   63.5     1.04   8.257  -0.0597
   64.1     1.52   8.295  -0.0501
   64.3     1.15   8.334  -0.0526
   64.8     1.16   8.374  -0.0621
   64.9     0.73   8.413  -0.0527
   65.4     0.82   8.453  -0.0585
   65.8     0.94   8.493  -0.0629
   66.4     1.59   8.532  -0.0529
   66.5     0.75   8.574  -0.0569
   67.1     1.06   8.616  -0.0589
   67.5     1.24   8.657  -0.0513
   67.9     0.83   8.696  -0.0565
   68.5     1.45   8.734  -0.0621
   68.6     0.82   8.773  -0.0517
   69.1     1.21   8.811  -0.0562
   69.5     0.96   8.852  -0.0618
   69.9     1.21   8.891  -0.0526
   70.3     1.25   8.931  -0.0546
   70.7     1.08   8.972  -0.0583
   71.0     0.95   9.009  -0.0485
   71.3     0.91   9.046  -0.0549
   71.8     0.82   9.088  -0.0579
   72.2     1.19   9.127  -0.0517
   72.5     0.81   9.167  -0.0572
   73.0     0.90   9.206  -0.0579
   73.4     0.86   9.247  -0.0525
   73.7     0.64   9.288  -0.0627
   74.3     1.24   9.330  -0.0547
   74.7     1.16   9.371  -0.0591
   75.1     1.06   9.414  -0.0638
   75.5     0.78   9.455  -0.0553
   76.0     1.17   9.496  -0.0624
   76.4     1.23   9.537  -0.0512
   76.8     1.14   9.578  -0.0486
   77.1     0.85   9.620  -0.0586
   77.6     1.00   9.662  -0.0582
   78.0     0.88   9.703  -0.0556
   78.4     0.77   9.746  -0.0679
   78.8     0.73   9.790  -0.0617
   79.1     0.69   9.830  -0.0505
   79.7     0.90   9.875  -0.0614
   80.1     0.88   9.918  -0.0622
   80.4     0.66   9.961  -0.0512
   81.0     1.10  10.005  -0.0538
   81.6     1.23  10.049  -0.0610
   82.1     1.49  10.091  -0.0565
   82.3     0.98  10.135  -0.0554
   82.8     0.95  10.176  -0.0645
   83.2     0.76  10.215  -0.0656
   83.6     1.46  10.257  -0.0594
   84.0     0.83  10.299  -0.0625
   84.4     0.89  10.343  -0.0676
   84.9     1.04  10.386  -0.0592
   85.1     0.63  10.428  -0.0620
   85.8     1.06  10.471  -0.0667
   86.2     0.98  10.514  -0.0627
   86.6     0.77  10.554  -0.0633
   87.1     1.20  10.596  -0.0723
   87.5     1.02  10.640  -0.0675
   87.8     0.47  10.684  -0.0646
   88.2     0.61  10.727  -0.0733
   88.8     0.99  10.770  -0.0687
   89.1     0.89  10.814  -0.0641
   89.6     0.77  10.858  -0.0660
   90.1     0.90  10.900  -0.0661
   90.4     0.71  10.942  -0.0618
   91.0     1.00  10.983  -0.0652
   91.4     0.95  11.021  -0.0721
   91.7     0.84  11.063  -0.0646
   92.2     1.07  11.104  -0.0572
   92.4     0.61  11.145  -0.0671
   92.9     0.87  11.188  -0.0624
   93.3     0.61  11.228  -0.0587
   93.9     0.88  11.268  -0.0655
   94.2     0.87  11.310  -0.0622
   94.7     1.35  11.352  -0.0580
   95.0     0.48  11.395  -0.0663
   95.6     1.32  11.438  -0.0607
   95.8     0.87  11.479  -0.0556
   96.3     0.67  11.520  -0.0649
   96.7     0.65  11.560  -0.0601
   97.2     1.19  11.601  -0.0641
   97.4     0.51  11.645  -0.0644
   98.0     0.99  11.684  -0.0543
   98.4     0.79  11.726  -0.0709
   98.8     1.18  11.768  -0.0656
   99.1     0.54  11.809  -0.0659
   99.5     0.36  11.852  -0.0758
  100.0     0.81  11.895  -0.0694
  100.3     0.48  11.936  -0.0731
  100.8     0.71  11.980  -0.0726
  101.4     0.96  12.021  -0.0639
  101.7     0.76  12.062  -0.0742
  102.1     0.78  12.105  -0.0662
  102.4     0.35  12.149  -0.0746
  103.0     0.90  12.192  -0.0702
  103.2     0.45  12.236  -0.0709
  103.9     0.96  12.278  -0.0729
  104.3     0.67  12.323  -0.0618
  104.7     0.83  12.366  -0.0694
  105.1     0.74  12.408  -0.0684
  105.5     1.05  12.453  -0.0705
  105.8     0.21  12.496  -0.0678
  106.5     0.79  12.539  -0.0678
  106.9     0.96  12.583  -0.0681
  107.3     0.82  12.625  -0.0659
  107.7     0.61  12.669  -0.0757
  108.3     1.05  12.714  -0.0733
  108.7     1.12  12.757  -0.0791
  109.1     1.18  12.800  -0.0727
  109.5     0.71  12.844  -0.0775
  109.9     0.95  12.888  -0.0714
  110.3     0.93  12.934  -0.0770
  110.8     0.78  12.976  -0.0759
  111.2     0.59  13.020  -0.0788
  111.7     0.95  13.065  -0.0754
  112.0     0.50  13.108  -0.0726
  112.4     0.58  13.153  -0.0744
  113.1     1.50  13.196  -0.0664
  113.5     1.14  13.241  -0.0722
  114.0     1.10  13.285  -0.0702
  114.3     0.76  13.329  -0.0768
  114.7     0.80  13.373  -0.0736
  115.1     0.61  13.418  -0.0756
  115.6     0.56  13.461  -0.0781
  116.0     0.56  13.504  -0.0724
  116.5     1.06  13.547  -0.0786
  116.9     0.89  13.588  -0.0725
  117.2     0.51  13.630  -0.0766
  117.8     1.12  13.670  -0.0824
  118.1     1.00  13.712  -0.0748
  118.4     0.49  13.754  -0.0834
  118.9     0.79  13.797  -0.0777
  119.4     0.77  13.838  -0.0757
  119.8     0.88  13.877  -0.0771
  120.1     0.69  13.919  -0.0717
  120.5     1.02  13.961  -0.0775
  121.0     0.77  14.002  -0.0734
  121.5     1.17  14.045  -0.0748
  121.9     1.02  14.086  -0.0764
  122.2     0.72  14.129  -0.0734
  122.6     0.73  14.172  -0.0801
  123.1     0.49  14.212  -0.0763
  123.4     0.74  14.253  -0.0817
  124.0     1.15  14.295  -0.0758
  124.4     0.71  14.339  -0.0719
  124.9     0.84  14.381  -0.0805
  125.1     0.29  14.425  -0.0740
  125.6     0.39  14.464  -0.0773
  126.0     0.67  14.506  -0.0802
  126.4     0.55  14.548  -0.0760
  126.8     0.51  14.588  -0.0847
  127.2     0.67  14.630  -0.0799
  127.7     0.72  14.673  -0.0776
  127.8    -0.03  14.712  -0.0850
  128.5     0.50  14.755  -0.0758
  128.9     0.57  14.796  -0.0819
  129.3     0.24  14.839  -0.0881
  129.7     0.63  14.880  -0.0829
  130.1     0.03  14.920  -0.0907
  130.5     0.62  14.962  -0.0822
  131.0     0.37  15.004  -0.0845
  131.3     0.15  15.047  -0.0864
  131.7     0.32  15.090  -0.0808
  132.3     0.75  15.133  -0.0843
  132.7     0.57  15.175  -0.0800
  133.1     0.33  15.216  -0.0877
  133.4     0.35  15.259  -0.0818
  133.9     0.66  15.302  -0.0823
  134.3     0.46  15.343  -0.0896
  134.8     0.45  15.385  -0.0827
  135.0     0.35  15.428  -0.0878
  135.5     0.44  15.470  -0.0823
  135.9     0.33  15.511  -0.0803
  136.4     0.35  15.556  -0.0848
  136.9     0.41  15.600  -0.0842
  137.3     0.56  15.644  -0.0898
  137.7     0.57  15.688  -0.0844
  138.1     0.16  15.728  -0.0897
  138.6     0.48  15.769  -0.0889
  139.0     0.65  15.812  -0.0804
  139.4     0.38  15.852  -0.0885
  139.7     0.38  15.893  -0.0838
  140.2     0.21  15.932  -0.0778
  140.5     0.39  15.974  -0.0844
  140.9     0.20  16.016  -0.0766
  141.4     0.30  16.061  -0.0782
  141.8     0.17  16.105  -0.0788
  142.4     0.80  16.147  -0.0737
  142.8     0.49  16.188  -0.0828
  143.0     0.01  16.229  -0.0870
  143.6     0.53  16.272  -0.0777
  143.9     0.29  16.315  -0.0837
  144.4     0.67  16.360  -0.0886
  144.8     0.44  16.404  -0.0824
  145.2     0.16  16.444  -0.0863
  145.7     0.89  16.486  -0.0891
  146.2     0.93  16.526  -0.0815
  146.5     0.52  16.566  -0.0859
  146.9     0.60  16.607  -0.0895
  147.5     1.28  16.647  -0.0850
  147.8     0.63  16.688  -0.0837
  148.2     0.60  16.732  -0.0887
  148.5     0.50  16.771  -0.0873
  148.9     0.38  16.810  -0.0837
  149.3     0.60  16.850  -0.0892
  149.5     0.27  16.886  -0.0937
  150.2     1.14  16.924  -0.0844
  150.5     0.71  16.964  -0.0852
  150.9     0.77  17.002  -0.0896
  151.2     0.67  17.042  -0.0833
  151.7     1.20  17.082  -0.0831
  152.1     0.76  17.122  -0.0853
  152.4     0.92  17.165  -0.0787
  153.0     0.94  17.206  -0.0836
  153.4     1.20  17.248  -0.0772
  153.6     0.42  17.286  -0.0772
  154.0     0.67  17.325  -0.0830
  154.5     0.99  17.364  -0.0801
  154.9     0.91  17.402  -0.0803
  155.3     1.17  17.441  -0.0774
  155.8     1.12  17.481  -0.0777
  156.0     0.87  17.523  -0.0837
  156.4     1.09  17.565  -0.0764
  157.0     1.28  17.605  -0.0843
  157.4     1.19  17.646  -0.0838
  157.8     1.35  17.687  -0.0778
  158.2     1.25  17.728  -0.0863
  158.5     1.01  17.773  -0.0865
  159.0     1.47  17.815  -0.0836
  159.4     1.10  17.857  -0.0823
  159.7     1.02  17.899  -0.0836
  160.1     1.11  17.940  -0.0783
  160.6     1.03  17.985  -0.0857
  161.1     1.30  18.029  -0.0859
  161.6     1.70  18.071  -0.0779
  161.9     1.11  18.117  -0.0840
  162.4     1.11  18.159  -0.0861
  163.0     2.43  18.201  -0.0810
  163.3     1.64  18.245  -0.0833
  163.7     1.05  18.288  -0.0890
  164.2     2.02  18.331  -0.0868
  164.4     1.15  18.376  -0.0850
  165.2     1.73  18.419  -0.0878
  165.5     1.55  18.463  -0.0846
  165.9     1.81  18.505  -0.0821
  166.3     1.53  18.542  -0.0846
  166.7     1.53  18.583  -0.0852
  167.2     1.97  18.624  -0.0796
  167.5     1.56  18.665  -0.0801
  167.8     1.39  18.707  -0.0892
  168.4     2.00  18.751  -0.0892
  168.9     1.90  18.792  -0.0860
  169.2     1.57  18.835  -0.0923
  169.6     1.47  18.878  -0.0928
  170.1     1.91  18.921  -0.0872
  170.4     1.36  18.963  -0.0919
  170.9     1.75  19.004  -0.0932
  171.5     2.17  19.047  -0.0926
  171.8     1.82  19.090  -0.0956
  172.2     1.96  19.132  -0.0939
  172.7     2.03  19.175  -0.0897
  173.0     2.04  19.217  -0.0959
  173.4     2.04  19.260  -0.0877
  174.0     2.53  19.303  -0.0872
  174.4     2.30  19.345  -0.0911
  174.8     2.19  19.387  -0.0865
  175.3     2.56  19.430  -0.0904
  175.6     1.91  19.470  -0.0886
  176.1     2.11  19.512  -0.0939
  176.6     2.39  19.555  -0.0861
  177.0     2.24  19.594  -0.0916
  177.3     2.38  19.636  -0.0944
  177.8     2.66  19.678  -0.0919
  178.0     2.14  19.719  -0.1021
  178.6     2.41  19.762  -0.0950
  179.1     2.68  19.802  -0.0966
  179.5     2.64  19.844  -0.0868
  179.9     2.33  19.885  -0.0873
  180.3     2.61  19.925  -0.0923
  180.7     2.80  19.967  -0.0883
  181.2     2.84  20.011  -0.0974
  181.6     2.49  20.055  -0.0941
  182.1     2.77  20.098  -0.0875
  182.5     2.98  20.138  -0.0897
  183.1     3.20  20.179  -0.0890
  183.4     2.93  20.222  -0.0861
  183.9     2.96  20.264  -0.0931
  184.3     3.18  20.305  -0.0873
  184.8     2.92  20.347  -0.0844
  185.3     3.27  20.389  -0.0880
  185.6     3.02  20.432  -0.0891
  185.8     2.76  20.476  -0.0870
  186.6     3.16  20.519  -0.0899
  187.1     3.46  20.565  -0.0840
  187.5     3.03  20.609  -0.0869
  187.9     2.93  20.653  -0.0924
  188.3     3.40  20.699  -0.0903
  188.8     3.23  20.741  -0.0950
  189.1     3.03  20.785  -0.0936
  189.7     2.94  20.829  -0.0869
  190.2     3.54  20.874  -0.0943
  190.6     3.24  20.917  -0.0876
  190.9     3.19  20.960  -0.0914
  191.5     3.53  21.004  -0.0849
  192.0     3.35  21.047  -0.0876
  192.5     3.84  21.091  -0.0844
  192.9     3.62  21.137  -0.0878
  193.4     3.62  21.181  -0.0864
  193.9     3.77  21.224  -0.0807
  194.4     4.07  21.270  -0.0920
  194.7     3.32  21.314  -0.0869
  195.1     3.36  21.359  -0.0900
  195.7     3.73  21.403  -0.0900
  196.1     3.53  21.448  -0.0900
  196.6     3.93  21.492  -0.0918
  197.0     3.28  21.537  -0.0920
  197.4     3.52  21.582  -0.0977
  197.9     3.82  21.627  -0.0949
  198.3     3.57  21.670  -0.0976
  198.8     4.01  21.715  -0.0971
  199.3     3.92  21.757  -0.0920
  199.7     4.11  21.801  -0.0984
  200.2     3.88  21.846  -0.0918
  200.5     3.66  21.888  -0.0963
  201.1     4.07  21.931  -0.0995
  201.5     3.90  21.973  -0.0942
  201.9     3.88  22.016  -0.0984
  202.4     3.98  22.058  -0.0959
  202.9     4.01  22.100  -0.0928
  203.3     4.22  22.141  -0.0987
  203.7     4.25  22.182  -0.0950
  204.1     3.98  22.225  -0.1004
  204.6     4.12  22.269  -0.0935
  205.1     3.97  22.312  -0.0951
  205.6     4.28  22.356  -0.0986
  206.0     4.29  22.398  -0.0964
  206.5     4.43  22.442  -0.1011
  206.8     4.06  22.485  -0.1018
  207.3     4.23  22.528  -0.1011
  207.8     4.42  22.571  -0.1088
  208.2     4.21  22.614  -0.1021
  208.6     4.16  22.657  -0.1054
  209.1     4.33  22.698  -0.1031
  209.4     4.29  22.741  -0.1019
  210.0     4.45  22.784  -0.1104
  210.3     4.01  22.824  -0.0973
  210.9     4.38  22.870  -0.1050
  211.2     4.27  22.913  -0.1041
  211.8     4.34  22.956  -0.1031
  212.2     4.50  22.998  -0.1052
  212.6     4.43  23.039  -0.1006
  213.0     4.06  23.079  -0.1080
  213.5     4.65  23.123  -0.1090
  214.0     4.49  23.165  -0.1047
  214.4     4.54  23.208  -0.1039
  214.7     4.37  23.249  -0.1000
  215.4     4.85  23.291  -0.1005
  215.7     4.47  23.336  -0.1043
  216.2     4.93  23.379  -0.0967
  216.7     4.74  23.421  -0.1000
  217.0     4.64  23.462  -0.1060
  217.5     4.63  23.504  -0.1061
  217.9     4.56  23.545  -0.0994
  218.2     4.19  23.586  -0.1024
  218.7     4.62  23.629  -0.1005
  219.4     5.10  23.672  -0.0983
  219.7     4.78  23.714  -0.1055
  220.0     4.46  23.756  -0.1026
  220.5     4.60  23.798  -0.1035
  220.8     4.55  23.840  -0.1096
  221.3     4.52  23.881  -0.1014
  221.8     4.73  23.921  -0.1002
  222.3     4.91  23.964  -0.1064
  222.7     5.07  24.004  -0.0989
  223.1     4.91  24.045  -0.1011
  223.7     5.28  24.086  -0.1065
  223.9     4.87  24.130  -0.0953
  224.4     4.77  24.171  -0.1039
  224.8     4.94  24.212  -0.0989
  225.2     5.00  24.253  -0.0951
  225.5     4.54  24.294  -0.1035
  226.3     5.42  24.338  -0.1031
  226.5     4.75  24.379  -0.1014
  227.0     4.64  24.421  -0.1099
  227.4     5.07  24.464  -0.1080
  227.9     4.75  24.507  -0.1048
  228.4     4.93  24.551  -0.1099
  228.8     5.24  24.594  -0.1049
  229.1     4.74  24.638  -0.1053
  229.6     4.65  24.681  -0.1132
  230.1     5.07  24.725  -0.1062
  230.4     4.54  24.768  -0.1031
  230.9     5.05  24.812  -0.1115
  231.5     5.36  24.852  -0.1183
  231.9     5.27  24.893  -0.1111
  232.2     4.82  24.934  -0.1207
  232.7     4.88  24.974  -0.1229
  233.1     5.39  25.012  -0.1191
  233.3     4.66  25.054  -0.1214
  233.8     4.86  25.096  -0.1131
  234.3     5.16  25.134  -0.1159
  234.7     4.94  25.176  -0.1423
  235.1     5.17  25.216  -0.1324
  235.4     5.06  25.256  -0.1362
  235.9     5.07  25.294  -0.1436
  236.3     5.03  25.336  -0.1371
  236.7     5.05  25.375  -0.1295
  237.1     4.89  25.418  -0.1258
  237.4     4.69  25.458  -0.1206
  238.0     5.21  25.500  -0.1141
  238.3     5.06  25.542  -0.1040
  238.8     5.26  25.582  -0.1119
  239.2     5.09  25.623  -0.1198
  239.6     4.87  25.665  -0.1260
  240.0     4.95  25.706  -0.1120
  240.5     4.91  25.747  -0.1172
  240.8     4.82  25.789  -0.1271
  241.2     5.04  25.829  -0.1237
  241.7     4.89  25.871  -0.1297
  242.1     4.75  25.914  -0.1175
  242.6     5.08  25.956  -0.1124
  243.2     5.34  26.000  -0.1159
  243.6     5.65  26.045  -0.1096
  243.9     5.13  26.087  -0.1078
  244.4     5.00  26.131  -0.1188
  244.7     5.04  26.172  -0.1102
  245.2     5.33  26.215  -0.1117
  245.6     5.29  26.256  -0.1147
  246.1     5.60  26.297  -0.1081
  246.5     5.12  26.340  -0.1118
  246.8     5.02  26.382  -0.1192
  247.3     5.42  26.424  -0.1081
  247.7     5.27  26.470  -0.1378
  248.2     5.51  26.514  -0.1452
  248.7     5.37  26.557  -0.1272
  249.1     5.57  26.603  -0.1304
  249.5     5.13  26.646  -0.1171
  250.1     5.76  26.690  -0.1139
  250.4     5.16  26.734  -0.1260
  250.7     5.00  26.775  -0.1505
  251.1     5.14  26.819  -0.1326
  251.7     5.51  26.862  -0.1323
  252.1     5.19  26.901  -0.1151
  252.5     5.45  26.945  -0.1151
  252.8     5.12  26.987  -0.1183
  253.4     5.37  27.029  -0.1148
  253.6     4.90  27.072  -0.1187
  254.1     5.48  27.114  -0.1217
  254.6     5.70  27.156  -0.1262
  255.1     5.26  27.200  -0.1705
  255.4     5.27  27.240  -0.1343
  255.9     5.37  27.282  -0.1763
  256.4     5.70  27.322  -0.9539
  256.8     5.59  27.364  -0.9592
  257.2     5.61  27.408  -0.9540
  257.5     5.27  27.450  -0.9577
  257.9     5.33  27.492  -0.9591
  258.4     5.37  27.535  -0.9559
  258.8     5.29  27.578  -0.9527
  259.4     5.80  27.620  -0.9588
  259.7     5.44  27.662  -0.9557
  260.0     5.12  27.703  -0.9560
  260.6     5.60  27.746  -0.9591
  261.2     5.81  27.788  -0.9485
  261.4     5.33  27.829  -0.9507
  261.9     5.47  27.872  -0.9565
  262.3     5.74  27.912  -0.9504
  262.7     5.46  27.954  -0.9522
  263.1     5.19  27.997  -0.9532
  263.5     5.14  28.039  -0.9489
  264.0     5.56  28.083  -0.9486
  264.4     5.36  28.124  -0.9546
  265.0     6.17  28.165  -0.9507
  265.4     5.47  28.210  -0.9551
  265.7     5.40  28.253  -0.9613
  266.3     5.70  28.293  -0.9544
  266.7     5.58  28.339  -0.9551
  267.2     5.78  28.382  -0.9601
  267.5     5.43  28.425  -0.9494
  268.0     5.40  28.469  -0.9503
  268.6     5.96  28.513  -0.9549
  269.0     5.81  28.559  -0.9523
  269.5     5.73  28.603  -0.9516
  269.8     5.70  28.644  -0.9588
  270.3     5.81  28.687  -0.9547
  270.7     5.60  28.730  -0.9502
  271.2     5.79  28.773  -0.9545
  271.7     6.07  28.816  -0.9539
  272.2     6.16  28.859  -0.9538
  272.5     5.82  28.905  -0.9548
  273.0     5.63  28.950  -0.9603
  273.5     6.00  28.994  -0.9547
  274.0     6.09  29.040  -0.9574
  274.4     5.74  29.082  -0.9628
  274.8     5.88  29.126  -0.9531
  275.3     5.93  29.170  -0.9512
  275.7     5.79  29.213  -0.9553
  276.0     5.40  29.256  -0.9535
  276.6     5.91  29.301  -0.9468
  276.9     5.72  29.345  -0.9522
  277.4     5.80  29.389  -0.9514
  277.9     6.24  29.433  -0.9492
  278.3     5.76  29.478  -0.9560
  278.8     5.96  29.523  -0.9597
  279.2     5.75  29.565  -0.9544
  279.8     6.35  29.607  -0.9544
  280.0     5.67  29.651  -0.9638
  280.5     5.75  29.696  -0.9613
  281.0     5.88  29.742  -0.9538
  281.4     5.94  29.787  -0.9590
  281.9     6.20  29.831  -0.9534
  282.4     5.79  29.876  -0.9567
  282.8     5.85  29.920  -0.9601
  283.3     5.98  29.964  -0.9585
  283.7     6.13  30.006  -0.9657
  284.3     6.31  30.051  -0.9615
  284.8     6.32  30.094  -0.9662
  285.0     5.84  30.136  -0.9646
  285.4     5.96  30.179  -0.9688
  285.9     6.00  30.221  -0.9626
  286.3     5.95  30.264  -0.9638
  286.8     6.02  30.306  -0.9654
  287.1     6.05  30.348  -0.9614
  287.6     6.11  30.392  -0.9627
  288.0     5.90  30.433  -0.9561
  288.4     5.98  30.475  -0.9636
  289.0     6.48  30.517  -0.9609
  289.4     5.97  30.559  -0.9649
  289.8     6.23  30.602  -0.9698
  290.2     6.18  30.645  -0.9653
  290.7     6.32  30.687  -0.9686
  291.1     6.33  30.730  -0.9657
  291.5     6.01  30.775  -0.9711
  292.0     6.52  30.817  -0.9712
  292.4     6.10  30.862  -0.9621
  292.9     6.30  30.906  -0.9704
  293.4     6.49  30.946  -0.9695
  293.9     6.56  30.989  -0.9652
  294.1     6.10  31.030  -0.9639
  294.6     6.55  31.074  -0.9637
  295.1     6.05  31.117  -0.9651
  295.6     6.33  31.158  -0.9674
  295.9     6.06  31.201  -0.9656
  296.5     6.62  31.242  -0.9604
  296.8     6.33  31.284  -0.9619
  297.1     6.14  31.326  -0.9658
  297.6     6.11  31.367  -0.9682
  298.2     6.79  31.405  -0.9709
  298.6     6.80  31.446  -0.9647
  298.9     6.09  31.485  -0.9717
  299.2     6.05  31.525  -0.9664
  299.8     6.40  31.569  -0.9599
  300.2     6.20  31.612  -0.9658
  300.6     6.54  31.655  -0.9711
  301.2     6.88  31.698  -0.9656
  301.5     6.16  31.742  -0.9709
  302.0     6.50  31.785  -0.9760
  302.3     6.30  31.826  -0.9697
  302.7     6.24  31.866  -0.9601
  303.3     6.43  31.909  -0.9659
  303.7     6.52  31.950  -0.9675
  304.1     6.50  31.989  -0.9571
  304.5     6.45  32.030  -0.9591
  304.9     6.21  32.071  -0.9643
  305.4     6.44  32.113  -0.9612
  305.7     6.06  32.155  -0.9590
  306.4     6.80  32.197  -0.9662
  306.8     6.61  32.238  -0.9702
  307.1     6.45  32.276  -0.9701
  307.6     6.66  32.317  -0.9679
  307.8     6.05  32.359  -0.9697
  308.3     6.44  32.399  -0.9711
  308.7     6.25  32.440  -0.9712
  309.1     6.06  32.483  -0.9714
  309.6     6.18  32.527  -0.9645
  310.1     6.35  32.568  -0.9704
  310.5     6.33  32.611  -0.9676
  310.9     6.63  32.655  -0.9630
  311.3     6.26  32.698  -0.9655
  311.8     6.52  32.741  -0.9699
  312.3     6.57  32.784  -0.9677
  312.7     6.37  32.829  -0.9658
  313.2     6.49  32.872  -0.9720
  313.6     6.63  32.912  -0.9720
  314.0     6.26  32.956  -0.9640
  314.5     6.49  33.000  -0.9727
  315.1     6.94  33.041  -0.9689
  315.3     6.34  33.083  -0.9665
  315.8     6.35  33.124  -0.9726
  316.3     6.80  33.160  -0.9748
  316.6     6.59  33.201  -0.9687
  317.0     6.47  33.242  -0.9713
  317.4     6.44  33.284  -0.9679
  317.9     6.62  33.326  -0.9717
  318.3     6.58  33.365  -0.9745
  318.7     6.54  33.407  -0.9676
  319.1     6.20  33.445  -0.9696
  319.5     6.55  33.484  -0.9735
  319.9     6.70  33.525  -0.9653
  320.2     6.40  33.563  -0.9746
  320.6     6.35  33.600  -0.9727
  321.1     6.27  33.639  -0.9736
  321.5     6.62  33.678  -0.9748
  321.9     6.51  33.719  -0.9664
  322.4     6.70  33.760  -0.9758
  322.9     7.12  33.798  -0.9737
  323.2     6.63  33.837  -0.9761
  323.6     6.52  33.879  -0.9734
  324.0     6.42  33.919  -0.9763
  324.3     6.34  33.957  -0.9796
  324.8     6.62  33.995  -0.9741
  325.2     6.45  34.034  -0.9758
  325.5     6.08  34.076  -0.9824
  326.0     6.24  34.114  -0.9766
  326.5     7.05  34.154  -0.9790
  326.8     6.52  34.195  -0.9788
  327.2     6.27  34.237  -0.9830
  327.7     6.10  34.276  -0.9772
  327.9     5.90  34.317  -0.9776
  328.6     6.71  34.360  -0.9779
  328.9     6.13  34.402  -0.9847
  329.5     6.75  34.446  -0.9760
  329.9     6.63  34.489  -0.9821
  330.2     6.20  34.530  -0.9773
  330.7     6.43  34.574  -0.9861
  331.2     6.54  34.619  -0.9794
  331.7     6.50  34.662  -0.9852
  332.1     6.42  34.705  -0.9794
  332.5     5.89  34.750  -0.9894
  333.0     6.27  34.792  -0.9891
  333.4     5.98  34.836  -0.9889
  333.8     5.93  34.879  -0.9882
  334.5     6.41  34.922  -0.9872
  334.8     6.36  34.965  -0.9939
  335.2     5.90  35.006  -0.9812
  335.6     6.06  35.046  -0.9887
  336.1     6.22  35.088  -0.9831
  336.6     6.19  35.129  -0.9906
  337.0     6.09  35.173  -0.9871
  337.5     6.42  35.217  -0.9856
  338.0     6.75  35.259  -0.9841
  338.3     5.95  35.302  -0.9905
  338.8     6.30  35.343  -0.9835
  339.2     6.27  35.384  -0.9806
  339.5     5.96  35.427  -0.9812
  339.9     5.87  35.467  -0.9861
  340.5     6.37  35.508  -0.9926
  340.9     6.20  35.551  -0.9873
  341.2     5.89  35.592  -0.9911
  341.7     5.86  35.635  -0.9846
  342.3     6.32  35.676  -0.9940
  342.6     6.18  35.718  -0.9884
  343.1     6.08  35.761  -0.9940
  343.6     6.74  35.803  -0.9855
  343.8     5.72  35.845  -0.9935
  344.4     6.06  35.888  -0.9974
  344.9     6.49  35.929  -0.9938
  345.1     5.72  35.971  -0.9985
  345.7     6.14  36.014  -0.9963
  346.3     6.53  36.058  -1.0009
  346.6     6.13  36.103  -0.9939
  347.1     6.25  36.142  -1.0002
  347.4     6.19  36.182  -0.9981
  347.7     5.81  36.226  -0.9982
  348.2     5.87  36.267  -1.0031
  348.6     5.68  36.311  -0.9983
  349.2     6.17  36.351  -0.9941
  349.6     5.98  36.392  -1.0016
  349.9     5.84  36.436  -0.9995
  350.5     6.38  36.477  -0.9999
  350.9     6.28  36.518  -1.0079
  351.2     6.01  36.562  -1.0089
  351.6     5.75  36.603  -1.0116
  352.0     5.75  36.646  -1.0115
  352.5     5.94  36.688  -1.0044
  353.0     6.04  36.729  -1.0072
  353.3     5.92  36.772  -1.0107
  353.7     5.86  36.813  -1.0097
  354.2     6.14  36.853  -1.0070
  354.7     6.32  36.896  -1.0152
  355.1     6.37  36.939  -1.0122
  355.6     6.29  36.981  -1.0070
  356.0     5.89  37.027  -1.0142
  356.4     6.20  37.071  -1.0116
  356.7     5.65  37.114  -1.0116
  357.2     5.88  37.157  -1.0143
  357.7     6.02  37.199  -1.0109
  358.0     5.66  37.244  -1.0179
  358.6     5.96  37.289  -1.0193
  358.9     5.53  37.334  -1.0127
  359.6     6.05  37.380  -1.0212
  360.1     6.44  37.423  -1.0146
  360.4     6.14  37.468  -1.0173
  360.8     5.87  37.513  -1.0252
  361.3     6.02  37.555  -1.0243
  361.6     5.58  37.598  -1.0193
  362.2     5.72  37.642  -1.0236
  362.5     5.63  37.685  -1.0243
  363.1     6.23  37.730  -1.0186
  363.5     5.88  37.775  -1.0171
  364.0     6.11  37.822  -1.0224
  364.5     5.90  37.866  -1.0221
  365.1     6.08  37.911  -1.0215
  365.4     5.90  37.957  -1.0253
  365.9     5.99  38.000  -1.0224
  366.2     5.32  38.045  -1.0293
  366.8     5.85  38.090  -1.0335
  367.1     5.41  38.134  -1.0290
  367.8     5.96  38.178  -1.0334
  368.2     5.65  38.221  -1.0392
  368.7     5.95  38.265  -1.0360
  369.1     5.61  38.309  -1.0390
  369.4     5.09  38.352  -1.0398
  369.9     5.63  38.395  -1.0356
  370.4     5.48  38.435  -1.0302
  370.8     5.36  38.478  -1.0364
  371.3     5.62  38.521  -1.0483
  371.8     5.61  38.563  -1.0464
  372.2     5.61  38.606  -1.0438
  372.7     5.43  38.647  -1.0471
  373.0     5.44  38.687  -1.0477
  373.5     5.14  38.729  -1.0517
  374.0     5.70  38.770  -1.0546
  374.5     5.70  38.814  -1.0469
  374.9     5.18  38.859  -1.0521
  375.4     5.54  38.900  -1.0528
  375.9     5.56  38.942  -1.0541
  376.3     5.11  38.987  -1.0589
  376.8     5.51  39.028  -1.0578
  377.3     5.44  39.071  -1.0610
  377.6     5.16  39.114  -1.0616
  378.1     4.89  39.157  -1.0606
  378.5     5.00  39.198  -1.0636
  379.1     5.03  39.241  -1.0622
  379.5     5.08  39.282  -1.0660
  380.0     5.13  39.326  -1.0642
  380.3     4.84  39.367  -1.0696
  380.9     5.22  39.407  -1.0663
  381.2     4.83  39.452  -1.0723
  381.8     5.23  39.492  -1.0711
  382.1     4.72  39.533  -1.0756
  382.6     5.09  39.575  -1.0764
  383.0     4.90  39.615  -1.0732
  383.5     4.86  39.657  -1.0826
  384.0     4.82  39.698  -1.0781
  384.3     4.50  39.740  -1.0794
  384.8     4.48  39.780  -1.0824
  385.3     4.74  39.822  -1.0840
  385.7     4.97  39.864  -1.0894
  385.9     3.85  39.904  -1.0912
  386.5     4.36  39.947  -1.0954
  387.0     4.53  39.988  -1.0907
  387.4     4.34  40.032  -1.0934
  388.0     4.89  40.075  -1.0925
  388.4     4.69  40.117  -1.0931
  388.9     4.57  40.159  -1.0985
  389.3     4.64  40.200  -1.0957
  389.7     4.64  40.243  -1.1005
  390.2     4.66  40.286  -1.0969
  390.6     4.59  40.327  -1.1015
  391.0     4.73  40.368  -1.1030
  391.4     4.54  40.409  -1.1012
  391.9     4.67  40.450  -1.1057
  392.3     4.70  40.491  -1.1038
  392.6     4.25  40.532  -1.1068
  393.2     4.98  40.575  -1.1056
  393.6     4.80  40.619  -1.1029
  394.1     5.11  40.662  -1.1055
  394.4     4.92  40.703  -1.0975
  394.9     4.95  40.744  -1.1083
  395.3     4.89  40.785  -1.1157
  395.7     4.86  40.827  -1.1113
  396.2     4.87  40.870  -1.1143
  396.6     4.86  40.914  -1.1201
  397.1     5.22  40.958  -1.1165
  397.4     4.95  41.001  -1.1166
  397.9     5.11  41.045  -1.1250
  398.4     5.31  41.090  -1.1234
  398.9     5.08  41.131  -1.1212
  399.2     4.88  41.174  -1.1289
  399.7     5.23  41.217  -1.1294
  400.2     5.59  41.259  -1.1247
  400.5     5.13  41.300  -1.1289
  401.0     5.59  41.342  -1.1314
  401.3     5.52  41.382  -1.1306
  401.8     5.55  41.422  -1.1341
  402.1     5.27  41.462  -1.1381
  402.6     5.74  41.502  -1.1358
  403.0     5.35  41.542  -1.1355
  403.4     5.86  41.581  -1.1406
  403.8     5.83  41.621  -1.1348
  404.1     5.64  41.662  -1.1322
  404.5     5.46  41.705  -1.1367
  405.0     5.85  41.746  -1.1381
  405.4     6.04  41.785  -1.1310
  405.7     5.77  41.825  -1.1365
  406.1     5.74  41.865  -1.1423
  406.5     5.68  41.903  -1.1414
  407.1     6.22  41.943  -1.1361
  407.4     6.00  41.982  -1.1426
  407.7     5.45  42.024  -1.1420
  408.2     5.90  42.066  -1.1406
  408.7     6.13  42.107  -1.1484
  409.0     5.54  42.148  -1.1439
  409.4     5.86  42.186  -1.1399
  409.7     5.89  42.227  -1.1471
  410.2     6.14  42.267  -1.1418
  410.6     6.03  42.310  -1.1470
  411.1     6.31  42.352  -1.1561
  411.5     6.26  42.391  -1.1472
  411.8     6.07  42.432  -1.1484
  412.2     5.80  42.474  -1.1588
  412.7     6.17  42.512  -1.1546
  413.0     5.65  42.553  -1.1501
  413.5     6.02  42.594  -1.1552
  413.9     5.85  42.636  -1.1552
  414.3     5.82  42.679  -1.1462
  414.8     6.30  42.722  -1.1500
  415.2     6.13  42.765  -1.1532
  415.7     6.28  42.806  -1.1500
  416.0     5.97  42.849  -1.1559
  416.5     6.29  42.890  -1.1559
  417.0     6.07  42.934  -1.1551
  417.3     5.90  42.977  -1.1611
  417.8     6.18  43.020  -1.1551
  418.4     6.49  43.065  -1.1575
  418.7     6.17  43.108  -1.1589
  419.2     6.24  43.153  -1.1601
  419.6     6.16  43.196  -1.1599
  420.0     6.24  43.239  -1.1542
  420.5     5.87  43.284  -1.1608
  421.1     6.39  43.327  -1.1667
  421.5     6.73  43.367  -1.1585
  421.8     6.18  43.410  -1.1621
  422.1     6.15  43.452  -1.1674
  422.6     5.98  43.493  -1.1638
  423.1     6.18  43.537  -1.1597
  423.6     6.23  43.578  -1.1638
  423.9     5.98  43.620  -1.1665
  424.4     6.20  43.663  -1.1625
  425.0     6.61  43.704  -1.1647
  425.2     6.01  43.747  -1.1730
  425.8     6.19  43.789  -1.1765
  426.2     6.54  43.832  -1.1698
  426.7     6.42  43.874  -1.1740
  426.9     5.85  43.915  -1.1761
  427.4     6.18  43.957  -1.1777
  427.9     6.28  43.998  -1.1746
  428.3     6.04  44.039  -1.1814
  428.8     6.12  44.080  -1.1888
  429.1     6.16  44.123  -1.1766
  429.6     6.33  44.165  -1.1800
  430.2     6.57  44.209  -1.1890
  430.5     6.03  44.250  -1.1776
  430.9     6.15  44.291  -1.1862
  431.3     5.98  44.333  -1.1871
  431.8     6.29  44.374  -1.1803
  432.0     5.77  44.416  -1.1804
  432.7     6.43  44.459  -1.1832
  432.9     5.77  44.498  -1.1813
  433.4     5.72  44.539  -1.1914
  433.9     6.02  44.582  -1.1885
  434.4     6.04  44.623  -1.1859
  434.7     5.68  44.664  -1.1864
  435.2     5.97  44.706  -1.1878
  435.5     5.30  44.747  -1.1863
  435.9     5.59  44.790  -1.1901
  436.4     6.02  44.832  -1.1919
  436.9     5.95  44.874  -1.1967
  437.1     5.77  44.919  -1.1972
  437.6     5.95  44.960  -1.2009
  438.0     5.79  45.001  -1.2030
  438.5     6.04  45.044  -1.2024
  438.9     6.11  45.087  -1.2001
  439.4     6.14  45.130  -1.2009
  440.0     7.38  45.175  -1.2032
  440.3     6.44  45.218  -1.2056
  440.6     6.30  45.262  -1.2062
  441.1     6.36  45.309  -1.2026
  441.7     6.74  45.354  -1.2035
  442.1     6.76  45.399  -1.2080
  442.4     6.34  45.442  -1.2095
  443.0     6.54  45.489  -1.2124
  443.4     6.65  45.533  -1.2111
  443.9     6.68  45.579  -1.2185
  445.2     6.72  45.742  -1.2168
  445.8     6.74  45.786  -1.2182
  446.3     6.80  45.829  -1.2214
  446.7     6.82  45.873  -1.2224
  447.0     6.63  45.915  -1.2290
  447.5     6.74  45.962  -1.2223
  447.9     6.68  46.004  -1.2232
  448.3     6.77  46.049  -1.2243
  448.8     7.05  46.095  -1.2260
  449.2     6.76  46.139  -1.2211
  449.7     7.03  46.184  -1.2261
  450.0     7.31  46.230  -1.2300
  450.4     6.64  46.275  -1.2347
  451.0     7.31  46.320  -1.2301
  451.3     6.67  46.364  -1.2337
  451.8     7.15  46.408  -1.2360
  452.2     6.89  46.452  -1.2306
  452.6     6.75  46.495  -1.2373
  453.2     7.27  46.540  -1.2367
  453.6     7.15  46.583  -1.2415
  454.0     7.21  46.629  -1.2372
  454.3     6.98  46.671  -1.2386
  454.6     6.77  46.712  -1.2337
  455.1     6.97  46.755  -1.2380
  455.6     7.23  46.798  -1.2411
  456.0     6.91  46.841  -1.2429
  456.4     7.33  46.882  -1.2447
  456.8     6.91  46.924  -1.2447
  457.3     7.02  46.968  -1.2412
  457.7     6.90  47.011  -1.2449
  458.2     7.33  47.054  -1.2462
  458.5     6.94  47.099  -1.2439
  459.0     6.89  47.142  -1.2419
  459.4     7.35  47.185  -1.2429
  459.9     6.94  47.226  -1.2451
  460.3     7.29  47.269  -1.2428
  460.7     7.00  47.312  -1.2439
  461.1     7.13  47.354  -1.2456
  461.4     6.80  47.397  -1.2387
  461.8     6.75  47.440  -1.2477
  462.2     6.94  47.480  -1.2470
  462.6     6.67  47.520  -1.2426
  463.1     7.10  47.562  -1.2490
  463.4     6.71  47.604  -1.2490
  464.0     7.34  47.643  -1.2475
  464.2     6.82  47.684  -1.2437
  464.6     6.55  47.725  -1.2483
  465.2     7.26  47.763  -1.2471
  465.5     7.05  47.805  -1.2468
  465.7     6.44  47.844  -1.2486
  466.3     7.21  47.885  -1.2479
  466.6     6.96  47.926  -1.2430
  467.1     6.87  47.968  -1.2501
  467.4     6.92  48.009  -1.2452
  467.8     6.81  48.049  -1.2403
  468.3     6.93  48.090  -1.2481
  468.8     7.15  48.133  -1.2416
  469.1     6.72  48.178  -1.2360
  469.4     6.60  48.220  -1.2336
  469.9     6.72  48.261  -1.2380
  470.4     7.15  48.305  -1.2370
  470.8     6.84  48.347  -1.2467
  471.3     7.29  48.388  -1.2477
  471.6     6.96  48.430  -1.2417
  472.0     6.60  48.473  -1.2516
  472.5     6.95  48.515  -1.2522
  472.9     7.17  48.557  -1.2494
  473.3     6.82  48.599  -1.2564
  473.7     7.13  48.641  -1.2513
  474.3     7.37  48.684  -1.2474
  474.6     7.31  48.726  -1.2532
  474.9     6.83  48.766  -1.2533
  475.4     7.11  48.808  -1.2562
  475.8     6.93  48.849  -1.2595
  476.2     7.05  48.889  -1.2516
  476.6     7.25  48.931  -1.2492
  477.0     6.91  48.971  -1.2537
  477.4     7.19  49.011  -1.2577
  477.8     7.11  49.051  -1.2519
  478.2     7.13  49.092  -1.2614
  478.7     7.06  49.134  -1.2605
  479.0     6.88  49.176  -1.2529
  479.4     7.00  49.218  -1.2584
  479.9     7.45  49.261  -1.2548
  480.2     6.88  49.305  -1.2586
  480.7     7.30  49.348  -1.2557
  481.1     7.17  49.390  -1.2520
  481.5     7.06  49.435  -1.2615
  482.1     7.57  49.476  -1.2505
  482.4     6.88  49.521  -1.2515
  483.0     7.46  49.564  -1.2529
  483.2     6.54  49.604  -1.2458
  483.7     6.83  49.645  -1.2551
  484.2     7.19  49.687  -1.2619
  484.6     7.02  49.726  -1.2583
  485.0     7.16  49.765  -1.2584
  485.3     7.03  49.807  -1.2627
  485.8     7.52  49.847  -1.2550
  486.2     7.24  49.889  -1.2561
  486.8     7.42  49.929  -1.2616
  487.1     7.33  49.971  -1.2572
  487.5     7.08  50.010  -1.2534
  487.9     7.24  50.048  -1.2578
  488.3     7.04  50.087  -1.2599
  488.7     7.43  50.126  -1.2546
  489.1     7.20  50.166  -1.2580
  489.4     7.13  50.205  -1.2601
  489.9     7.25  50.244  -1.2518
  490.2     6.90  50.283  -1.2585
  490.7     7.34  50.321  -1.2638
  491.0     7.01  50.359  -1.2597
  491.4     6.97  50.398  -1.2558
  491.7     6.79  50.439  -1.2628
  492.3     7.20  50.480  -1.2560
  492.8     7.35  50.521  -1.2561
  493.1     7.24  50.560  -1.2607
  493.4     7.02  50.601  -1.2564
  493.8     6.73  50.640  -1.2612
  494.3     6.91  50.680  -1.2654
  494.8     7.45  50.721  -1.2567
  495.2     7.22  50.761  -1.2614
  495.6     7.25  50.803  -1.2630
  496.0     6.95  50.846  -1.2610
  496.5     7.44  50.889  -1.2694
  496.9     7.34  50.932  -1.2599
  497.3     7.10  50.973  -1.2628
  497.7     7.10  51.016  -1.2674
  498.1     7.05  51.059  -1.2583
  498.5     7.09  51.099  -1.2551
  498.9     6.91  51.141  -1.2625
  499.3     6.80  51.186  -1.2599
  499.8     6.77  51.232  -1.2657
  500.3     6.99  51.277  -1.2706
  500.8     6.97  51.321  -1.2698
  501.2     7.20  51.365  -1.2652
  501.6     6.80  51.411  -1.2713
  502.2     7.02  51.454  -1.2624
  502.4     6.81  51.499  -1.2622
  503.0     7.07  51.543  -1.2644
  503.3     6.77  51.585  -1.2572
  503.7     6.65  51.631  -1.2567
  504.1     6.47  51.673  -1.2604
  504.7     7.28  51.716  -1.2570
  505.1     6.93  51.759  -1.2516
  505.5     6.99  51.799  -1.2636
  506.0     7.02  51.842  -1.2607
  506.3     7.08  51.885  -1.2563
  506.8     6.96  51.926  -1.2609
  507.2     7.23  51.967  -1.2651
  507.6     7.14  52.009  -1.2611
  508.0     6.50  52.052  -1.2619
  508.4     6.75  52.098  -1.2580
  508.9     7.00  52.140  -1.2597
  509.4     7.02  52.179  -1.2623
  509.7     7.48  52.223  -1.2556
  510.1     6.96  52.265  -1.2611
  510.4     6.65  52.307  -1.2562
  510.9     6.77  52.351  -1.2553
  511.5     7.14  52.391  -1.2569
  511.8     7.17  52.435  -1.2589
  512.2     6.41  52.477  -1.2611
  512.8     7.27  52.519  -1.2551
  513.0     6.90  52.562  -1.2586
  513.5     7.05  52.604  -1.2539
  513.8     6.85  52.647  -1.2598
  514.3     6.97  52.690  -1.2482
  514.6     6.48  52.731  -1.2537
  515.2     7.28  52.774  -1.2565
  515.5     6.87  52.817  -1.2542
  516.0     7.00  52.861  -1.2656
  516.4     6.70  52.907  -1.2542
  516.9     6.72  52.949  -1.2629
  517.5     7.50  52.992  -1.2573
  517.7     6.91  53.035  -1.2549
  518.1     6.85  53.077  -1.2612
  518.5     6.86  53.121  -1.2572
  518.9     6.54  53.163  -1.2609
  519.4     6.60  53.204  -1.2625
  519.9     6.85  53.247  -1.2557
  520.2     6.72  53.287  -1.2566
  520.6     6.61  53.329  -1.2574
  521.0     6.72  53.371  -1.2553
  521.6     7.35  53.414  -1.2619
  521.8     6.58  53.457  -1.2569
  522.2     6.48  53.500  -1.2601
  522.7     6.63  53.544  -1.2613
  523.2     6.83  53.590  -1.2624
  523.7     6.91  53.634  -1.2666
  524.1     7.05  53.675  -1.2604
  524.6     7.16  53.719  -1.2629
  525.0     7.09  53.762  -1.2616
  525.4     6.96  53.806  -1.2622
  525.8     6.93  53.853  -1.2646
  526.3     7.12  53.895  -1.2591
  526.8     7.35  53.941  -1.2576
  527.2     6.91  53.985  -1.2689
  527.7     7.21  54.028  -1.2629
  528.0     6.76  54.071  -1.2657
  528.5     7.13  54.116  -1.2696
  528.9     7.02  54.161  -1.2665
  529.4     7.02  54.206  -1.2733
  529.7     6.68  54.251  -1.2736
  530.3     6.96  54.296  -1.2727
  530.7     6.88  54.340  -1.2768
  531.1     7.05  54.384  -1.2721
  531.5     6.89  54.432  -1.2659
  532.0     6.84  54.475  -1.2651
  532.5     6.81  54.521  -1.2624
  532.9     6.93  54.566  -1.2681
  533.4     6.88  54.612  -1.2710
  534.0     7.10  54.658  -1.2655
  534.4     7.40  54.701  -1.2664
  534.8     6.97  54.746  -1.2641
  535.2     7.09  54.790  -1.2670
  535.6     6.51  54.835  -1.2653
  536.1     7.02  54.878  -1.2665
  536.5     7.18  54.920  -1.2621
  536.9     7.00  54.963  -1.2648
  537.3     6.90  55.006  -1.2655
  537.8     7.20  55.050  -1.2614
  538.1     6.63  55.094  -1.2610
  538.7     7.04  55.135  -1.2599
  539.0     6.98  55.178  -1.2678
  539.5     7.23  55.219  -1.2648
  539.9     7.25  55.262  -1.2692
  540.3     7.34  55.305  -1.2630
  540.8     7.21  55.345  -1.2646
  541.1     7.29  55.388  -1.2735
  541.4     6.97  55.434  -1.2678
  542.0     7.10  55.476  -1.2711
  542.4     7.18  55.520  -1.2639
  542.8     7.00  55.564  -1.2683
  543.4     7.61  55.609  -1.2634
  543.6     6.92  55.651  -1.2664
  544.1     7.36  55.693  -1.2721
  544.4     6.76  55.737  -1.2674
  544.9     7.00  55.780  -1.2682
  545.5     7.09  55.823  -1.2694
  545.9     7.48  55.862  -1.2759
  546.3     7.29  55.907  -1.2719
  546.6     7.02  55.949  -1.2759
  547.2     7.47  55.990  -1.2709
  547.4     7.36  56.032  -1.2707
  547.8     7.19  56.074  -1.2666
  548.3     7.39  56.115  -1.2689
  548.7     7.87  56.157  -1.2683
  549.1     7.43  56.199  -1.2693
  549.5     7.29  56.239  -1.2713
  549.9     7.30  56.278  -1.2659
  550.2     7.00  56.316  -1.2687
  550.5     6.99  56.357  -1.2666
  551.0     7.22  56.398  -1.2652
  551.5     7.45  56.441  -1.2682
  551.8     7.05  56.484  -1.2645
  552.3     7.14  56.528  -1.2646
  552.8     7.35  56.572  -1.2650
  553.2     7.12  56.616  -1.2628
  553.7     7.66  56.660  -1.2721
  554.0     7.22  56.704  -1.2621
  554.5     7.38  56.748  -1.2631
  554.9     7.12  56.792  -1.2736
  555.2     7.17  56.835  -1.2720
  555.8     7.31  56.879  -1.2686
  556.1     7.07  56.918  -1.2739
  556.5     7.09  56.960  -1.2719
  556.9     7.04  57.001  -1.2660
  557.4     7.59  57.042  -1.2724
  557.7     7.10  57.083  -1.2686
  558.2     7.28  57.125  -1.2646
  558.5     7.12  57.169  -1.2723
  559.2     7.81  57.212  -1.2690
  559.3     7.11  57.255  -1.2670
  559.7     6.84  57.298  -1.2718
  560.1     6.97  57.341  -1.2684
  560.5     6.97  57.385  -1.2649
  561.0     7.13  57.430  -1.2718
  561.5     7.58  57.472  -1.2737
  561.8     6.79  57.517  -1.2680
  562.4     7.62  57.562  -1.2737
  562.7     7.50  57.606  -1.2672
  563.1     7.20  57.651  -1.2716
  563.6     7.70  57.695  -1.2700
  564.0     6.93  57.736  -1.2638
  564.4     7.00  57.780  -1.2740
  564.9     7.68  57.822  -1.2683
  565.2     7.03  57.865  -1.2658
  565.6     7.09  57.906  -1.2754
  566.0     7.20  57.946  -1.2695
  566.5     7.25  57.990  -1.2734
  566.7     6.99  58.031  -1.2742
  567.2     7.06  58.072  -1.2729
  567.6     7.06  58.115  -1.2786
  568.1     7.59  58.155  -1.2754
  568.3     6.87  58.197  -1.2743
  568.9     7.15  58.238  -1.2752
  569.1     6.72  58.278  -1.2690
  569.5     6.70  58.319  -1.2704
  570.1     7.34  58.360  -1.2659
  570.4     7.26  58.399  -1.2642
  570.9     7.22  58.440  -1.2729
  571.3     7.49  58.480  -1.2657
  571.5     6.63  58.521  -1.2674
  571.9     7.04  58.560  -1.2731
  572.4     7.07  58.600  -1.2720
  572.7     6.87  58.642  -1.2712
  573.1     6.75  58.684  -1.2725
  573.6     6.97  58.724  -1.2728
  574.0     7.39  58.766  -1.2757
  574.3     6.86  58.810  -1.2685
  574.7     6.90  58.852  -1.2776
  575.3     7.30  58.892  -1.2728
  575.6     6.88  58.932  -1.2752
  575.9     6.99  58.971  -1.2812
  576.3     6.97  59.013  -1.2743
  576.8     7.09  59.054  -1.2821
  577.2     7.31  59.093  -1.2777
  577.6     7.11  59.135  -1.2757
  578.0     7.05  59.177  -1.2771
  578.6     7.57  59.216  -1.2763
  578.8     7.13  59.259  -1.2823
  579.2     7.20  59.303  -1.2708
  579.5     6.50  59.344  -1.2769
  580.1     7.13  59.388  -1.2817
  580.3     6.67  59.431  -1.2768
  581.0     7.55  59.475  -1.2791
  581.2     6.60  59.520  -1.2781
  581.8     7.14  59.563  -1.2833
  582.1     6.96  59.607  -1.2761
  582.5     6.71  59.651  -1.2835
  582.9     7.00  59.692  -1.2828
  583.4     6.93  59.736  -1.2772
  583.8     6.82  59.781  -1.2878
  584.4     7.18  59.825  -1.2817
  584.8     6.92  59.870  -1.2849
  585.2     6.91  59.913  -1.2783
  585.6     6.74  59.959  -1.2828
  586.2     7.34  60.004  -1.2816
  586.5     6.89  60.044  -1.2804
  586.9     7.00  60.086  -1.2861
  587.3     7.35  60.127  -1.2792
  587.7     6.86  60.167  -1.2817
  588.0     6.82  60.209  -1.2859
  588.5     6.80  60.251  -1.2809
  589.0     6.96  60.292  -1.2823
  589.4     7.22  60.336  -1.2819
  589.7     6.65  60.379  -1.2808
  590.1     6.83  60.418  -1.2829
  590.6     6.96  60.464  -1.2891
  591.1     7.12  60.506  -1.2837
  591.5     7.03  60.547  -1.2788
  591.8     6.72  60.590  -1.2804
  592.3     6.78  60.632  -1.2829
  592.8     7.21  60.673  -1.2806
  593.0     6.72  60.716  -1.2770
  593.7     7.09  60.758  -1.2850
  594.0     6.95  60.800  -1.2899
  594.3     6.77  60.842  -1.2827
  594.8     6.87  60.886  -1.2767
  595.2     6.71  60.929  -1.2769
  595.6     6.44  60.970  -1.2803
  596.1     6.79  61.011  -1.2882
  596.7     7.00  61.055  -1.2786
  596.8     6.68  61.094  -1.2797
  597.5     6.92  61.138  -1.2863
  598.1     7.69  61.180  -1.2859
  598.3     7.02  61.223  -1.2856
  598.8     6.96  61.266  -1.2905
  599.1     7.22  61.307  -1.2903
  599.5     6.64  61.352  -1.2848
  600.0     6.76  61.396  -1.2881
  600.5     6.79  61.437  -1.2976
