   16.4     0.70   0.041  -0.0026
   16.4     0.58   0.082   0.0041
   16.4     0.61   0.121  -0.0052
   16.3     0.64   0.161  -0.0106
   16.4     0.63   0.202  -0.0059
   16.4     0.61   0.243  -0.0100
   16.5     0.67   0.289  -0.0145
   16.5     0.71   0.332  -0.0084
   16.3     0.58   0.375  -0.0068
   16.3     0.54   0.420  -0.0101
   16.3     0.52   0.463  -0.0022
   16.4     0.55   0.507  -0.0074
   16.3     0.50   0.551  -0.0139
   16.4     0.54   0.593  -0.0072
   16.5     0.56   0.634  -0.0082
   16.4     0.54   0.675  -0.0087
   16.4     0.54   0.716  -0.0055
   16.3     0.51   0.756  -0.0098
   16.5     0.58   0.798  -0.0067
   16.4     0.52   0.841  -0.0101
   16.4     0.51   0.882  -0.0101
   16.3     0.53   0.921  -0.0049
   16.5     0.53   0.963  -0.0063
   16.5     0.54   1.004  -0.0028
   16.5     0.58   1.045  -0.0041
   16.5     0.63   1.087  -0.0022
   16.5     0.60   1.130   0.0005
   16.5     0.57   1.171  -0.0039
   16.5     0.64   1.211   0.0009
   16.5     0.58   1.252   0.0007
   16.6     0.62   1.294  -0.0002
   16.6     0.64   1.337  -0.0035
   16.6     0.62   1.379  -0.0087
   16.6     0.67   1.422  -0.0050
   16.6     0.66   1.464  -0.0049
   16.6     0.63   1.503  -0.0043
   16.7     0.63   1.545  -0.0028
   16.7     0.72   1.587  -0.0017
   16.7     0.62   1.626  -0.0051
   16.7     0.62   1.666  -0.0086
   16.8     0.68   1.708  -0.0085
   16.8     0.75   1.749  -0.0018
   16.9     0.73   1.793  -0.0036
   16.8     0.69   1.833  -0.0049
   16.9     0.75   1.874   0.0004
   17.0     0.71   1.912  -0.0031
   16.9     0.75   1.953   0.0001
   17.1     0.81   1.993   0.0010
   17.1     0.74   2.033  -0.0035
   17.0     0.83   2.075   0.0020
   17.1     0.81   2.116  -0.0024
   17.2     0.80   2.160  -0.0047
   17.2     0.81   2.203  -0.0003
   17.3     0.86   2.247  -0.0078
   17.4     0.87   2.292  -0.0045
   17.3     0.86   2.331  -0.0008
   17.6     0.91   2.372  -0.0040
   17.5     0.92   2.413  -0.0049
   17.6     0.93   2.454   0.0034
   17.8     0.94   2.494   0.0035
   17.8     0.97   2.532  -0.0012
   17.9     1.00   2.573   0.0011
   17.9     0.99   2.613   0.0069
   18.0     0.95   2.654   0.0000
   18.1     0.99   2.695   0.0058
   18.2     1.04   2.737   0.0064
   18.3     1.07   2.781   0.0033
   18.4     1.06   2.823   0.0048
   18.5     1.16   2.864   0.0047
   18.6     1.15   2.905   0.0013
   18.7     1.19   2.947  -0.0029
   18.9     1.28   2.987   0.0033
   18.9     1.24   3.028   0.0033
   19.1     1.27   3.068   0.0076
   19.2     1.24   3.109   0.0082
   19.3     1.27   3.152   0.0057
   19.4     1.35   3.194   0.0029
   19.6     1.38   3.234   0.0024
   19.8     1.41   3.276  -0.0040
   19.9     1.39   3.318  -0.0055
   20.0     1.47   3.358  -0.0026
   20.2     1.53   3.398  -0.0010
   20.4     1.61   3.437  -0.0038
   20.5     1.57   3.476   0.0001
   20.6     1.57   3.516  -0.0006
   20.9     1.60   3.559  -0.0035
   21.0     1.61   3.600   0.0025
   21.2     1.61   3.642   0.0005
   21.3     1.67   3.682  -0.0020
   21.6     1.77   3.723   0.0062
   21.8     1.79   3.763   0.0037
   22.1     1.84   3.803  -0.0034
   22.2     1.92   3.844   0.0056
   22.4     1.95   3.884   0.0131
   22.6     1.99   3.926   0.0081
   22.9     2.09   3.968   0.0121
   23.1     2.20   4.011   0.0147
   23.4     2.20   4.055   0.0091
   23.6     2.20   4.099   0.0107
   23.8     2.28   4.141   0.0140
   24.2     2.35   4.182   0.0093
   24.4     2.40   4.223   0.0097
   24.5     2.39   4.264   0.0134
   24.8     2.45   4.305   0.0097
   25.0     2.53   4.347   0.0143
   25.3     2.54   4.388   0.0144
   25.6     2.54   4.428   0.0127
   25.8     2.61   4.472   0.0110
   26.1     2.65   4.514   0.0148
   26.4     2.68   4.555   0.0101
   26.6     2.74   4.599   0.0074
   26.9     2.61   4.641   0.0119
   27.2     2.76   4.683   0.0061
   27.4     2.77   4.727   0.0081
   27.6     2.67   4.771   0.0060
   27.8     2.71   4.814   0.0020
   28.2     2.77   4.854   0.0005
   28.5     2.80   4.896  -0.0018
   28.7     2.79   4.939  -0.0033
   28.9     2.77   4.979   0.0007
   29.4     2.92   5.021  -0.0045
   29.6     2.90   5.062   0.0013
   29.9     2.91   5.102  -0.0022
   30.2     3.02   5.145  -0.0008
   30.5     2.99   5.187   0.0049
   30.8     3.06   5.228   0.0008
   31.1     3.04   5.266   0.0027
   31.4     3.10   5.307   0.0023
   31.7     3.11   5.350   0.0014
   32.1     3.19   5.395   0.0014
   32.4     3.25   5.436  -0.0020
   32.7     3.23   5.477   0.0007
   33.0     3.28   5.515  -0.0027
   33.3     3.28   5.556  -0.0078
   33.6     3.27   5.599  -0.0041
   34.0     3.36   5.639  -0.0074
   34.2     3.36   5.677  -0.0028
   34.6     3.39   5.718  -0.0024
   34.9     3.41   5.760   0.0006
   35.3     3.43   5.801   0.0005
   35.7     3.49   5.847  -0.0011
   36.0     3.48   5.891  -0.0018
   36.4     3.52   5.932  -0.0062
   36.7     3.63   5.972  -0.0066
   37.0     3.63   6.013  -0.0031
   37.3     3.66   6.054  -0.0012
   37.7     3.71   6.093   0.0000
   38.0     3.66   6.131   0.0075
   38.3     3.71   6.174  -0.0006
   38.7     3.70   6.217  -0.0001
   39.1     3.76   6.258   0.0004
   39.5     3.80   6.302  -0.0073
   39.8     3.88   6.347  -0.0049
   40.3     3.84   6.385  -0.0061
   40.5     3.90   6.425  -0.0031
   40.9     3.95   6.465   0.0043
   41.4     3.94   6.505   0.0001
   41.6     3.96   6.545   0.0021
   42.0     4.00   6.585   0.0022
   42.3     4.06   6.625  -0.0017
   42.7     4.02   6.667  -0.0002
   43.0     4.11   6.707   0.0035
   43.5     4.09   6.748  -0.0008
   43.9     4.11   6.791  -0.0018
   44.2     4.09   6.830  -0.0017
   44.5     4.14   6.873  -0.0041
   44.9     4.18   6.913  -0.0076
   45.4     4.26   6.951  -0.0065
   45.6     4.23   6.990  -0.0067
   45.9     4.28   7.032  -0.0054
   46.4     4.27   7.074  -0.0033
   46.8     4.28   7.118   0.0002
   47.2     4.38   7.160  -0.0033
   47.6     4.34   7.202  -0.0010
   48.0     4.37   7.245   0.0004
   48.4     4.39   7.288  -0.0065
   48.7     4.37   7.328  -0.0052
   49.2     4.43   7.368  -0.0001
   49.5     4.43   7.407  -0.0026
   49.9     4.48   7.447  -0.0022
   50.3     4.48   7.489   0.0027
   50.7     4.55   7.532  -0.0006
   51.0     4.54   7.576   0.0016
   51.5     4.53   7.620   0.0002
   52.0     4.62   7.665   0.0010
   52.4     4.57   7.710  -0.0029
   52.8     4.58   7.752  -0.0004
   53.1     4.65   7.792  -0.0049
   53.5     4.65   7.834  -0.0044
   53.9     4.58   7.875  -0.0010
   54.4     4.72   7.917  -0.0044
   54.7     4.70   7.956   0.0009
   55.1     4.68   7.996   0.0002
   55.4     4.75   8.037   0.0014
   55.8     4.74   8.077   0.0068
   56.2     4.75   8.117  -0.0016
   56.6     4.75   8.160   0.0011
   57.0     4.74   8.202  -0.0012
   57.5     4.79   8.244  -0.0064
   57.9     4.80   8.285  -0.0015
   58.4     4.83   8.326  -0.0017
   58.6     4.77   8.368  -0.0020
   59.1     4.88   8.410   0.0028
   59.4     4.84   8.449   0.0011
   59.9     4.90   8.490   0.0023
   60.3     4.95   8.533   0.0072
   60.7     4.91   8.575   0.0028
   61.1     4.98   8.617   0.0027
   61.6     4.94   8.659   0.0048
   61.8     4.96   8.698   0.0029
   62.3     5.01   8.739   0.0034
   62.8     4.98   8.780   0.0063
   63.1     5.01   8.821   0.0022
   63.5     5.10   8.862  -0.0027
   64.0     5.11   8.901   0.0070
   64.3     5.10   8.942   0.0056
   64.8     5.09   8.983  -0.0032
   65.2     5.09   9.026  -0.0038
   65.5     5.15   9.069  -0.0019
   66.0     5.13   9.109  -0.0077
   66.4     5.19   9.150  -0.0025
   66.8     5.15   9.189   0.0040
   67.2     5.20   9.229  -0.0034
   67.6     5.16   9.268  -0.0062
   67.9     5.20   9.310  -0.0032
   68.3     5.21   9.351  -0.0046
   68.7     5.16   9.394  -0.0087
   69.2     5.17   9.436  -0.0082
   69.5     5.15   9.481  -0.0033
   70.1     5.23   9.524  -0.0109
   70.5     5.19   9.565  -0.0105
   70.9     5.22   9.608  -0.0071
   71.3     5.23   9.647  -0.0045
   71.7     5.20   9.686  -0.0051
   72.1     5.22   9.726  -0.0107
   72.5     5.29   9.766  -0.0161
   72.9     5.29   9.806  -0.0141
   73.3     5.23   9.847  -0.0088
   73.7     5.23   9.888  -0.0107
   74.2     5.30   9.929  -0.0177
   74.6     5.29   9.967  -0.0150
   74.8     5.31  10.006  -0.0049
   75.3     5.25  10.045  -0.0041
   75.7     5.36  10.085  -0.0096
   76.1     5.29  10.127  -0.0098
   76.5     5.33  10.169  -0.0022
   76.8     5.34  10.209  -0.0001
   77.4     5.36  10.250  -0.0052
   77.7     5.27  10.291  -0.0052
   78.2     5.34  10.331  -0.0039
   78.5     5.29  10.373  -0.0054
   78.9     5.29  10.415  -0.0085
   79.4     5.42  10.456  -0.0062
   79.9     5.34  10.495  -0.0063
   80.2     5.37  10.537  -0.0070
   80.7     5.33  10.579  -0.0097
   81.0     5.32  10.620  -0.0073
   81.4     5.32  10.661  -0.0100
   81.8     5.30  10.702  -0.0168
   82.2     5.25  10.745  -0.0109
   82.6     5.29  10.783  -0.0049
   83.1     5.32  10.828  -0.0060
   83.5     5.32  10.870  -0.0101
   83.9     5.27  10.912  -0.0126
   84.4     5.27  10.954  -0.0113
   84.7     5.28  10.994  -0.0123
   85.0     5.24  11.035  -0.0157
   85.6     5.31  11.078  -0.0178
   86.1     5.31  11.122  -0.0140
   86.4     5.29  11.163  -0.0134
   86.8     5.30  11.207  -0.0125
   87.3     5.28  11.250  -0.0143
   87.7     5.26  11.295  -0.0074
   88.2     5.25  11.338  -0.0066
   88.6     5.28  11.381  -0.0089
   89.1     5.27  11.424  -0.0146
   89.5     5.29  11.466  -0.0077
   89.8     5.29  11.508  -0.0051
   90.4     5.38  11.551  -0.0007
   90.7     5.30  11.591  -0.0051
   91.1     5.21  11.633  -0.0092
   91.6     5.22  11.676  -0.0033
   92.0     5.24  11.719  -0.0017
   92.4     5.24  11.760  -0.0054
   92.8     5.24  11.800  -0.0093
   93.3     5.22  11.842  -0.0039
   93.6     5.23  11.882  -0.0069
   94.0     5.28  11.924  -0.0112
   94.4     5.18  11.965  -0.0091
   94.8     5.20  12.008  -0.0034
   95.3     5.23  12.049  -0.0004
   95.7     5.19  12.092  -0.0041
   96.1     5.15  12.131  -0.0012
   96.5     5.18  12.173  -0.0007
   97.0     5.20  12.215  -0.0014
   97.4     5.14  12.258  -0.0032
   97.8     5.24  12.298   0.0010
   98.2     5.13  12.339   0.0004
   98.6     5.21  12.380  -0.0024
   99.0     5.12  12.420  -0.0050
   99.4     5.14  12.460   0.0038
   99.8     5.15  12.500  -0.0007
  100.2     5.13  12.540  -0.0054
  100.6     5.10  12.581  -0.0016
  101.1     5.13  12.624   0.0016
  101.4     5.04  12.668  -0.0046
  101.9     5.08  12.709  -0.0072
  102.3     5.10  12.750  -0.0059
  102.7     5.04  12.789  -0.0106
  103.1     5.08  12.832  -0.0160
  103.4     5.03  12.872  -0.0139
  103.9     5.01  12.913  -0.0161
  104.4     5.00  12.955  -0.0185
  104.8     5.01  12.995  -0.0128
  105.2     5.01  13.039  -0.0193
  105.7     5.11  13.082  -0.0112
  106.2     5.03  13.126  -0.0106
  106.5     5.02  13.169  -0.0107
  106.9     4.95  13.210  -0.0067
  107.4     4.93  13.253  -0.0070
  107.8     4.98  13.294  -0.0037
  108.1     4.95  13.337  -0.0076
  108.6     4.94  13.379  -0.0114
  109.0     4.95  13.419  -0.0058
  109.4     4.97  13.459  -0.0063
  109.9     4.90  13.499  -0.0128
  110.2     4.94  13.539  -0.0063
  110.7     4.91  13.581  -0.0067
  111.1     4.83  13.624  -0.0113
  111.5     4.88  13.667  -0.0021
  111.9     4.82  13.709  -0.0096
  112.3     4.84  13.750  -0.0097
  112.8     4.86  13.791  -0.0019
  113.2     4.82  13.833  -0.0033
  113.6     4.83  13.874  -0.0048
  114.0     4.80  13.914  -0.0071
  114.4     4.80  13.958  -0.0090
  114.8     4.74  13.999  -0.0110
  115.2     4.71  14.039  -0.0087
  115.6     4.73  14.079  -0.0067
  116.0     4.70  14.122  -0.0111
  116.4     4.69  14.164  -0.0033
  117.0     4.71  14.203  -0.0059
  117.3     4.64  14.245  -0.0091
  117.7     4.62  14.284  -0.0136
  118.2     4.59  14.325  -0.0115
  118.4     4.58  14.367  -0.0174
  119.0     4.62  14.410  -0.0167
  119.4     4.56  14.454  -0.0115
  119.8     4.55  14.495  -0.0104
  120.4     4.54  14.538  -0.0116
  120.7     4.49  14.578  -0.0083
  121.1     4.48  14.618  -0.0120
  121.4     4.47  14.659  -0.0142
  121.9     4.46  14.701  -0.0125
  122.3     4.41  14.743  -0.0099
  122.7     4.44  14.783  -0.0135
  123.1     4.38  14.828  -0.0159
  123.6     4.28  14.873  -0.0133
  124.1     4.36  14.916  -0.0111
  124.4     4.27  14.960  -0.0091
  124.8     4.27  15.002  -0.0104
  125.2     4.23  15.045  -0.0105
  125.7     4.34  15.085  -0.0065
  126.1     4.17  15.127  -0.0075
  126.5     4.19  15.168  -0.0129
  127.0     4.14  15.207  -0.0143
  127.3     4.10  15.248  -0.0108
  127.8     4.12  15.288  -0.0153
  128.2     4.11  15.329  -0.0133
  128.6     4.06  15.368  -0.0113
  128.9     4.00  15.407  -0.0161
  129.3     4.02  15.447  -0.0158
  129.8     4.00  15.488  -0.0134
  130.2     3.96  15.527  -0.0145
  130.6     4.04  15.569  -0.0143
  130.9     4.01  15.609  -0.0188
  131.4     3.97  15.649  -0.0152
  131.8     4.01  15.690  -0.0177
  132.2     3.98  15.730  -0.0147
  132.6     3.91  15.770  -0.0093
  133.0     3.87  15.813  -0.0144
  133.4     3.93  15.853  -0.0196
  133.9     3.95  15.894  -0.0187
  134.2     3.92  15.936  -0.0176
  134.7     3.92  15.977  -0.0174
  135.0     3.93  16.018  -0.0130
  135.6     3.86  16.060  -0.0129
  135.9     3.80  16.101  -0.0109
  136.3     3.81  16.140  -0.0105
  136.7     3.80  16.182  -0.0126
  137.1     3.75  16.221  -0.0189
  137.4     3.84  16.262  -0.0148
  138.0     3.69  16.306  -0.0189
  138.4     3.71  16.345  -0.0183
  138.8     3.74  16.388  -0.0155
  139.2     3.73  16.427  -0.0208
  139.5     3.67  16.467  -0.0216
  140.0     3.75  16.507  -0.0185
  140.4     3.69  16.548  -0.0173
  140.8     3.71  16.588  -0.0207
  141.2     3.69  16.630  -0.0168
  141.6     3.69  16.674  -0.0157
  142.1     3.72  16.716  -0.0200
  142.5     3.76  16.761  -0.0227
  142.9     3.65  16.803  -0.0205
  143.4     3.63  16.845  -0.0235
  143.9     3.71  16.888  -0.0230
  144.3     3.70  16.928  -0.0211
  144.7     3.72  16.967  -0.0209
  145.1     3.69  17.007  -0.0250
  145.5     3.68  17.047  -0.0269
  145.8     3.68  17.088  -0.0199
  146.3     3.71  17.127  -0.0229
  146.7     3.71  17.166  -0.0261
  147.1     3.64  17.207  -0.0274
  147.5     3.71  17.248  -0.0237
  148.0     3.71  17.289  -0.0214
  148.3     3.72  17.330  -0.0249
  148.8     3.80  17.373  -0.0240
  149.2     3.71  17.414  -0.0250
  149.7     3.78  17.455  -0.0243
  150.0     3.73  17.495  -0.0249
  150.5     3.72  17.537  -0.0250
  150.9     3.74  17.577  -0.0268
  151.3     3.70  17.617  -0.0272
  151.7     3.73  17.661  -0.0262
  152.1     3.69  17.701  -0.0252
  152.5     3.78  17.740  -0.0313
  153.0     3.73  17.780  -0.0287
  153.3     3.73  17.819  -0.0263
  153.8     3.74  17.860  -0.0329
  154.2     3.73  17.901  -0.0287
  154.7     3.79  17.943  -0.0284
  155.0     3.80  17.986  -0.0265
  155.5     3.82  18.028  -0.0263
  155.9     3.90  18.070  -0.0257
  156.4     3.89  18.112  -0.0274
  156.8     3.90  18.154  -0.0288
  157.2     3.77  18.194  -0.0229
  157.7     3.86  18.234  -0.0243
  158.1     3.88  18.275  -0.0282
  158.5     3.90  18.315  -0.0274
  158.9     3.88  18.356  -0.0241
  159.4     3.96  18.400  -0.0245
  159.8     4.04  18.442  -0.0286
  160.3     3.99  18.484  -0.0263
  160.8     4.06  18.528  -0.0198
  161.3     4.11  18.572  -0.0200
  161.7     4.09  18.615  -0.0254
  162.2     4.14  18.657  -0.0230
  162.7     4.21  18.699  -0.0201
  163.1     4.23  18.740  -0.0184
  163.5     4.29  18.780  -0.0233
  163.9     4.25  18.821  -0.0226
  164.3     4.25  18.862  -0.0203
  164.7     4.27  18.901  -0.0212
  165.2     4.32  18.944  -0.0252
  165.6     4.28  18.984  -0.0308
  166.0     4.36  19.025  -0.0255
  166.5     4.42  19.066  -0.0254
  166.8     4.35  19.108  -0.0255
  167.4     4.52  19.149  -0.0280
  167.7     4.36  19.188  -0.0231
  168.1     4.37  19.230  -0.0145
  168.5     4.42  19.274  -0.0212
  169.0     4.41  19.314  -0.0278
  169.3     4.34  19.355  -0.0257
  169.7     4.35  19.397  -0.0269
  170.3     4.39  19.438  -0.0275
  170.6     4.39  19.481  -0.0295
  171.0     4.43  19.521  -0.0322
  171.5     4.40  19.562  -0.0295
  171.9     4.47  19.600  -0.0314
  172.3     4.42  19.640  -0.0334
  172.7     4.53  19.680  -0.0307
  173.1     4.50  19.720  -0.0307
  173.6     4.52  19.761  -0.0280
  174.0     4.44  19.801  -0.0246
  174.4     4.59  19.842  -0.0272
  174.8     4.57  19.887  -0.0297
  175.3     4.55  19.928  -0.0339
  175.8     4.64  19.969  -0.0298
  176.2     4.66  20.010  -0.0277
  176.5     4.63  20.050  -0.0287
  177.0     4.69  20.092  -0.0320
  177.4     4.66  20.133  -0.0302
  177.9     4.76  20.175  -0.0263
  178.2     4.70  20.218  -0.0262
  178.8     4.74  20.262  -0.0326
  179.3     4.85  20.303  -0.0320
  179.6     4.85  20.347  -0.0301
  180.1     4.80  20.393  -0.0292
  180.6     4.84  20.435  -0.0281
  181.0     4.80  20.476  -0.0333
  181.4     4.88  20.517  -0.0349
  181.9     4.89  20.558  -0.0314
  182.2     4.89  20.600  -0.0308
  182.7     4.92  20.642  -0.0326
  183.0     4.88  20.684  -0.0389
  183.6     4.98  20.725  -0.0361
  184.0     5.00  20.767  -0.0340
  184.4     5.00  20.810  -0.0311
  184.9     5.00  20.851  -0.0311
  185.3     5.08  20.890  -0.0330
  185.7     5.03  20.929  -0.0321
  186.2     5.16  20.970  -0.0300
  186.6     5.07  21.013  -0.0318
  187.1     5.10  21.055  -0.0319
  187.5     5.08  21.096  -0.0302
  188.0     5.11  21.139  -0.0275
  188.3     5.10  21.181  -0.0287
  188.7     5.20  21.223  -0.0327
  189.3     5.21  21.266  -0.0274
  189.7     5.21  21.308  -0.0299
  190.2     5.25  21.349  -0.0237
  190.6     5.17  21.388  -0.0263
  190.9     5.22  21.428  -0.0276
  191.3     5.21  21.468  -0.0266
  191.8     5.26  21.510  -0.0245
  192.2     5.28  21.552  -0.0257
  192.7     5.34  21.593  -0.0295
  193.2     5.42  21.635  -0.0269
  193.5     5.36  21.674  -0.0241
  194.0     5.33  21.718  -0.0255
  194.5     5.36  21.760  -0.0249
  195.0     5.39  21.802  -0.0270
  195.3     5.46  21.840  -0.0253
  195.8     5.36  21.881  -0.0226
  196.1     5.47  21.922  -0.0250
  196.6     5.44  21.961  -0.0277
  197.0     5.53  22.003  -0.0267
  197.5     5.58  22.044  -0.0290
  197.9     5.56  22.087  -0.0294
  198.3     5.58  22.132  -0.0304
  198.8     5.57  22.177  -0.0259
  199.3     5.62  22.221  -0.0264
  199.8     5.60  22.262  -0.0345
  200.2     5.59  22.304  -0.0371
  200.7     5.67  22.344  -0.0327
  201.2     5.67  22.384  -0.0326
  201.5     5.67  22.424  -0.0335
  202.0     5.70  22.466  -0.0342
  202.4     5.70  22.509  -0.0298
  202.9     5.80  22.554  -0.0276
  203.4     5.70  22.596  -0.0234
  203.8     5.68  22.640  -0.0236
  204.2     5.73  22.682  -0.0265
  204.7     5.80  22.724  -0.0265
  205.0     5.78  22.765  -0.0261
  205.6     5.90  22.807  -0.0242
  206.0     5.80  22.850  -0.0236
  206.4     5.84  22.888  -0.0256
  206.9     5.81  22.931  -0.0245
  207.4     5.84  22.974  -0.0254
  207.8     5.92  23.017  -0.0308
  208.3     5.90  23.059  -0.0328
  208.7     5.91  23.101  -0.0249
  209.2     5.99  23.143  -0.0240
  209.6     5.96  23.182  -0.0301
  210.1     6.02  23.223  -0.0288
  210.4     6.02  23.263  -0.0266
  210.9     5.98  23.303  -0.0283
  211.2     6.00  23.344  -0.0267
  211.8     6.08  23.386  -0.0246
  212.2     6.07  23.426  -0.0219
  212.6     6.08  23.466  -0.0249
  213.1     6.10  23.507  -0.0286
  213.4     6.11  23.551  -0.0235
  214.0     6.07  23.592  -0.0257
  214.3     6.09  23.631  -0.0313
  214.7     6.17  23.672  -0.0286
  215.1     6.15  23.713  -0.0242
  215.6     6.16  23.754  -0.0264
  216.0     6.24  23.794  -0.0254
  216.4     6.19  23.836  -0.0233
  216.9     6.21  23.876  -0.0252
  217.2     6.15  23.918  -0.0268
  217.7     6.14  23.960  -0.0229
  218.2     6.24  24.004  -0.0285
  218.7     6.24  24.048  -0.0280
  219.1     6.25  24.092  -0.0280
  219.6     6.23  24.132  -0.0259
  219.9     6.23  24.171  -0.0308
  220.4     6.26  24.213  -0.0309
  220.8     6.26  24.255  -0.0264
  221.3     6.29  24.297  -0.0291
  221.7     6.29  24.337  -0.0310
  222.1     6.29  24.379  -0.0298
  222.5     6.29  24.419  -0.0277
  222.9     6.33  24.459  -0.0336
  223.5     6.37  24.502  -0.0365
  223.8     6.34  24.544  -0.0344
  224.3     6.34  24.583  -0.0342
  224.7     6.39  24.626  -0.0361
  225.2     6.46  24.667  -0.0367
  225.6     6.39  24.711  -0.0334
  225.9     6.42  24.753  -0.0317
  226.4     6.42  24.794  -0.0313
  226.9     6.46  24.834  -0.0346
  227.3     6.45  24.877  -0.0312
  227.7     6.48  24.918  -0.0303
  228.2     6.57  24.960  -0.0321
  228.6     6.48  25.001  -0.0360
  229.1     6.52  25.041  -0.0378
  229.6     6.60  25.081  -0.0319
  229.9     6.58  25.120  -0.0311
  230.3     6.58  25.162  -0.0342
  230.7     6.59  25.202  -0.0341
  231.2     6.55  25.242  -0.0310
  231.6     6.59  25.282  -0.0340
  232.0     6.67  25.325  -0.0388
  232.5     6.63  25.367  -0.0362
  232.8     6.61  25.409  -0.0383
  233.2     6.63  25.450  -0.0375
  233.8     6.69  25.489  -0.0376
  234.1     6.66  25.531  -0.0403
  234.5     6.69  25.570  -0.0348
  235.0     6.64  25.612  -0.0378
  235.5     6.74  25.655  -0.0416
  235.8     6.64  25.698  -0.0445
  236.3     6.70  25.739  -0.0362
  236.7     6.69  25.785  -0.0364
  237.1     6.80  25.829  -0.0405
  237.6     6.70  25.871  -0.0432
  238.1     6.71  25.910  -0.0403
  238.4     6.72  25.951  -0.0354
  238.9     6.68  25.993  -0.0333
  239.3     6.76  26.035  -0.0381
  239.7     6.72  26.075  -0.0393
  240.2     6.78  26.116  -0.0355
  240.7     6.78  26.157  -0.0325
  241.1     6.76  26.200  -0.0385
  241.4     6.80  26.243  -0.0428
  241.9     6.70  26.285  -0.0388
  242.4     6.83  26.325  -0.0387
  242.8     6.75  26.365  -0.0406
  243.1     6.72  26.406  -0.0377
  243.6     6.71  26.449  -0.0383
  244.0     6.78  26.490  -0.0392
  244.5     6.83  26.530  -0.0419
  244.8     6.74  26.571  -0.0398
  245.3     6.76  26.613  -0.0410
  245.7     6.84  26.656  -0.0403
  246.1     6.78  26.699  -0.0415
  246.6     6.82  26.741  -0.0348
  247.1     6.84  26.781  -0.0332
  247.4     6.79  26.822  -0.0378
  247.8     6.83  26.862  -0.0422
  248.2     6.75  26.901  -0.0385
  248.6     6.78  26.941  -0.0409
  249.1     6.81  26.983  -0.0463
  249.5     6.89  27.022  -0.0467
  249.8     6.86  27.064  -0.0439
  250.3     6.86  27.106  -0.0464
  250.9     6.86  27.149  -0.0487
  251.2     6.89  27.192  -0.0533
  251.7     6.89  27.232  -0.0497
  252.2     6.91  27.273  -0.0491
  252.5     6.96  27.314  -0.0516
  253.0     6.95  27.353  -0.0508
  253.3     7.02  27.395  -0.0459
  253.7     6.96  27.436  -0.0490
  254.1     7.02  27.476  -0.0512
  254.6     6.96  27.519  -0.0475
  255.0     6.97  27.560  -0.0491
  255.3     7.00  27.603  -0.0518
  255.9     7.05  27.649  -0.0522
  256.3     7.00  27.692  -0.0494
  256.8     7.00  27.732  -0.0494
  257.2     7.02  27.774  -0.0544
  257.6     7.09  27.815  -0.0504
  258.1     7.11  27.856  -0.0527
  258.5     7.09  27.895  -0.0525
  258.8     7.12  27.935  -0.0477
  259.2     7.08  27.978  -0.0545
  259.6     7.08  28.020  -0.0547
  260.1     7.16  28.061  -0.0468
  260.5     7.16  28.101  -0.0533
  261.0     7.18  28.142  -0.0557
  261.4     7.23  28.182  -0.0540
  261.8     7.19  28.223  -0.0570
  262.1     7.18  28.264  -0.0617
  262.7     7.20  28.306  -0.0586
  263.1     7.20  28.348  -0.0590
  263.5     7.26  28.389  -0.0626
  263.9     7.22  28.433  -0.0645
  264.5     7.29  28.474  -0.0595
  264.8     7.28  28.516  -0.0604
  265.2     7.28  28.560  -0.0590
  265.7     7.24  28.603  -0.0543
  266.0     7.26  28.644  -0.0609
  266.5     7.28  28.686  -0.0628
  267.0     7.27  28.727  -0.0629
  267.5     7.32  28.769  -0.0630
  267.9     7.34  28.810  -0.0671
  268.3     7.38  28.850  -0.0627
  268.7     7.37  28.893  -0.0635
  269.2     7.37  28.935  -0.0636
  269.6     7.43  28.978  -0.0629
  270.0     7.42  29.021  -0.0625
  270.5     7.46  29.061  -0.0668
  270.9     7.38  29.101  -0.0708
  271.4     7.43  29.141  -0.0703
  271.8     7.37  29.181  -0.0681
  272.1     7.38  29.220  -0.0730
  272.5     7.34  29.263  -0.0712
  273.0     7.38  29.306  -0.0674
  273.4     7.32  29.348  -0.0728
  273.9     7.40  29.393  -0.0731
  274.4     7.43  29.438  -0.0696
  274.9     7.40  29.480  -0.0705
  275.3     7.37  29.521  -0.0716
  275.7     7.40  29.564  -0.0684
  276.2     7.41  29.605  -0.0697
  276.5     7.38  29.644  -0.0736
  276.9     7.39  29.687  -0.0781
  277.4     7.40  29.729  -0.0758
  278.0     7.48  29.772  -0.0743
  278.3     7.35  29.814  -0.0715
  278.7     7.38  29.857  -0.0740
  279.2     7.42  29.898  -0.0759
  279.7     7.43  29.939  -0.0754
  280.1     7.39  29.980  -0.0771
  280.5     7.42  30.022  -0.0820
  280.9     7.44  30.064  -0.0830
  281.3     7.32  30.105  -0.0848
  281.8     7.32  30.146  -0.0825
  282.1     7.35  30.187  -0.0848
  282.6     7.31  30.228  -0.0831
  283.0     7.35  30.269  -0.0828
  283.4     7.31  30.311  -0.0843
  283.8     7.36  30.353  -0.0834
  284.3     7.30  30.394  -0.0827
  284.7     7.33  30.434  -0.0806
  285.1     7.28  30.474  -0.0844
  285.5     7.30  30.514  -0.0862
  286.0     7.28  30.557  -0.0862
  286.4     7.24  30.598  -0.0851
  286.9     7.23  30.639  -0.0840
  287.2     7.24  30.682  -0.0880
  287.8     7.25  30.723  -0.0876
  288.1     7.20  30.767  -0.0823
  288.6     7.21  30.810  -0.0860
  289.0     7.24  30.851  -0.0867
  289.5     7.24  30.892  -0.0897
  289.9     7.23  30.932  -0.0850
  290.3     7.18  30.973  -0.0875
  290.8     7.26  31.014  -0.0918
  291.1     7.34  31.055  -0.0876
  291.6     7.22  31.097  -0.0905
  292.1     7.18  31.140  -0.0937
  292.5     7.13  31.181  -0.0932
  293.0     7.16  31.224  -0.0923
  293.4     7.17  31.271  -0.0970
  293.9     7.15  31.313  -0.0980
  294.3     7.19  31.355  -0.0956
  294.8     7.17  31.397  -0.1034
  295.2     7.18  31.437  -0.1062
  295.6     7.09  31.476  -0.0994
  295.9     7.14  31.515  -0.0949
  296.4     7.08  31.556  -0.0995
  296.8     7.06  31.595  -0.0966
  297.2     7.07  31.635  -0.0965
  297.6     7.11  31.675  -0.1010
  298.1     7.04  31.718  -0.1020
  298.4     6.99  31.758  -0.0953
  299.0     7.11  31.802  -0.0998
  299.3     7.02  31.842  -0.0978
  299.8     7.00  31.885  -0.0953
  300.3     7.04  31.927  -0.0980
  300.7     7.05  31.968  -0.0967
  301.1     7.01  32.009  -0.0978
  301.5     7.04  32.049  -0.1033
  301.9     6.98  32.091  -0.0994
  302.3     6.95  32.133  -0.0993
  302.8     6.98  32.176  -0.1011
  303.1     6.96  32.217  -0.0989
  303.6     6.94  32.258  -0.1022
  304.0     6.96  32.299  -0.1027
  304.4     6.87  32.339  -0.1048
  304.8     6.93  32.378  -0.1108
  305.3     6.97  32.419  -0.1093
  305.8     6.88  32.458  -0.1067
  306.1     6.88  32.500  -0.1084
  306.6     6.99  32.542  -0.1085
  307.0     6.90  32.584  -0.1094
  307.4     6.91  32.627  -0.1085
  307.7     6.83  32.668  -0.1087
  308.3     6.81  32.708  -0.1125
  308.6     6.87  32.746  -0.1056
  309.0     6.87  32.788  -0.0987
  309.5     6.86  32.829  -0.1038
  310.0     6.83  32.873  -0.1053
  310.3     6.84  32.914  -0.1042
  310.7     6.78  32.956  -0.1070
  311.2     6.76  32.997  -0.1071
  311.7     6.76  33.041  -0.1065
  312.1     6.75  33.085  -0.1086
  312.5     6.78  33.129  -0.1052
  313.1     6.84  33.168  -0.1087
  313.5     6.80  33.208  -0.1159
  313.8     6.77  33.248  -0.1137
  314.4     6.72  33.290  -0.1173
  314.8     6.82  33.332  -0.1202
  315.1     6.75  33.373  -0.1130
  315.6     6.76  33.415  -0.1117
  316.0     6.80  33.458  -0.1149
  316.5     6.77  33.498  -0.1141
  316.9     6.79  33.541  -0.1145
  317.3     6.78  33.580  -0.1149
  317.8     6.77  33.622  -0.1146
  318.3     6.87  33.662  -0.1193
  318.6     6.82  33.703  -0.1201
  319.1     6.87  33.744  -0.1204
  319.5     6.88  33.786  -0.1192
  320.1     6.97  33.829  -0.1196
  320.4     6.96  33.870  -0.1245
  320.9     7.04  33.911  -0.1214
  321.4     7.01  33.954  -0.1231
  321.9     7.13  33.995  -0.1245
  322.3     7.07  34.034  -0.1256
  322.7     7.11  34.073  -0.1304
  323.2     7.21  34.115  -0.1331
  323.6     7.27  34.156  -0.1306
  324.0     7.21  34.196  -0.1337
  324.5     7.25  34.239  -0.1352
  324.9     7.26  34.280  -0.1342
  325.3     7.33  34.319  -0.1390
  325.8     7.37  34.362  -0.1358
  326.1     7.38  34.405  -0.1363
  326.6     7.36  34.449  -0.1368
  327.2     7.37  34.489  -0.1365
  327.5     7.51  34.528  -0.1389
  327.9     7.41  34.568  -0.1388
  328.4     7.46  34.611  -0.1412
  328.8     7.38  34.652  -0.1488
  329.1     7.37  34.694  -0.1494
  329.6     7.33  34.738  -0.1533
  330.1     7.39  34.780  -0.1562
  330.6     7.41  34.823  -0.1559
  331.0     7.48  34.867  -0.1599
  331.4     7.47  34.909  -0.1603
  332.0     7.56  34.952  -0.1528
  332.4     7.62  34.992  -0.1578
  332.8     7.59  35.033  -0.1586
  333.2     7.55  35.076  -0.1567
  333.7     7.55  35.118  -0.1612
  334.1     7.64  35.159  -0.1569
  334.6     7.66  35.202  -0.1579
  335.0     7.61  35.243  -0.1620
  335.4     7.65  35.285  -0.1652
  335.8     7.66  35.326  -0.1643
  336.3     7.73  35.367  -0.1685
  336.8     7.74  35.407  -0.1731
  337.1     7.79  35.449  -0.1766
  337.6     7.80  35.490  -0.1774
  338.1     7.76  35.530  -0.1783
  338.5     7.75  35.571  -0.1789
  338.8     7.74  35.613  -0.1797
  339.3     7.79  35.654  -0.1783
  339.7     7.75  35.695  -0.1774
  340.2     7.86  35.739  -0.1803
  340.7     7.92  35.781  -0.1813
  341.1     7.82  35.822  -0.1798
  341.7     7.89  35.864  -0.1811
  342.0     7.81  35.905  -0.1771
  342.5     7.85  35.945  -0.1745
  343.0     8.00  35.985  -0.1770
  343.4     7.87  36.026  -0.1793
  343.8     7.82  36.065  -0.1795
  344.1     7.81  36.107  -0.1878
  344.6     7.80  36.147  -0.1905
  345.1     7.77  36.190  -0.1890
  345.6     7.75  36.234  -0.1856
  346.0     7.73  36.277  -0.1899
  346.3     7.61  36.318  -0.1876
  346.8     7.64  36.357  -0.1860
  347.3     7.72  36.398  -0.1915
  347.7     7.66  36.438  -0.1897
  348.1     7.66  36.480  -0.1921
  348.6     7.55  36.520  -0.1937
  349.0     7.53  36.564  -0.1914
  349.4     7.51  36.605  -0.1932
  349.9     7.42  36.646  -0.1973
  350.3     7.42  36.691  -0.1957
  350.8     7.38  36.735  -0.2016
  351.2     7.29  36.777  -0.2006
  351.6     7.29  36.819  -0.1948
  352.1     7.28  36.861  -0.1950
  352.6     7.36  36.904  -0.1926
  353.0     7.29  36.946  -0.1904
  353.4     7.16  36.986  -0.1944
  353.9     7.15  37.030  -0.1970
  354.3     7.16  37.071  -0.1959
  354.8     7.13  37.113  -0.1950
  355.2     7.11  37.155  -0.2015
  355.6     7.06  37.197  -0.1990
  356.1     7.03  37.238  -0.2008
  356.5     6.96  37.278  -0.1982
  356.8     7.00  37.318  -0.1991
  357.3     6.93  37.360  -0.1952
  357.8     6.97  37.404  -0.2015
  358.2     6.89  37.445  -0.1975
  358.7     6.86  37.488  -0.1951
  359.0     6.76  37.529  -0.2003
  359.5     6.80  37.570  -0.1990
  359.8     6.72  37.612  -0.2020
  360.3     6.73  37.652  -0.1984
  360.8     6.71  37.696  -0.1957
  361.2     6.68  37.739  -0.2031
  361.6     6.65  37.777  -0.2171
  362.2     6.62  37.818  -0.2187
  362.6     6.64  37.860  -0.2177
  362.9     6.57  37.901  -0.2147
  363.3     6.61  37.943  -0.2187
  363.8     6.52  37.985  -0.2136
  364.2     6.53  38.028  -0.2140
  364.8     6.54  38.072  -0.2147
  365.2     6.53  38.114  -0.2152
  365.6     6.59  38.152  -0.2224
  366.1     6.50  38.190  -0.2274
  366.4     6.51  38.233  -0.2233
  366.9     6.56  38.276  -0.2289
  367.4     6.48  38.324  -0.2226
  367.8     6.46  38.370  -0.2257
  368.3     6.46  38.416  -0.2258
  368.9     6.47  38.462  -0.2242
  369.4     6.43  38.509  -0.2258
  369.7     6.41  38.554  -0.2273
  370.2     6.42  38.598  -0.2250
  370.7     6.48  38.644  -0.2266
  371.1     6.35  38.689  -0.2275
  371.6     6.35  38.734  -0.2214
  372.1     6.32  38.779  -0.2201
  372.4     6.31  38.824  -0.2211
  372.9     6.32  38.871  -0.2198
  373.5     6.37  38.917  -0.2214
  374.0     6.43  38.964  -0.2222
  374.5     6.42  39.010  -0.2192
  375.0     6.41  39.054  -0.2246
  375.3     6.29  39.099  -0.2282
  375.7     6.24  39.145  -0.2268
  376.4     6.25  39.190  -0.2281
  376.7     6.24  39.237  -0.2309
  377.1     6.25  39.282  -0.2301
  377.7     6.23  39.327  -0.2331
  378.0     6.22  39.373  -0.2313
  378.6     6.25  39.420  -0.2312
  379.1     6.26  39.465  -0.2321
  379.4     6.17  39.511  -0.2329
  379.9     6.23  39.556  -0.2332
  380.4     6.21  39.602  -0.2332
  380.8     6.20  39.647  -0.2320
  381.3     6.20  39.692  -0.2319
  381.8     6.21  39.738  -0.2312
  382.2     6.25  39.782  -0.2318
  382.8     6.16  39.828  -0.2298
  383.2     6.19  39.874  -0.2286
  383.6     6.18  39.920  -0.2259
  384.2     6.20  39.964  -0.2240
  384.5     6.22  40.008  -0.2269
  385.0     6.14  40.052  -0.2349
  385.4     6.18  40.096  -0.2335
  385.8     6.18  40.140  -0.2299
  386.3     6.21  40.185  -0.2263
  386.8     6.10  40.229  -0.2344
  387.2     6.14  40.274  -0.2335
  387.7     6.16  40.321  -0.2404
  388.2     6.18  40.364  -0.2342
  388.6     6.16  40.407  -0.2271
  389.1     6.18  40.447  -0.2309
  389.5     6.21  40.487  -0.2360
  389.9     6.15  40.529  -0.2362
  390.2     6.17  40.571  -0.2367
  390.7     6.21  40.614  -0.2375
  391.2     6.25  40.655  -0.2367
  391.5     6.22  40.695  -0.2393
  392.1     6.22  40.739  -0.2400
  392.4     6.20  40.782  -0.2393
  392.8     6.16  40.824  -0.2403
  393.3     6.19  40.865  -0.2391
  393.7     6.14  40.905  -0.2382
  394.1     6.19  40.946  -0.2443
  394.5     6.15  40.988  -0.2401
  395.1     6.14  41.032  -0.2441
  395.3     6.14  41.076  -0.2450
  395.9     6.22  41.120  -0.2451
  396.3     6.18  41.160  -0.2490
  396.8     6.16  41.202  -0.2419
  397.1     6.11  41.244  -0.2453
  397.6     6.19  41.283  -0.2448
  398.0     6.18  41.324  -0.2458
  398.3     6.15  41.366  -0.2480
  398.8     6.20  41.405  -0.2449
  399.2     6.16  41.448  -0.2443
  399.6     6.12  41.490  -0.2484
  400.0     6.12  41.530  -0.2471
  400.4     6.14  41.571  -0.2459
  400.9     6.19  41.615  -0.2473
  401.3     6.07  41.659  -0.2456
  401.8     6.19  41.703  -0.2477
  402.2     6.18  41.744  -0.2399
  402.6     6.24  41.784  -0.2403
  403.1     6.23  41.824  -0.2342
  403.5     6.32  41.865  -0.2390
  403.9     6.29  41.906  -0.2343
  404.3     6.27  41.945  -0.2317
  404.7     6.32  41.986  -0.2319
  405.3     6.44  42.029  -0.2376
  405.6     6.35  42.070  -0.2386
  406.1     6.42  42.114  -0.2393
  406.4     6.29  42.158  -0.2372
  407.0     6.39  42.200  -0.2366
  407.4     6.35  42.242  -0.2357
  407.7     6.27  42.284  -0.2384
  408.3     6.30  42.326  -0.2388
  408.6     6.32  42.367  -0.2345
  409.1     6.32  42.408  -0.2380
  409.4     6.30  42.449  -0.2370
  409.8     6.26  42.490  -0.2337
  410.3     6.29  42.531  -0.2383
  410.8     6.26  42.574  -0.2370
  411.0     6.25  42.616  -0.2406
  411.4     6.06  42.658  -0.2391
  411.9     6.07  42.701  -0.2413
  412.3     6.06  42.742  -0.2432
  412.8     6.04  42.785  -0.2407
  413.1     6.13  42.825  -0.2444
  413.6     6.10  42.867  -0.2421
  414.0     6.09  42.909  -0.2435
  414.5     6.12  42.951  -0.2462
  414.8     6.09  42.993  -0.2460
  415.2     6.04  43.036  -0.2480
  415.7     6.04  43.078  -0.2448
  416.1     6.05  43.118  -0.2485
  416.5     6.02  43.160  -0.2487
  416.9     6.05  43.201  -0.2453
  417.4     6.00  43.241  -0.2500
  417.7     5.92  43.282  -0.2458
  418.2     6.03  43.324  -0.2471
  418.5     6.02  43.364  -0.2482
  419.0     5.98  43.407  -0.2501
  419.5     6.03  43.449  -0.2434
  419.9     6.00  43.493  -0.2441
  420.3     5.98  43.536  -0.2460
  420.7     6.05  43.576  -0.2446
  421.1     5.95  43.616  -0.2510
  421.6     5.94  43.657  -0.2501
  421.9     5.96  43.698  -0.2495
  422.3     5.94  43.741  -0.2516
  422.9     5.93  43.783  -0.2540
  423.2     5.90  43.824  -0.2548
  423.6     5.92  43.868  -0.2519
  424.1     5.94  43.912  -0.2530
  424.5     5.95  43.957  -0.2578
  425.0     5.93  44.001  -0.2497
  425.4     5.92  44.043  -0.2471
  425.9     5.90  44.085  -0.2506
  426.3     5.95  44.126  -0.2468
  426.7     5.89  44.167  -0.2469
  427.2     5.94  44.210  -0.2528
  427.6     5.90  44.252  -0.2459
  428.1     5.94  44.294  -0.2436
  428.4     5.89  44.335  -0.2454
  428.8     5.97  44.374  -0.2442
  429.3     5.89  44.416  -0.2420
  429.7     5.91  44.457  -0.2498
  430.1     5.90  44.498  -0.2476
  430.5     5.89  44.540  -0.2508
  430.9     5.98  44.584  -0.2504
  431.4     5.90  44.625  -0.2481
  431.9     6.02  44.666  -0.2481
  432.4     6.05  44.707  -0.2488
  432.9     6.09  44.748  -0.2444
  433.2     6.04  44.791  -0.2424
  433.6     5.98  44.835  -0.2437
  434.1     5.98  44.876  -0.2427
  434.5     5.99  44.919  -0.2402
  434.9     5.96  44.959  -0.2459
  435.4     6.00  45.003  -0.2445
  435.8     6.00  45.045  -0.2471
  436.3     5.88  45.085  -0.2478
  436.6     5.84  45.127  -0.2504
  436.9     5.75  45.166  -0.2509
  437.4     5.81  45.206  -0.2564
  437.9     5.86  45.246  -0.2527
  438.3     5.82  45.288  -0.2498
  438.7     5.80  45.332  -0.2508
  439.2     5.83  45.375  -0.2497
  439.5     5.84  45.416  -0.2475
  440.0     5.80  45.457  -0.2488
  440.4     5.82  45.498  -0.2474
  440.9     5.79  45.540  -0.2460
  441.2     5.81  45.581  -0.2479
  441.7     5.83  45.626  -0.2508
  442.1     5.75  45.666  -0.2495
  442.6     5.81  45.709  -0.2489
  443.0     5.77  45.754  -0.2504
  443.5     5.77  45.796  -0.2529
  443.9     5.76  45.839  -0.2520
  444.3     5.77  45.881  -0.2507
  444.7     5.69  45.922  -0.2503
  445.1     5.71  45.963  -0.2532
  445.5     5.71  46.005  -0.2522
  446.0     5.72  46.047  -0.2490
  446.5     5.68  46.090  -0.2487
  446.8     5.65  46.132  -0.2477
  447.4     5.71  46.176  -0.2486
  447.7     5.70  46.217  -0.2479
  448.2     5.59  46.258  -0.2463
  448.6     5.73  46.298  -0.2479
  449.0     5.65  46.340  -0.2498
  449.4     5.64  46.382  -0.2495
  449.8     5.63  46.425  -0.2487
  450.3     5.64  46.466  -0.2484
  450.6     5.64  46.509  -0.2492
  451.1     5.61  46.550  -0.2492
  451.3     5.57  46.590  -0.2488
  451.9     5.62  46.633  -0.2507
  452.3     5.61  46.674  -0.2573
  452.8     5.61  46.714  -0.2558
  453.1     5.52  46.756  -0.2525
  453.5     5.54  46.796  -0.2546
  454.0     5.63  46.837  -0.2520
  454.3     5.59  46.878  -0.2523
  454.9     5.53  46.920  -0.2522
  455.1     5.54  46.960  -0.2505
  455.6     5.51  47.000  -0.2511
  456.0     5.53  47.042  -0.2530
  456.4     5.53  47.084  -0.2513
  456.9     5.54  47.129  -0.2547
  457.3     5.57  47.170  -0.2514
  457.7     5.55  47.213  -0.2523
  458.1     5.51  47.253  -0.2542
  458.7     5.61  47.293  -0.2484
  458.9     5.48  47.333  -0.2455
  459.3     5.47  47.374  -0.2521
  459.7     5.48  47.414  -0.2511
  460.2     5.49  47.456  -0.2526
  460.7     5.50  47.500  -0.2535
  461.0     5.50  47.542  -0.2524
  461.4     5.48  47.586  -0.2464
  461.9     5.51  47.631  -0.2513
  462.4     5.55  47.671  -0.2492
  462.9     5.71  47.712  -0.2488
  463.2     5.57  47.752  -0.2489
  463.6     5.62  47.794  -0.2534
  464.1     5.63  47.834  -0.2492
  464.5     5.59  47.877  -0.2490
  464.9     5.62  47.919  -0.2481
  465.3     5.55  47.961  -0.2451
  465.7     5.56  48.000  -0.2506
  466.1     5.52  48.044  -0.2544
  466.5     5.45  48.084  -0.2518
  466.9     5.46  48.126  -0.2502
  467.4     5.48  48.166  -0.2482
  467.7     5.50  48.206  -0.2480
  468.2     5.56  48.248  -0.2489
  468.7     5.50  48.288  -0.2529
  469.0     5.49  48.330  -0.2465
  469.5     5.54  48.372  -0.2488
  469.9     5.59  48.414  -0.2509
  470.4     5.62  48.455  -0.2506
  470.7     5.56  48.497  -0.2488
  470.9     5.37  48.537  -0.2521
  471.4     5.40  48.577  -0.2531
  471.9     5.43  48.618  -0.2572
  472.4     5.51  48.659  -0.2587
  472.8     5.49  48.701  -0.2589
  473.1     5.32  48.745  -0.2573
  473.5     5.37  48.786  -0.2627
  474.0     5.40  48.826  -0.2607
  474.4     5.36  48.867  -0.2575
  474.8     5.36  48.909  -0.2633
  475.2     5.34  48.953  -0.2592
  475.7     5.30  48.994  -0.2603
  476.0     5.29  49.033  -0.2617
  476.6     5.36  49.073  -0.2605
  476.9     5.34  49.113  -0.2579
  477.3     5.30  49.153  -0.2621
  477.6     5.30  49.195  -0.2601
  478.1     5.30  49.238  -0.2579
  478.6     5.29  49.279  -0.2613
  478.9     5.32  49.322  -0.2570
  479.4     5.32  49.368  -0.2569
  479.8     5.31  49.411  -0.2585
  480.3     5.36  49.455  -0.2569
  480.9     5.40  49.496  -0.2549
  481.3     5.50  49.537  -0.2535
  481.7     5.55  49.578  -0.2516
  482.0     5.47  49.619  -0.2504
  482.5     5.44  49.662  -0.2525
  483.0     5.50  49.703  -0.2521
  483.3     5.41  49.744  -0.2525
  483.8     5.44  49.785  -0.2569
  484.3     5.48  49.828  -0.2524
  484.6     5.47  49.870  -0.2513
  485.0     5.43  49.911  -0.2547
  485.5     5.44  49.951  -0.2598
  485.9     5.44  49.991  -0.2587
  486.3     5.42  50.031  -0.2624
  486.7     5.51  50.073  -0.2612
  487.1     5.40  50.114  -0.2586
  487.5     5.32  50.155  -0.2596
  487.9     5.45  50.195  -0.2583
  488.4     5.42  50.236  -0.2568
  488.6     5.32  50.278  -0.2577
  489.0     5.28  50.320  -0.2576
  489.4     5.28  50.362  -0.2628
  490.0     5.23  50.404  -0.2590
  490.4     5.24  50.445  -0.2580
  490.8     5.28  50.486  -0.2590
  491.2     5.24  50.527  -0.2605
  491.7     5.28  50.570  -0.2685
  492.0     5.22  50.610  -0.2587
  492.4     5.21  50.652  -0.2610
  492.9     5.17  50.694  -0.2610
  493.3     5.23  50.737  -0.2570
  493.7     5.19  50.780  -0.2590
  494.2     5.26  50.820  -0.2564
  494.5     5.20  50.860  -0.2571
  495.0     5.21  50.902  -0.2591
  495.3     5.17  50.942  -0.2490
  495.7     5.13  50.984  -0.2518
  496.2     5.18  51.027  -0.2546
  496.6     5.16  51.070  -0.2541
  497.1     5.12  51.111  -0.2578
  497.4     5.15  51.157  -0.2568
  498.0     5.20  51.202  -0.2524
  498.3     5.15  51.246  -0.2558
  498.8     5.24  51.288  -0.2541
  499.2     5.21  51.326  -0.2495
  499.5     5.16  51.367  -0.2539
  499.9     5.09  51.407  -0.2530
  500.2     5.12  51.449  -0.2513
  500.8     5.11  51.491  -0.2564
  501.2     5.17  51.532  -0.2620
  501.6     5.13  51.575  -0.2547
  501.9     5.07  51.617  -0.2523
  502.4     5.05  51.657  -0.2515
  502.8     5.04  51.699  -0.2481
  503.2     5.07  51.741  -0.2515
  503.6     5.08  51.779  -0.2561
  504.0     5.07  51.822  -0.2512
  504.5     5.14  51.864  -0.2543
  505.0     5.14  51.906  -0.2548
  505.4     5.12  51.948  -0.2512
  505.8     5.18  51.991  -0.2578
  506.2     5.18  52.031  -0.2551
  506.4     5.09  52.074  -0.2512
  506.9     5.12  52.117  -0.2494
  507.3     5.10  52.158  -0.2488
  507.8     5.09  52.198  -0.2495
  508.1     5.17  52.241  -0.2471
  508.5     5.09  52.283  -0.2514
  508.9     5.16  52.323  -0.2526
  509.3     5.11  52.365  -0.2521
  509.8     5.10  52.405  -0.2523
  510.1     5.04  52.446  -0.2578
  510.6     5.06  52.487  -0.2575
  511.0     5.04  52.530  -0.2575
  511.3     5.02  52.575  -0.2516
  511.9     5.14  52.616  -0.2558
  512.3     5.07  52.659  -0.2590
  512.7     5.10  52.698  -0.2550
  513.0     5.06  52.740  -0.2506
  513.6     5.12  52.782  -0.2529
  514.0     5.02  52.825  -0.2521
  514.4     5.13  52.865  -0.2513
  514.8     5.08  52.907  -0.2508
  515.2     5.10  52.950  -0.2544
  515.6     5.02  52.994  -0.2569
  516.1     5.03  53.037  -0.2530
  516.5     5.05  53.080  -0.2513
  516.9     5.02  53.122  -0.2464
  517.4     5.07  53.162  -0.2510
  517.8     5.07  53.204  -0.2560
  518.2     5.02  53.246  -0.2541
  518.6     5.01  53.287  -0.2561
  519.2     5.06  53.328  -0.2572
  519.4     4.97  53.369  -0.2598
  519.8     4.98  53.411  -0.2546
  520.3     4.99  53.452  -0.2535
  520.7     4.99  53.491  -0.2557
  521.1     5.06  53.534  -0.2572
  521.6     5.04  53.577  -0.2586
  521.9     4.96  53.617  -0.2572
  522.3     4.96  53.657  -0.2591
  522.7     4.91  53.698  -0.2573
  523.1     5.07  53.739  -0.2561
  523.5     4.98  53.780  -0.2558
  524.0     4.99  53.822  -0.2542
  524.4     5.00  53.862  -0.2539
  524.8     4.99  53.905  -0.2548
  525.2     4.94  53.947  -0.2557
  525.6     5.02  53.989  -0.2529
  526.0     5.03  54.029  -0.2551
  526.5     4.97  54.071  -0.2658
  526.9     4.96  54.113  -0.2573
  527.2     4.93  54.156  -0.2582
  527.6     4.90  54.196  -0.2597
  528.1     4.91  54.238  -0.2558
  528.5     4.96  54.280  -0.2542
  528.8     4.95  54.319  -0.2571
  529.3     4.89  54.361  -0.2609
  529.8     4.89  54.404  -0.2576
  530.1     4.95  54.446  -0.2584
  530.5     4.96  54.485  -0.2613
  531.0     4.91  54.527  -0.2578
  531.3     4.87  54.567  -0.2595
  531.7     4.89  54.605  -0.2615
  532.1     4.83  54.648  -0.2599
  532.5     4.85  54.691  -0.2594
  532.9     4.91  54.732  -0.2611
  533.4     4.87  54.775  -0.2636
  533.8     4.84  54.820  -0.2656
  534.2     4.87  54.864  -0.2668
  534.6     4.92  54.904  -0.2664
  535.0     4.91  54.945  -0.2631
  535.5     4.86  54.988  -0.2630
  535.9     4.93  55.027  -0.2613
  536.2     4.84  55.069  -0.2638
  536.7     4.83  55.111  -0.2601
  537.1     4.84  55.151  -0.2596
  537.5     4.84  55.193  -0.2576
  537.8     4.83  55.234  -0.2605
  538.3     4.86  55.274  -0.2592
  538.6     4.80  55.316  -0.2560
  539.0     4.84  55.355  -0.2585
  539.4     4.78  55.396  -0.2567
  539.8     4.81  55.438  -0.2585
  540.1     4.83  55.478  -0.2576
  540.7     4.85  55.520  -0.2568
  541.1     4.84  55.562  -0.2604
  541.4     4.83  55.605  -0.2565
  541.9     4.85  55.647  -0.2594
  542.3     4.88  55.688  -0.2613
  542.7     4.82  55.729  -0.2624
  543.0     4.76  55.770  -0.2610
  543.5     4.83  55.811  -0.2645
  543.9     4.82  55.853  -0.2636
  544.3     4.81  55.894  -0.2621
  544.6     4.85  55.936  -0.2625
  545.2     4.79  55.979  -0.2618
  545.5     4.75  56.021  -0.2637
  546.0     4.84  56.065  -0.2659
  546.4     4.85  56.106  -0.2681
  546.7     4.78  56.148  -0.2666
  547.2     4.80  56.191  -0.2691
  547.6     4.82  56.232  -0.2680
  548.0     4.79  56.273  -0.2705
  548.3     4.74  56.312  -0.2699
  548.7     4.79  56.354  -0.2692
  549.2     4.75  56.394  -0.2691
  549.6     4.76  56.436  -0.2607
  550.0     4.73  56.478  -0.2631
  550.4     4.74  56.521  -0.2690
  550.8     4.79  56.561  -0.2677
  551.2     4.68  56.603  -0.2679
  551.7     4.71  56.651  -0.2684
  552.1     4.76  56.693  -0.2657
  552.5     4.83  56.735  -0.2639
  553.0     4.84  56.777  -0.2686
  553.4     4.81  56.818  -0.2659
  553.8     4.82  56.860  -0.2637
  554.2     4.73  56.902  -0.2645
  554.6     4.82  56.942  -0.2596
  555.0     4.84  56.983  -0.2634
  555.6     4.93  57.026  -0.2576
  555.9     4.94  57.067  -0.2574
  556.3     4.93  57.106  -0.2533
  556.8     4.88  57.146  -0.2576
  557.2     4.96  57.188  -0.2590
  557.6     4.92  57.228  -0.2583
  558.0     4.82  57.272  -0.2571
  558.2     4.88  57.312  -0.2519
  558.8     4.83  57.354  -0.2581
  559.1     4.80  57.395  -0.2588
  559.4     4.83  57.438  -0.2620
  559.9     4.89  57.479  -0.2617
  560.3     4.78  57.523  -0.2607
  560.7     4.79  57.564  -0.2636
  561.1     4.75  57.605  -0.2649
  561.5     4.78  57.644  -0.2650
  562.0     4.75  57.685  -0.2663
  562.2     4.71  57.724  -0.2666
  562.7     4.70  57.765  -0.2661
  563.0     4.72  57.807  -0.2652
  563.5     4.70  57.846  -0.2665
  563.8     4.72  57.887  -0.2663
  564.3     4.83  57.927  -0.2619
  564.8     4.75  57.969  -0.2650
  565.1     4.72  58.013  -0.2660
  565.5     4.78  58.056  -0.2618
  565.8     4.73  58.098  -0.2610
  566.3     4.68  58.139  -0.2621
  566.7     4.69  58.179  -0.2620
  567.2     4.73  58.222  -0.2621
  567.5     4.73  58.264  -0.2649
  568.0     4.71  58.306  -0.2619
  568.3     4.71  58.348  -0.2645
  568.7     4.69  58.392  -0.2607
  569.1     4.71  58.436  -0.2651
  569.5     4.75  58.479  -0.2651
  570.1     4.76  58.520  -0.2603
  570.4     4.71  58.560  -0.2576
  570.7     4.70  58.600  -0.2566
  571.1     4.70  58.642  -0.2596
  571.5     4.66  58.682  -0.2598
  571.9     4.66  58.723  -0.2607
  572.3     4.69  58.764  -0.2638
  572.6     4.67  58.808  -0.2630
  573.1     4.67  58.849  -0.2653
  573.4     4.64  58.890  -0.2573
  573.9     4.74  58.931  -0.2624
  574.2     4.65  58.971  -0.2635
  574.7     4.69  59.013  -0.2629
  575.1     4.67  59.056  -0.2646
  575.5     4.68  59.097  -0.2629
  575.9     4.70  59.141  -0.2613
  576.2     4.63  59.181  -0.2604
  576.7     4.65  59.223  -0.2612
  577.0     4.65  59.264  -0.2618
  577.4     4.65  59.305  -0.2584
  577.8     4.66  59.346  -0.2594
  578.2     4.71  59.390  -0.2588
  578.5     4.70  59.430  -0.2587
  579.0     4.67  59.470  -0.2642
  579.3     4.63  59.510  -0.2654
  579.8     4.66  59.552  -0.2650
  580.1     4.64  59.593  -0.2681
  580.5     4.65  59.635  -0.2680
  580.9     4.68  59.675  -0.2654
  581.3     4.73  59.716  -0.2678
  581.8     4.68  59.760  -0.2669
  582.2     4.68  59.805  -0.2655
  582.5     4.73  59.846  -0.2663
  583.0     4.66  59.889  -0.2704
  583.3     4.64  59.929  -0.2677
  583.8     4.70  59.971  -0.2680
  584.2     4.69  60.013  -0.2667
  584.5     4.77  60.054  -0.2677
  584.8     4.74  60.096  -0.2695
  585.4     4.70  60.138  -0.2702
  585.6     4.70  60.179  -0.2712
  586.2     4.71  60.223  -0.2707
  586.6     4.73  60.269  -0.2700
  587.0     4.74  60.311  -0.2668
  587.4     4.77  60.352  -0.2637
  587.8     4.71  60.393  -0.2683
  588.2     4.71  60.437  -0.2665
  588.6     4.73  60.476  -0.2692
  589.0     4.69  60.518  -0.2694
  589.3     4.77  60.560  -0.2687
  589.7     4.69  60.601  -0.2694
  590.2     4.72  60.643  -0.2688
  590.8     4.77  60.684  -0.2709
  591.2     4.74  60.727  -0.2674
  591.5     4.74  60.766  -0.2680
  591.8     4.74  60.807  -0.2704
  592.2     4.72  60.850  -0.2686
  592.7     4.79  60.893  -0.2659
  593.1     4.84  60.933  -0.2664
  593.5     4.72  60.975  -0.2642
  593.9     4.80  61.018  -0.2696
  594.3     4.78  61.059  -0.2673
  594.8     4.74  61.100  -0.2672
  595.2     4.72  61.143  -0.2683
  595.5     4.76  61.185  -0.2671
  595.9     4.75  61.224  -0.2703
  596.2     4.70  61.265  -0.2704
  596.7     4.71  61.306  -0.2741
  597.1     4.68  61.346  -0.2758
  597.5     4.70  61.387  -0.2758
  597.9     4.76  61.428  -0.2733
  598.3     4.77  61.468  -0.2718
  598.7     4.69  61.512  -0.2731
  599.1     4.79  61.552  -0.2736
  599.7     4.74  61.595  -0.2728
  599.9     4.75  61.639  -0.2702
  600.4     4.80  61.679  -0.2692
