   34.3     7.82   0.042  -0.0023
   34.6     7.75   0.085   0.0008
   35.3     7.77   0.129  -0.0042
   35.7     7.69   0.170  -0.0005
   36.2     7.71   0.212   0.0050
   36.7     7.73   0.255   0.0106
   37.1     7.66   0.295   0.0044
   37.6     7.69   0.336   0.0117
   38.0     7.57   0.379   0.0121
   38.4     7.59   0.420   0.0141
   38.8     7.55   0.461   0.0114
   39.2     7.47   0.502   0.0189
   39.6     7.42   0.542   0.0182
   40.2     7.41   0.584   0.0179
   40.5     7.38   0.625   0.0182
   41.0     7.33   0.667   0.0214
   41.3     7.33   0.708   0.0252
   41.7     7.22   0.749   0.0280
   42.0     7.25   0.788   0.0254
   42.6     7.19   0.829   0.0195
   43.0     7.15   0.868   0.0091
   43.3     7.15   0.908   0.0115
   43.6     7.02   0.946   0.0160
   44.0     7.05   0.986   0.0163
   44.3     6.94   1.028   0.0122
   44.6     6.93   1.072   0.0206
   45.0     6.92   1.111   0.0247
   45.5     6.92   1.153   0.0257
   45.7     6.84   1.196   0.0230
   46.1     6.82   1.236   0.0278
   46.3     6.78   1.276   0.0324
   46.8     6.76   1.316   0.0273
   47.0     6.72   1.354   0.0222
   47.3     6.66   1.395   0.0375
   47.7     6.64   1.435   0.0351
   47.9     6.57   1.474   0.0345
   48.2     6.52   1.515   0.0386
   48.6     6.50   1.555   0.0364
   49.0     6.49   1.595   0.0348
   49.3     6.50   1.638   0.0432
   49.5     6.42   1.678   0.0475
   49.9     6.43   1.718   0.0488
   50.1     6.38   1.760   0.0464
   50.4     6.32   1.801   0.0433
   50.7     6.23   1.842   0.0466
   51.0     6.20   1.884   0.0523
   51.3     6.21   1.924   0.0482
   51.5     6.14   1.966   0.0503
   51.9     6.09   2.008   0.0456
   52.1     6.05   2.050   0.0635
   52.4     5.97   2.093   0.0618
   52.6     5.96   2.135   0.0725
   52.9     5.98   2.176   0.0931
   53.1     5.86   2.218   0.0932
   53.2     5.78   2.262   0.0843
   53.6     5.83   2.303   0.0827
   53.9     5.77   2.345   0.0961
   54.0     5.72   2.385   0.0924
   54.4     5.71   2.428   0.0915
   54.6     5.70   2.470   0.0963
   54.9     5.68   2.510   0.0967
   55.0     5.60   2.553   0.1215
   55.2     5.53   2.596   0.1350
   55.5     5.48   2.638   0.1386
   55.7     5.43   2.682   0.1338
   56.0     5.47   2.725   0.1336
   56.1     5.44   2.765   0.1381
   56.3     5.35   2.807   0.1508
   56.5     5.25   2.849   0.1808
   56.7     5.17   2.891   0.1981
   56.9     5.21   2.933   0.1717
   57.2     5.16   2.972   0.2002
   57.3     5.15   3.017   0.1922
   57.5     5.14   3.060   0.1933
   57.8     5.09   3.102   0.1827
   57.9     5.07   3.146   0.2097
   58.0     5.02   3.188   0.2373
   58.4     4.99   3.228   0.2418
   58.5     4.98   3.267   0.2180
   58.6     4.94   3.307   0.2254
   58.9     4.91   3.344   0.2426
   58.9     4.93   3.384   0.2060
   59.1     4.90   3.424   0.2071
   59.3     4.83   3.465   0.2206
   59.4     4.79   3.507   0.2168
   59.6     4.79   3.546   0.2096
   59.9     4.84   3.586   0.1997
   59.9     4.67   3.625   0.1883
   60.1     4.63   3.664   0.1738
   60.3     4.63   3.703   0.1673
   60.3     4.59   3.744   0.1730
   60.6     4.58   3.782   0.1773
   60.8     4.62   3.820   0.1595
   60.7     4.54   3.859   0.1472
   60.9     4.49   3.900   0.1520
   61.1     4.43   3.939   0.1498
   61.2     4.46   3.979   0.1337
   61.3     4.36   4.015   0.1431
   61.4     4.35   4.055   0.1398
   61.6     4.32   4.094   0.1371
   61.7     4.28   4.132   0.1399
   61.8     4.27   4.169   0.1304
   61.9     4.25   4.207   0.1388
   62.0     4.17   4.246   0.1458
   62.1     4.15   4.282   0.1538
   62.2     4.09   4.321   0.1399
   62.4     4.10   4.361   0.1252
   62.4     4.00   4.398   0.1234
   62.7     4.05   4.437   0.1207
   62.7     4.05   4.475   0.1271
   62.7     3.96   4.513   0.1182
   62.8     3.93   4.554   0.1127
   63.0     3.93   4.594   0.1209
   63.1     3.89   4.631   0.1254
   63.3     3.91   4.673   0.1257
   63.3     3.88   4.711   0.1347
   63.5     3.88   4.752   0.1535
   63.5     3.83   4.790   0.1207
   63.6     3.83   4.829   0.1324
   63.7     3.80   4.867   0.1210
   63.8     3.76   4.909   0.1421
   63.9     3.69   4.951   0.1330
   64.0     3.68   4.991   0.1305
   64.1     3.69   5.032   0.1305
   64.3     3.66   5.072   0.1292
   64.3     3.59   5.114   0.1189
   64.4     3.55   5.154   0.1191
   64.5     3.63   5.195   0.1381
   64.6     3.52   5.235   0.1325
   64.5     3.54   5.277   0.1375
   64.7     3.50   5.318   0.1462
   64.8     3.50   5.360   0.1330
   64.9     3.47   5.402   0.1065
   64.9     3.45   5.444   0.1348
   65.0     3.43   5.485   0.1629
   65.0     3.32   5.526   0.1754
   65.2     3.35   5.568   0.1770
   65.2     3.33   5.608   0.1956
   65.4     3.38   5.649   0.1809
   65.3     3.28   5.691   0.1757
   65.5     3.28   5.730   0.1721
   65.6     3.35   5.772   0.1581
   65.7     3.26   5.813   0.1575
   65.8     3.21   5.853   0.1628
   65.8     3.19   5.894   0.1695
   65.8     3.19   5.933   0.2020
   65.9     3.18   5.973   0.1978
   65.9     3.19   6.013   0.2214
   66.1     3.09   6.054   0.1915
   66.1     3.04   6.092   0.1700
   66.0     3.02   6.133   0.1742
   66.1     3.04   6.173   0.1708
   66.1     3.01   6.213   0.1644
   66.2     3.00   6.254   0.1566
   66.3     2.89   6.294   0.1215
   66.5     2.98   6.334   0.1180
   66.5     2.96   6.375   0.1229
   66.5     2.96   6.417   0.1228
   66.6     2.92   6.456   0.1383
   66.7     2.90   6.500   0.1576
   66.7     2.84   6.542   0.1580
   66.7     2.87   6.582   0.1598
   66.7     2.78   6.624   0.1681
   66.8     2.78   6.665   0.1660
   66.9     2.81   6.706   0.1715
   67.0     2.76   6.748   0.1761
   67.0     2.71   6.788   0.1838
   67.0     2.74   6.826   0.1618
   67.1     2.77   6.866   0.1561
   67.1     2.66   6.905   0.1476
   67.1     2.67   6.945   0.1509
   67.1     2.62   6.984   0.1527
   67.1     2.63   7.024   0.1539
   67.2     2.61   7.062   0.1552
   67.3     2.57   7.102   0.1573
   67.3     2.61   7.141   0.1599
   67.3     2.57   7.182   0.1597
   67.4     2.52   7.223   0.1680
   67.5     2.51   7.259   0.1680
   67.5     2.50   7.298   0.1628
   67.6     2.50   7.338   0.1606
   67.5     2.43   7.377   0.1581
   67.6     2.45   7.418   0.1580
   67.7     2.47   7.459   0.1630
   67.7     2.48   7.500   0.1623
   67.7     2.42   7.542   0.1594
   67.8     2.46   7.582   0.1646
   67.9     2.54   7.623   0.1633
   68.0     2.64   7.665   0.1577
   68.1     2.65   7.708   0.1640
   68.1     2.61   7.752   0.1691
   68.2     2.58   7.795   0.1701
   68.2     2.62   7.836   0.1678
   68.4     2.61   7.879   0.1910
   68.4     2.61   7.920   0.2045
   68.4     2.56   7.960   0.2055
   68.5     2.57   8.000   0.2123
   68.4     2.50   8.041   0.2143
   68.6     2.54   8.082   0.2157
   68.7     2.56   8.123   0.2760
   68.7     2.55   8.163   0.2811
   68.9     2.60   8.205   0.2753
   68.9     2.59   8.244   0.2860
   69.1     2.62   8.285   0.2744
   69.1     2.63   8.327   0.2800
   69.1     2.62   8.368   0.2752
   69.3     2.75   8.409   0.2776
   69.5     2.73   8.449   0.2734
   69.6     2.76   8.491   0.2763
   69.6     2.68   8.530   0.2646
   69.7     2.70   8.572   0.2666
   69.9     2.72   8.613   0.2642
   69.9     2.68   8.653   0.2730
   70.2     2.76   8.696   0.2741
   70.2     2.75   8.739   0.2259
   70.3     2.81   8.781   0.2498
   70.5     2.84   8.825   0.2514
   70.6     2.80   8.868   0.2383
   70.8     2.86   8.909   0.2722
   70.9     2.89   8.953   0.2700
   71.2     2.87   8.994   0.2717
   71.4     2.92   9.038   0.2810
   71.5     3.00   9.081   0.3005
   71.6     2.98   9.124   0.3039
   71.9     3.03   9.169   0.3061
   72.0     3.04   9.211   0.3089
   72.2     3.08   9.253   0.3041
   72.4     3.11   9.297   0.3070
   72.6     3.17   9.341   0.3088
   72.8     3.19   9.384   0.3121
   73.1     3.19   9.430   0.3059
   73.2     3.12   9.473   0.3045
   73.6     3.27   9.520   0.3021
   73.8     3.34   9.561   0.3017
   74.0     3.37   9.604   0.3028
   74.3     3.37   9.649   0.3044
   74.5     3.42   9.690   0.3130
   74.8     3.45   9.733   0.3089
   75.1     3.48   9.779   0.3070
   75.3     3.59   9.822   0.3091
   75.6     3.52   9.866   0.3031
   75.9     3.61   9.908   0.2962
   76.0     3.59   9.951   0.2887
   76.3     3.63   9.992   0.2949
   76.7     3.66  10.036   0.2823
   77.0     3.68  10.081   0.3029
   77.3     3.72  10.123   0.3051
   77.5     3.73  10.167   0.3023
   77.9     3.74  10.209   0.3021
   78.2     3.76  10.255   0.3023
   78.5     3.88  10.296   0.2977
   78.9     3.91  10.339   0.3105
   79.2     3.88  10.381   0.3117
   79.5     3.93  10.422   0.3068
   79.9     3.98  10.464   0.3154
   80.1     3.94  10.505   0.3100
   80.5     3.94  10.545   0.3112
   80.9     4.04  10.585   0.3197
   81.0     4.09  10.624   0.3142
   81.5     4.11  10.663   0.3106
   81.8     4.17  10.705   0.2985
   82.2     4.16  10.747   0.2983
   82.5     4.22  10.790   0.2862
   82.9     4.30  10.831   0.2795
   83.3     4.29  10.871   0.2806
   83.5     4.31  10.913   0.2886
   84.0     4.34  10.954   0.2904
   84.2     4.34  10.993   0.2882
   84.6     4.32  11.036   0.2884
   85.0     4.39  11.077   0.2901
   85.4     4.42  11.117   0.2893
   85.7     4.39  11.158   0.2884
   86.1     4.43  11.201   0.2906
   86.5     4.51  11.240   0.2931
   86.8     4.52  11.283   0.2943
   87.2     4.57  11.323   0.2915
   87.5     4.58  11.364   0.2895
   87.9     4.55  11.406   0.2932
   88.3     4.51  11.446   0.2902
   88.8     4.55  11.486   0.2900
   89.1     4.62  11.527   0.2903
   89.5     4.57  11.565   0.2858
   89.9     4.59  11.609   0.2838
   90.2     4.61  11.649   0.2881
   90.6     4.59  11.687   0.2838
   91.0     4.64  11.731   0.2836
   91.3     4.60  11.772   0.2720
   91.9     4.65  11.814   0.2797
   92.3     4.66  11.857   0.2737
   92.7     4.67  11.897   0.2819
   93.1     4.74  11.938   0.2874
   93.6     4.80  11.980   0.2899
   93.9     4.73  12.022   0.2735
   94.3     4.72  12.065   0.2704
   94.8     4.82  12.108   0.2760
   95.1     4.75  12.148   0.2758
   95.7     4.86  12.193   0.2741
   96.1     4.88  12.236   0.2773
   96.5     4.85  12.276   0.2860
   96.9     4.89  12.319   0.2885
   97.4     4.88  12.359   0.2885
   97.8     4.88  12.400   0.2851
   98.2     4.90  12.443   0.2869
   98.7     4.88  12.484   0.2952
   99.1     4.92  12.527   0.2928
   99.5     5.00  12.570   0.2883
   99.9     4.97  12.613   0.2906
  100.3     4.90  12.657   0.2964
  100.8     4.90  12.699   0.2931
  101.2     4.85  12.741   0.2991
  101.7     4.81  12.786   0.3083
  102.2     4.97  12.828   0.3060
  102.5     4.91  12.871   0.3010
  103.1     4.96  12.915   0.3015
  103.5     4.97  12.958   0.2997
  104.0     5.00  13.003   0.3155
  104.4     5.07  13.047   0.3136
  104.9     4.94  13.088   0.3106
  105.3     5.01  13.129   0.3053
  105.8     5.01  13.170   0.3048
  106.2     4.98  13.214   0.3052
  106.7     5.05  13.257   0.3018
  107.1     5.01  13.297   0.2989
  107.6     4.99  13.339   0.3030
  108.0     5.02  13.381   0.2995
  108.5     5.01  13.422   0.2956
  108.8     4.99  13.463   0.2984
  109.4     5.07  13.506   0.3009
  109.8     5.02  13.546   0.3015
  110.2     4.98  13.586   0.2979
  110.6     5.03  13.627   0.2840
  111.1     4.96  13.667   0.2875
  111.5     5.00  13.709   0.2749
  112.0     5.06  13.750   0.2732
  112.4     5.10  13.791   0.2756
  112.8     5.00  13.832   0.2756
  113.2     4.98  13.873   0.2782
  113.8     5.03  13.913   0.2779
  114.3     5.07  13.951   0.2729
  114.6     5.00  13.990   0.2602
  114.9     4.98  14.028   0.2606
  115.3     4.98  14.066   0.2650
  115.9     5.04  14.105   0.2612
  116.2     4.93  14.145   0.2646
  116.7     4.92  14.184   0.2691
  117.1     4.98  14.222   0.2656
  117.5     4.92  14.263   0.2574
  118.0     4.91  14.302   0.2688
  118.3     4.96  14.340   0.2645
  118.8     4.95  14.380   0.2530
  119.1     4.89  14.417   0.2600
  119.5     4.84  14.457   0.2702
  120.0     4.85  14.495   0.2654
  120.4     4.96  14.534   0.2651
  120.9     4.90  14.574   0.2516
  121.2     4.88  14.612   0.2501
  121.6     4.84  14.650   0.2514
  122.1     4.82  14.689   0.2578
  122.5     4.88  14.729   0.2686
  122.8     4.83  14.767   0.2649
  123.4     4.87  14.807   0.2635
  123.8     4.88  14.846   0.2600
  124.2     4.79  14.882   0.2660
  124.6     4.82  14.921   0.2622
  124.9     4.88  14.963   0.2501
  125.5     4.83  15.002   0.2558
  125.9     4.80  15.044   0.2628
  126.3     4.85  15.086   0.2690
  126.8     4.80  15.129   0.2688
  127.2     4.79  15.172   0.2649
  127.7     4.77  15.214   0.2515
  128.2     4.86  15.256   0.2531
  128.6     4.83  15.296   0.2607
  129.0     4.75  15.336   0.2580
  129.4     4.66  15.376   0.2651
  129.8     4.72  15.419   0.2550
  130.3     4.76  15.458   0.2533
  130.7     4.74  15.497   0.2506
  131.2     4.72  15.540   0.2538
  131.6     4.67  15.579   0.2462
  132.0     4.77  15.621   0.2563
  132.5     4.80  15.662   0.2473
  133.0     4.77  15.701   0.2428
  133.4     4.67  15.741   0.2473
  133.7     4.75  15.784   0.2562
  134.2     4.70  15.822   0.2602
  134.6     4.73  15.861   0.2577
  135.0     4.78  15.899   0.2790
  135.4     4.63  15.940   0.2785
  135.9     4.69  15.978   0.2603
  136.3     4.70  16.019   0.2735
  136.6     4.76  16.059   0.2786
  137.0     4.68  16.099   0.2748
  137.5     4.65  16.139   0.2812
  137.9     4.68  16.177   0.2765
  138.4     4.77  16.218   0.2746
  138.9     4.75  16.259   0.2827
  139.3     4.71  16.300   0.2840
  139.8     4.72  16.342   0.2793
  140.2     4.82  16.383   0.2699
  140.6     4.73  16.424   0.2773
  141.0     4.76  16.466   0.2728
  141.4     4.86  16.507   0.2627
  141.9     4.79  16.548   0.2577
  142.4     4.72  16.590   0.2583
  142.8     4.73  16.632   0.2669
  143.2     4.77  16.674   0.2634
  143.7     4.82  16.715   0.2798
  144.2     4.80  16.755   0.2845
  144.5     4.88  16.794   0.2813
  144.9     4.68  16.836   0.2795
  145.4     4.70  16.875   0.2734
  145.9     4.74  16.917   0.2824
  146.3     4.75  16.957   0.2748
  146.6     4.72  16.997   0.2706
  147.1     4.80  17.038   0.2670
  147.6     4.92  17.078   0.2703
  148.1     5.03  17.119   0.2555
  148.6     4.98  17.159   0.2531
  149.0     4.98  17.199   0.2588
  149.4     5.03  17.238   0.2563
  149.8     5.05  17.278   0.2580
  150.3     5.09  17.318   0.2532
  150.7     5.11  17.358   0.2486
  151.0     5.08  17.398   0.2525
  151.4     5.05  17.440   0.2523
  151.9     5.08  17.480   0.2682
  152.4     5.07  17.521   0.2921
  152.8     5.06  17.561   0.2700
  153.2     5.07  17.603   0.2626
  153.7     5.12  17.647   0.2608
  154.2     5.14  17.687   0.2692
  154.7     5.22  17.729   0.2730
  155.0     5.23  17.772   0.2625
  155.5     5.25  17.816   0.2591
  156.0     5.30  17.859   0.2581
  156.6     5.36  17.903   0.2662
  156.9     5.28  17.944   0.2610
  157.4     5.34  17.986   0.2675
  157.8     5.35  18.027   0.2678
  158.3     5.39  18.069   0.2633
  158.7     5.38  18.109   0.2618
  159.1     5.41  18.149   0.2595
  159.6     5.47  18.191   0.2671
  159.9     5.39  18.232   0.2641
  160.3     5.40  18.272   0.2762
  160.8     5.41  18.314   0.2679
  161.3     5.47  18.355   0.2631
  161.9     5.59  18.397   0.2570
  162.1     5.49  18.438   0.2535
  162.6     5.50  18.481   0.2577
  163.0     5.48  18.524   0.2537
  163.6     5.58  18.566   0.2483
  163.9     5.58  18.606   0.2529
  164.3     5.61  18.646   0.2563
  164.7     5.57  18.688   0.2506
  165.2     5.61  18.729   0.2414
  165.6     5.56  18.772   0.2407
  166.1     5.64  18.815   0.2415
  166.6     5.66  18.858   0.2441
  167.1     5.74  18.901   0.2426
  167.5     5.75  18.945   0.2498
  168.0     5.78  18.987   0.2560
  168.3     5.79  19.029   0.2609
  168.9     5.89  19.072   0.2619
  169.3     5.84  19.114   0.2515
  169.7     5.80  19.159   0.2482
  170.2     5.89  19.200   0.2477
  170.7     5.99  19.244   0.2452
  171.1     5.92  19.286   0.2449
  171.6     5.92  19.329   0.2477
  172.0     5.89  19.374   0.2474
  172.5     5.95  19.417   0.2532
  173.0     6.07  19.460   0.2546
  173.5     6.02  19.505   0.2542
  173.9     6.16  19.546   0.2604
  174.4     6.03  19.590   0.2526
  174.8     6.03  19.632   0.2440
  175.3     6.07  19.675   0.2532
  175.8     6.16  19.718   0.2599
  176.2     6.13  19.760   0.2599
  176.6     6.14  19.802   0.2646
  177.0     6.11  19.844   0.2671
  177.5     6.13  19.888   0.2540
  178.1     6.26  19.930   0.2479
  178.6     6.22  19.973   0.2465
  179.0     6.21  20.017   0.2453
  179.5     6.28  20.062   0.2436
  179.9     6.35  20.107   0.2435
  180.4     6.36  20.149   0.2470
  180.8     6.34  20.191   0.2401
  181.3     6.32  20.234   0.2410
  181.6     6.23  20.275   0.2465
  182.1     6.36  20.318   0.2495
  182.6     6.41  20.361   0.2528
  183.2     6.46  20.404   0.2480
  183.6     6.45  20.446   0.2473
  184.0     6.40  20.488   0.2451
  184.5     6.51  20.530   0.2412
  184.9     6.44  20.572   0.2334
  185.3     6.47  20.612   0.2333
  185.7     6.43  20.653   0.2355
  186.1     6.45  20.696   0.2465
  186.6     6.43  20.738   0.2510
  187.1     6.48  20.779   0.2535
  187.5     6.50  20.819   0.2437
  187.9     6.50  20.860   0.2420
  188.3     6.49  20.900   0.2428
  188.8     6.53  20.941   0.2501
  189.2     6.51  20.983   0.2484
  189.6     6.56  21.027   0.2441
  190.2     6.58  21.068   0.2376
  190.6     6.63  21.110   0.2358
  191.1     6.68  21.150   0.2227
  191.5     6.65  21.190   0.2215
  192.0     6.64  21.231   0.2345
  192.4     6.61  21.272   0.2388
  192.7     6.59  21.313   0.2323
  193.2     6.67  21.355   0.2350
  193.6     6.65  21.397   0.2389
  194.0     6.63  21.439   0.2435
  194.5     6.66  21.479   0.2457
  194.9     6.78  21.518   0.2492
  195.3     6.64  21.559   0.2494
  195.8     6.70  21.599   0.2341
  196.2     6.68  21.640   0.2272
  196.7     6.76  21.681   0.2234
  197.1     6.72  21.723   0.2223
  197.5     6.71  21.763   0.2150
  197.9     6.72  21.805   0.2154
  198.3     6.76  21.847   0.2102
  198.7     6.70  21.885   0.2146
  199.2     6.71  21.927   0.2151
  199.6     6.74  21.968   0.2135
  200.1     6.86  22.009   0.2133
  200.5     6.74  22.051   0.2147
  201.0     6.79  22.094   0.2130
  201.4     6.80  22.135   0.2234
  201.9     6.83  22.178   0.2381
  202.3     6.80  22.217   0.2401
  202.6     6.81  22.259   0.2365
  203.1     6.82  22.300   0.2322
  203.6     6.84  22.341   0.2377
  203.9     6.80  22.381   0.2367
  204.4     6.88  22.423   0.2552
  204.8     6.85  22.463   0.2442
  205.3     6.89  22.506   0.2304
  205.7     6.91  22.548   0.2313
  206.2     6.86  22.588   0.2464
  206.6     6.94  22.630   0.2448
  207.0     6.96  22.670   0.2510
  207.5     6.94  22.710   0.2322
  207.9     6.94  22.753   0.2217
  208.4     7.00  22.795   0.2198
  208.8     7.04  22.838   0.2300
  209.2     7.02  22.881   0.2268
  209.6     6.96  22.923   0.2115
  210.1     7.00  22.966   0.2145
  210.6     7.01  23.008   0.2167
  210.9     6.96  23.050   0.2191
  211.4     6.92  23.093   0.2180
  211.9     7.07  23.135   0.2172
  212.4     7.07  23.177   0.2183
  212.8     7.10  23.217   0.2224
  213.3     7.16  23.257   0.2264
  213.8     7.07  23.298   0.2206
  214.2     7.13  23.340   0.2264
  214.6     7.21  23.379   0.2339
  215.0     7.15  23.420   0.2341
  215.4     7.17  23.460   0.2280
  215.9     7.22  23.500   0.2312
  216.2     7.24  23.541   0.2334
  216.7     7.16  23.580   0.2307
  217.0     7.15  23.620   0.2365
  217.5     7.23  23.660   0.2317
  218.0     7.43  23.699   0.2359
  218.3     7.25  23.739   0.2355
  218.8     7.29  23.777   0.2406
  219.1     7.25  23.815   0.2462
  219.5     7.26  23.854   0.2438
  220.0     7.30  23.893   0.2359
  220.4     7.30  23.933   0.2343
  220.8     7.23  23.974   0.2443
  221.3     7.31  24.016   0.2336
  221.8     7.31  24.057   0.2318
  222.2     7.34  24.097   0.2373
  222.5     7.30  24.135   0.2339
  223.0     7.40  24.174   0.2342
  223.5     7.34  24.214   0.2372
  223.9     7.36  24.254   0.2416
  224.3     7.39  24.293   0.2309
  224.7     7.51  24.332   0.2293
  225.1     7.47  24.371   0.2331
  225.5     7.38  24.409   0.2347
  225.9     7.39  24.448   0.2391
  226.4     7.45  24.487   0.2436
  226.8     7.43  24.526   0.2385
  227.3     7.50  24.566   0.2359
  227.7     7.50  24.607   0.2384
  228.2     7.65  24.645   0.2415
  228.7     7.64  24.683   0.2364
  229.0     7.61  24.723   0.2403
  229.4     7.58  24.762   0.2476
  229.9     7.69  24.803   0.2400
  230.3     7.57  24.843   0.2233
  230.7     7.61  24.884   0.2205
  231.0     7.56  24.923   0.2144
  231.6     7.64  24.963   0.2095
  232.1     7.67  25.002   0.2076
  232.5     7.69  25.043   0.2066
  233.0     7.71  25.082   0.2027
  233.4     7.64  25.122   0.2161
  233.8     7.73  25.163   0.2201
  234.3     7.74  25.204   0.2173
  234.7     7.68  25.243   0.2215
  235.1     7.74  25.285   0.2268
  235.6     7.75  25.326   0.2320
  236.0     7.74  25.366   0.2295
  236.3     7.70  25.408   0.2144
  236.8     7.63  25.451   0.2030
  237.2     7.59  25.493   0.1990
  237.8     7.66  25.534   0.1974
  238.2     7.63  25.575   0.2113
  238.5     7.63  25.616   0.2116
  239.0     7.60  25.657   0.2090
  239.5     7.72  25.697   0.2180
  240.0     7.71  25.738   0.2094
  240.4     7.64  25.778   0.2136
  240.8     7.64  25.817   0.2167
  241.2     7.68  25.857   0.2061
  241.7     7.64  25.898   0.2036
  242.1     7.61  25.938   0.2067
  242.5     7.72  25.979   0.1954
  243.0     7.74  26.018   0.1928
  243.4     7.64  26.059   0.1999
  243.7     7.61  26.098   0.2006
  244.2     7.64  26.138   0.2071
  244.7     7.65  26.176   0.2070
  245.0     7.71  26.218   0.2067
  245.5     7.62  26.258   0.2119
  246.0     7.69  26.300   0.2065
  246.5     7.70  26.341   0.2135
  246.9     7.73  26.381   0.2117
  247.3     7.72  26.421   0.2060
  247.7     7.67  26.463   0.2004
  248.2     7.77  26.502   0.2058
  248.6     7.77  26.543   0.2123
  249.0     7.75  26.584   0.2064
  249.5     7.62  26.624   0.2097
  249.8     7.66  26.665   0.2059
  250.2     7.72  26.707   0.1952
  250.6     7.77  26.746   0.1895
  251.1     7.77  26.786   0.1822
  251.5     7.77  26.828   0.1748
  252.0     7.80  26.870   0.1814
  252.5     7.78  26.912   0.1822
  252.9     7.75  26.952   0.1842
  253.3     7.80  26.992   0.1807
  253.7     7.75  27.034   0.1759
  254.2     7.81  27.075   0.1849
  254.6     7.78  27.116   0.1865
  255.1     7.82  27.156   0.1943
  255.5     7.79  27.196   0.1948
  256.0     7.82  27.236   0.1976
  256.3     7.81  27.277   0.1892
  256.8     7.81  27.318   0.1882
  257.2     7.84  27.358   0.1888
  257.6     7.83  27.400   0.1748
  258.0     7.79  27.440   0.1787
  258.4     7.74  27.482   0.1770
  258.8     7.74  27.524   0.1737
  259.4     7.83  27.563   0.1740
  259.6     7.78  27.605   0.1755
  260.1     7.79  27.645   0.1677
  260.6     7.89  27.686   0.1755
  261.1     7.83  27.727   0.1868
  261.6     7.88  27.770   0.1909
  262.0     7.93  27.812   0.1904
  262.4     7.91  27.854   0.1685
  262.8     7.86  27.896   0.1640
  263.2     7.88  27.939   0.1613
  263.7     7.96  27.981   0.1557
  264.2     7.98  28.022   0.1590
  264.6     7.94  28.065   0.1609
  265.1     7.92  28.106   0.1710
  265.4     7.92  28.146   0.1673
  265.9     7.90  28.187   0.1698
  266.3     7.83  28.228   0.1863
  266.8     7.92  28.267   0.1821
  267.2     7.95  28.307   0.1776
  267.6     7.95  28.349   0.1811
  268.1     7.99  28.391   0.1810
  268.6     7.95  28.431   0.1748
  268.9     7.94  28.470   0.1760
  269.4     7.95  28.512   0.1742
  269.8     7.96  28.553   0.1690
  270.2     7.96  28.594   0.1640
  270.7     7.96  28.636   0.1615
  271.0     7.90  28.678   0.1653
  271.5     7.91  28.718   0.1577
  272.0     7.97  28.759   0.1584
  272.4     7.91  28.802   0.1649
  272.9     7.87  28.844   0.1598
  273.3     7.94  28.887   0.1631
  273.7     7.92  28.932   0.1634
  274.2     7.89  28.975   0.1623
  274.6     7.93  29.017   0.1794
  275.0     7.92  29.059   0.1795
  275.6     7.93  29.103   0.1784
  276.0     7.96  29.147   0.1789
  276.4     7.87  29.190   0.1743
  277.0     7.91  29.232   0.1820
  277.4     7.85  29.275   0.1774
  277.9     7.90  29.319   0.1789
  278.3     7.85  29.363   0.1839
  278.8     7.90  29.406   0.1821
  279.2     7.89  29.451   0.1811
  279.7     7.83  29.495   0.1812
  280.0     7.84  29.538   0.1712
  280.7     7.92  29.583   0.1741
  281.2     7.87  29.626   0.1719
  281.6     7.84  29.670   0.1753
  281.9     7.83  29.714   0.1785
  282.4     7.78  29.757   0.1713
  283.0     7.78  29.804   0.1586
  283.4     7.78  29.848   0.1594
  283.8     7.68  29.891   0.1571
  284.3     7.68  29.935   0.1514
  284.8     7.91  29.980   0.1565
  285.2     7.68  30.024   0.1630
  285.7     7.65  30.069   0.1653
  286.2     7.69  30.112   0.1643
  286.6     7.74  30.157   0.1605
  287.1     7.68  30.200   0.1639
  287.5     7.68  30.243   0.1644
  287.9     7.61  30.287   0.1714
  288.4     7.63  30.331   0.1771
  289.0     7.68  30.377   0.1759
  289.4     7.67  30.422   0.1689
  290.0     7.64  30.466   0.1647
  290.4     7.66  30.509   0.1503
  290.8     7.66  30.553   0.1572
  291.3     7.61  30.598   0.1547
  291.7     7.66  30.643   0.1586
  292.3     7.66  30.687   0.1501
  292.7     7.63  30.732   0.1502
  293.2     7.60  30.776   0.1471
  293.7     7.63  30.820   0.1403
  294.2     7.57  30.864   0.1424
  294.6     7.60  30.906   0.1557
  295.2     7.60  30.950   0.1456
  295.5     7.55  30.995   0.1421
  296.0     7.57  31.036   0.1459
  296.5     7.52  31.079   0.1439
  296.8     7.51  31.124   0.1412
  297.3     7.54  31.166   0.1391
  297.7     7.46  31.210   0.1277
  298.3     7.47  31.252   0.1321
  298.7     7.50  31.293   0.1360
  299.1     7.55  31.335   0.1372
  299.5     7.45  31.376   0.1381
  300.1     7.60  31.417   0.1277
  300.5     7.58  31.457   0.1250
  300.9     7.60  31.497   0.1246
  301.3     7.51  31.538   0.1181
  301.7     7.47  31.579   0.1323
  302.1     7.49  31.619   0.1324
  302.5     7.36  31.661   0.1337
  303.0     7.35  31.702   0.1273
  303.5     7.39  31.744   0.1279
  303.8     7.32  31.785   0.1253
  304.2     7.26  31.825   0.1112
  304.7     7.23  31.867   0.1150
  305.2     7.33  31.910   0.1151
  305.5     7.29  31.950   0.1189
  306.0     7.30  31.989   0.1135
  306.3     7.24  32.031   0.1109
  306.8     7.25  32.072   0.1119
  307.3     7.23  32.115   0.1128
  307.6     7.18  32.157   0.1074
  308.1     7.28  32.197   0.1089
  308.4     7.07  32.239   0.1083
  308.9     7.18  32.283   0.1048
  309.4     7.14  32.324   0.1082
  309.9     7.12  32.366   0.1086
  310.3     7.17  32.408   0.1060
  310.7     7.13  32.450   0.1166
  311.2     7.19  32.492   0.1258
  311.6     7.20  32.531   0.1170
  312.1     7.14  32.571   0.1094
  312.4     7.11  32.614   0.0965
  312.9     7.15  32.652   0.1022
  313.4     7.18  32.694   0.1059
  313.8     7.18  32.735   0.0998
  314.3     7.11  32.777   0.1061
  314.6     7.15  32.820   0.1140
  315.1     7.14  32.861   0.1263
  315.6     7.11  32.902   0.1322
  315.9     7.11  32.945   0.1219
  316.4     7.06  32.985   0.1219
  316.9     7.06  33.028   0.1147
  317.2     7.08  33.070   0.1104
  317.7     7.04  33.113   0.1016
  318.1     7.05  33.157   0.1025
  318.6     7.02  33.201   0.1005
  319.1     7.03  33.243   0.0982
  319.6     7.09  33.285   0.0975
  320.0     7.02  33.329   0.0958
  320.4     7.06  33.372   0.0959
  320.9     7.06  33.414   0.1038
  321.4     7.04  33.456   0.0945
  321.8     7.05  33.497   0.0934
  322.2     7.00  33.539   0.1017
  322.7     7.03  33.581   0.0964
  323.1     7.02  33.623   0.0961
  323.6     7.04  33.664   0.1013
  324.0     7.05  33.706   0.0930
  324.6     7.11  33.746   0.0872
  324.9     7.05  33.787   0.0857
  325.3     7.09  33.827   0.0860
  325.8     7.12  33.867   0.0801
  326.1     7.07  33.906   0.0788
  326.5     7.04  33.945   0.0786
  327.0     7.03  33.985   0.0744
  327.3     7.10  34.024   0.0785
  327.8     7.04  34.065   0.0816
  328.2     6.97  34.107   0.0816
  328.7     7.07  34.149   0.0745
  329.1     7.06  34.189   0.0672
  329.4     7.04  34.229   0.0660
  329.9     7.07  34.269   0.0677
  330.3     7.03  34.307   0.0619
  330.8     7.13  34.348   0.0594
  331.2     7.07  34.386   0.0597
  331.6     7.08  34.425   0.0596
  332.0     7.14  34.465   0.0609
  332.5     7.19  34.505   0.0636
  332.9     7.22  34.546   0.0683
  333.4     7.24  34.585   0.0703
  333.9     7.24  34.625   0.0707
  334.2     7.25  34.666   0.0617
  334.7     7.23  34.703   0.0623
  335.0     7.22  34.743   0.0639
  335.5     7.19  34.785   0.0625
  335.9     7.20  34.825   0.0583
  336.4     7.20  34.865   0.0583
  336.7     7.28  34.905   0.0608
  337.2     7.26  34.945   0.0551
  337.6     7.25  34.986   0.0513
  338.1     7.28  35.027   0.0531
  338.4     7.30  35.068   0.0506
  339.0     7.20  35.112   0.0406
  339.4     7.24  35.153   0.0371
  339.8     7.20  35.193   0.0322
  340.3     7.23  35.237   0.0284
  340.7     7.26  35.280   0.0295
  341.2     7.16  35.321   0.0331
  341.6     7.20  35.363   0.0284
  342.1     7.22  35.403   0.0352
  342.5     7.18  35.445   0.0303
  343.0     7.19  35.488   0.0306
  343.4     7.16  35.530   0.0325
  343.9     7.17  35.572   0.0348
  344.3     7.20  35.616   0.0322
  344.8     7.16  35.657   0.0461
  345.2     7.13  35.698   0.0442
  345.7     7.16  35.739   0.0449
  346.2     7.05  35.780   0.0462
  346.5     7.11  35.821   0.0416
  346.9     7.08  35.861   0.0384
  347.4     7.10  35.901   0.0373
  347.9     7.11  35.942   0.0429
  348.2     7.04  35.983   0.0457
  348.7     7.05  36.023   0.0336
  349.0     7.01  36.065   0.0240
  349.6     7.08  36.107   0.0230
  350.0     7.04  36.149   0.0233
  350.4     6.98  36.190   0.0283
  350.8     6.96  36.231   0.0256
  351.2     6.93  36.271   0.0302
  351.6     6.92  36.310   0.0299
  352.0     6.95  36.350   0.0369
  352.4     6.89  36.390   0.0431
  352.9     6.88  36.431   0.0412
  353.2     6.84  36.470   0.0318
  353.7     6.91  36.512   0.0306
  354.0     6.81  36.554   0.0432
  354.6     6.84  36.594   0.0345
  355.0     6.82  36.637   0.0274
  355.3     6.80  36.680   0.0205
  355.8     6.80  36.721   0.0123
  356.3     6.88  36.764   0.0173
  356.8     6.90  36.806   0.0133
  357.3     6.87  36.846   0.0203
  357.7     6.83  36.887   0.0206
  358.0     6.85  36.927   0.0253
  358.5     6.79  36.967   0.0188
  358.8     6.79  37.006   0.0187
  359.2     6.66  37.046   0.0239
  359.6     6.73  37.086   0.0285
  360.1     6.80  37.126   0.0294
  360.5     6.80  37.165   0.0262
  360.8     6.72  37.206   0.0282
  361.2     6.72  37.246   0.0348
  361.7     6.74  37.284   0.0315
  362.1     6.71  37.325   0.0323
  362.6     6.76  37.367   0.0282
  363.0     6.75  37.406   0.0261
  363.4     6.77  37.446   0.0362
  363.8     6.73  37.487   0.0419
  364.2     6.71  37.527   0.0444
  364.6     6.67  37.569   0.0365
  365.0     6.67  37.610   0.0440
  365.3     6.65  37.649   0.0442
  365.8     6.70  37.688   0.0404
  366.2     6.70  37.730   0.0461
  366.6     6.71  37.772   0.0355
  367.1     6.58  37.816   0.0258
  367.6     6.57  37.858   0.0382
  368.0     6.62  37.902   0.0400
  368.4     6.61  37.945   0.0433
  368.8     6.61  37.986   0.0432
  369.3     6.63  38.029   0.0385
  369.7     6.58  38.071   0.0331
  370.2     6.70  38.112   0.0216
  370.6     6.65  38.154   0.0239
  371.0     6.69  38.195   0.0321
  371.6     6.73  38.236   0.0292
  371.9     6.66  38.278   0.0305
  372.4     6.73  38.319   0.0409
  372.8     6.64  38.362   0.0438
  373.3     6.71  38.404   0.0426
  373.7     6.77  38.445   0.0405
  374.2     6.70  38.487   0.0339
  374.6     6.73  38.528   0.0328
  375.0     6.66  38.569   0.0350
  375.4     6.71  38.611   0.0337
  375.9     6.72  38.652   0.0344
  376.3     6.78  38.695   0.0351
  376.7     6.69  38.738   0.0350
  377.2     6.65  38.778   0.0336
  377.5     6.66  38.820   0.0455
  378.1     6.68  38.861   0.0461
  378.5     6.67  38.903   0.0266
  378.9     6.75  38.946   0.0260
  379.4     6.63  38.990   0.0292
  379.8     6.62  39.032   0.0322
  380.2     6.66  39.076   0.0304
  380.7     6.63  39.121   0.0324
  381.2     6.68  39.164   0.0359
  381.7     6.76  39.207   0.0396
  382.1     6.76  39.249   0.0297
  382.5     6.78  39.291   0.0209
  383.0     6.76  39.335   0.0174
  383.4     6.78  39.376   0.0252
  384.0     6.85  39.420   0.0215
  384.4     6.85  39.463   0.0148
  384.7     6.83  39.505   0.0093
  385.3     6.83  39.550   0.0228
  385.8     6.87  39.593   0.0284
  386.2     6.83  39.636   0.0194
  386.6     6.82  39.681   0.0154
  387.0     6.87  39.724   0.0267
  387.5     6.84  39.769   0.0151
  387.9     6.78  39.812   0.0090
  388.3     6.71  39.857   0.0166
  388.7     6.69  39.901   0.0160
  389.3     6.70  39.944   0.0249
  389.5     6.71  39.988   0.0175
  390.0     6.60  40.033   0.0181
  390.5     6.59  40.075   0.0137
  390.9     6.64  40.119   0.0058
  391.4     6.59  40.162   0.0104
  391.7     6.56  40.205   0.0187
  392.2     6.54  40.248   0.0138
  392.7     6.59  40.292   0.0130
  393.1     6.60  40.334   0.0095
  393.7     6.69  40.378   0.0042
  394.1     6.68  40.422   0.0015
  394.6     6.61  40.464   0.0019
  395.0     6.63  40.506   0.0097
  395.5     6.65  40.547   0.0074
  395.9     6.62  40.588   0.0009
  396.2     6.59  40.629  -0.0004
  396.7     6.57  40.671   0.0094
  397.1     6.63  40.713   0.0007
  397.6     6.63  40.754   0.0018
  397.9     6.61  40.796  -0.0035
  398.4     6.56  40.840  -0.0003
  398.9     6.63  40.880   0.0090
  399.2     6.56  40.923   0.0062
  399.7     6.55  40.965   0.0125
  400.1     6.56  41.007   0.0186
  400.6     6.61  41.050   0.0195
  401.0     6.67  41.092   0.0217
  401.3     6.53  41.133   0.0257
  401.8     6.56  41.177   0.0200
  402.2     6.54  41.217   0.0179
  402.6     6.56  41.259   0.0208
  403.1     6.55  41.299   0.0207
  403.6     6.52  41.341   0.0240
  404.1     6.54  41.383   0.0241
  404.5     6.61  41.424   0.0211
  404.8     6.57  41.466   0.0268
  405.2     6.54  41.509   0.0328
  405.7     6.56  41.549   0.0191
  406.1     6.60  41.590   0.0213
  406.4     6.52  41.633   0.0168
  407.0     6.44  41.675   0.0184
  407.4     6.50  41.717   0.0283
  407.8     6.51  41.757   0.0312
  408.2     6.50  41.798   0.0350
  408.6     6.52  41.838   0.0360
  409.1     6.58  41.881   0.0283
  409.4     6.50  41.921   0.0238
  409.8     6.51  41.965   0.0198
  410.3     6.54  42.008   0.0272
  410.7     6.47  42.049   0.0197
  411.2     6.48  42.091   0.0204
  411.6     6.47  42.136   0.0223
  412.0     6.44  42.176   0.0151
  412.5     6.41  42.220   0.0130
  412.9     6.43  42.262   0.0145
  413.3     6.45  42.304   0.0178
  413.8     6.41  42.348   0.0188
  414.3     6.45  42.388   0.0180
  414.6     6.46  42.433   0.0226
  415.1     6.40  42.475   0.0262
  415.5     6.40  42.517   0.0190
  416.0     6.41  42.561   0.0178
  416.4     6.42  42.602   0.0189
  416.8     6.37  42.643   0.0283
  417.2     6.40  42.686   0.0361
  417.7     6.34  42.728   0.0312
  418.1     6.29  42.772   0.0245
  418.5     6.39  42.816   0.0251
  419.0     6.38  42.856   0.0189
  419.4     6.38  42.898   0.0135
  419.8     6.32  42.941   0.0109
  420.3     6.35  42.984   0.0064
  420.7     6.28  43.028   0.0149
  421.1     6.34  43.072   0.0166
  421.6     6.30  43.116   0.0170
  422.0     6.31  43.158   0.0182
  422.5     6.31  43.201   0.0186
  422.9     6.30  43.243   0.0222
  423.4     6.34  43.285   0.0285
  423.7     6.33  43.326   0.0270
  424.2     6.28  43.369   0.0284
  424.6     6.29  43.412   0.0285
  425.1     6.31  43.455   0.0297
  425.5     6.41  43.496   0.0318
  425.9     6.29  43.537   0.0320
  426.4     6.33  43.578   0.0170
  426.8     6.30  43.620   0.0304
  427.2     6.29  43.661   0.0238
  427.6     6.27  43.701   0.0255
  428.0     6.31  43.742   0.0262
  428.4     6.25  43.782   0.0267
  428.9     6.31  43.821   0.0392
  429.2     6.24  43.863   0.0448
  429.7     6.26  43.904   0.0492
  430.2     6.26  43.946   0.0528
  430.6     6.26  43.985   0.0438
  431.1     6.29  44.029   0.0393
  431.5     6.28  44.071   0.0379
  431.9     6.27  44.111   0.0427
  432.2     6.23  44.152   0.0436
  432.7     6.19  44.194   0.0361
  433.2     6.25  44.235   0.0329
  433.7     6.30  44.274   0.0289
  434.0     6.20  44.315   0.0275
  434.4     6.27  44.357   0.0296
  434.8     6.25  44.400   0.0242
  435.4     6.23  44.439   0.0226
  435.8     6.21  44.481   0.0265
  436.3     6.26  44.521   0.0279
  436.7     6.21  44.559   0.0247
  437.0     6.23  44.599   0.0284
  437.4     6.18  44.639   0.0302
  437.8     6.18  44.679   0.0242
  438.2     6.21  44.717   0.0270
  438.7     6.16  44.756   0.0333
  439.0     6.18  44.797   0.0308
  439.4     6.13  44.836   0.0263
  439.8     6.11  44.879   0.0232
  440.3     6.10  44.920   0.0230
  440.7     6.03  44.959   0.0249
  441.1     6.11  45.001   0.0255
  441.6     6.12  45.041   0.0267
  441.9     6.02  45.081   0.0287
  442.4     6.09  45.124   0.0239
  442.8     6.03  45.163   0.0231
  443.3     6.10  45.206   0.0223
  443.7     6.04  45.246   0.0256
  444.0     6.02  45.288   0.0248
  444.6     6.05  45.331   0.0266
  444.9     6.07  45.374   0.0366
  445.5     6.09  45.416   0.0395
  445.9     6.04  45.458   0.0356
  446.3     6.04  45.499   0.0347
  446.8     6.04  45.541   0.0407
  447.2     6.00  45.584   0.0398
  447.6     5.99  45.625   0.0391
  448.1     6.00  45.669   0.0423
  448.4     6.01  45.710   0.0412
  448.9     6.02  45.750   0.0357
  449.4     5.98  45.792   0.0431
  449.7     5.95  45.831   0.0420
  450.1     5.93  45.869   0.0331
  450.5     6.02  45.908   0.0393
  450.9     5.92  45.948   0.0372
  451.3     5.96  45.988   0.0320
  451.7     5.93  46.029   0.0320
  452.2     5.93  46.069   0.0316
  452.6     5.95  46.110   0.0230
  453.0     5.96  46.151   0.0283
  453.5     5.92  46.193   0.0143
  453.8     5.86  46.234   0.0187
  454.2     5.88  46.276   0.0257
  454.7     5.90  46.315   0.0183
  455.1     5.92  46.355   0.0241
  455.5     5.91  46.396   0.0195
  456.0     5.89  46.438   0.0263
  456.3     5.87  46.479   0.0187
  456.7     5.93  46.522   0.0235
  457.2     5.87  46.561   0.0207
  457.6     5.86  46.600   0.0239
  458.0     5.88  46.641   0.0199
  458.4     5.84  46.681   0.0207
  458.8     5.89  46.723   0.0197
  459.1     5.83  46.767   0.0185
  459.6     5.79  46.806   0.0155
  460.0     5.87  46.848   0.0109
  460.4     5.84  46.889   0.0199
  460.9     5.87  46.929   0.0239
  461.2     5.84  46.971   0.0217
  461.6     5.82  47.012   0.0110
  462.1     5.84  47.053   0.0035
  462.5     5.84  47.095   0.0112
  462.9     5.89  47.133   0.0106
  463.4     5.85  47.173   0.0134
  463.8     5.88  47.215   0.0074
  464.1     5.83  47.254   0.0096
  464.5     5.78  47.293   0.0124
  465.0     5.79  47.333   0.0193
  465.3     5.78  47.373   0.0219
  465.7     5.78  47.413   0.0204
  466.2     5.78  47.452   0.0248
  466.5     5.74  47.492   0.0205
  467.0     5.80  47.533   0.0231
  467.3     5.81  47.574   0.0230
  467.8     5.73  47.615   0.0265
  468.2     5.75  47.658   0.0328
  468.6     5.79  47.698   0.0292
  469.0     5.68  47.739   0.0315
  469.4     5.72  47.779   0.0227
  469.8     5.72  47.822   0.0182
  470.2     5.66  47.863   0.0199
  470.6     5.73  47.905   0.0166
  471.1     5.73  47.947   0.0039
  471.5     5.75  47.990   0.0114
  472.0     5.73  48.033   0.0079
  472.4     5.75  48.074   0.0056
  472.8     5.70  48.116   0.0019
  473.2     5.63  48.158  -0.0029
  473.6     5.69  48.200  -0.0036
  474.0     5.66  48.242   0.0044
  474.4     5.62  48.284   0.0058
  474.8     5.61  48.325   0.0033
  475.3     5.64  48.366   0.0019
  475.7     5.67  48.409   0.0037
  476.2     5.68  48.449   0.0074
  476.5     5.63  48.491   0.0067
  476.9     5.67  48.531   0.0088
  477.4     5.60  48.575   0.0089
  477.8     5.63  48.617   0.0089
  478.2     5.59  48.657   0.0141
  478.6     5.63  48.699   0.0085
  479.0     5.61  48.740   0.0057
  479.4     5.67  48.780   0.0013
  479.8     5.61  48.822   0.0025
  480.2     5.61  48.863   0.0099
  480.6     5.59  48.905   0.0064
  481.0     5.54  48.948  -0.0005
  481.5     5.53  48.991   0.0049
  481.9     5.58  49.035   0.0029
  482.4     5.59  49.076  -0.0069
  482.8     5.54  49.118  -0.0061
  483.2     5.57  49.162  -0.0091
  483.6     5.51  49.206  -0.0074
  484.1     5.55  49.249  -0.0058
  484.5     5.56  49.293  -0.0128
  485.1     5.60  49.335  -0.0092
  485.4     5.53  49.377  -0.0063
  485.8     5.53  49.421  -0.0119
  486.2     5.55  49.466  -0.0114
  486.8     5.54  49.509  -0.0037
  487.2     5.58  49.552  -0.0036
  487.7     5.51  49.594  -0.0040
  488.0     5.51  49.638  -0.0017
  488.5     5.50  49.682  -0.0052
  488.9     5.49  49.728  -0.0025
  489.3     5.46  49.772  -0.0038
  489.8     5.52  49.815  -0.0109
  490.3     5.48  49.860  -0.0101
  490.7     5.43  49.903  -0.0063
  491.1     5.51  49.946  -0.0053
  491.6     5.46  49.991  -0.0060
  492.1     5.55  50.033  -0.0030
  492.5     5.49  50.076  -0.0104
  492.9     5.46  50.121  -0.0054
  493.4     5.50  50.165  -0.0014
  493.9     5.54  50.208  -0.0042
  494.4     5.56  50.251  -0.0025
  494.8     5.45  50.293  -0.0033
  495.2     5.48  50.339  -0.0090
  495.7     5.44  50.382  -0.0122
  496.1     5.48  50.424  -0.0083
  496.6     5.41  50.466  -0.0127
  496.9     5.44  50.508  -0.0117
  497.4     5.42  50.551  -0.0019
  497.7     5.44  50.593  -0.0075
  498.3     5.45  50.637  -0.0077
  498.6     5.37  50.680  -0.0032
  499.1     5.38  50.722  -0.0014
  499.5     5.44  50.766  -0.0016
  500.0     5.41  50.810   0.0045
  500.5     5.45  50.852   0.0025
  500.9     5.42  50.892   0.0014
  501.3     5.38  50.934  -0.0056
  501.7     5.39  50.975  -0.0078
  502.1     5.36  51.018  -0.0058
  502.6     5.38  51.058  -0.0079
  503.0     5.37  51.098  -0.0016
  503.3     5.32  51.140   0.0017
  503.8     5.37  51.182   0.0023
  504.3     5.40  51.223   0.0044
  504.6     5.35  51.265   0.0022
  505.0     5.32  51.305   0.0082
  505.5     5.32  51.347   0.0046
  505.9     5.34  51.388  -0.0010
  506.3     5.38  51.429  -0.0070
  506.8     5.30  51.469   0.0003
  507.2     5.32  51.513   0.0006
  507.5     5.30  51.554  -0.0005
  507.8     5.31  51.597   0.0016
  508.4     5.26  51.638   0.0025
  508.8     5.30  51.680   0.0009
  509.3     5.33  51.723   0.0051
  509.6     5.29  51.763   0.0015
  510.1     5.29  51.804  -0.0024
  510.4     5.23  51.847  -0.0018
  510.9     5.27  51.889  -0.0011
  511.3     5.26  51.930   0.0027
  511.7     5.22  51.974   0.0040
  512.2     5.28  52.015   0.0081
  512.6     5.23  52.058   0.0104
  513.1     5.26  52.102   0.0088
  513.5     5.18  52.144   0.0069
  513.9     5.26  52.185   0.0024
  514.3     5.19  52.229   0.0048
  514.6     5.20  52.271   0.0077
  515.1     5.22  52.314   0.0039
  515.6     5.24  52.356   0.0064
  516.0     5.23  52.400   0.0014
  516.5     5.27  52.443   0.0051
  516.9     5.21  52.483  -0.0002
  517.2     5.19  52.526   0.0061
  517.6     5.20  52.569   0.0121
  518.2     5.24  52.609   0.0058
  518.5     5.18  52.651   0.0101
  518.9     5.12  52.692   0.0143
  519.4     5.05  52.733   0.0147
  519.7     5.14  52.776   0.0142
  520.3     5.19  52.817   0.0140
  520.6     5.17  52.858   0.0157
  521.1     5.16  52.901   0.0199
  521.6     5.16  52.943   0.0112
  521.9     5.13  52.984   0.0160
  522.3     5.12  53.028   0.0121
  522.7     5.12  53.070   0.0071
  523.2     5.09  53.113   0.0087
  523.6     5.09  53.155   0.0115
  523.9     5.12  53.198   0.0081
  524.5     5.09  53.240   0.0018
  524.8     5.09  53.283   0.0062
  525.3     5.10  53.327  -0.0010
  525.7     5.03  53.371  -0.0015
  526.1     5.07  53.413  -0.0080
  526.6     5.04  53.456  -0.0130
  527.1     5.12  53.497  -0.0107
  527.4     5.12  53.540  -0.0049
  527.8     5.14  53.579  -0.0069
  528.3     5.08  53.619  -0.0114
  528.6     5.05  53.660  -0.0038
  529.0     5.00  53.701  -0.0032
  529.5     5.10  53.743  -0.0125
  529.9     5.09  53.784  -0.0113
  530.2     5.02  53.825  -0.0108
  530.7     5.03  53.867  -0.0103
  531.1     5.07  53.906  -0.0083
  531.4     5.00  53.946  -0.0101
  531.8     5.02  53.985  -0.0153
  532.3     5.02  54.026  -0.0137
  532.6     4.98  54.067  -0.0068
  533.0     4.96  54.108  -0.0139
  533.4     5.00  54.148  -0.0152
  533.8     5.00  54.190  -0.0154
  534.2     4.97  54.229  -0.0171
  534.7     4.99  54.268  -0.0207
  535.0     4.92  54.309  -0.0147
  535.4     5.02  54.347  -0.0121
  535.9     5.03  54.386  -0.0171
  536.1     4.91  54.425  -0.0144
  536.5     4.99  54.464  -0.0153
  536.9     4.92  54.503  -0.0141
  537.3     4.94  54.542  -0.0260
  537.7     4.93  54.579  -0.0252
  538.2     4.96  54.619  -0.0259
  538.5     4.94  54.659  -0.0279
  538.8     4.89  54.701  -0.0258
  539.3     4.98  54.741  -0.0291
  539.6     4.96  54.781  -0.0273
  540.0     4.98  54.820  -0.0299
  540.5     5.00  54.859  -0.0288
  540.9     5.02  54.898  -0.0254
  541.3     4.96  54.938  -0.0309
  541.6     4.98  54.978  -0.0348
  542.1     4.98  55.017  -0.0337
  542.4     4.96  55.057  -0.0344
  542.7     4.92  55.096  -0.0389
  543.1     4.95  55.136  -0.0395
  543.6     4.92  55.177  -0.0373
  544.0     4.91  55.216  -0.0321
  544.3     4.89  55.257  -0.0396
  544.7     4.86  55.300  -0.0420
  545.1     4.87  55.343  -0.0347
  545.4     4.85  55.383  -0.0416
  546.0     4.93  55.425  -0.0408
  546.5     4.90  55.467  -0.0347
  546.7     4.91  55.510  -0.0335
  547.3     4.88  55.554  -0.0327
  547.6     4.90  55.595  -0.0274
  548.1     4.88  55.638  -0.0313
  548.5     4.93  55.680  -0.0255
  549.0     4.90  55.721  -0.0253
  549.4     4.89  55.762  -0.0361
  549.8     4.93  55.804  -0.0301
  550.1     4.97  55.843  -0.0308
  550.5     4.90  55.885  -0.0337
  551.0     4.88  55.924  -0.0317
  551.3     4.91  55.962  -0.0377
  551.8     4.89  56.003  -0.0314
  552.2     4.94  56.044  -0.0266
  552.5     4.88  56.084  -0.0311
  553.0     4.90  56.125  -0.0246
  553.4     4.91  56.166  -0.0319
  553.8     4.92  56.205  -0.0309
  554.2     4.85  56.247  -0.0357
  554.6     4.88  56.287  -0.0383
  555.0     4.90  56.327  -0.0315
  555.4     4.91  56.368  -0.0327
  555.8     4.85  56.409  -0.0299
  556.2     4.92  56.451  -0.0287
  556.6     4.88  56.492  -0.0310
  557.0     4.86  56.533  -0.0247
  557.4     4.83  56.573  -0.0245
  557.8     4.88  56.615  -0.0289
  558.2     4.88  56.656  -0.0260
  558.6     4.85  56.700  -0.0297
  559.0     4.87  56.742  -0.0325
  559.4     4.85  56.782  -0.0272
  559.9     4.84  56.826  -0.0343
  560.3     4.89  56.869  -0.0310
  560.7     4.92  56.909  -0.0289
  561.1     4.84  56.951  -0.0241
  561.6     4.88  56.991  -0.0180
  561.9     4.92  57.033  -0.0260
  562.3     4.91  57.073  -0.0265
  562.7     4.84  57.112  -0.0273
  563.1     4.86  57.154  -0.0342
  563.5     4.86  57.193  -0.0287
  563.8     4.84  57.231  -0.0322
  564.2     4.84  57.272  -0.0283
  564.6     4.88  57.310  -0.0230
  565.0     4.87  57.349  -0.0318
  565.4     4.87  57.389  -0.0282
  565.8     4.83  57.429  -0.0348
  566.2     4.86  57.470  -0.0379
  566.6     4.94  57.511  -0.0360
  567.1     4.89  57.552  -0.0435
  567.4     4.85  57.589  -0.0338
  567.8     4.83  57.629  -0.0310
  568.2     4.85  57.672  -0.0277
  568.5     4.79  57.713  -0.0209
  569.0     4.77  57.754  -0.0254
  569.4     4.82  57.796  -0.0317
  569.8     4.85  57.839  -0.0337
  570.2     4.87  57.881  -0.0388
  570.6     4.85  57.923  -0.0396
  571.1     4.90  57.968  -0.0356
  571.5     4.84  58.011  -0.0366
  571.9     4.84  58.053  -0.0270
  572.3     4.83  58.096  -0.0252
  572.7     4.84  58.136  -0.0256
  573.1     4.82  58.175  -0.0304
  573.6     4.86  58.216  -0.0339
  573.9     4.82  58.256  -0.0219
  574.3     4.81  58.297  -0.0266
  574.7     4.75  58.339  -0.0249
  575.1     4.85  58.379  -0.0237
  575.6     4.86  58.419  -0.0165
  575.9     4.83  58.461  -0.0210
  576.4     4.81  58.500  -0.0241
  576.8     4.84  58.539  -0.0162
  577.1     4.79  58.581  -0.0217
  577.5     4.80  58.621  -0.0140
  577.9     4.83  58.662  -0.0227
  578.3     4.81  58.703  -0.0181
  578.7     4.79  58.744  -0.0221
  579.1     4.84  58.785  -0.0209
  579.5     4.77  58.827  -0.0253
  580.0     4.89  58.867  -0.0232
  580.4     4.83  58.909  -0.0168
  580.8     4.81  58.951  -0.0218
  581.3     4.85  58.994  -0.0117
  581.7     4.85  59.036  -0.0324
  582.2     4.89  59.078  -0.0435
  582.6     4.85  59.121  -0.0438
  582.9     4.86  59.164  -0.0411
  583.2     4.76  59.206  -0.0435
  583.8     4.83  59.251  -0.0442
  584.2     4.74  59.295  -0.0406
  584.7     4.94  59.339  -0.0390
  585.1     4.91  59.382  -0.0356
  585.7     4.85  59.424  -0.0439
  586.1     4.90  59.468  -0.0406
  586.5     4.91  59.510  -0.0441
  586.9     4.90  59.552  -0.0498
  587.3     4.91  59.595  -0.0453
  587.7     4.86  59.640  -0.0393
  588.3     4.84  59.683  -0.0417
  588.7     4.92  59.728  -0.0426
  589.1     4.86  59.769  -0.0513
  589.5     4.94  59.812  -0.0560
  590.0     4.88  59.858  -0.0527
  590.4     4.88  59.900  -0.0499
  590.8     4.88  59.945  -0.0492
  591.2     4.82  59.988  -0.0425
  591.6     4.74  60.030  -0.0356
  592.1     4.81  60.073  -0.0386
  592.6     4.84  60.115  -0.0529
  592.9     4.79  60.159  -0.0554
  593.5     4.83  60.204  -0.0555
  593.8     4.85  60.247  -0.0472
  594.2     4.78  60.291  -0.0489
  594.7     4.80  60.334  -0.0409
  595.1     4.78  60.375  -0.0510
  595.5     4.80  60.419  -0.0514
  595.9     4.86  60.460  -0.0461
  596.4     4.74  60.502  -0.0505
  596.7     4.74  60.544  -0.0470
  597.2     4.81  60.587  -0.0498
  597.6     4.79  60.629  -0.0427
  598.1     4.77  60.670  -0.0301
  598.4     4.77  60.713  -0.0221
  598.9     4.78  60.756  -0.0355
  599.2     4.73  60.797  -0.0298
  599.6     4.70  60.838  -0.0229
  600.0     4.73  60.879  -0.0091
