   11.6     0.80   0.043  -0.0041
   11.6     0.79   0.086  -0.0067
   11.6     0.78   0.127  -0.0005
   11.8     0.77   0.169  -0.0026
   11.8     0.75   0.207  -0.0008
   11.8     0.74   0.248   0.0007
   11.8     0.71   0.291  -0.0046
   11.7     0.75   0.331  -0.0051
   11.7     0.72   0.373  -0.0033
   11.8     0.72   0.414  -0.0018
   11.8     0.71   0.453  -0.0034
   11.8     0.69   0.497  -0.0003
   11.9     0.71   0.540  -0.0025
   11.9     0.71   0.581   0.0006
   11.8     0.68   0.625  -0.0007
   12.0     0.71   0.666  -0.0012
   11.9     0.68   0.708  -0.0013
   11.9     0.66   0.751  -0.0011
   12.0     0.67   0.796   0.0025
   12.0     0.68   0.838   0.0032
   12.1     0.66   0.879  -0.0016
   12.1     0.63   0.921  -0.0018
   12.1     0.63   0.962  -0.0021
   12.1     0.64   1.006  -0.0003
   12.2     0.66   1.050  -0.0012
   12.1     0.64   1.094  -0.0007
   12.1     0.64   1.136  -0.0006
   12.2     0.61   1.177   0.0007
   12.3     0.63   1.218  -0.0008
   12.3     0.62   1.260  -0.0028
   12.2     0.62   1.304  -0.0061
   12.3     0.63   1.344  -0.0065
   12.3     0.61   1.388  -0.0050
   12.4     0.61   1.431  -0.0051
   12.4     0.63   1.471  -0.0028
   12.4     0.61   1.514  -0.0021
   12.5     0.64   1.555  -0.0019
   12.4     0.66   1.597  -0.0042
   12.5     0.70   1.641  -0.0116
   12.6     0.68   1.681  -0.0121
   12.7     0.73   1.721  -0.0105
   12.7     0.72   1.765  -0.0162
   12.6     0.77   1.806  -0.0117
   12.7     0.79   1.847  -0.0119
   12.7     0.79   1.888  -0.0095
   12.8     0.78   1.928  -0.0126
   12.9     0.80   1.969  -0.0129
   12.9     0.81   2.011  -0.0155
   13.0     0.85   2.053  -0.0123
   12.9     0.83   2.095  -0.0137
   12.9     0.76   2.136  -0.0154
   13.0     0.79   2.176  -0.0102
   13.1     0.78   2.218  -0.0123
   13.0     0.75   2.262  -0.0152
   13.0     0.74   2.302  -0.0117
   13.1     0.77   2.342  -0.0178
   13.2     0.77   2.382  -0.0153
   13.1     0.74   2.422  -0.0082
   13.0     0.70   2.463  -0.0039
   13.1     0.72   2.504  -0.0022
   13.1     0.68   2.546  -0.0021
   13.2     0.69   2.587  -0.0023
   13.2     0.70   2.627   0.0007
   13.3     0.70   2.668   0.0055
   13.3     0.70   2.709  -0.0012
   13.3     0.74   2.750  -0.0050
   13.5     0.71   2.793  -0.0051
   13.5     0.72   2.834  -0.0059
   13.5     0.72   2.874  -0.0066
   13.5     0.75   2.915  -0.0049
   13.6     0.77   2.956  -0.0057
   13.6     0.76   2.998  -0.0035
   13.8     0.77   3.040  -0.0052
   13.7     0.81   3.081  -0.0086
   13.7     0.79   3.122  -0.0092
   13.8     0.79   3.163  -0.0066
   13.9     0.80   3.205  -0.0061
   13.9     0.80   3.248  -0.0043
   14.0     0.82   3.292  -0.0026
   14.0     0.84   3.331  -0.0050
   14.1     0.84   3.372  -0.0050
   14.1     0.83   3.413  -0.0077
   14.1     0.82   3.452  -0.0062
   14.2     0.85   3.496  -0.0082
   14.3     0.84   3.539  -0.0099
   14.4     0.84   3.579  -0.0061
   14.4     0.89   3.621  -0.0077
   14.4     0.89   3.661  -0.0062
   14.6     0.91   3.701  -0.0050
   14.6     0.91   3.746  -0.0067
   14.7     0.94   3.787  -0.0042
   14.7     0.87   3.827  -0.0046
   14.8     0.95   3.867  -0.0075
   14.8     0.96   3.906  -0.0072
   15.0     0.96   3.947  -0.0044
   15.0     0.99   3.991  -0.0058
   15.2     1.01   4.030  -0.0059
   15.2     0.99   4.072  -0.0042
   15.2     0.99   4.113  -0.0067
   15.3     1.04   4.153  -0.0111
   15.4     1.05   4.194  -0.0102
   15.5     1.06   4.238  -0.0074
   15.6     1.09   4.279  -0.0074
   15.6     1.08   4.320  -0.0049
   15.8     1.06   4.361  -0.0055
   15.8     1.11   4.402  -0.0042
   15.8     1.10   4.445  -0.0072
   15.9     1.12   4.487  -0.0108
   16.0     1.12   4.528  -0.0092
   16.1     1.12   4.568  -0.0079
   16.2     1.16   4.610  -0.0080
   16.3     1.14   4.650  -0.0118
   16.4     1.20   4.692  -0.0083
   16.5     1.21   4.737  -0.0085
   16.6     1.24   4.779  -0.0092
   16.7     1.21   4.819  -0.0079
   16.8     1.19   4.860  -0.0097
   16.9     1.23   4.900  -0.0102
   16.9     1.27   4.942  -0.0111
   17.1     1.28   4.985  -0.0089
   17.1     1.29   5.026  -0.0038
   17.3     1.31   5.068  -0.0041
   17.3     1.34   5.109  -0.0047
   17.5     1.37   5.150  -0.0034
   17.6     1.33   5.191  -0.0104
   17.7     1.39   5.234  -0.0064
   17.8     1.38   5.277   0.0015
   18.0     1.44   5.317  -0.0010
   18.0     1.44   5.360   0.0011
   18.0     1.45   5.399   0.0038
   18.2     1.44   5.440   0.0025
   18.3     1.45   5.484   0.0015
   18.4     1.49   5.525  -0.0005
   18.6     1.48   5.566  -0.0044
   18.7     1.49   5.607  -0.0089
   18.8     1.52   5.648  -0.0086
   18.9     1.54   5.689  -0.0083
   18.9     1.54   5.732  -0.0027
   19.2     1.53   5.772  -0.0010
   19.3     1.58   5.812  -0.0013
   19.4     1.59   5.853  -0.0003
   19.5     1.60   5.893   0.0008
   19.6     1.63   5.935  -0.0016
   19.8     1.64   5.979  -0.0033
   20.0     1.66   6.018  -0.0080
   20.0     1.68   6.059  -0.0065
   20.2     1.70   6.101  -0.0025
   20.4     1.72   6.142  -0.0048
   20.5     1.74   6.185  -0.0079
   20.5     1.73   6.227  -0.0078
   20.8     1.75   6.269  -0.0069
   20.8     1.81   6.310  -0.0093
   21.0     1.81   6.349  -0.0065
   21.2     1.82   6.389  -0.0082
   21.3     1.88   6.432  -0.0078
   21.4     1.81   6.473  -0.0056
   21.6     1.89   6.517  -0.0051
   21.7     1.88   6.557  -0.0039
   21.9     1.88   6.598  -0.0058
   22.1     1.91   6.638  -0.0063
   22.1     1.93   6.682  -0.0075
   22.4     1.88   6.724  -0.0053
   22.5     1.91   6.767  -0.0033
   22.5     1.98   6.808  -0.0053
   22.7     1.95   6.849  -0.0083
   22.9     2.04   6.890  -0.0096
   23.1     2.03   6.930  -0.0074
   23.2     2.04   6.974  -0.0057
   23.4     2.05   7.014  -0.0036
   23.4     2.08   7.054  -0.0026
   23.6     2.08   7.097  -0.0001
   23.8     2.08   7.138   0.0001
   23.9     2.13   7.182  -0.0034
   24.2     2.16   7.224  -0.0032
   24.2     2.17   7.268  -0.0022
   24.4     2.21   7.310  -0.0049
   24.6     2.22   7.353  -0.0053
   24.8     2.24   7.394  -0.0095
   25.0     2.29   7.437  -0.0114
   25.3     2.34   7.480  -0.0165
   25.3     2.36   7.523  -0.0160
   25.4     2.33   7.565  -0.0124
   25.6     2.35   7.605  -0.0088
   25.9     2.41   7.647  -0.0082
   26.1     2.46   7.692  -0.0065
   26.1     2.45   7.734  -0.0064
   26.4     2.43   7.776  -0.0105
   26.5     2.50   7.818  -0.0067
   26.8     2.52   7.859  -0.0083
   26.8     2.54   7.899  -0.0048
   27.1     2.57   7.943  -0.0085
   27.3     2.59   7.985  -0.0082
   27.3     2.53   8.026  -0.0067
   27.5     2.53   8.067  -0.0080
   27.6     2.57   8.110  -0.0079
   27.9     2.58   8.154  -0.0147
   28.1     2.63   8.197  -0.0109
   28.2     2.61   8.240  -0.0050
   28.3     2.53   8.283  -0.0030
   28.5     2.54   8.325  -0.0004
   28.7     2.56   8.367   0.0017
   28.8     2.61   8.411   0.0056
   29.1     2.61   8.455   0.0054
   29.3     2.63   8.498   0.0048
   29.5     2.66   8.540   0.0027
   29.6     2.66   8.582   0.0031
   29.7     2.66   8.626   0.0015
   30.0     2.69   8.667   0.0009
   30.2     2.69   8.712  -0.0011
   30.3     2.74   8.753   0.0013
   30.5     2.70   8.795  -0.0010
   30.7     2.72   8.837   0.0020
   30.9     2.74   8.877   0.0030
   31.0     2.72   8.919  -0.0002
   31.3     2.74   8.961   0.0012
   31.4     2.78   9.003   0.0003
   31.5     2.76   9.043  -0.0004
   31.8     2.80   9.086   0.0021
   31.9     2.82   9.125  -0.0017
   32.1     2.86   9.169   0.0029
   32.2     2.85   9.213   0.0051
   32.6     2.88   9.255   0.0027
   32.7     2.88   9.297   0.0026
   32.9     2.91   9.339   0.0034
   33.2     2.95   9.420   0.0038
   33.4     2.96   9.463   0.0040
   33.6     2.98   9.503   0.0022
   33.8     2.95   9.544   0.0038
   33.9     2.96   9.656   0.0068
   34.5     2.99   9.700   0.0054
   34.7     2.99   9.741   0.0039
   34.8     2.99   9.783   0.0035
   35.0     3.01   9.823   0.0040
   35.2     3.01   9.865   0.0019
   35.4     3.05   9.908  -0.0015
   35.5     3.07   9.948   0.0024
   35.8     3.10   9.993  -0.0008
   36.0     3.14  10.033   0.0000
   36.2     3.10  10.074   0.0028
   36.3     3.11  10.118   0.0015
   36.5     3.09  10.161   0.0036
   36.8     3.13  10.203  -0.0010
   36.9     3.10  10.247  -0.0018
   37.2     3.14  10.287  -0.0008
   37.3     3.17  10.328  -0.0027
   37.5     3.15  10.371  -0.0051
   37.7     3.18  10.414  -0.0094
   37.9     3.22  10.457  -0.0100
   38.1     3.21  10.499  -0.0110
   38.4     3.21  10.541  -0.0075
   38.5     3.22  10.582  -0.0078
   38.7     3.24  10.623  -0.0089
   38.9     3.24  10.667  -0.0083
   39.1     3.27  10.711  -0.0066
   39.3     3.29  10.753  -0.0075
   39.5     3.27  10.796  -0.0090
   39.7     3.31  10.851  -0.0053
   40.0     3.33  10.894  -0.0088
   40.2     3.32  10.938  -0.0072
   40.3     3.30  10.980  -0.0070
   40.5     3.33  11.023  -0.0030
   40.6     3.37  11.068  -0.0076
   40.9     3.36  11.110  -0.0040
   41.2     3.33  11.154  -0.0035
   41.3     3.35  11.198  -0.0073
   41.5     3.38  11.243  -0.0055
   41.7     3.41  11.288  -0.0067
   42.0     3.42  11.335  -0.0067
   42.3     3.40  11.381  -0.0068
   42.5     3.41  11.428  -0.0045
   42.6     3.41  11.474  -0.0078
   42.8     3.42  11.520  -0.0078
   43.0     3.44  11.563  -0.0109
   43.2     3.45  11.605  -0.0125
   43.5     3.46  11.651  -0.0116
   43.7     3.46  11.693  -0.0095
   43.9     3.48  11.737  -0.0082
   44.0     3.45  11.778  -0.0104
   44.3     3.48  11.820  -0.0069
   44.4     3.45  11.862  -0.0063
   44.6     3.49  11.907  -0.0070
   44.8     3.48  11.949  -0.0096
   45.1     3.49  11.991  -0.0096
   45.2     3.50  12.033  -0.0102
   45.5     3.51  12.077  -0.0081
   45.7     3.51  12.122  -0.0107
   45.9     3.53  12.165  -0.0099
   46.1     3.53  12.206  -0.0056
   46.3     3.53  12.248  -0.0037
   46.5     3.54  12.290  -0.0063
   46.7     3.54  12.332  -0.0047
   46.9     3.55  12.373  -0.0078
   47.0     3.54  12.417  -0.0104
   47.2     3.54  12.459  -0.0136
   47.4     3.56  12.500  -0.0104
   47.6     3.54  12.544  -0.0122
   47.8     3.54  12.585  -0.0075
   48.0     3.56  12.627  -0.0054
   48.3     3.58  12.671  -0.0025
   48.5     3.62  12.713  -0.0060
   48.8     3.58  12.755  -0.0061
   48.9     3.59  12.796  -0.0034
   49.1     3.59  12.837  -0.0081
   49.2     3.58  12.879  -0.0093
   49.4     3.58  12.923  -0.0036
   49.6     3.53  12.962  -0.0032
   49.8     3.57  13.004  -0.0038
   50.0     3.54  13.045  -0.0063
   50.2     3.57  13.085  -0.0028
   50.4     3.61  13.130  -0.0010
   50.6     3.56  13.174  -0.0016
   50.9     3.59  13.215   0.0001
   51.1     3.56  13.258  -0.0037
   51.1     3.59  13.300  -0.0044
   51.4     3.58  13.342  -0.0024
   51.6     3.60  13.386  -0.0013
   51.8     3.60  13.427  -0.0059
   52.0     3.62  13.469  -0.0032
   52.2     3.64  13.511  -0.0009
   52.5     3.69  13.551   0.0029
   52.7     3.68  13.593   0.0030
   52.7     3.69  13.634   0.0024
   53.0     3.67  13.678   0.0036
   53.2     3.72  13.720   0.0020
   53.4     3.70  13.761  -0.0006
   53.6     3.73  13.802  -0.0059
   53.7     3.70  13.845   0.0040
   54.0     3.72  13.886   0.0018
   54.3     3.70  13.930   0.0013
   54.4     3.72  13.970   0.0026
   54.6     3.71  14.012   0.0008
   54.7     3.66  14.051  -0.0016
   55.0     3.73  14.094  -0.0018
   55.2     3.70  14.137  -0.0035
   55.3     3.73  14.179  -0.0014
   55.6     3.68  14.220  -0.0064
   55.8     3.67  14.263  -0.0004
   55.9     3.66  14.304  -0.0017
   56.1     3.64  14.345   0.0003
   56.3     3.67  14.387  -0.0077
   56.5     3.63  14.430  -0.0082
   56.7     3.65  14.471  -0.0084
   56.9     3.62  14.513  -0.0061
   57.1     3.65  14.552  -0.0065
   57.2     3.66  14.592  -0.0065
   57.5     3.66  14.635  -0.0033
   57.7     3.66  14.677  -0.0070
   57.9     3.65  14.718  -0.0051
   58.0     3.68  14.759  -0.0059
   58.2     3.67  14.799  -0.0033
   58.5     3.69  14.841  -0.0027
   58.7     3.66  14.887  -0.0052
   58.9     3.69  14.929  -0.0066
   59.1     3.75  14.971  -0.0079
   59.4     3.77  15.012  -0.0107
   59.5     3.79  15.053  -0.0170
   59.7     3.77  15.095  -0.0165
   59.8     3.76  15.138  -0.0157
   60.1     3.79  15.179  -0.0151
   60.4     3.82  15.221  -0.0111
   60.6     3.83  15.262  -0.0125
   60.7     3.82  15.303  -0.0119
   60.8     3.78  15.348  -0.0109
   61.1     3.77  15.389  -0.0147
   61.3     3.78  15.432  -0.0128
   61.5     3.80  15.475  -0.0130
   61.7     3.79  15.515  -0.0106
   61.9     3.80  15.557  -0.0137
   62.0     3.78  15.599  -0.0124
   62.3     3.77  15.640  -0.0100
   62.4     3.79  15.684  -0.0169
   62.7     3.81  15.723  -0.0188
   62.9     3.79  15.766  -0.0134
   63.0     3.78  15.808  -0.0064
   63.2     3.72  15.852  -0.0051
   63.4     3.70  15.896  -0.0018
   63.7     3.73  15.938   0.0016
   63.7     3.71  15.979   0.0048
   64.0     3.68  16.020   0.0033
   64.2     3.69  16.061   0.0010
   64.4     3.73  16.104  -0.0000
   64.6     3.72  16.147   0.0002
   64.8     3.73  16.187   0.0018
   64.9     3.76  16.228   0.0002
   65.1     3.72  16.270   0.0001
   65.3     3.71  16.310  -0.0024
   65.5     3.73  16.353   0.0022
   65.7     3.72  16.395   0.0034
   65.9     3.74  16.436  -0.0011
   66.2     3.72  16.478   0.0011
   66.3     3.76  16.519  -0.0018
   66.6     3.79  16.560  -0.0033
   66.7     3.72  16.605  -0.0048
   66.9     3.73  16.645  -0.0020
   67.2     3.73  16.687  -0.0048
   67.4     3.72  16.728  -0.0025
   67.5     3.75  16.768   0.0013
   67.6     3.71  16.811   0.0165
   67.8     3.72  16.855   0.0001
   68.1     3.70  16.895  -0.0009
   68.3     3.73  16.938  -0.0030
   68.6     3.69  16.980  -0.0036
   68.7     3.72  17.021   0.0025
   68.9     3.69  17.062   0.0024
   69.1     3.67  17.105  -0.0030
   69.2     3.69  17.147  -0.0023
   69.5     3.68  17.190  -0.0018
   69.7     3.67  17.232   0.0029
   69.9     3.69  17.273  -0.0009
   70.1     3.69  17.316  -0.0069
   70.3     3.70  17.359  -0.0034
   70.5     3.70  17.403  -0.0049
   70.7     3.70  17.445  -0.0008
   70.9     3.74  17.487  -0.0020
   71.0     3.66  17.528  -0.0020
   71.3     3.66  17.571  -0.0026
   71.5     3.69  17.613  -0.0020
   71.7     3.66  17.656  -0.0029
   71.8     3.69  17.697  -0.0028
   72.0     3.68  17.739  -0.0013
   72.3     3.67  17.780  -0.0032
   72.4     3.69  17.821  -0.0055
   72.7     3.69  17.865  -0.0012
   72.9     3.67  17.906  -0.0016
   73.0     3.67  17.948   0.0007
   73.3     3.66  17.990   0.0040
   73.4     3.66  18.032   0.0013
   73.6     3.68  18.074   0.0009
   73.7     3.68  18.118  -0.0027
   74.1     3.64  18.161   0.0011
   74.2     3.65  18.204   0.0030
   74.4     3.65  18.245   0.0010
   74.7     3.67  18.285   0.0023
   74.8     3.68  18.329   0.0038
   75.1     3.65  18.371   0.0037
   75.1     3.64  18.412   0.0020
   75.4     3.64  18.455   0.0003
   75.6     3.61  18.498   0.0019
   75.8     3.63  18.538  -0.0010
   76.0     3.63  18.582  -0.0026
   76.2     3.62  18.626   0.0004
   76.4     3.64  18.670  -0.0009
   76.7     3.65  18.712  -0.0022
   76.8     3.70  18.753  -0.0034
   77.0     3.63  18.796  -0.0037
   77.2     3.63  18.840  -0.0009
   77.3     3.63  18.883  -0.0004
   77.6     3.62  18.924  -0.0002
   77.8     3.64  18.965   0.0025
   78.0     3.63  19.007   0.0005
   78.2     3.61  19.049   0.0032
   78.4     3.60  19.091  -0.0005
   78.5     3.61  19.134  -0.0020
   78.8     3.60  19.179  -0.0052
   78.9     3.59  19.220  -0.0052
   79.2     3.61  19.262  -0.0062
   79.4     3.61  19.305  -0.0030
   79.6     3.61  19.348  -0.0028
   79.7     3.59  19.392  -0.0034
   80.0     3.59  19.433  -0.0037
   80.2     3.58  19.475  -0.0038
   80.4     3.55  19.517  -0.0052
   80.6     3.54  19.560  -0.0038
   80.8     3.56  19.603  -0.0077
   81.1     3.55  19.646  -0.0050
   81.2     3.56  19.687  -0.0051
   81.4     3.55  19.731  -0.0063
   81.6     3.54  19.773  -0.0049
   81.9     3.54  19.815  -0.0059
   82.0     3.55  19.857  -0.0090
   82.1     3.54  19.898  -0.0077
   82.3     3.51  19.939  -0.0083
   82.6     3.52  19.981  -0.0068
   82.8     3.51  20.024  -0.0071
   83.0     3.53  20.068  -0.0055
   83.2     3.52  20.112  -0.0028
   83.4     3.52  20.155  -0.0041
   83.6     3.55  20.196   0.0014
   83.8     3.52  20.238  -0.0006
   84.1     3.52  20.281  -0.0020
   84.2     3.52  20.325  -0.0041
   84.4     3.51  20.368  -0.0018
   84.6     3.52  20.411  -0.0037
   84.9     3.53  20.453  -0.0042
   85.0     3.49  20.493  -0.0042
   85.2     3.50  20.535  -0.0038
   85.3     3.48  20.579  -0.0038
   85.6     3.51  20.623  -0.0052
   85.9     3.47  20.667  -0.0043
   86.1     3.45  20.709  -0.0055
   86.3     3.44  20.751  -0.0032
   86.4     3.45  20.795  -0.0038
   86.7     3.46  20.837  -0.0024
   86.9     3.49  20.878  -0.0029
   87.1     3.48  20.921  -0.0013
   87.3     3.45  20.962   0.0002
   87.4     3.43  21.003  -0.0029
   87.6     3.41  21.049  -0.0029
   87.9     3.41  21.092  -0.0055
   88.0     3.39  21.134  -0.0010
   88.2     3.41  21.175  -0.0017
   88.4     3.41  21.216   0.0010
   88.6     3.42  21.259   0.0019
   88.9     3.41  21.301   0.0043
   89.1     3.40  21.346   0.0035
   89.2     3.39  21.389   0.0022
   89.4     3.37  21.430   0.0027
   89.7     3.39  21.471   0.0011
   89.9     3.40  21.514  -0.0012
   90.0     3.40  21.556   0.0015
   90.3     3.38  21.600   0.0005
   90.4     3.37  21.641   0.0007
   90.6     3.38  21.685  -0.0003
   90.8     3.37  21.727   0.0003
   91.1     3.38  21.769  -0.0003
   91.3     3.38  21.813   0.0005
   91.5     3.36  21.857  -0.0026
   91.6     3.35  21.899  -0.0071
   91.8     3.36  21.943  -0.0019
   92.0     3.36  21.984  -0.0063
   92.3     3.34  22.026  -0.0058
   92.5     3.34  22.069  -0.0066
   92.8     3.34  22.111  -0.0034
   92.9     3.34  22.153  -0.0057
   93.1     3.33  22.195  -0.0076
   93.3     3.33  22.237  -0.0072
   93.5     3.31  22.281  -0.0054
   93.6     3.33  22.326  -0.0037
   93.9     3.30  22.367  -0.0039
   94.1     3.26  22.410  -0.0023
   94.4     3.27  22.453  -0.0083
   94.5     3.28  22.497  -0.0071
   94.7     3.27  22.539  -0.0038
   94.9     3.27  22.581  -0.0065
   95.1     3.25  22.622  -0.0016
   95.3     3.26  22.664  -0.0047
   95.5     3.25  22.706  -0.0085
   95.7     3.24  22.751  -0.0049
   96.0     3.24  22.795  -0.0084
   96.2     3.26  22.838  -0.0040
   96.3     3.21  22.882  -0.0029
   96.4     3.21  22.923  -0.0029
   96.8     3.22  22.965  -0.0025
   96.9     3.21  23.009  -0.0056
   97.2     3.22  23.051  -0.0044
   97.3     3.20  23.094  -0.0038
   97.5     3.21  23.136  -0.0016
   97.8     3.18  23.177  -0.0025
   98.0     3.17  23.219  -0.0010
   98.2     3.18  23.262  -0.0040
   98.4     3.15  23.307   0.0004
   98.6     3.17  23.348  -0.0029
   98.8     3.19  23.390  -0.0028
   98.9     3.19  23.432   0.0013
   99.1     3.18  23.473   0.0002
   99.5     3.16  23.516  -0.0017
   99.5     3.18  23.559  -0.0013
   99.8     3.18  23.600   0.0023
  100.1     3.15  23.641   0.0014
  100.2     3.12  23.682   0.0005
  100.4     3.13  23.724  -0.0013
  100.6     3.12  23.768  -0.0019
  100.8     3.11  23.813  -0.0004
  100.9     3.11  23.854  -0.0010
  101.2     3.09  23.896  -0.0008
  101.4     3.10  23.937   0.0006
  101.6     3.10  23.979   0.0037
  101.8     3.08  24.021   0.0031
  101.9     3.04  24.066  -0.0018
  102.2     3.07  24.108  -0.0015
  102.4     3.04  24.149  -0.0003
  102.5     3.05  24.190  -0.0002
  102.7     3.04  24.232   0.0000
  103.0     3.03  24.277   0.0036
  103.2     3.05  24.317   0.0022
  103.5     3.02  24.362   0.0018
  103.6     3.02  24.406   0.0044
  103.9     3.02  24.446   0.0010
  103.9     3.05  24.490  -0.0002
  104.2     3.03  24.533   0.0027
  104.4     3.04  24.575   0.0012
  104.7     3.02  24.618  -0.0009
  104.9     3.00  24.662  -0.0011
  105.1     3.08  24.704  -0.0023
  105.3     3.11  24.749  -0.0074
  105.6     3.13  24.793  -0.0146
  105.7     3.08  24.836  -0.0154
  106.0     3.12  24.877  -0.0143
  106.2     3.08  24.918  -0.0131
  106.4     3.09  24.961  -0.0136
  106.6     3.05  25.007  -0.0130
  106.8     3.06  25.050  -0.0156
  107.1     3.02  25.094  -0.0155
  107.2     3.03  25.136  -0.0119
  107.3     3.02  25.178  -0.0143
  107.5     3.02  25.220  -0.0168
  107.8     3.01  25.265  -0.0161
  108.1     3.01  25.308  -0.0114
  108.2     2.93  25.350  -0.0044
  108.3     2.91  25.394  -0.0031
  108.6     2.88  25.436  -0.0026
  108.8     2.90  25.478  -0.0042
  109.0     2.92  25.523  -0.0015
  109.2     2.88  25.566  -0.0063
  109.3     2.91  25.609  -0.0006
  109.6     2.88  25.652  -0.0016
  109.8     2.87  25.694  -0.0034
  110.0     2.87  25.738  -0.0003
  110.2     2.87  25.781   0.0017
  110.4     2.89  25.822   0.0011
  110.6     2.88  25.867  -0.0005
  110.8     2.86  25.909  -0.0000
  111.0     2.87  25.951  -0.0021
  111.2     2.85  25.995  -0.0021
  111.4     2.85  26.040  -0.0035
  111.6     2.85  26.083  -0.0066
  112.0     2.83  26.125  -0.0080
  112.2     2.87  26.165  -0.0067
  112.2     2.82  26.208  -0.0038
  112.5     2.84  26.251  -0.0029
  112.7     2.84  26.291  -0.0045
  112.8     2.83  26.334  -0.0034
  113.1     2.83  26.376  -0.0046
  113.2     2.84  26.419  -0.0036
  113.5     2.84  26.461  -0.0037
  113.7     2.83  26.505  -0.0023
  113.9     2.83  26.548  -0.0033
  114.0     2.84  26.589  -0.0044
  114.3     2.83  26.631  -0.0043
  114.5     2.84  26.673  -0.0043
  114.7     2.82  26.716  -0.0039
  115.0     2.83  26.757  -0.0070
  115.1     2.80  26.802  -0.0088
  115.3     2.81  26.844  -0.0077
  115.6     2.73  26.887  -0.0069
  115.6     2.80  26.929  -0.0080
  115.8     2.77  26.972  -0.0049
  116.2     2.80  27.017  -0.0058
  116.3     2.79  27.060  -0.0073
  116.6     2.82  27.103  -0.0098
  116.7     2.80  27.146  -0.0067
  116.9     2.78  27.189  -0.0099
  117.1     2.81  27.232  -0.0108
  117.4     2.81  27.276  -0.0097
  117.5     2.80  27.320  -0.0109
  117.8     2.80  27.364  -0.0086
  117.9     2.80  27.407  -0.0126
  118.2     2.79  27.452  -0.0099
  118.5     2.81  27.497  -0.0080
  118.6     2.81  27.540  -0.0128
  118.9     2.79  27.583  -0.0116
  119.1     2.82  27.626  -0.0115
  119.3     2.81  27.669  -0.0083
  119.6     2.80  27.714  -0.0095
  119.7     2.82  27.760  -0.0107
  120.0     2.79  27.803  -0.0079
  120.2     2.80  27.848  -0.0079
  120.4     2.77  27.891  -0.0069
  120.5     2.79  27.938  -0.0074
  120.9     2.79  27.982  -0.0095
  121.1     2.75  28.024  -0.0082
  121.2     2.75  28.068  -0.0085
  121.4     2.74  28.112  -0.0108
  121.5     2.73  28.153  -0.0108
  121.8     2.73  28.197  -0.0113
  122.0     2.74  28.242  -0.0097
  122.3     2.74  28.285  -0.0114
  122.5     2.74  28.328  -0.0120
  122.6     2.77  28.370  -0.0083
  122.9     2.74  28.412  -0.0073
  123.1     2.74  28.456  -0.0061
  123.3     2.71  28.500  -0.0096
  123.6     2.69  28.543  -0.0143
  123.8     2.70  28.584  -0.0132
  123.8     2.69  28.625  -0.0170
  124.1     2.71  28.668  -0.0139
  124.4     2.71  28.712  -0.0075
  124.6     2.72  28.756  -0.0100
  124.7     2.71  28.798  -0.0050
  124.9     2.71  28.840  -0.0067
  125.1     2.72  28.883  -0.0106
  125.2     2.71  28.926  -0.0083
  125.6     2.71  28.969  -0.0095
  125.8     2.77  29.013  -0.0075
  125.9     2.74  29.058  -0.0097
  126.3     2.73  29.103  -0.0064
  126.3     2.69  29.148  -0.0059
  126.6     2.73  29.192  -0.0089
  126.8     2.73  29.238  -0.0067
  127.1     2.79  29.282  -0.0042
  127.3     2.76  29.327  -0.0072
  127.5     2.74  29.373  -0.0106
  127.7     2.75  29.416  -0.0172
  127.8     2.75  29.462  -0.0142
  128.1     2.77  29.506  -0.0140
  128.3     2.77  29.550  -0.0128
  128.5     2.76  29.595  -0.0080
  128.7     2.78  29.639  -0.0095
  129.0     2.76  29.684  -0.0184
  129.2     2.76  29.730  -0.0148
  129.4     2.76  29.773  -0.0151
  129.7     2.78  29.820  -0.0134
  129.9     2.80  29.866  -0.0134
  130.1     2.79  29.910  -0.0152
  130.3     2.79  29.955  -0.0159
  130.5     2.79  29.999  -0.0179
  130.8     2.79  30.043  -0.0174
  130.9     2.82  30.089  -0.0177
  131.2     2.85  30.134  -0.0152
  131.4     2.83  30.181  -0.0165
  131.6     2.83  30.226  -0.0153
  131.8     2.85  30.272  -0.0144
  132.1     2.84  30.318  -0.0159
  132.2     2.84  30.361  -0.0146
  132.5     2.84  30.406  -0.0139
  132.6     2.86  30.450  -0.0142
  132.9     2.85  30.493  -0.0119
  133.1     2.87  30.538  -0.0110
  133.3     2.88  30.582  -0.0150
  133.5     2.91  30.628  -0.0183
  133.8     2.92  30.671  -0.0182
  133.9     2.98  30.715  -0.0193
  134.2     2.94  30.759  -0.0198
  134.4     2.93  30.805  -0.0185
  134.6     2.97  30.851  -0.0189
  134.9     2.95  30.895  -0.0201
  135.1     2.95  30.939  -0.0221
  135.3     2.97  30.984  -0.0205
  135.4     2.96  31.027  -0.0193
  135.7     2.97  31.070  -0.0213
  135.9     2.98  31.110  -0.0225
  136.1     2.97  31.151  -0.0204
  136.3     2.99  31.196  -0.0204
  136.5     2.98  31.240  -0.0198
  136.7     2.94  31.283  -0.0206
  136.9     3.01  31.325  -0.0196
  137.2     3.02  31.368  -0.0187
  137.4     3.01  31.411  -0.0226
  137.6     3.04  31.456  -0.0194
  137.7     3.06  31.497  -0.0190
  138.0     3.04  31.539  -0.0200
  138.2     3.08  31.581  -0.0236
  138.4     3.09  31.622  -0.0256
  138.5     3.08  31.668  -0.0237
  138.8     3.07  31.710  -0.0215
  139.1     3.10  31.752  -0.0224
  139.2     3.11  31.794  -0.0206
  139.4     3.11  31.836  -0.0214
  139.6     3.12  31.878  -0.0198
  139.9     3.09  31.924  -0.0187
  140.1     3.13  31.966  -0.0153
  140.3     3.09  32.012  -0.0154
  140.5     3.08  32.054  -0.0149
  140.7     3.14  32.097  -0.0194
  140.9     3.16  32.140  -0.0213
  141.2     3.16  32.184  -0.0227
  141.3     3.18  32.227  -0.0231
  141.6     3.17  32.271  -0.0218
  141.8     3.19  32.313  -0.0196
  142.1     3.22  32.356  -0.0182
  142.2     3.24  32.400  -0.0177
  142.5     3.22  32.444  -0.0168
  142.7     3.22  32.488  -0.0170
  142.9     3.18  32.529  -0.0185
  143.0     3.24  32.573  -0.0203
  143.3     3.28  32.615  -0.0206
  143.5     3.28  32.657  -0.0217
  143.7     3.29  32.702  -0.0209
  143.9     3.29  32.744  -0.0227
  144.1     3.29  32.786  -0.0184
  144.4     3.26  32.830  -0.0205
  144.6     3.31  32.873  -0.0194
  144.8     3.33  32.917  -0.0212
  145.1     3.35  32.963  -0.0228
  145.2     3.31  33.004  -0.0201
  145.4     3.34  33.047  -0.0211
  145.6     3.35  33.090  -0.0186
  145.9     3.33  33.134  -0.0197
  146.1     3.35  33.179  -0.0169
  146.3     3.39  33.221  -0.0127
  146.5     3.38  33.263  -0.0159
  146.6     3.38  33.305  -0.0176
  146.9     3.41  33.347  -0.0182
  147.1     3.39  33.389  -0.0186
  147.4     3.39  33.436  -0.0153
  147.5     3.43  33.479  -0.0179
  147.8     3.44  33.521  -0.0194
  148.0     3.47  33.562  -0.0177
  148.3     3.48  33.603  -0.0211
  148.4     3.46  33.646  -0.0211
  148.6     3.46  33.692  -0.0188
  148.7     3.46  33.735  -0.0214
  149.1     3.48  33.777  -0.0199
  149.2     3.50  33.818  -0.0218
  149.5     3.51  33.861  -0.0194
  149.7     3.52  33.905  -0.0190
  149.9     3.54  33.947  -0.0188
  150.1     3.52  33.991  -0.0169
  150.4     3.51  34.035  -0.0149
  150.6     3.56  34.077  -0.0144
  150.8     3.57  34.119  -0.0130
  151.0     3.52  34.167  -0.0170
  151.2     3.56  34.212  -0.0173
  151.4     3.61  34.256  -0.0176
  151.7     3.60  34.298  -0.0176
  151.9     3.60  34.340  -0.0145
  152.0     3.62  34.383  -0.0174
  152.3     3.61  34.427  -0.0143
  152.5     3.63  34.471  -0.0126
  152.8     3.64  34.514  -0.0123
  152.9     3.64  34.556  -0.0146
  153.2     3.66  34.599  -0.0155
  153.3     3.68  34.641  -0.0156
  153.6     3.66  34.687  -0.0149
  153.8     3.68  34.730  -0.0171
  154.1     3.71  34.772  -0.0178
  154.2     3.70  34.815  -0.0173
  154.5     3.72  34.857  -0.0176
  154.7     3.69  34.901  -0.0190
  154.8     3.72  34.944  -0.0145
  155.1     3.70  34.986  -0.0139
  155.2     3.74  35.030  -0.0166
  155.5     3.73  35.071  -0.0169
  155.7     3.72  35.112  -0.0159
  155.9     3.78  35.159  -0.0186
  156.1     3.76  35.201  -0.0189
  156.3     3.77  35.244  -0.0177
  156.6     3.77  35.287  -0.0218
  156.7     3.79  35.328  -0.0204
  156.9     3.80  35.372  -0.0184
  157.2     3.82  35.417  -0.0187
  157.4     3.85  35.459  -0.0226
  157.6     3.81  35.500  -0.0209
  157.9     3.79  35.543  -0.0189
  158.0     3.83  35.584  -0.0197
  158.3     3.88  35.629  -0.0243
  158.6     3.94  35.671  -0.0352
  158.8     3.96  35.714  -0.0413
  158.9     3.98  35.757  -0.0356
  159.2     3.94  35.801  -0.0355
  159.4     3.94  35.844  -0.0371
  159.6     3.95  35.888  -0.0326
  159.8     3.94  35.929  -0.0338
  160.0     3.97  35.971  -0.0309
  160.2     3.96  36.014  -0.0304
  160.4     3.97  36.056  -0.0319
  160.8     3.98  36.099  -0.0331
  160.9     3.99  36.141  -0.0325
  161.2     4.00  36.186  -0.0321
  161.3     4.04  36.229  -0.0297
  161.6     4.02  36.272  -0.0321
  161.7     4.06  36.315  -0.0353
  162.0     4.06  36.359  -0.0324
  162.2     4.07  36.404  -0.0295
  162.4     3.98  36.448  -0.0238
  162.6     3.96  36.490  -0.0201
  162.8     3.93  36.533  -0.0154
  163.0     3.98  36.575  -0.0149
  163.1     3.98  36.617  -0.0131
  163.5     3.98  36.662  -0.0178
  163.6     3.99  36.703  -0.0190
  163.9     4.00  36.746  -0.0171
  164.0     3.99  36.787  -0.0204
  164.3     4.02  36.829  -0.0200
  164.6     4.03  36.876  -0.0182
  164.7     4.05  36.922  -0.0198
  164.9     4.05  36.965  -0.0163
  165.2     4.05  37.011  -0.0141
  165.4     4.04  37.054  -0.0152
  165.6     4.07  37.097  -0.0143
  165.8     4.05  37.143  -0.0146
  166.1     4.04  37.186  -0.0163
  166.2     4.04  37.229  -0.0116
  166.5     4.07  37.270  -0.0112
  166.6     4.06  37.313  -0.0133
  166.9     4.11  37.357  -0.0131
  167.1     4.12  37.401  -0.0085
  167.4     4.07  37.444  -0.0110
  167.5     4.09  37.487  -0.0102
  167.8     4.11  37.528  -0.0128
  168.1     4.11  37.569  -0.0126
  168.2     4.14  37.615  -0.0144
  168.4     4.10  37.658  -0.0160
  168.7     4.14  37.700  -0.0162
  168.8     4.15  37.743  -0.0154
  169.0     4.11  37.786  -0.0164
  169.2     4.14  37.830  -0.0151
  169.5     4.14  37.874  -0.0131
  169.6     4.15  37.918  -0.0134
  169.9     4.16  37.962  -0.0138
  170.2     4.16  38.005  -0.0124
  170.4     4.17  38.051  -0.0113
  170.6     4.19  38.095  -0.0124
  170.8     4.18  38.139  -0.0133
  171.0     4.19  38.182  -0.0134
  171.3     4.19  38.226  -0.0117
  171.4     4.18  38.272  -0.0149
  171.7     4.19  38.316  -0.0134
  171.9     4.20  38.358  -0.0145
  172.2     4.23  38.404  -0.0146
  172.4     4.20  38.448  -0.0170
  172.7     4.21  38.493  -0.0164
  172.8     4.23  38.537  -0.0169
  173.0     4.20  38.581  -0.0144
  173.2     4.24  38.627  -0.0155
  173.5     4.24  38.670  -0.0146
  173.7     4.16  38.713  -0.0154
  173.9     4.23  38.756  -0.0152
  174.1     4.20  38.798  -0.0140
  174.3     4.28  38.843  -0.0155
  174.6     4.25  38.889  -0.0141
  174.8     4.24  38.930  -0.0164
  175.0     4.25  38.974  -0.0142
  175.2     4.25  39.017  -0.0133
  175.5     4.25  39.059  -0.0142
  175.7     4.29  39.104  -0.0150
  175.9     4.28  39.146  -0.0138
  176.1     4.30  39.189  -0.0142
  176.4     4.26  39.232  -0.0121
  176.5     4.29  39.274  -0.0120
  176.7     4.29  39.318  -0.0099
  177.0     4.30  39.363  -0.0099
  177.1     4.32  39.407  -0.0114
  177.4     4.33  39.450  -0.0077
  177.6     4.32  39.493  -0.0069
  177.8     4.30  39.537  -0.0074
  178.0     4.32  39.581  -0.0103
  178.4     4.34  39.625  -0.0105
  178.5     4.33  39.668  -0.0103
  178.7     4.35  39.710  -0.0114
  178.9     4.31  39.754  -0.0128
  179.1     4.33  39.797  -0.0124
  179.4     4.34  39.839  -0.0138
  179.6     4.36  39.883  -0.0150
  179.9     4.34  39.924  -0.0128
  180.0     4.38  39.965  -0.0096
  180.2     4.35  40.009  -0.0118
  180.5     4.36  40.051  -0.0129
  180.7     4.38  40.096  -0.0132
  180.9     4.37  40.141  -0.0147
  181.2     4.38  40.188  -0.0112
  181.3     4.38  40.232  -0.0113
  181.6     4.36  40.275  -0.0150
  181.8     4.38  40.318  -0.0122
  182.0     4.35  40.365  -0.0123
  182.2     4.41  40.409  -0.0126
  182.5     4.38  40.451  -0.0157
  182.7     4.39  40.494  -0.0157
  182.9     4.39  40.537  -0.0144
  183.1     4.39  40.581  -0.0132
  183.3     4.39  40.625  -0.0129
  183.5     4.38  40.666  -0.0152
  183.8     4.39  40.709  -0.0187
  184.0     4.40  40.751  -0.0170
  184.1     4.38  40.792  -0.0167
  184.3     4.38  40.839  -0.0159
  184.6     4.39  40.883  -0.0129
  184.7     4.39  40.926  -0.0158
  185.1     4.40  40.970  -0.0178
  185.3     4.41  41.010  -0.0188
  185.5     4.39  41.057  -0.0212
  185.7     4.39  41.103  -0.0186
  186.0     4.40  41.145  -0.0191
  186.1     4.44  41.188  -0.0219
  186.3     4.42  41.230  -0.0207
  186.6     4.40  41.274  -0.0228
  186.8     4.44  41.318  -0.0209
  187.1     4.42  41.361  -0.0210
  187.3     4.38  41.404  -0.0212
  187.4     4.43  41.446  -0.0192
  187.6     4.41  41.487  -0.0184
  187.9     4.40  41.531  -0.0176
  188.1     4.40  41.575  -0.0202
  188.3     4.41  41.617  -0.0189
  188.4     4.40  41.662  -0.0203
  188.8     4.41  41.702  -0.0177
  189.0     4.39  41.744  -0.0175
  189.3     4.41  41.787  -0.0154
  189.3     4.41  41.834  -0.0173
  189.7     4.41  41.884  -0.0184
  189.9     4.38  41.926  -0.0210
  190.1     4.44  41.973  -0.0219
  190.4     4.42  42.015  -0.0183
  190.5     4.43  42.058  -0.0173
  190.7     4.43  42.102  -0.0186
  191.1     4.41  42.145  -0.0191
  191.2     4.43  42.187  -0.0171
  191.5     4.42  42.230  -0.0214
  191.7     4.42  42.274  -0.0212
  191.9     4.43  42.319  -0.0210
  192.1     4.46  42.363  -0.0197
  192.3     4.44  42.407  -0.0187
  192.5     4.50  42.450  -0.0175
  192.8     4.47  42.491  -0.0200
  193.0     4.45  42.534  -0.0209
  193.2     4.47  42.580  -0.0206
  193.5     4.46  42.621  -0.0221
  193.7     4.47  42.663  -0.0186
  193.9     4.50  42.704  -0.0205
  194.1     4.48  42.745  -0.0238
  194.3     4.49  42.788  -0.0222
  194.5     4.48  42.833  -0.0214
  194.7     4.48  42.874  -0.0200
  195.0     4.47  42.917  -0.0223
  195.2     4.49  42.960  -0.0168
  195.5     4.46  43.003  -0.0151
  195.6     4.47  43.047  -0.0153
  195.9     4.50  43.092  -0.0173
  196.2     4.49  43.135  -0.0149
  196.4     4.48  43.178  -0.0189
  196.6     4.53  43.220  -0.0199
  196.8     4.48  43.263  -0.0166
  197.0     4.52  43.308  -0.0160
  197.3     4.50  43.351  -0.0183
  197.4     4.51  43.395  -0.0180
  197.7     4.49  43.438  -0.0207
  197.9     4.51  43.482  -0.0211
  198.2     4.50  43.526  -0.0217
  198.5     4.52  43.568  -0.0184
  198.5     4.50  43.611  -0.0203
  198.9     4.54  43.653  -0.0222
  199.0     4.52  43.698  -0.0240
  199.2     4.54  43.741  -0.0232
  199.5     4.51  43.784  -0.0208
  199.7     4.49  43.829  -0.0233
  199.9     4.53  43.873  -0.0232
  200.3     4.48  43.915  -0.0183
  200.4     4.48  43.957  -0.0149
  200.6     4.51  44.001  -0.0127
  200.8     4.52  44.046  -0.0127
  201.1     4.49  44.088  -0.0160
  201.2     4.51  44.131  -0.0175
  201.5     4.51  44.174  -0.0196
  201.6     4.51  44.219  -0.0184
  202.0     4.57  44.261  -0.0143
  202.1     4.52  44.306  -0.0162
  202.4     4.52  44.349  -0.0171
  202.5     4.52  44.392  -0.0209
  202.8     4.54  44.436  -0.0209
  203.1     4.52  44.478  -0.0171
  203.2     4.54  44.522  -0.0200
  203.5     4.50  44.569  -0.0187
  203.7     4.50  44.610  -0.0202
  203.8     4.52  44.654  -0.0214
  204.0     4.52  44.696  -0.0226
  204.3     4.48  44.740  -0.0249
  204.5     4.52  44.786  -0.0241
  204.8     4.53  44.829  -0.0167
  204.9     4.50  44.873  -0.0185
  205.2     4.49  44.917  -0.0237
  205.5     4.53  44.959  -0.0263
  205.7     4.56  45.003  -0.0296
  205.9     4.55  45.046  -0.0263
  206.0     4.57  45.089  -0.0269
  206.3     4.54  45.132  -0.0258
  206.5     4.54  45.175  -0.0237
  206.8     4.55  45.220  -0.0226
  207.0     4.54  45.263  -0.0238
  207.2     4.53  45.306  -0.0238
  207.4     4.55  45.350  -0.0250
  207.6     4.56  45.393  -0.0251
  207.8     4.56  45.435  -0.0270
  208.1     4.53  45.478  -0.0275
  208.3     4.55  45.522  -0.0238
  208.5     4.55  45.568  -0.0242
  208.6     4.53  45.611  -0.0235
  208.9     4.55  45.654  -0.0231
  209.2     4.54  45.697  -0.0237
  209.3     4.51  45.742  -0.0247
  209.6     4.49  45.787  -0.0241
  209.9     4.56  45.831  -0.0215
  210.0     4.53  45.873  -0.0207
  210.4     4.62  45.917  -0.0153
  210.5     4.57  45.964  -0.0195
  210.7     4.59  46.009  -0.0198
  210.9     4.60  46.055  -0.0196
  211.2     4.55  46.098  -0.0203
  211.4     4.59  46.142  -0.0205
  211.7     4.60  46.185  -0.0215
  211.9     4.63  46.226  -0.0209
  212.1     4.64  46.270  -0.0180
  212.3     4.66  46.315  -0.0201
  212.6     4.67  46.359  -0.0208
  212.9     4.66  46.402  -0.0177
  213.0     4.63  46.444  -0.0156
  213.2     4.63  46.486  -0.0176
  213.4     4.64  46.531  -0.0168
  213.6     4.63  46.573  -0.0184
  213.9     4.63  46.616  -0.0190
  214.0     4.64  46.659  -0.0182
  214.3     4.64  46.702  -0.0207
  214.6     4.61  46.747  -0.0190
  214.8     4.68  46.791  -0.0180
  215.0     4.65  46.835  -0.0180
  215.2     4.63  46.879  -0.0173
  215.4     4.65  46.922  -0.0168
  215.7     4.65  46.963  -0.0127
  215.8     4.65  47.010  -0.0171
  216.1     4.66  47.053  -0.0194
  216.2     4.64  47.096  -0.0186
  216.5     4.67  47.137  -0.0195
  216.7     4.68  47.180  -0.0175
  217.0     4.68  47.222  -0.0204
  217.1     4.72  47.267  -0.0180
  217.4     4.68  47.311  -0.0204
  217.5     4.64  47.352  -0.0211
  217.8     4.68  47.394  -0.0210
  218.0     4.64  47.436  -0.0232
  218.2     4.66  47.479  -0.0244
  218.4     4.66  47.522  -0.0234
  218.6     4.67  47.567  -0.0240
  218.9     4.70  47.609  -0.0219
  219.1     4.68  47.652  -0.0222
  219.3     4.71  47.695  -0.0225
  219.5     4.75  47.737  -0.0258
  219.7     4.71  47.782  -0.0237
  219.9     4.71  47.825  -0.0207
  220.3     4.71  47.868  -0.0226
  220.4     4.72  47.911  -0.0236
  220.6     4.70  47.953  -0.0234
  220.8     4.72  47.998  -0.0215
  221.1     4.72  48.043  -0.0196
  221.2     4.75  48.085  -0.0201
  221.5     4.72  48.129  -0.0201
  221.8     4.72  48.173  -0.0206
  222.0     4.77  48.215  -0.0197
  222.2     4.75  48.261  -0.0196
  222.4     4.76  48.303  -0.0209
  222.6     4.73  48.344  -0.0222
  222.8     4.73  48.386  -0.0240
  223.1     4.74  48.426  -0.0242
  223.3     4.74  48.471  -0.0245
  223.5     4.76  48.517  -0.0237
  223.7     4.77  48.564  -0.0239
  224.0     4.82  48.609  -0.0203
  224.1     4.75  48.650  -0.0192
  224.4     4.78  48.693  -0.0200
  224.6     4.78  48.737  -0.0212
  224.9     4.79  48.780  -0.0203
  225.1     4.81  48.825  -0.0256
  225.3     4.82  48.870  -0.0243
  225.6     4.88  48.913  -0.0290
  225.9     4.96  48.957  -0.0316
  226.0     4.94  49.001  -0.0348
  226.3     4.92  49.046  -0.0346
  226.5     4.92  49.089  -0.0336
  226.7     4.95  49.133  -0.0336
  226.9     4.94  49.174  -0.0360
  227.2     4.95  49.218  -0.0352
  227.5     4.96  49.262  -0.0317
  227.6     4.97  49.306  -0.0327
  227.8     4.98  49.347  -0.0346
  228.1     4.95  49.391  -0.0376
  228.3     4.97  49.435  -0.0388
  228.5     4.98  49.477  -0.0330
  228.9     4.99  49.523  -0.0340
  228.9     4.94  49.568  -0.0338
  229.2     4.99  49.610  -0.0378
  229.3     4.98  49.652  -0.0350
  229.6     4.99  49.695  -0.0318
  229.9     5.00  49.740  -0.0343
  230.0     4.98  49.784  -0.0289
  230.4     5.05  49.825  -0.0282
  230.5     4.98  49.868  -0.0308
  230.7     4.93  49.911  -0.0313
  230.8     4.99  49.953  -0.0339
  231.2     5.04  49.996  -0.0346
  231.4     4.99  50.040  -0.0376
  231.6     4.97  50.084  -0.0394
  231.9     5.01  50.128  -0.0365
  232.0     4.94  50.170  -0.0319
  232.2     4.92  50.215  -0.0253
  232.4     4.91  50.261  -0.0258
  232.6     4.92  50.304  -0.0228
  232.8     4.90  50.347  -0.0224
  233.0     4.94  50.390  -0.0230
  233.3     4.96  50.432  -0.0199
  233.4     4.94  50.476  -0.0215
  233.7     4.92  50.519  -0.0205
  233.9     4.94  50.562  -0.0199
  234.1     4.93  50.605  -0.0187
  234.4     4.94  50.646  -0.0226
  234.6     4.98  50.690  -0.0253
  234.8     5.00  50.734  -0.0243
  235.1     4.99  50.778  -0.0231
  235.2     4.98  50.823  -0.0291
  235.6     5.01  50.866  -0.0244
  235.7     5.00  50.908  -0.0248
  236.0     5.05  50.952  -0.0269
  236.3     5.05  50.996  -0.0254
  236.4     4.99  51.041  -0.0225
  236.7     5.00  51.081  -0.0217
  236.9     5.05  51.125  -0.0223
  237.1     5.03  51.167  -0.0230
  237.3     5.01  51.210  -0.0245
  237.6     5.05  51.255  -0.0247
  237.7     5.02  51.299  -0.0228
  238.0     5.02  51.342  -0.0219
  238.3     5.00  51.385  -0.0220
  238.3     5.00  51.428  -0.0218
  238.7     5.02  51.472  -0.0227
  238.9     5.02  51.515  -0.0234
  239.2     5.04  51.558  -0.0226
  239.3     5.04  51.603  -0.0235
  239.6     5.04  51.647  -0.0216
  239.8     5.05  51.691  -0.0240
  240.0     5.05  51.736  -0.0243
  240.3     5.07  51.779  -0.0260
  240.6     5.05  51.822  -0.0272
  240.7     5.08  51.865  -0.0267
  241.1     5.08  51.908  -0.0271
  241.2     5.11  51.953  -0.0278
  241.4     5.09  51.999  -0.0276
  241.7     5.11  52.043  -0.0274
  241.8     5.13  52.086  -0.0260
  242.2     5.11  52.128  -0.0273
  242.3     5.11  52.172  -0.0223
  242.5     5.13  52.216  -0.0227
  242.8     5.12  52.259  -0.0222
  242.9     5.11  52.302  -0.0202
  243.2     5.11  52.346  -0.0202
  243.5     5.14  52.389  -0.0207
  243.7     5.15  52.434  -0.0225
  244.0     5.11  52.478  -0.0232
  244.1     5.12  52.522  -0.0241
  244.4     5.14  52.565  -0.0255
  244.6     5.10  52.608  -0.0292
  244.8     5.13  52.650  -0.0287
  245.1     5.18  52.696  -0.0274
  245.3     5.14  52.739  -0.0273
  245.5     5.17  52.782  -0.0289
  245.7     5.15  52.825  -0.0303
  245.9     5.15  52.868  -0.0301
  246.1     5.12  52.910  -0.0285
  246.3     5.15  52.957  -0.0277
  246.6     5.17  53.004  -0.0277
  246.9     5.16  53.047  -0.0253
  247.0     5.17  53.090  -0.0313
  247.2     5.18  53.134  -0.0308
  247.5     5.16  53.182  -0.0291
  247.8     5.19  53.223  -0.0325
  248.0     5.15  53.270  -0.0285
  248.3     5.16  53.313  -0.0297
  248.3     5.18  53.358  -0.0330
  248.7     5.19  53.403  -0.0341
  248.9     5.16  53.448  -0.0312
  249.1     5.19  53.495  -0.0349
  249.3     5.18  53.538  -0.0325
  249.6     5.21  53.581  -0.0306
  249.9     5.19  53.623  -0.0331
  250.0     5.18  53.667  -0.0356
  250.2     5.17  53.713  -0.0336
  250.4     5.18  53.756  -0.0336
  250.7     5.20  53.800  -0.0355
  250.9     5.19  53.843  -0.0359
  251.1     5.21  53.886  -0.0377
  251.3     5.19  53.932  -0.0390
  251.6     5.19  53.978  -0.0333
  251.8     5.21  54.021  -0.0340
  252.0     5.20  54.064  -0.0348
  252.2     5.20  54.105  -0.0319
  252.3     5.23  54.149  -0.0356
  252.6     5.20  54.195  -0.0362
  252.9     5.20  54.240  -0.0385
  253.0     5.20  54.283  -0.0393
  253.2     5.19  54.326  -0.0377
  253.4     5.20  54.366  -0.0355
  253.7     5.20  54.412  -0.0395
  253.9     5.21  54.455  -0.0394
  254.0     5.21  54.499  -0.0389
  254.3     5.20  54.542  -0.0372
  254.4     5.23  54.585  -0.0400
  254.7     5.21  54.627  -0.0398
  254.9     5.20  54.675  -0.0398
  255.2     5.23  54.720  -0.0400
  255.4     5.23  54.762  -0.0422
  255.7     5.24  54.806  -0.0436
  255.9     5.24  54.848  -0.0449
  256.1     5.24  54.891  -0.0454
  256.3     5.26  54.936  -0.0436
  256.4     5.23  54.981  -0.0464
  256.7     5.24  55.024  -0.0477
  256.9     5.26  55.067  -0.0460
  257.1     5.24  55.110  -0.0472
  257.3     5.24  55.152  -0.0440
  257.6     5.25  55.196  -0.0420
  257.6     5.25  55.241  -0.0455
  257.9     5.24  55.283  -0.0453
  258.3     5.26  55.327  -0.0400
  258.4     5.27  55.371  -0.0440
  258.6     5.22  55.416  -0.0447
  258.8     5.24  55.459  -0.0463
  259.0     5.26  55.503  -0.0453
  259.4     5.27  55.548  -0.0451
  259.5     5.25  55.590  -0.0460
  259.7     5.26  55.634  -0.0498
  259.9     5.28  55.679  -0.0481
  260.1     5.26  55.723  -0.0483
  260.3     5.27  55.765  -0.0494
  260.6     5.27  55.810  -0.0490
  260.8     5.29  55.852  -0.0507
  261.1     5.29  55.897  -0.0493
  261.2     5.26  55.942  -0.0488
  261.4     5.27  55.983  -0.0514
  261.7     5.29  56.027  -0.0488
  262.0     5.32  56.070  -0.0470
  262.1     5.32  56.116  -0.0499
  262.3     5.30  56.162  -0.0512
  262.5     5.35  56.206  -0.0486
  262.7     5.31  56.248  -0.0481
  263.0     5.33  56.291  -0.0469
  263.2     5.31  56.333  -0.0460
  263.4     5.33  56.377  -0.0483
  263.7     5.33  56.422  -0.0489
  263.9     5.34  56.465  -0.0521
  264.1     5.34  56.508  -0.0524
  264.3     5.33  56.552  -0.0501
  264.7     5.45  56.596  -0.0500
  264.8     5.35  56.639  -0.0499
  265.0     5.34  56.685  -0.0504
  265.2     5.35  56.729  -0.0542
  265.3     5.34  56.770  -0.0517
  265.7     5.35  56.815  -0.0508
  265.8     5.36  56.859  -0.0513
  266.1     5.32  56.903  -0.0522
  266.3     5.34  56.949  -0.0513
  266.5     5.34  56.992  -0.0524
  266.9     5.34  57.037  -0.0544
  267.0     5.36  57.080  -0.0526
  267.3     5.36  57.121  -0.0493
  267.5     5.33  57.166  -0.0531
  267.7     5.35  57.210  -0.0502
  268.0     5.38  57.253  -0.0550
  268.2     5.37  57.298  -0.0560
  268.4     5.36  57.339  -0.0565
  268.7     5.35  57.384  -0.0554
  268.8     5.38  57.431  -0.0564
  269.0     5.37  57.473  -0.0569
  269.3     5.38  57.518  -0.0594
  269.5     5.40  57.560  -0.0570
  269.7     5.38  57.602  -0.0587
  269.9     5.37  57.646  -0.0555
  270.1     5.36  57.691  -0.0587
  270.4     5.36  57.733  -0.0595
  270.7     5.37  57.777  -0.0575
  270.9     5.38  57.820  -0.0594
  271.0     5.39  57.864  -0.0601
  271.2     5.36  57.910  -0.0581
  271.6     5.36  57.954  -0.0589
  271.7     5.38  57.997  -0.0587
  272.0     5.36  58.041  -0.0618
  272.2     5.36  58.085  -0.0608
  272.4     5.39  58.129  -0.0627
  272.7     5.38  58.174  -0.0610
  272.8     5.36  58.218  -0.0644
  273.1     5.37  58.261  -0.0611
  273.3     5.35  58.304  -0.0629
  273.5     5.36  58.348  -0.0596
  273.7     5.35  58.392  -0.0642
  274.0     5.38  58.437  -0.0642
  274.1     5.36  58.482  -0.0657
  274.5     5.35  58.525  -0.0686
  274.7     5.35  58.569  -0.0633
  275.0     5.41  58.613  -0.0626
  275.1     5.36  58.657  -0.0640
  275.3     5.38  58.700  -0.0626
  275.6     5.39  58.741  -0.0621
  275.8     5.40  58.785  -0.0627
  276.1     5.41  58.827  -0.0633
  276.2     5.42  58.871  -0.0646
  276.5     5.37  58.917  -0.0636
  276.8     5.39  58.962  -0.0637
  276.9     5.34  59.006  -0.0583
  277.1     5.32  59.050  -0.0614
  277.4     5.37  59.092  -0.0561
  277.7     5.38  59.139  -0.0614
  277.8     5.35  59.183  -0.0631
  278.1     5.36  59.226  -0.0632
  278.3     5.38  59.270  -0.0608
  278.4     5.35  59.313  -0.0650
  278.8     5.36  59.358  -0.0577
  279.0     5.33  59.404  -0.0615
  279.2     5.32  59.447  -0.0619
  279.4     5.34  59.492  -0.0644
  279.6     5.34  59.535  -0.0648
  279.8     5.32  59.577  -0.0644
  280.2     5.32  59.623  -0.0639
  280.3     5.30  59.668  -0.0659
  280.6     5.31  59.711  -0.0645
  280.8     5.35  59.753  -0.0652
  280.9     5.29  59.797  -0.0677
  281.2     5.31  59.841  -0.0679
  281.5     5.29  59.887  -0.0708
  281.6     5.30  59.932  -0.0740
  282.0     5.29  59.977  -0.0736
  282.2     5.37  60.019  -0.0735
  282.5     5.36  60.064  -0.0777
  282.7     5.39  60.109  -0.0826
  282.8     5.39  60.154  -0.0790
  283.1     5.38  60.197  -0.0789
  283.4     5.39  60.240  -0.0767
  283.6     5.38  60.285  -0.0802
  283.8     5.40  60.327  -0.0808
  284.0     5.36  60.372  -0.0830
  284.2     5.31  60.417  -0.0788
  284.5     5.38  60.462  -0.0808
  284.6     5.41  60.506  -0.0767
  284.9     5.39  60.548  -0.0802
  285.0     5.34  60.592  -0.0827
  285.4     5.39  60.636  -0.0854
  285.5     5.43  60.680  -0.0822
  285.7     5.35  60.722  -0.0740
  286.0     5.31  60.766  -0.0722
  286.0     5.23  60.809  -0.0708
  286.3     5.29  60.852  -0.0723
  286.5     5.23  60.896  -0.0715
  286.8     5.22  60.940  -0.0711
  287.0     5.24  60.985  -0.0730
  287.2     5.22  61.027  -0.0744
  287.5     5.24  61.069  -0.0724
  287.6     5.25  61.113  -0.0738
  287.8     5.24  61.156  -0.0724
  288.1     5.27  61.198  -0.0678
  288.4     5.25  61.243  -0.0699
  288.5     5.24  61.285  -0.0679
  288.7     5.23  61.327  -0.0659
  288.9     5.20  61.375  -0.0667
  289.2     5.21  61.418  -0.0722
  289.4     5.22  61.463  -0.0714
  289.6     5.21  61.507  -0.0688
  289.8     5.22  61.549  -0.0691
  290.1     5.19  61.594  -0.0700
  290.3     5.21  61.637  -0.0710
  290.6     5.22  61.680  -0.0775
  290.9     5.22  61.723  -0.0738
  291.0     5.21  61.766  -0.0739
  291.3     5.19  61.810  -0.0726
  291.4     5.20  61.858  -0.0696
  291.6     5.18  61.903  -0.0719
  291.9     5.18  61.946  -0.0740
  292.1     5.20  61.989  -0.0722
  292.3     5.18  62.033  -0.0747
  292.5     5.22  62.079  -0.0771
  292.7     5.19  62.123  -0.0748
  293.0     5.17  62.168  -0.0712
  293.3     5.20  62.212  -0.0725
  293.3     5.17  62.257  -0.0756
  293.7     5.20  62.302  -0.0751
  293.9     5.20  62.346  -0.0737
  294.1     5.17  62.392  -0.0726
  294.5     5.19  62.437  -0.0708
  294.6     5.19  62.482  -0.0692
  294.8     5.15  62.526  -0.0712
  295.1     5.16  62.570  -0.0702
  295.4     5.18  62.612  -0.0715
  295.5     5.15  62.657  -0.0699
  295.7     5.17  62.700  -0.0685
  296.0     5.14  62.743  -0.0723
  296.1     5.13  62.787  -0.0742
  296.5     5.13  62.831  -0.0705
  296.5     5.16  62.875  -0.0713
  296.9     5.16  62.921  -0.0719
  297.1     5.16  62.966  -0.0732
  297.3     5.15  63.009  -0.0750
  297.5     5.12  63.053  -0.0721
  297.9     5.15  63.098  -0.0744
  298.0     5.14  63.142  -0.0749
  298.2     5.16  63.185  -0.0751
  298.4     5.14  63.230  -0.0755
  298.7     5.16  63.272  -0.0792
  298.8     5.13  63.317  -0.0767
  299.2     5.12  63.365  -0.0792
  299.4     5.16  63.408  -0.0797
  299.6     5.13  63.455  -0.0789
  299.9     5.10  63.498  -0.0783
  299.9     5.11  63.543  -0.0775
  300.4     5.10  63.591  -0.0754
  300.5     5.09  63.633  -0.0801
  300.7     5.10  63.677  -0.0788
  301.0     5.06  63.723  -0.0802
  301.1     5.09  63.770  -0.0788
  301.5     5.06  63.817  -0.0809
  301.6     5.03  63.859  -0.0838
  301.9     5.07  63.905  -0.0849
  302.0     5.05  63.949  -0.0891
  302.4     5.05  63.993  -0.0894
  302.5     5.05  64.038  -0.0860
  302.7     5.02  64.084  -0.0822
  303.1     5.05  64.128  -0.0849
  303.1     5.04  64.175  -0.0825
  303.4     5.01  64.223  -0.0848
  303.6     5.01  64.268  -0.0833
  303.9     5.03  64.313  -0.0846
  304.1     4.99  64.359  -0.0828
  304.4     5.01  64.404  -0.0824
  304.6     4.99  64.449  -0.0853
  304.9     4.98  64.494  -0.0829
  305.0     5.01  64.537  -0.0822
  305.3     4.97  64.584  -0.0830
  305.5     4.98  64.629  -0.0835
  305.8     4.97  64.674  -0.0837
  306.0     4.97  64.718  -0.0815
  306.2     4.98  64.763  -0.0837
  306.5     4.96  64.808  -0.0844
  306.6     4.95  64.856  -0.0837
  307.0     4.96  64.899  -0.0840
  307.1     4.94  64.943  -0.0831
  307.2     4.94  64.986  -0.0840
  307.5     4.91  65.028  -0.0852
  307.7     4.94  65.075  -0.0830
  308.0     4.95  65.115  -0.0843
  308.2     4.90  65.161  -0.0871
  308.5     4.93  65.205  -0.0868
  308.6     4.90  65.248  -0.0856
  308.9     4.91  65.293  -0.0875
  309.1     4.90  65.339  -0.0866
  309.2     4.88  65.384  -0.0903
  309.6     4.91  65.428  -0.0881
  309.9     4.89  65.470  -0.0872
  310.0     4.87  65.514  -0.0892
  310.2     4.88  65.561  -0.0874
  310.4     4.87  65.605  -0.0908
  310.5     4.89  65.651  -0.0865
  310.7     4.89  65.694  -0.0844
  311.0     4.84  65.739  -0.0871
  311.4     4.82  65.784  -0.0869
  311.6     4.84  65.829  -0.0883
  311.8     4.87  65.874  -0.0860
  312.1     4.88  65.918  -0.0865
  312.2     4.86  65.962  -0.0890
  312.4     4.83  66.004  -0.0870
  312.6     4.82  66.048  -0.0896
  312.9     4.85  66.093  -0.0874
  313.1     4.83  66.137  -0.0909
  313.3     4.82  66.180  -0.0917
  313.6     4.83  66.223  -0.0899
  313.8     4.81  66.266  -0.0916
  314.0     4.80  66.310  -0.0923
  314.2     4.83  66.355  -0.0902
  314.4     4.80  66.399  -0.0920
  314.7     4.80  66.442  -0.0926
  314.8     4.82  66.484  -0.0930
  315.1     4.80  66.529  -0.0942
  315.3     4.82  66.575  -0.0927
  315.5     4.80  66.619  -0.0927
  315.7     4.76  66.663  -0.0961
  316.0     4.77  66.706  -0.0918
  316.3     4.77  66.748  -0.0910
  316.4     4.77  66.793  -0.0977
  316.6     4.75  66.838  -0.0966
  316.9     4.77  66.881  -0.1026
  317.2     4.83  66.924  -0.1040
  317.5     4.86  66.967  -0.1075
  317.6     4.88  67.011  -0.1111
  317.9     4.87  67.056  -0.1086
  318.1     4.90  67.098  -0.1056
  318.2     4.85  67.142  -0.1044
  318.6     4.88  67.185  -0.1050
  318.8     4.87  67.228  -0.1055
  319.0     4.82  67.273  -0.1053
  319.1     4.85  67.317  -0.1117
  319.4     4.84  67.362  -0.1121
  319.7     4.86  67.406  -0.1120
  319.9     4.85  67.449  -0.1068
  320.1     4.87  67.493  -0.1071
  320.4     4.85  67.537  -0.1071
  320.6     4.84  67.582  -0.1121
  320.8     4.88  67.624  -0.1157
  321.1     4.87  67.667  -0.1115
  321.3     4.83  67.710  -0.1083
  321.5     4.75  67.754  -0.1053
  321.7     4.73  67.800  -0.1075
  321.9     4.73  67.845  -0.1057
  322.2     4.72  67.889  -0.1055
  322.4     4.71  67.934  -0.1032
  322.5     4.71  67.978  -0.1034
  322.8     4.74  68.021  -0.1036
  323.0     4.70  68.067  -0.1064
  323.3     4.71  68.112  -0.1043
  323.5     4.71  68.155  -0.1052
  323.8     4.71  68.200  -0.1043
  324.0     4.72  68.243  -0.1079
  324.2     4.73  68.288  -0.1076
  324.5     4.70  68.334  -0.1073
  324.7     4.70  68.375  -0.1088
  325.0     4.71  68.420  -0.1094
  325.2     4.76  68.464  -0.1129
  325.4     4.71  68.510  -0.1114
  325.7     4.78  68.556  -0.1130
  326.0     4.74  68.598  -0.1113
  326.1     4.73  68.642  -0.1125
  326.4     4.73  68.685  -0.1134
  326.6     4.72  68.726  -0.1112
  326.8     4.76  68.773  -0.1112
  327.0     4.69  68.818  -0.1134
  327.2     4.73  68.862  -0.1107
  327.5     4.70  68.907  -0.1108
  327.8     4.73  68.950  -0.1102
  327.9     4.73  68.993  -0.1106
  328.1     4.71  69.039  -0.1146
  328.5     4.70  69.083  -0.1153
  328.7     4.72  69.127  -0.1194
  328.8     4.72  69.171  -0.1160
  329.1     4.72  69.216  -0.1156
  329.3     4.70  69.262  -0.1175
  329.6     4.75  69.306  -0.1174
  329.8     4.70  69.349  -0.1192
  330.0     4.70  69.393  -0.1222
  330.3     4.71  69.438  -0.1226
  330.5     4.72  69.481  -0.1232
  330.6     4.72  69.526  -0.1235
  330.9     4.72  69.569  -0.1213
  331.2     4.73  69.615  -0.1257
  331.4     4.72  69.658  -0.1233
  331.6     4.66  69.701  -0.1223
  331.8     4.69  69.744  -0.1245
  332.2     4.69  69.787  -0.1232
  332.3     4.68  69.829  -0.1246
  332.5     4.71  69.872  -0.1242
  332.7     4.68  69.916  -0.1238
  333.0     4.68  69.959  -0.1264
  333.2     4.70  70.004  -0.1254
  333.4     4.68  70.049  -0.1282
  333.6     4.69  70.092  -0.1294
  333.8     4.69  70.135  -0.1257
  334.2     4.70  70.183  -0.1284
  334.3     4.72  70.226  -0.1267
  334.5     4.66  70.273  -0.1297
  334.8     4.67  70.319  -0.1289
  335.0     4.70  70.363  -0.1274
  335.3     4.70  70.404  -0.1291
  335.5     4.66  70.449  -0.1302
  335.7     4.74  70.494  -0.1328
  336.0     4.68  70.539  -0.1323
  336.1     4.67  70.584  -0.1352
  336.4     4.69  70.627  -0.1319
  336.6     4.67  70.670  -0.1366
  336.9     4.72  70.715  -0.1340
  337.1     4.76  70.761  -0.1355
  337.4     4.71  70.804  -0.1379
  337.5     4.69  70.849  -0.1364
  337.7     4.67  70.893  -0.1393
  337.9     4.65  70.935  -0.1385
  338.2     4.68  70.979  -0.1366
  338.4     4.68  71.023  -0.1055
  338.1     4.66  71.067   0.0522
  338.9     4.66  71.110  -0.1186
  339.1     4.66  71.154  -0.1379
  339.3     4.66  71.198  -0.1405
  339.4     4.62  71.243  -0.1382
  339.7     4.63  71.288  -0.1370
  339.8     4.62  71.332  -0.0805
  340.0     4.59  71.375  -0.0378
  340.4     4.61  71.421  -0.1442
  340.7     4.63  71.464  -0.1421
  340.9     4.63  71.510  -0.1445
  341.2     4.67  71.555  -0.1466
  341.3     4.61  71.600  -0.1430
  341.6     4.57  71.646  -0.1452
  341.8     4.58  71.690  -0.1388
  342.2     4.61  71.735  -0.1362
  342.3     4.65  71.781  -0.1396
  342.6     4.64  71.825  -0.1393
  342.9     4.64  71.869  -0.1384
  343.0     4.62  71.913  -0.1387
  343.2     4.64  71.955  -0.1379
  343.4     4.63  72.000  -0.1371
  343.6     4.55  72.044  -0.1363
  343.8     4.65  72.088  -0.1362
  344.1     4.64  72.132  -0.1381
  344.2     4.61  72.175  -0.1368
  344.5     4.63  72.219  -0.1360
  344.7     4.62  72.266  -0.1420
  345.0     4.64  72.310  -0.1422
  345.2     4.64  72.353  -0.1425
  345.3     4.63  72.396  -0.1411
  345.7     4.66  72.440  -0.1388
  345.8     4.63  72.484  -0.1405
  346.1     4.64  72.530  -0.1435
  346.2     4.68  72.574  -0.1397
  346.5     4.68  72.619  -0.1405
  346.7     4.67  72.665  -0.1431
  346.9     4.68  72.714  -0.1419
  347.2     4.64  72.760  -0.1416
  347.4     4.65  72.805  -0.1407
  347.6     4.64  72.850  -0.1388
  347.7     4.65  72.894  -0.1406
  348.1     4.68  72.938  -0.1450
  348.3     4.67  72.984  -0.1434
  348.6     4.69  73.027  -0.1420
  348.7     4.69  73.069  -0.1413
  349.0     4.67  73.114  -0.1422
  349.2     4.69  73.157  -0.1402
  349.5     4.71  73.202  -0.1435
  349.6     4.68  73.247  -0.1429
  349.9     4.69  73.293  -0.1393
  350.1     4.72  73.336  -0.1381
  350.5     4.63  73.381  -0.1350
  350.5     4.73  73.424  -0.1405
  350.7     4.71  73.469  -0.1418
  351.0     4.71  73.514  -0.1473
  351.2     4.68  73.558  -0.1449
  351.4     4.68  73.603  -0.1429
  351.7     4.70  73.647  -0.1438
  351.8     4.69  73.690  -0.1472
  351.9     4.66  73.738  -0.1415
  352.2     4.67  73.784  -0.1410
  352.5     4.65  73.828  -0.1459
  352.6     4.66  73.873  -0.1461
  352.8     4.66  73.916  -0.1474
  353.1     4.69  73.960  -0.1426
  353.3     4.72  74.006  -0.1462
  353.5     4.70  74.051  -0.1491
  353.8     4.70  74.097  -0.1483
  354.0     4.71  74.141  -0.1523
  354.2     4.67  74.186  -0.1501
  354.3     4.73  74.234  -0.1475
  354.7     4.68  74.277  -0.1459
  354.9     4.73  74.322  -0.1492
  355.1     4.74  74.366  -0.1466
  355.3     4.72  74.408  -0.1458
  355.6     4.72  74.454  -0.1467
  355.7     4.74  74.499  -0.1433
  356.1     4.75  74.543  -0.1464
  356.2     4.74  74.587  -0.1469
  356.4     4.73  74.631  -0.1493
  356.6     4.73  74.674  -0.1444
  356.9     4.73  74.719  -0.1460
  357.1     4.73  74.761  -0.1451
  357.4     4.71  74.807  -0.1445
  357.5     4.74  74.851  -0.1515
  357.8     4.77  74.895  -0.1481
  358.0     4.73  74.941  -0.1511
  358.3     4.79  74.986  -0.1506
  358.5     4.81  75.031  -0.1569
  358.8     4.85  75.075  -0.1611
  359.0     4.85  75.118  -0.1605
  359.2     4.84  75.163  -0.1573
  359.5     4.89  75.210  -0.1587
  359.8     4.86  75.257  -0.1572
  359.9     4.80  75.303  -0.1529
  360.2     4.84  75.347  -0.1607
  360.4     4.83  75.389  -0.1610
  360.6     4.88  75.433  -0.1577
  360.8     4.89  75.478  -0.1537
  361.1     4.83  75.522  -0.1449
  361.3     4.83  75.565  -0.1439
  361.5     4.76  75.610  -0.1444
  361.7     4.77  75.654  -0.1447
  361.9     4.75  75.700  -0.1449
  362.2     4.76  75.747  -0.1456
  362.4     4.75  75.790  -0.1497
  362.7     4.78  75.834  -0.1479
  363.0     4.77  75.878  -0.1508
  363.1     4.79  75.921  -0.1535
  363.3     4.79  75.968  -0.1486
  363.6     4.79  76.011  -0.1543
  363.8     4.82  76.054  -0.1479
  364.0     4.77  76.098  -0.1522
  364.4     4.79  76.139  -0.1551
  364.4     4.82  76.187  -0.1553
  364.7     4.81  76.232  -0.1581
  365.0     4.82  76.276  -0.1535
  365.2     4.82  76.320  -0.1513
  365.4     4.87  76.364  -0.1565
  365.6     4.81  76.410  -0.1532
  365.9     4.79  76.455  -0.1524
  366.1     4.79  76.501  -0.1496
  366.2     4.75  76.544  -0.1503
  366.6     4.79  76.588  -0.1558
  366.7     4.76  76.632  -0.1515
  367.0     4.76  76.678  -0.1497
  367.2     4.78  76.724  -0.1510
  367.5     4.77  76.769  -0.1501
  367.7     4.80  76.813  -0.1529
  367.9     4.79  76.857  -0.1524
  368.1     4.80  76.902  -0.1482
  368.4     4.78  76.945  -0.1513
  368.6     4.77  76.990  -0.1496
  368.8     4.77  77.035  -0.1507
  369.0     4.72  77.079  -0.1499
  369.2     4.74  77.125  -0.1502
  369.5     4.77  77.170  -0.1513
  369.7     4.77  77.215  -0.1544
  369.9     4.74  77.260  -0.1502
  370.2     4.75  77.304  -0.1544
  370.4     4.77  77.348  -0.1545
  370.6     4.75  77.392  -0.1558
  370.9     4.77  77.437  -0.1578
  371.2     4.80  77.483  -0.1544
  371.4     4.80  77.525  -0.1568
  371.7     4.80  77.571  -0.1541
  371.9     4.82  77.614  -0.1549
  372.1     4.79  77.658  -0.1584
  372.2     4.82  77.704  -0.1529
  372.6     4.81  77.748  -0.1551
  372.7     4.77  77.792  -0.1552
  373.0     4.83  77.835  -0.1554
  373.3     4.84  77.880  -0.1514
  373.6     4.85  77.928  -0.1484
  373.9     4.83  77.973  -0.1500
  374.0     4.81  78.015  -0.1468
  374.3     4.83  78.060  -0.1490
  374.5     4.81  78.102  -0.1502
  374.7     4.84  78.148  -0.1479
  375.0     4.82  78.196  -0.1509
  375.2     4.85  78.239  -0.1499
  375.4     4.81  78.283  -0.1486
  375.6     4.82  78.326  -0.1500
  375.9     4.78  78.371  -0.1493
  376.2     4.80  78.416  -0.1506
  376.3     4.80  78.462  -0.1507
  376.6     4.80  78.507  -0.1495
  376.7     4.79  78.553  -0.1538
  377.1     4.82  78.597  -0.1511
  377.2     4.78  78.641  -0.1471
  377.4     4.79  78.686  -0.1501
  377.7     4.76  78.732  -0.1508
  378.0     4.76  78.776  -0.1503
  378.1     4.73  78.821  -0.1496
  378.4     4.74  78.866  -0.1524
  378.6     4.74  78.913  -0.1498
  378.9     4.72  78.959  -0.1499
  379.0     4.70  79.002  -0.1521
  379.3     4.75  79.046  -0.1535
  379.5     4.75  79.091  -0.1535
  379.7     4.74  79.136  -0.1557
  379.9     4.73  79.184  -0.1519
  380.2     4.75  79.228  -0.1502
  380.5     4.77  79.271  -0.1498
  380.6     4.76  79.315  -0.1519
  380.8     4.75  79.360  -0.1551
  381.1     4.73  79.407  -0.1541
  381.3     4.70  79.452  -0.1512
  381.5     4.72  79.495  -0.1514
  381.8     4.75  79.540  -0.1532
  382.0     4.72  79.583  -0.1503
  382.2     4.75  79.626  -0.1511
  382.4     4.73  79.672  -0.1536
  382.6     4.74  79.716  -0.1534
  382.9     4.72  79.759  -0.1544
  383.1     4.75  79.803  -0.1545
  383.3     4.71  79.847  -0.1513
  383.6     4.74  79.893  -0.1532
  383.7     4.71  79.937  -0.1507
  384.0     4.68  79.981  -0.1478
  384.1     4.68  80.025  -0.1507
  384.4     4.64  80.067  -0.1515
  384.6     4.66  80.112  -0.1514
  384.8     4.69  80.158  -0.1508
  385.1     4.66  80.203  -0.1527
  385.3     4.69  80.249  -0.1525
  385.5     4.66  80.292  -0.1543
  385.7     4.61  80.336  -0.1508
  385.9     4.63  80.382  -0.1542
  386.2     4.65  80.428  -0.1549
  386.4     4.64  80.475  -0.1515
  386.6     4.65  80.519  -0.1528
  386.8     4.63  80.563  -0.1499
  387.1     4.66  80.609  -0.1487
  387.3     4.66  80.655  -0.1519
  387.4     4.71  80.701  -0.1523
  387.7     4.67  80.744  -0.1469
  388.0     4.66  80.788  -0.1503
  388.2     4.65  80.833  -0.1502
  388.4     4.66  80.879  -0.1510
  388.6     4.63  80.923  -0.1525
  388.8     4.62  80.967  -0.1510
  389.1     4.63  81.011  -0.1482
  389.2     4.60  81.054  -0.1551
  389.4     4.61  81.099  -0.1509
  389.6     4.61  81.143  -0.1538
  389.9     4.62  81.189  -0.1569
  390.1     4.61  81.232  -0.1564
  390.2     4.58  81.277  -0.1561
  390.6     4.63  81.320  -0.1570
  390.8     4.61  81.363  -0.1525
  390.9     4.62  81.409  -0.1545
  391.3     4.63  81.455  -0.1557
  391.4     4.64  81.499  -0.1574
  391.7     4.60  81.543  -0.1550
  391.9     4.62  81.586  -0.1554
  392.2     4.64  81.633  -0.1548
  392.3     4.63  81.678  -0.1557
  392.6     4.61  81.721  -0.1539
  392.8     4.65  81.765  -0.1607
  392.9     4.63  81.809  -0.1587
  393.3     4.66  81.854  -0.1584
  393.4     4.66  81.900  -0.1596
  393.7     4.64  81.944  -0.1608
  393.9     4.62  81.989  -0.1627
  394.2     4.64  82.033  -0.1613
  394.3     4.65  82.078  -0.1617
  394.6     4.59  82.124  -0.1609
  394.8     4.61  82.168  -0.1636
  395.0     4.63  82.214  -0.1657
  395.2     4.60  82.260  -0.1667
  395.4     4.62  82.306  -0.1670
  395.8     4.61  82.353  -0.1658
  396.0     4.67  82.398  -0.1602
  396.2     4.61  82.446  -0.1592
  396.3     4.61  82.493  -0.1640
  396.6     4.61  82.539  -0.1634
  396.9     4.57  82.582  -0.1650
  397.1     4.61  82.628  -0.1619
  397.3     4.61  82.676  -0.1608
  397.5     4.57  82.720  -0.1599
  397.7     4.61  82.763  -0.1593
  397.9     4.61  82.809  -0.1632
  398.2     4.57  82.852  -0.1614
  398.5     4.59  82.899  -0.1627
  398.6     4.57  82.946  -0.1637
  398.8     4.57  82.992  -0.1603
  399.2     4.57  83.039  -0.1620
  399.2     4.58  83.084  -0.1621
  399.5     4.57  83.131  -0.1621
  399.7     4.61  83.176  -0.1622
  400.0     4.57  83.230  -0.1602
  400.3     4.59  83.276  -0.1600
  400.5     4.55  83.332  -0.1600
  400.6     4.53  83.379  -0.1605
  400.9     4.53  83.423  -0.1625
  401.2     4.53  83.469  -0.1612
  401.4     4.58  83.515  -0.1615
  401.5     4.51  83.559  -0.1603
  401.8     4.51  83.606  -0.1573
  402.0     4.52  83.659  -0.1613
  402.2     4.50  83.711  -0.1624
  402.6     4.48  83.755  -0.1591
  402.8     4.51  83.802  -0.1563
  403.0     4.48  83.850  -0.1618
  403.2     4.50  83.896  -0.1583
  403.4     4.49  83.942  -0.1619
  403.5     4.48  83.986  -0.1594
  403.8     4.50  84.030  -0.1549
  404.0     4.49  84.076  -0.1555
  404.4     4.54  84.122  -0.1546
  404.5     4.55  84.168  -0.1529
  404.8     4.54  84.213  -0.1581
  405.0     4.48  84.258  -0.1561
  405.3     4.55  84.303  -0.1584
  405.5     4.54  84.349  -0.1578
  405.7     4.51  84.397  -0.1568
  405.9     4.49  84.445  -0.1635
  406.2     4.51  84.489  -0.1613
  406.5     4.50  84.538  -0.1626
  406.6     4.49  84.585  -0.1630
  406.8     4.50  84.629  -0.1620
  407.0     4.52  84.676  -0.1650
  407.4     4.58  84.731  -0.1705
  407.7     4.66  84.779  -0.1772
  407.9     4.55  84.824  -0.1772
  408.2     4.59  84.869  -0.1744
  408.4     4.60  84.916  -0.1738
  408.6     4.51  84.961  -0.1759
  408.8     4.58  85.006  -0.1744
  409.1     4.54  85.056  -0.1694
  409.3     4.53  85.106  -0.1692
  409.5     4.55  85.152  -0.1666
  409.7     4.53  85.199  -0.1720
  409.9     4.54  85.245  -0.1681
  410.2     4.52  85.290  -0.1699
  410.4     4.58  85.337  -0.1681
  410.6     4.53  85.381  -0.1717
  410.9     4.59  85.428  -0.1734
  411.1     4.56  85.475  -0.1687
  411.3     4.48  85.519  -0.1640
  411.2     4.44  85.566  -0.0963
  411.2     4.44  85.613   0.0048
  411.6     4.44  85.656  -0.0781
  412.1     4.41  85.700  -0.1593
  412.4     4.43  85.744  -0.1571
  412.6     4.43  85.789  -0.1581
  412.8     4.44  85.838  -0.1533
  413.0     4.42  85.884  -0.1541
  413.3     4.44  85.931  -0.1581
  413.4     4.45  85.976  -0.1613
  413.6     4.38  86.023  -0.1609
  413.8     4.38  86.069  -0.1601
  414.0     4.40  86.116  -0.1609
  414.3     4.39  86.162  -0.1631
  414.5     4.42  86.210  -0.1647
  414.8     4.42  86.255  -0.1591
  415.0     4.42  86.300  -0.1622
  415.3     4.42  86.345  -0.1636
  415.5     4.39  86.393  -0.1648
  415.7     4.40  86.439  -0.1619
  416.0     4.41  86.485  -0.1617
  416.1     4.39  86.530  -0.1634
  416.4     4.39  86.576  -0.1632
  416.6     4.42  86.627  -0.1683
  417.0     4.45  86.671  -0.1672
  417.2     4.50  86.719  -0.1711
  417.5     4.53  86.767  -0.1737
  417.6     4.49  86.818  -0.1784
  418.0     4.55  86.864  -0.1718
  418.2     4.55  86.910  -0.1732
  418.5     4.51  86.954  -0.1744
  418.8     4.52  86.998  -0.1738
  418.9     4.53  87.042  -0.1776
  419.0     4.55  87.089  -0.1720
  419.4     4.55  87.133  -0.1781
  419.5     4.50  87.176  -0.1715
  419.7     4.49  87.219  -0.1684
  419.9     4.40  87.261  -0.1687
  420.2     4.40  87.307  -0.1663
  420.4     4.39  87.352  -0.1704
  420.7     4.38  87.394  -0.1631
  420.8     4.40  87.439  -0.1653
  421.1     4.38  87.483  -0.1677
  421.4     4.43  87.527  -0.1649
  421.5     4.41  87.573  -0.1664
  421.9     4.40  87.619  -0.1671
  422.1     4.43  87.666  -0.1686
  422.4     4.40  87.709  -0.1661
  422.6     4.40  87.752  -0.1647
  422.8     4.40  87.799  -0.1634
  423.1     4.39  87.842  -0.1645
  423.3     4.39  87.888  -0.1642
  423.6     4.38  87.933  -0.1657
  423.7     4.35  87.977  -0.1686
  424.0     4.38  88.022  -0.1687
  424.2     4.36  88.069  -0.1677
  424.5     4.34  88.113  -0.1666
  424.6     4.33  88.158  -0.1657
  424.9     4.34  88.202  -0.1681
  425.1     4.33  88.246  -0.1654
  425.4     4.34  88.291  -0.1641
  425.7     4.37  88.337  -0.1667
  425.9     4.34  88.381  -0.1690
  426.1     4.34  88.425  -0.1679
  426.3     4.35  88.468  -0.1677
  426.4     4.32  88.513  -0.1691
  426.7     4.28  88.558  -0.1667
  427.0     4.30  88.604  -0.1686
  427.2     4.28  88.647  -0.1666
  427.5     4.29  88.693  -0.1687
  427.6     4.26  88.737  -0.1662
  427.9     4.28  88.780  -0.1667
  428.1     4.29  88.826  -0.1672
  428.4     4.27  88.872  -0.1661
  428.5     4.26  88.916  -0.1651
  428.7     4.26  88.959  -0.1633
  429.0     4.29  89.006  -0.1683
  429.2     4.25  89.054  -0.1658
  429.5     4.24  89.100  -0.1655
  429.8     4.25  89.145  -0.1678
  430.0     4.22  89.193  -0.1718
  430.2     4.26  89.238  -0.1672
  430.5     4.29  89.285  -0.1692
  430.7     4.33  89.331  -0.1750
  431.0     4.31  89.379  -0.1777
  431.3     4.36  89.426  -0.1756
  431.5     4.34  89.473  -0.1781
  431.8     4.31  89.521  -0.1739
  431.9     4.29  89.567  -0.1777
  432.2     4.32  89.615  -0.1736
  432.5     4.30  89.663  -0.1740
  432.7     4.30  89.710  -0.1762
  432.9     4.29  89.756  -0.1746
  433.1     4.32  89.801  -0.1812
  433.5     4.31  89.849  -0.1838
  433.6     4.26  89.898  -0.1828
  433.9     4.30  89.945  -0.1784
  434.1     4.26  89.992  -0.1749
  434.4     4.31  90.040  -0.1782
  434.7     4.27  90.089  -0.1809
  434.9     4.26  90.135  -0.1796
  435.2     4.27  90.182  -0.1820
  435.4     4.27  90.229  -0.1826
  435.6     4.29  90.274  -0.1806
  435.8     4.28  90.321  -0.1844
  436.0     4.17  90.367  -0.1855
  436.3     4.29  90.416  -0.1854
  436.5     4.24  90.462  -0.1776
  436.7     4.16  90.508  -0.1741
  436.9     4.13  90.555  -0.1750
  437.2     4.15  90.601  -0.1728
  437.3     4.15  90.650  -0.1683
  437.6     4.14  90.697  -0.1688
  437.9     4.14  90.743  -0.1674
  438.1     4.16  90.790  -0.1702
  438.4     4.15  90.838  -0.1705
  438.6     4.14  90.884  -0.1729
  438.8     4.12  90.928  -0.1690
  439.0     4.14  90.972  -0.1688
  439.3     4.12  91.018  -0.1700
  439.5     4.11  91.067  -0.1707
  439.7     4.12  91.110  -0.1748
  440.0     4.07  91.154  -0.1726
  440.2     4.09  91.197  -0.1690
  440.4     4.07  91.243  -0.1716
  440.6     4.10  91.291  -0.1669
  440.8     4.05  91.335  -0.1688
  441.0     4.01  91.379  -0.1735
  441.3     4.06  91.425  -0.1660
  441.5     4.05  91.469  -0.1691
  441.7     4.04  91.515  -0.1701
  442.0     4.03  91.560  -0.1694
  442.2     4.05  91.605  -0.1721
  442.5     4.03  91.649  -0.1732
  442.6     4.02  91.694  -0.1716
  442.9     3.99  91.740  -0.1669
  443.1     4.01  91.785  -0.1627
  443.4     4.02  91.833  -0.1647
  443.6     4.01  91.878  -0.1631
  443.8     4.01  91.921  -0.1664
  444.0     3.99  91.966  -0.1666
  444.2     4.00  92.010  -0.1654
  444.5     4.00  92.057  -0.1640
  444.7     3.98  92.100  -0.1665
  444.8     3.97  92.144  -0.1672
  445.1     3.98  92.190  -0.1674
  445.2     3.96  92.234  -0.1660
  445.5     3.98  92.280  -0.1660
  445.7     3.96  92.326  -0.1650
  446.0     3.94  92.370  -0.1676
  446.2     3.96  92.416  -0.1662
  446.4     3.96  92.459  -0.1648
  446.6     3.91  92.505  -0.1670
  446.8     3.93  92.552  -0.1668
  447.1     3.94  92.594  -0.1709
  447.3     3.96  92.639  -0.1717
  447.5     3.99  92.683  -0.1730
  447.7     4.04  92.725  -0.1798
  448.0     4.03  92.772  -0.1811
  448.2     3.98  92.817  -0.1819
  448.5     4.04  92.862  -0.1823
  448.7     4.02  92.906  -0.1802
  448.9     4.04  92.949  -0.1811
  449.1     4.02  92.995  -0.1813
  449.4     4.05  93.042  -0.1777
  449.6     4.03  93.085  -0.1803
  449.8     4.01  93.130  -0.1776
  450.0     4.00  93.174  -0.1830
  450.2     4.00  93.220  -0.1803
  450.6     4.04  93.267  -0.1816
  450.8     4.04  93.314  -0.1838
  451.0     3.99  93.359  -0.1817
  451.2     4.00  93.402  -0.1826
  451.5     4.02  93.447  -0.1799
  451.6     3.96  93.493  -0.1729
  451.9     3.92  93.538  -0.1762
  452.0     3.92  93.583  -0.1737
  452.3     3.92  93.626  -0.1715
  452.5     3.91  93.672  -0.1741
  452.7     3.91  93.718  -0.1743
  452.9     3.93  93.763  -0.1763
  453.3     3.89  93.809  -0.1741
  453.5     3.90  93.853  -0.1706
  453.8     3.93  93.899  -0.1677
  454.0     3.88  93.943  -0.1685
  454.1     3.91  93.988  -0.1668
  454.4     3.91  94.035  -0.1713
  454.7     3.90  94.079  -0.1689
  454.8     3.91  94.124  -0.1681
  455.0     3.86  94.168  -0.1681
  455.4     3.90  94.213  -0.1683
  455.5     3.86  94.259  -0.1653
  455.7     3.88  94.306  -0.1676
  456.0     3.84  94.349  -0.1682
  456.3     3.86  94.391  -0.1733
  456.5     3.89  94.436  -0.1704
  456.8     3.87  94.483  -0.1705
  456.9     3.88  94.527  -0.1704
  457.2     3.86  94.571  -0.1665
  457.5     3.83  94.615  -0.1717
  457.7     3.83  94.659  -0.1709
  457.8     3.82  94.703  -0.1701
  458.1     3.86  94.750  -0.1694
  458.4     3.85  94.792  -0.1717
  458.5     3.83  94.837  -0.1712
  458.7     3.85  94.882  -0.1682
  458.9     3.85  94.924  -0.1705
  459.3     3.83  94.970  -0.1716
  459.4     3.82  95.016  -0.1728
  459.7     3.88  95.061  -0.1728
  459.9     3.88  95.107  -0.1680
  460.2     3.83  95.153  -0.1731
  460.4     3.85  95.198  -0.1742
  460.6     3.84  95.244  -0.1744
  460.9     3.82  95.290  -0.1712
  461.2     3.84  95.336  -0.1727
  461.3     3.86  95.380  -0.1755
  461.5     3.84  95.424  -0.1759
  461.8     3.80  95.469  -0.1745
  462.0     3.82  95.515  -0.1728
  462.3     3.83  95.559  -0.1730
  462.4     3.80  95.602  -0.1724
  462.7     3.83  95.647  -0.1679
  462.8     3.79  95.691  -0.1690
  462.9     3.80  95.739  -0.1076
  463.3     3.78  95.784  -0.1690
  463.6     3.79  95.830  -0.1685
  463.9     3.84  95.876  -0.1680
  464.1     3.82  95.921  -0.1729
  464.1     3.75  95.968  -0.1442
  464.1     3.77  96.015  -0.0166
  464.7     3.78  96.060  -0.1194
  465.0     3.77  96.105  -0.1691
  465.2     3.75  96.150  -0.1701
  465.4     3.76  96.194  -0.1690
  465.6     3.75  96.240  -0.1728
  465.8     3.72  96.284  -0.1706
  466.0     3.73  96.331  -0.1688
  466.3     3.75  96.374  -0.1703
  466.5     3.74  96.418  -0.1731
  466.7     3.75  96.463  -0.1728
  466.9     3.77  96.509  -0.1742
  467.1     3.75  96.553  -0.1720
  467.4     3.72  96.600  -0.1710
  467.5     3.71  96.644  -0.1704
  467.8     3.68  96.687  -0.1699
  468.0     3.69  96.734  -0.1686
  468.2     3.69  96.779  -0.1673
  468.4     3.67  96.825  -0.1704
  468.8     3.70  96.868  -0.1729
  469.0     3.71  96.913  -0.1694
  469.2     3.69  96.960  -0.1756
  469.3     3.68  97.006  -0.1696
  469.6     3.72  97.050  -0.1697
  469.8     3.67  97.096  -0.1723
  470.1     3.71  97.140  -0.1694
  470.3     3.70  97.186  -0.1697
  470.4     3.63  97.229  -0.1713
  470.7     3.68  97.274  -0.1719
  470.9     3.65  97.319  -0.1699
  471.0     3.67  97.364  -0.1676
  471.3     3.65  97.408  -0.1724
  471.6     3.66  97.453  -0.1675
  471.8     3.64  97.500  -0.1711
  472.0     3.65  97.546  -0.1705
  472.2     3.65  97.591  -0.1721
  472.5     3.63  97.638  -0.1744
  472.7     3.65  97.683  -0.1742
  472.9     3.63  97.728  -0.1738
  473.1     3.62  97.774  -0.1718
  473.3     3.61  97.818  -0.1693
  473.6     3.57  97.861  -0.1709
  473.8     3.63  97.905  -0.1712
  474.0     3.62  97.952  -0.1750
  474.2     3.61  97.998  -0.1722
  474.4     3.60  98.040  -0.1720
  474.7     3.55  98.086  -0.1734
  474.8     3.58  98.131  -0.1711
  475.0     3.67  98.174  -0.1721
  475.2     3.56  98.222  -0.1688
  475.4     3.56  98.267  -0.1721
  475.7     3.50  98.312  -0.1720
  475.8     3.53  98.357  -0.1694
  476.1     3.51  98.400  -0.1707
  476.3     3.46  98.449  -0.1713
  476.4     3.47  98.494  -0.1750
  476.7     3.50  98.538  -0.1724
  476.9     3.51  98.584  -0.1727
  477.1     3.50  98.628  -0.1744
  477.4     3.50  98.675  -0.1758
  477.6     3.46  98.722  -0.1763
  477.7     3.47  98.768  -0.1779
  478.0     3.48  98.813  -0.1746
  478.3     3.46  98.857  -0.1731
  478.5     3.45  98.904  -0.1781
  478.7     3.47  98.952  -0.1745
  478.8     3.45  98.996  -0.1754
  479.1     3.47  99.040  -0.1771
  479.4     3.46  99.086  -0.1762
  479.4     3.39  99.130  -0.1755
  479.7     3.44  99.175  -0.1736
  479.9     3.45  99.221  -0.1795
  480.2     3.43  99.268  -0.1759
  480.4     3.45  99.311  -0.1770
  480.5     3.45  99.355  -0.1776
  480.8     3.46  99.400  -0.1784
  481.0     3.46  99.447  -0.1751
  481.4     3.45  99.491  -0.1781
  481.5     3.45  99.536  -0.1795
  481.7     3.45  99.580  -0.1794
  482.0     3.46  99.625  -0.1800
  482.2     3.46  99.669  -0.1766
  482.4     3.44  99.716  -0.1792
  482.6     3.43  99.762  -0.1749
  482.9     3.45  99.806  -0.1757
  483.0     3.45  99.851  -0.1754
  483.3     3.47  99.893  -0.1716
  483.5     3.48  99.940  -0.1759
  483.8     3.45  99.986  -0.1765
  484.0     3.48 100.030  -0.1761
  484.2     3.47 100.075  -0.1775
  484.4     3.46 100.119  -0.1785
  484.6     3.45 100.166  -0.1788
  484.9     3.49 100.213  -0.1772
  485.1     3.46 100.258  -0.1822
  485.4     3.50 100.304  -0.1829
  485.6     3.48 100.350  -0.1808
  485.8     3.46 100.395  -0.1834
  486.0     3.45 100.442  -0.1838
  486.3     3.45 100.486  -0.1838
  486.5     3.41 100.532  -0.1818
  486.7     3.42 100.576  -0.1820
  487.0     3.45 100.620  -0.1827
  487.2     3.45 100.667  -0.1824
  487.4     3.44 100.711  -0.1834
  487.6     3.45 100.757  -0.1837
  488.0     3.44 100.803  -0.1823
  488.1     3.46 100.847  -0.1846
  488.3     3.43 100.893  -0.1814
  488.5     3.46 100.938  -0.1828
  488.9     3.44 100.982  -0.1802
  488.9     3.45 101.027  -0.1777
  489.3     3.46 101.072  -0.1809
  489.4     3.43 101.117  -0.1776
  489.7     3.42 101.163  -0.1819
  489.9     3.43 101.210  -0.1793
  490.1     3.43 101.256  -0.1821
  490.4     3.36 101.301  -0.1805
  490.6     3.41 101.344  -0.1850
  490.8     3.34 101.389  -0.1831
  491.0     3.41 101.435  -0.1791
  491.2     3.41 101.481  -0.1788
  491.5     3.42 101.525  -0.1786
  491.7     3.39 101.572  -0.1808
  491.9     3.40 101.617  -0.1785
  492.2     3.41 101.664  -0.1809
  492.4     3.39 101.710  -0.1802
  492.7     3.46 101.755  -0.1793
  492.9     3.43 101.800  -0.1802
  493.1     3.41 101.845  -0.1820
  493.3     3.37 101.889  -0.1810
  493.4     3.33 101.935  -0.1809
  493.7     3.32 101.978  -0.1858
  493.8     3.30 102.023  -0.1848
  494.0     3.34 102.068  -0.1880
  494.3     3.30 102.111  -0.1786
  494.6     3.30 102.158  -0.1813
  494.7     3.30 102.205  -0.1816
  494.9     3.32 102.250  -0.1837
  495.2     3.30 102.297  -0.1858
  495.4     3.28 102.339  -0.1831
  495.6     3.28 102.384  -0.1805
  495.7     3.29 102.432  -0.1776
  496.0     3.28 102.478  -0.1845
  496.2     3.31 102.526  -0.1882
  496.5     3.29 102.569  -0.1906
  496.6     3.28 102.615  -0.1890
  496.8     3.29 102.662  -0.1866
  497.0     3.29 102.709  -0.1871
  497.3     3.33 102.756  -0.1839
  497.5     3.22 102.799  -0.1872
  497.7     3.33 102.842  -0.1875
  497.9     3.28 102.888  -0.1933
  498.2     3.28 102.933  -0.1875
  498.3     3.29 102.978  -0.1900
  498.6     3.32 103.021  -0.1874
  498.9     3.30 103.066  -0.1854
  499.0     3.31 103.111  -0.1918
  499.2     3.31 103.158  -0.1896
  499.5     3.29 103.204  -0.1903
  499.7     3.28 103.248  -0.1939
  499.9     3.32 103.293  -0.1902
  500.1     3.32 103.338  -0.1891
