   19.0     3.23   0.027  -0.0022
   18.9     3.27   0.055  -0.0032
   19.1     3.21   0.081  -0.0013
   19.0     3.23   0.108  -0.0030
   19.2     3.32   0.136  -0.0006
   19.2     3.30   0.164  -0.0023
   19.1     3.26   0.190   0.0017
   19.3     3.27   0.217   0.0001
   19.2     3.26   0.244  -0.0016
   19.2     3.19   0.271   0.0011
   19.2     3.15   0.297   0.0030
   19.1     3.14   0.324   0.0036
   19.2     3.14   0.351   0.0019
   19.1     3.17   0.378   0.0032
   19.2     3.15   0.406   0.0027
   19.2     3.13   0.433   0.0033
   19.3     3.12   0.461   0.0024
   19.2     3.10   0.487   0.0050
   19.2     3.09   0.514   0.0031
   19.2     3.02   0.541   0.0042
   19.2     2.98   0.568   0.0071
   19.0     2.82   0.595   0.0094
   19.1     2.89   0.621   0.0077
   19.1     2.86   0.648   0.0002
   19.1     2.81   0.675   0.0001
   19.1     2.80   0.702  -0.0004
   19.1     2.77   0.728   0.0081
   19.0     2.71   0.755   0.0098
   19.0     2.75   0.781   0.0063
   19.1     2.76   0.808   0.0077
   19.2     2.72   0.835   0.0058
   19.1     2.70   0.861   0.0065
   19.0     2.66   0.888   0.0080
   19.1     2.65   0.915   0.0051
   19.1     2.64   0.942   0.0050
   19.2     2.66   0.968   0.0046
   19.0     2.57   0.997   0.0053
   19.1     2.58   1.023   0.0054
   19.1     2.52   1.050   0.0086
   19.1     2.55   1.082   0.0047
   19.2     2.54   1.123   0.0055
   19.2     2.50   1.149   0.0086
   19.0     2.45   1.177   0.0121
   19.0     2.40   1.203   0.0118
   19.1     2.42   1.231   0.0127
   19.1     2.38   1.258   0.0104
   19.1     2.35   1.284   0.0086
   19.0     2.35   1.311   0.0068
   19.2     2.32   1.338   0.0097
   19.1     2.35   1.364   0.0092
   19.1     2.29   1.391   0.0044
   19.0     2.21   1.418  -0.0024
   19.0     2.22   1.445  -0.0025
   19.1     2.21   1.473  -0.0037
   19.0     2.19   1.500  -0.0046
   19.1     2.28   1.527  -0.0131
   19.0     2.19   1.553  -0.0092
   18.9     2.16   1.580  -0.0086
   19.1     2.19   1.607  -0.0099
   19.0     2.14   1.634  -0.0077
   18.9     2.14   1.660  -0.0098
   19.0     2.13   1.687  -0.0074
   19.1     2.10   1.713  -0.0057
   19.0     2.13   1.740  -0.0052
   19.0     2.08   1.766  -0.0076
   19.0     2.08   1.793  -0.0078
   19.1     2.08   1.820  -0.0035
   19.1     2.04   1.846   0.0002
   19.0     2.06   1.873  -0.0074
   19.0     2.04   1.900  -0.0092
   19.1     2.03   1.927  -0.0089
   19.1     2.00   1.954  -0.0085
   19.1     2.00   1.980  -0.0080
   19.1     1.96   2.008  -0.0076
   19.0     1.98   2.034  -0.0054
   19.1     2.00   2.061  -0.0033
   19.1     1.95   2.089  -0.0063
   19.1     1.96   2.115  -0.0058
   19.1     1.97   2.142  -0.0076
   19.1     1.96   2.168  -0.0073
   19.1     1.95   2.195  -0.0099
   19.1     1.91   2.223  -0.0082
   19.2     1.92   2.249  -0.0050
   19.1     1.90   2.276  -0.0046
   19.0     1.89   2.303  -0.0042
   19.1     1.91   2.330  -0.0057
   19.1     1.88   2.357  -0.0029
   19.1     1.87   2.384  -0.0050
   19.1     1.86   2.410  -0.0061
   19.1     1.86   2.437  -0.0052
   19.1     1.82   2.465  -0.0107
   19.2     1.83   2.491  -0.0079
   19.2     1.82   2.518  -0.0072
   19.1     1.86   2.544  -0.0060
   19.1     1.81   2.571  -0.0026
   19.2     1.81   2.598  -0.0043
   19.2     1.79   2.624  -0.0073
   19.2     1.82   2.651  -0.0078
   19.2     1.81   2.678  -0.0058
   19.2     1.79   2.704  -0.0062
   19.2     1.79   2.731  -0.0044
   19.3     1.81   2.758   0.0001
   19.3     1.80   2.784   0.0026
   19.3     1.78   2.811   0.0011
   19.3     1.79   2.838   0.0005
   19.3     1.80   2.865   0.0009
   19.3     1.77   2.891  -0.0010
   19.4     1.73   2.918  -0.0029
   19.4     1.77   2.945   0.0012
   19.4     1.72   2.971   0.0030
   19.4     1.78   2.998  -0.0005
   19.4     1.75   3.025  -0.0034
   19.5     1.75   3.052  -0.0016
   19.6     1.76   3.079  -0.0038
   19.6     1.75   3.106  -0.0063
   19.6     1.75   3.133  -0.0023
   19.6     1.75   3.159  -0.0030
   19.7     1.74   3.186  -0.0008
   19.7     1.78   3.213  -0.0008
   19.8     1.77   3.240  -0.0016
   19.8     1.76   3.267  -0.0033
   19.8     1.80   3.293  -0.0051
   19.8     1.72   3.320  -0.0038
   19.8     1.78   3.347  -0.0037
   20.0     1.74   3.374   0.0007
   20.0     1.76   3.401  -0.0039
   20.0     1.77   3.427   0.0007
   20.1     1.77   3.455   0.0009
   20.1     1.78   3.482  -0.0028
   20.3     1.77   3.508  -0.0038
   20.2     1.78   3.535  -0.0014
   20.4     1.80   3.562  -0.0018
   20.4     1.83   3.599   0.0037
   20.5     1.89   3.627   0.0024
   20.6     1.87   3.655   0.0004
   20.7     1.85   3.682   0.0021
   20.8     1.84   3.709   0.0038
   20.7     1.81   3.736   0.0008
   20.8     1.86   3.763   0.0024
   20.8     1.82   3.789   0.0029
   20.9     1.82   3.816  -0.0005
   21.0     1.85   3.842   0.0017
   21.0     1.85   3.870  -0.0001
   21.0     1.85   3.897  -0.0002
   21.3     1.86   3.924  -0.0011
   21.3     1.88   3.950  -0.0053
   21.3     1.85   3.977  -0.0047
   21.4     1.85   4.004  -0.0089
   21.5     1.88   4.031  -0.0033
   21.7     1.86   4.058   0.0006
   21.7     1.89   4.084  -0.0021
   21.9     1.87   4.112   0.0008
   21.9     1.90   4.139   0.0020
   22.0     1.86   4.166   0.0004
   22.0     1.82   4.192   0.0039
   22.1     1.82   4.219   0.0003
   22.3     1.88   4.246   0.0059
   22.5     1.93   4.272   0.0037
   22.6     1.96   4.299   0.0060
   22.7     1.94   4.326   0.0046
   22.7     1.92   4.353   0.0020
   22.8     1.93   4.379   0.0032
   23.0     2.00   4.406   0.0005
   23.1     1.92   4.433   0.0024
   23.2     1.96   4.460  -0.0000
   23.3     1.97   4.487  -0.0042
   23.4     1.97   4.513  -0.0016
   23.6     1.99   4.540  -0.0011
   23.7     2.00   4.567   0.0007
   23.9     1.98   4.594   0.0009
   23.9     1.99   4.621   0.0012
   24.1     2.03   4.649  -0.0008
   24.2     2.01   4.675  -0.0017
   24.3     2.04   4.702   0.0011
   24.5     2.03   4.729  -0.0006
   24.5     2.04   4.756  -0.0025
   24.7     2.05   4.783  -0.0012
   24.9     2.04   4.809  -0.0019
   25.0     2.05   4.836  -0.0012
   25.1     2.06   4.863   0.0002
   25.3     2.03   4.890  -0.0010
   25.4     2.06   4.916  -0.0010
   25.6     2.12   4.943  -0.0056
   25.8     2.09   4.970  -0.0062
   26.0     2.09   4.997   0.0007
   26.1     2.13   5.024  -0.0007
   26.2     2.11   5.051  -0.0053
   26.4     2.11   5.078  -0.0076
   26.5     2.15   5.104  -0.0040
   26.7     2.17   5.131  -0.0061
   26.8     2.20   5.158  -0.0011
   27.1     2.16   5.184  -0.0011
   27.1     2.17   5.211   0.0012
   27.4     2.20   5.237  -0.0018
   27.6     2.22   5.264  -0.0015
   27.7     2.16   5.291  -0.0014
   27.8     2.21   5.318  -0.0035
   28.0     2.21   5.344  -0.0025
   28.2     2.24   5.371  -0.0022
   28.4     2.26   5.398  -0.0037
   28.5     2.25   5.425  -0.0008
   28.7     2.26   5.452  -0.0022
   28.9     2.24   5.479  -0.0030
   29.1     2.32   5.506  -0.0033
   29.2     2.31   5.532  -0.0037
   29.4     2.28   5.559  -0.0056
   29.6     2.34   5.586  -0.0040
   29.8     2.34   5.613  -0.0023
   29.9     2.30   5.640  -0.0033
   30.2     2.30   5.667  -0.0071
   30.3     2.34   5.694  -0.0053
   30.5     2.35   5.720  -0.0082
   30.8     2.46   5.747  -0.0113
   30.9     2.35   5.773  -0.0115
   31.0     2.33   5.800  -0.0063
   31.2     2.32   5.827  -0.0078
   31.4     2.31   5.854  -0.0084
   31.6     2.36   5.881  -0.0089
   31.8     2.38   5.908  -0.0200
   32.0     2.46   5.935  -0.0141
   32.2     2.45   5.961  -0.0112
   32.5     2.51   5.988  -0.0144
   32.7     2.47   6.015  -0.0130
   32.9     2.47   6.042  -0.0095
   33.1     2.46   6.068  -0.0095
   33.3     2.45   6.095  -0.0075
   33.5     2.50   6.122  -0.0025
   33.7     2.50   6.149  -0.0037
   34.0     2.54   6.176  -0.0057
   34.1     2.54   6.203  -0.0062
   34.4     2.55   6.229  -0.0075
   34.6     2.56   6.256  -0.0062
   34.9     2.58   6.283  -0.0053
   35.1     2.62   6.309  -0.0032
   35.3     2.60   6.336  -0.0038
   35.4     2.65   6.362  -0.0029
   35.6     2.61   6.389  -0.0025
   35.8     2.65   6.416  -0.0015
   36.1     2.64   6.443  -0.0029
   36.4     2.72   6.471  -0.0029
   36.5     2.74   6.497  -0.0040
   36.8     2.70   6.524  -0.0032
   37.0     2.74   6.552  -0.0043
   37.2     2.74   6.578  -0.0073
   37.5     2.77   6.605  -0.0071
   37.6     2.73   6.632  -0.0065
   37.9     2.77   6.658  -0.0048
   38.1     2.79   6.685  -0.0051
   38.3     2.74   6.712  -0.0091
   38.5     2.75   6.739  -0.0072
   38.8     2.78   6.766  -0.0088
   39.0     2.81   6.792  -0.0084
   39.3     2.83   6.819  -0.0046
   39.6     2.82   6.846  -0.0058
   39.7     2.83   6.873  -0.0087
   40.0     2.85   6.900  -0.0059
   40.2     2.86   6.927  -0.0042
   40.3     2.82   6.954  -0.0025
   40.6     2.84   6.981  -0.0007
   40.8     2.89   7.008  -0.0023
   41.1     2.88   7.035  -0.0010
   41.3     2.94   7.062  -0.0036
   41.5     2.94   7.089  -0.0058
   41.7     2.97   7.115  -0.0099
   42.0     2.95   7.142  -0.0066
   42.3     2.99   7.169  -0.0067
   42.5     2.94   7.196  -0.0064
   42.6     2.95   7.223  -0.0048
   43.0     2.92   7.249  -0.0046
   43.1     3.00   7.277  -0.0053
   43.5     3.01   7.303  -0.0028
   43.7     3.05   7.330  -0.0013
   43.9     3.01   7.357   0.0022
   44.1     3.08   7.384  -0.0002
   44.4     3.07   7.411   0.0022
   44.6     3.07   7.437   0.0024
   44.9     3.05   7.465   0.0020
   45.1     3.10   7.491   0.0022
   45.4     3.11   7.518  -0.0016
   45.6     3.09   7.545  -0.0008
   45.9     3.11   7.571  -0.0026
   46.0     3.11   7.598  -0.0046
   46.4     3.11   7.625  -0.0078
   46.6     3.14   7.652  -0.0047
   46.9     3.10   7.678  -0.0041
   47.1     3.15   7.705  -0.0042
   47.4     3.13   7.732  -0.0004
   47.6     3.20   7.758  -0.0023
   47.8     3.17   7.785  -0.0035
   48.0     3.18   7.812  -0.0043
   48.3     3.21   7.839  -0.0039
   48.5     3.15   7.866  -0.0070
   48.8     3.20   7.892  -0.0042
   49.1     3.25   7.919  -0.0086
   49.4     3.28   7.946  -0.0102
   49.6     3.27   7.973  -0.0087
   49.8     3.26   8.000  -0.0075
   50.1     3.32   8.027  -0.0067
   50.4     3.35   8.054  -0.0069
   50.6     3.29   8.081  -0.0069
   50.7     3.33   8.108  -0.0068
   51.1     3.37   8.134  -0.0055
   51.3     3.32   8.161  -0.0080
   51.6     3.38   8.188  -0.0091
   52.0     3.36   8.216  -0.0070
   52.2     3.36   8.242  -0.0060
   52.4     3.39   8.269  -0.0046
   52.5     3.36   8.296  -0.0018
   52.8     3.39   8.323  -0.0035
   53.1     3.40   8.350  -0.0033
   53.4     3.38   8.377  -0.0077
   53.6     3.41   8.404  -0.0037
   53.8     3.36   8.431  -0.0049
   54.0     3.34   8.458  -0.0030
   54.3     3.36   8.485  -0.0046
   54.6     3.49   8.512  -0.0044
   54.9     3.46   8.539  -0.0037
   55.2     3.43   8.566  -0.0070
   55.2     3.30   8.592  -0.0078
   55.5     3.34   8.620  -0.0049
   55.8     3.43   8.646  -0.0022
   56.2     3.46   8.673  -0.0026
   56.4     3.39   8.700  -0.0000
   56.6     3.45   8.727   0.0020
   56.8     3.44   8.754  -0.0030
   57.1     3.40   8.780  -0.0025
   57.3     3.45   8.807  -0.0021
   57.5     3.42   8.834  -0.0021
   57.8     3.43   8.861  -0.0002
   58.1     3.42   8.888  -0.0022
   58.4     3.46   8.915  -0.0020
   58.7     3.49   8.942  -0.0013
   58.8     3.47   8.968  -0.0051
   59.1     3.49   8.995  -0.0055
   59.3     3.54   9.022  -0.0054
   59.6     3.48   9.049  -0.0057
   59.9     3.50   9.076  -0.0064
   60.0     3.46   9.103  -0.0046
   60.5     3.55   9.130  -0.0070
   60.7     3.54   9.157  -0.0053
   60.9     3.52   9.184  -0.0021
   61.3     3.54   9.211  -0.0032
   61.6     3.59   9.238  -0.0040
   61.7     3.57   9.264  -0.0032
   61.9     3.54   9.291  -0.0091
   62.3     3.67   9.318  -0.0055
   62.6     3.57   9.346  -0.0039
   62.8     3.60   9.372  -0.0019
   63.0     3.60   9.400  -0.0028
   63.3     3.58   9.427  -0.0055
   63.5     3.54   9.455  -0.0056
   63.8     3.61   9.481  -0.0040
   64.1     3.54   9.509  -0.0062
   64.3     3.60   9.535  -0.0037
   64.6     3.60   9.562  -0.0095
   64.9     3.55   9.589  -0.0135
   65.2     3.60   9.616  -0.0143
   65.5     3.64   9.643  -0.0111
   65.7     3.71   9.670  -0.0078
   66.1     3.70   9.697  -0.0094
   66.3     3.69   9.724  -0.0116
   66.6     3.69   9.751  -0.0158
   66.8     3.68   9.778  -0.0136
   67.1     3.67   9.805  -0.0135
   67.4     3.75   9.832  -0.0129
   67.6     3.71   9.859  -0.0128
   67.8     3.74   9.886  -0.0134
   68.1     3.79   9.914  -0.0132
   68.4     3.72   9.941  -0.0151
   68.7     3.71   9.968  -0.0171
   69.0     3.73   9.995  -0.0162
   69.3     3.75  10.021  -0.0140
   69.6     3.75  10.048  -0.0139
   69.9     3.77  10.075  -0.0119
   70.1     3.76  10.102  -0.0141
   70.3     3.75  10.128  -0.0103
   70.6     3.75  10.155  -0.0126
   70.8     3.73  10.182  -0.0139
   71.1     3.75  10.208  -0.0144
   71.3     3.64  10.235  -0.0111
   71.5     3.62  10.261  -0.0129
   71.6     3.56  10.288  -0.0117
   72.0     3.68  10.315  -0.0094
   72.4     3.67  10.342  -0.0106
   72.6     3.67  10.368  -0.0123
   72.9     3.66  10.395  -0.0100
   73.2     3.68  10.422  -0.0146
   73.3     3.64  10.450  -0.0154
   73.7     3.68  10.476  -0.0168
   73.9     3.66  10.502  -0.0144
   74.2     3.65  10.529  -0.0150
   74.5     3.68  10.556  -0.0127
   74.7     3.66  10.583  -0.0092
   75.0     3.70  10.609  -0.0082
   75.2     3.65  10.636  -0.0104
   75.4     3.65  10.662  -0.0103
   75.7     3.60  10.689  -0.0130
   76.0     3.59  10.716  -0.0105
   76.3     3.60  10.743  -0.0119
   76.5     3.57  10.770  -0.0142
   76.8     3.59  10.796  -0.0135
   77.1     3.66  10.823  -0.0136
   77.4     3.61  10.850  -0.0132
   77.6     3.61  10.877  -0.0080
   78.0     3.58  10.904  -0.0091
   78.1     3.63  10.931  -0.0087
   78.5     3.60  10.958  -0.0103
   78.7     3.58  10.984  -0.0078
   79.0     3.62  11.011  -0.0088
   79.2     3.55  11.038  -0.0119
   79.6     3.60  11.065  -0.0111
   79.8     3.60  11.092  -0.0124
   80.0     3.57  11.120  -0.0150
   80.2     3.52  11.146  -0.0134
   80.6     3.41  11.173  -0.0127
   80.8     3.53  11.200  -0.0118
   81.1     3.56  11.227  -0.0136
   81.2     3.54  11.254  -0.0137
   81.6     3.52  11.280  -0.0118
   81.9     3.47  11.307  -0.0148
   82.2     3.46  11.334  -0.0134
   82.5     3.46  11.361  -0.0141
   82.7     3.36  11.388  -0.0132
   82.9     3.39  11.415  -0.0123
   83.0     3.37  11.442  -0.0129
   83.6     3.44  11.469  -0.0152
   83.7     3.42  11.496  -0.0160
   84.2     3.41  11.523  -0.0173
   84.3     3.41  11.550  -0.0127
   84.5     3.38  11.577  -0.0135
   84.8     3.38  11.603  -0.0129
   85.1     3.40  11.630  -0.0171
   85.4     3.35  11.657  -0.0100
   85.6     3.33  11.684  -0.0124
   85.9     3.33  11.711  -0.0144
   86.0     3.26  11.738  -0.0158
   86.4     3.23  11.764  -0.0171
   86.7     3.28  11.791  -0.0137
   87.0     3.33  11.818  -0.0167
   87.3     3.30  11.845  -0.0157
   87.5     3.27  11.871  -0.0140
   87.9     3.27  11.898  -0.0143
   88.2     3.31  11.925  -0.0115
   88.5     3.24  11.952  -0.0145
   88.6     3.27  11.979  -0.0156
   88.9     3.24  12.005  -0.0136
   89.1     3.25  12.032  -0.0097
   89.4     3.20  12.059  -0.0095
   89.8     3.17  12.086  -0.0126
   90.0     3.19  12.113  -0.0102
   90.2     3.16  12.140  -0.0118
   90.4     3.12  12.167  -0.0142
   90.8     3.10  12.194  -0.0155
   91.1     3.15  12.221  -0.0139
   91.2     3.06  12.247  -0.0137
   91.6     3.08  12.274  -0.0165
   91.9     3.07  12.301  -0.0196
   92.1     3.00  12.328  -0.0179
   92.3     3.00  12.354  -0.0178
   92.5     2.96  12.382  -0.0142
   92.9     2.96  12.408  -0.0114
   93.1     2.98  12.435  -0.0130
   93.4     2.97  12.463  -0.0114
   93.7     2.91  12.489  -0.0122
   93.9     2.91  12.516  -0.0106
   94.2     2.90  12.543  -0.0119
   94.5     2.91  12.570  -0.0117
   94.8     2.88  12.597  -0.0118
   94.9     2.84  12.624  -0.0108
   95.2     2.83  12.650  -0.0101
   95.5     2.79  12.677  -0.0063
   95.7     2.78  12.704  -0.0115
   96.0     2.77  12.731  -0.0147
   96.3     2.77  12.758  -0.0161
   96.5     2.71  12.785  -0.0140
   96.8     2.73  12.812  -0.0127
   97.1     2.70  12.839  -0.0120
   97.4     2.71  12.866  -0.0114
   97.6     2.68  12.892  -0.0117
   97.9     2.69  12.919  -0.0161
   98.1     2.63  12.946  -0.0163
   98.4     2.60  12.973  -0.0142
   98.7     2.60  13.000  -0.0125
   98.8     2.57  13.027  -0.0147
   99.2     2.56  13.054  -0.0134
   99.4     2.57  13.081  -0.0129
   99.7     2.54  13.107  -0.0127
  100.0     2.51  13.134  -0.0131
  100.2     2.50  13.160  -0.0114
  100.5     2.49  13.187  -0.0172
  100.8     2.46  13.214  -0.0155
  101.0     2.42  13.240  -0.0138
  101.3     2.42  13.267  -0.0137
  101.4     2.39  13.294  -0.0137
  101.6     2.39  13.321  -0.0089
  102.1     2.34  13.348  -0.0069
  102.3     2.36  13.374  -0.0134
  102.5     2.32  13.401  -0.0110
  102.8     2.32  13.428  -0.0088
  103.2     2.27  13.456  -0.0115
  103.3     2.27  13.483  -0.0125
  103.6     2.25  13.509  -0.0111
  103.9     2.19  13.536  -0.0100
  104.1     2.18  13.563  -0.0123
  104.4     2.18  13.590  -0.0106
  104.6     2.14  13.617  -0.0138
  105.0     2.18  13.643  -0.0128
  105.2     2.11  13.670  -0.0134
  105.5     2.10  13.697  -0.0139
  105.7     2.05  13.724  -0.0173
  106.0     2.03  13.750  -0.0184
  106.2     2.04  13.777  -0.0151
  106.5     2.03  13.804  -0.0122
  106.8     2.02  13.831  -0.0073
  107.0     2.04  13.858  -0.0101
  107.4     1.99  13.885  -0.0120
  107.6     2.01  13.912  -0.0152
  107.9     1.98  13.939  -0.0171
  108.3     1.96  13.965  -0.0154
  108.4     1.95  13.992  -0.0161
  108.7     1.93  14.019  -0.0177
  108.8     1.95  14.046  -0.0145
  109.3     1.87  14.073  -0.0141
  109.4     1.87  14.100  -0.0158
  109.8     1.90  14.127  -0.0136
  110.1     1.88  14.154  -0.0147
  110.2     1.86  14.182  -0.0177
  110.6     1.80  14.217  -0.0172
  110.9     1.80  14.246  -0.0174
  111.2     1.81  14.274  -0.0206
  111.4     1.77  14.302  -0.0199
  111.6     1.78  14.329  -0.0209
  111.9     1.76  14.356  -0.0175
  112.3     1.76  14.384  -0.0168
  112.6     1.74  14.410  -0.0173
  112.9     1.75  14.438  -0.0186
  113.2     1.67  14.465  -0.0202
  113.3     1.77  14.493  -0.0221
  113.6     1.69  14.528  -0.0234
  114.0     1.69  14.555  -0.0213
  114.3     1.69  14.582  -0.0189
  114.5     1.68  14.609  -0.0179
  114.8     1.68  14.636  -0.0183
  115.0     1.68  14.663  -0.0191
  115.3     1.66  14.689  -0.0152
  115.5     1.62  14.717  -0.0189
  115.9     1.62  14.744  -0.0225
  116.1     1.63  14.771  -0.0211
  116.4     1.61  14.798  -0.0220
  116.7     1.61  14.825  -0.0239
  116.9     1.62  14.852  -0.0213
  117.2     1.62  14.879  -0.0201
  117.5     1.64  14.906  -0.0200
  117.7     1.54  14.933  -0.0182
  118.0     1.58  14.960  -0.0187
  118.3     1.54  14.987  -0.0173
  118.6     1.58  15.014  -0.0162
  118.9     1.59  15.041  -0.0175
  119.1     1.60  15.067  -0.0149
  119.3     1.55  15.095  -0.0166
  119.7     1.54  15.121  -0.0184
  120.0     1.54  15.148  -0.0194
  120.1     1.53  15.175  -0.0216
  120.4     1.52  15.202  -0.0217
  120.6     1.50  15.228  -0.0193
  120.9     1.48  15.255  -0.0165
  121.2     1.51  15.282  -0.0160
  121.4     1.52  15.309  -0.0149
  121.6     1.52  15.336  -0.0145
  122.0     1.51  15.363  -0.0148
  122.3     1.48  15.389  -0.0140
  122.5     1.46  15.416  -0.0121
  122.8     1.47  15.443  -0.0150
  123.1     1.53  15.471  -0.0161
  123.3     1.46  15.498  -0.0153
  123.7     1.50  15.525  -0.0153
  123.9     1.50  15.552  -0.0123
  124.2     1.45  15.578  -0.0120
  124.4     1.44  15.605  -0.0126
  124.7     1.47  15.633  -0.0182
  125.0     1.47  15.660  -0.0185
  125.2     1.49  15.687  -0.0160
  125.5     1.47  15.713  -0.0158
  125.7     1.49  15.740  -0.0129
  125.9     1.49  15.766  -0.0157
  126.3     1.45  15.793  -0.0157
  126.5     1.48  15.820  -0.0130
  126.8     1.45  15.847  -0.0137
  127.0     1.48  15.874  -0.0134
  127.3     1.47  15.901  -0.0132
  127.6     1.48  15.928  -0.0133
  127.9     1.47  15.955  -0.0105
  128.2     1.46  15.982  -0.0104
  128.4     1.41  16.009  -0.0144
  128.6     1.39  16.035  -0.0101
  128.8     1.41  16.063  -0.0075
  129.1     1.40  16.089  -0.0108
  129.4     1.46  16.116  -0.0161
  129.6     1.41  16.143  -0.0182
  129.9     1.45  16.170  -0.0162
  130.1     1.44  16.197  -0.0163
  130.4     1.40  16.224  -0.0167
  130.7     1.43  16.251  -0.0171
  130.8     1.41  16.277  -0.0178
  131.2     1.41  16.304  -0.0195
  131.5     1.41  16.331  -0.0166
  131.7     1.38  16.358  -0.0206
  132.0     1.43  16.385  -0.0193
  132.3     1.43  16.412  -0.0117
  132.5     1.42  16.439  -0.0120
  132.8     1.42  16.467  -0.0148
  133.1     1.45  16.494  -0.0138
  133.3     1.47  16.521  -0.0139
  133.6     1.46  16.548  -0.0130
  133.9     1.51  16.574  -0.0140
  134.2     1.56  16.602  -0.0130
  134.5     1.59  16.628  -0.0124
  134.8     1.58  16.655  -0.0120
  135.1     1.58  16.681  -0.0142
  135.2     1.54  16.709  -0.0168
  135.5     1.51  16.735  -0.0171
  135.7     1.53  16.762  -0.0207
  136.0     1.54  16.789  -0.0213
  136.3     1.59  16.815  -0.0168
  136.5     1.54  16.842  -0.0125
  136.9     1.57  16.870  -0.0138
  137.1     1.60  16.897  -0.0133
  137.5     1.65  16.923  -0.0170
  137.7     1.62  16.950  -0.0182
  138.1     1.65  16.977  -0.0170
  138.2     1.62  17.004  -0.0187
  138.5     1.64  17.030  -0.0177
  138.7     1.65  17.058  -0.0184
  139.1     1.68  17.084  -0.0188
  139.3     1.68  17.111  -0.0192
  139.6     1.76  17.138  -0.0220
  139.9     1.77  17.165  -0.0227
  140.2     1.77  17.192  -0.0244
  140.6     1.73  17.219  -0.0238
  140.7     1.78  17.246  -0.0195
  141.0     1.78  17.272  -0.0218
  141.2     1.79  17.299  -0.0217
  141.5     1.80  17.326  -0.0220
  141.8     1.80  17.353  -0.0235
  142.0     1.82  17.379  -0.0228
  142.4     1.82  17.406  -0.0213
  142.6     1.83  17.433  -0.0231
  142.9     1.85  17.461  -0.0222
  143.2     1.89  17.488  -0.0243
  143.4     1.89  17.515  -0.0224
  143.8     1.90  17.541  -0.0221
  144.0     1.95  17.568  -0.0201
  144.2     1.91  17.595  -0.0225
  144.6     1.96  17.622  -0.0195
  144.8     1.95  17.649  -0.0209
  145.0     1.95  17.676  -0.0207
  145.3     1.98  17.703  -0.0208
  145.7     1.98  17.730  -0.0244
  145.9     2.04  17.757  -0.0252
  146.2     2.06  17.783  -0.0220
  146.5     2.02  17.810  -0.0218
  146.8     2.04  17.837  -0.0212
  147.0     2.07  17.864  -0.0201
  147.2     2.07  17.891  -0.0233
  147.5     2.11  17.917  -0.0254
  147.9     2.14  17.944  -0.0229
  148.1     2.10  17.971  -0.0206
  148.5     2.17  17.998  -0.0202
  148.7     2.23  18.024  -0.0157
  149.0     2.15  18.051  -0.0174
  149.2     2.20  18.078  -0.0164
  149.6     2.18  18.105  -0.0193
  149.7     2.23  18.132  -0.0198
  150.1     2.24  18.159  -0.0200
  150.3     2.24  18.186  -0.0184
  150.5     2.26  18.212  -0.0165
  150.9     2.25  18.239  -0.0172
  151.0     2.25  18.266  -0.0205
  151.5     2.30  18.293  -0.0210
  151.7     2.34  18.319  -0.0172
  152.0     2.29  18.346  -0.0168
  152.3     2.38  18.373  -0.0190
  152.5     2.34  18.400  -0.0181
  152.8     2.36  18.427  -0.0178
  153.1     2.39  18.454  -0.0175
  153.4     2.39  18.481  -0.0182
  153.7     2.38  18.508  -0.0207
  154.0     2.44  18.535  -0.0199
  154.1     2.40  18.562  -0.0204
  154.5     2.45  18.589  -0.0215
  154.7     2.44  18.616  -0.0222
  155.0     2.45  18.642  -0.0202
  155.3     2.51  18.669  -0.0209
  155.6     2.49  18.696  -0.0202
  155.9     2.52  18.723  -0.0180
  156.1     2.54  18.750  -0.0179
  156.5     2.55  18.777  -0.0182
  156.7     2.61  18.804  -0.0209
  157.0     2.60  18.831  -0.0202
  157.2     2.62  18.858  -0.0199
  157.6     2.54  18.885  -0.0178
  157.8     2.63  18.912  -0.0218
  158.2     2.65  18.939  -0.0230
  158.5     2.63  18.966  -0.0230
  158.5     2.67  18.993  -0.0225
  158.9     2.64  19.020  -0.0237
  159.2     2.71  19.046  -0.0224
  159.6     2.73  19.073  -0.0226
  159.7     2.70  19.100  -0.0216
  160.0     2.70  19.127  -0.0213
  160.3     2.74  19.154  -0.0206
  160.5     2.77  19.180  -0.0188
  160.8     2.76  19.207  -0.0186
  161.1     2.81  19.234  -0.0222
  161.4     2.81  19.261  -0.0223
  161.7     2.86  19.288  -0.0222
  162.0     2.86  19.315  -0.0224
  162.2     2.87  19.342  -0.0240
  162.5     2.88  19.369  -0.0210
  162.8     2.92  19.396  -0.0252
  163.1     2.93  19.423  -0.0239
  163.4     2.92  19.450  -0.0224
  163.6     2.95  19.477  -0.0214
  163.9     2.93  19.504  -0.0211
  164.1     2.95  19.530  -0.0230
  164.4     2.98  19.558  -0.0269
  164.7     2.99  19.585  -0.0242
  165.1     3.04  19.611  -0.0211
  165.3     3.05  19.639  -0.0237
  165.6     3.07  19.666  -0.0246
  166.0     3.07  19.692  -0.0279
  166.1     3.17  19.720  -0.0279
  166.4     3.13  19.746  -0.0256
  166.8     3.14  19.773  -0.0288
  167.0     3.19  19.800  -0.0241
  167.2     3.14  19.827  -0.0251
  167.6     3.18  19.854  -0.0218
  167.8     3.20  19.880  -0.0223
  168.2     3.22  19.908  -0.0224
  168.4     3.21  19.936  -0.0227
  168.7     3.28  19.962  -0.0237
  169.0     3.25  19.989  -0.0256
  169.3     3.28  20.017  -0.0244
  169.5     3.27  20.043  -0.0240
  169.8     3.32  20.071  -0.0226
  170.1     3.35  20.098  -0.0276
  170.4     3.35  20.125  -0.0299
  170.8     3.36  20.152  -0.0296
  170.9     3.39  20.179  -0.0289
  171.3     3.42  20.206  -0.0348
  171.5     3.38  20.233  -0.0310
  171.8     3.42  20.260  -0.0280
  172.0     3.44  20.287  -0.0295
  172.3     3.48  20.314  -0.0281
  172.6     3.45  20.340  -0.0299
  172.9     3.46  20.368  -0.0296
  173.2     3.50  20.395  -0.0266
  173.4     3.48  20.422  -0.0267
  173.7     3.56  20.449  -0.0265
  174.0     3.54  20.476  -0.0247
  174.2     3.50  20.503  -0.0273
  174.6     3.58  20.530  -0.0320
  174.9     3.63  20.557  -0.0289
  175.1     3.64  20.584  -0.0275
  175.4     3.66  20.611  -0.0300
  175.7     3.66  20.638  -0.0288
  175.9     3.61  20.665  -0.0291
  176.2     3.60  20.692  -0.0283
  176.5     3.64  20.719  -0.0253
  176.9     3.68  20.746  -0.0250
  177.1     3.73  20.773  -0.0258
  177.4     3.70  20.800  -0.0257
  177.7     3.71  20.827  -0.0236
  177.9     3.75  20.854  -0.0223
  178.2     3.73  20.881  -0.0239
  178.5     3.76  20.908  -0.0275
  178.7     3.74  20.935  -0.0267
  179.0     3.77  20.962  -0.0284
  179.3     3.77  20.989  -0.0294
  179.5     3.79  21.016  -0.0274
  179.8     3.82  21.042  -0.0256
  180.1     3.82  21.070  -0.0252
  180.3     3.81  21.097  -0.0236
  180.7     3.84  21.124  -0.0197
  180.9     3.87  21.151  -0.0163
  181.3     3.84  21.178  -0.0164
  181.5     3.90  21.205  -0.0170
  181.8     3.94  21.232  -0.0184
  182.0     3.95  21.259  -0.0171
  182.4     3.91  21.286  -0.0187
  182.6     3.98  21.313  -0.0183
  183.0     3.95  21.340  -0.0173
  183.1     3.96  21.366  -0.0176
  183.5     4.01  21.393  -0.0188
  183.7     3.97  21.421  -0.0217
  184.0     3.98  21.448  -0.0242
  184.3     4.05  21.475  -0.0219
  184.5     4.00  21.502  -0.0196
  184.9     4.05  21.528  -0.0195
  185.2     4.07  21.555  -0.0191
  185.4     4.08  21.582  -0.0177
  185.6     4.06  21.609  -0.0178
  185.9     4.08  21.636  -0.0183
  186.2     4.12  21.663  -0.0228
  186.6     4.16  21.689  -0.0200
  186.9     4.19  21.716  -0.0215
  187.1     4.18  21.743  -0.0237
  187.3     4.20  21.770  -0.0269
  187.6     4.19  21.797  -0.0250
  187.9     4.23  21.823  -0.0228
  188.2     4.24  21.850  -0.0265
  188.5     4.24  21.877  -0.0269
  188.7     4.24  21.904  -0.0254
  189.0     4.27  21.931  -0.0267
  189.2     4.28  21.958  -0.0258
  189.6     4.30  21.985  -0.0242
  190.0     4.34  22.012  -0.0218
  190.1     4.30  22.039  -0.0258
  190.4     4.34  22.066  -0.0255
  190.6     4.34  22.092  -0.0229
  191.0     4.36  22.119  -0.0236
  191.2     4.36  22.146  -0.0234
  191.5     4.36  22.173  -0.0272
  191.8     4.41  22.200  -0.0289
  192.1     4.47  22.228  -0.0294
  192.3     4.50  22.254  -0.0276
  192.6     4.50  22.281  -0.0261
  193.0     4.52  22.308  -0.0240
  193.2     4.53  22.335  -0.0278
  193.4     4.54  22.362  -0.0304
  193.8     4.56  22.389  -0.0306
  194.2     4.58  22.416  -0.0341
  194.4     4.57  22.442  -0.0310
  194.6     4.58  22.470  -0.0301
  194.9     4.59  22.497  -0.0276
  195.1     4.61  22.524  -0.0275
  195.5     4.57  22.551  -0.0296
  195.7     4.58  22.578  -0.0300
  195.9     4.57  22.605  -0.0288
  196.2     4.59  22.632  -0.0285
  196.6     4.63  22.659  -0.0262
  196.7     4.60  22.686  -0.0293
  197.0     4.66  22.712  -0.0260
  197.4     4.64  22.740  -0.0251
  197.6     4.64  22.766  -0.0262
  198.0     4.68  22.793  -0.0290
  198.1     4.67  22.820  -0.0290
  198.5     4.70  22.846  -0.0277
  198.8     4.73  22.873  -0.0298
  199.0     4.71  22.901  -0.0311
  199.2     4.71  22.928  -0.0323
  199.5     4.71  22.955  -0.0306
  199.8     4.80  22.982  -0.0314
  200.1     4.76  23.008  -0.0313
  200.4     4.76  23.035  -0.0328
  200.6     4.80  23.062  -0.0319
  201.0     4.85  23.089  -0.0320
  201.3     4.84  23.116  -0.0317
  201.6     4.84  23.143  -0.0327
  201.9     4.88  23.170  -0.0308
  202.2     4.89  23.197  -0.0294
  202.3     4.93  23.224  -0.0307
  202.7     4.92  23.252  -0.0302
  202.8     4.87  23.279  -0.0250
  203.0     4.82  23.305  -0.0252
  203.4     4.89  23.332  -0.0251
  203.7     4.94  23.359  -0.0251
  204.0     5.00  23.386  -0.0258
  204.2     4.92  23.413  -0.0229
  204.4     4.97  23.440  -0.0263
  204.9     4.94  23.467  -0.0258
  204.9     5.01  23.494  -0.0285
  205.2     4.96  23.521  -0.0299
  205.5     4.97  23.548  -0.0324
  205.9     4.98  23.575  -0.0330
  206.2     5.11  23.602  -0.0324
  206.5     5.13  23.629  -0.0283
  206.7     5.18  23.656  -0.0333
  207.0     5.19  23.683  -0.0314
  207.4     5.16  23.710  -0.0298
  207.4     5.20  23.736  -0.0316
  207.8     5.20  23.763  -0.0327
  208.1     5.24  23.790  -0.0334
  208.4     5.22  23.818  -0.0327
  208.6     5.21  23.845  -0.0318
  208.9     5.23  23.872  -0.0317
  209.2     5.25  23.899  -0.0282
  209.4     5.32  23.926  -0.0266
  209.8     5.26  23.952  -0.0290
  209.9     5.32  23.980  -0.0276
  210.4     5.43  24.007  -0.0272
  210.6     5.37  24.033  -0.0300
  210.9     5.39  24.060  -0.0301
  211.1     5.45  24.087  -0.0343
  211.5     5.52  24.114  -0.0318
  211.7     5.53  24.141  -0.0294
  212.1     5.61  24.168  -0.0321
  212.3     5.53  24.195  -0.0305
  212.5     5.54  24.222  -0.0289
  212.7     5.52  24.249  -0.0270
  213.0     5.59  24.276  -0.0295
  213.3     5.58  24.303  -0.0276
  213.6     5.59  24.329  -0.0258
  213.9     5.56  24.356  -0.0269
  214.4     5.73  24.383  -0.0279
  214.5     5.77  24.410  -0.0285
  214.8     5.79  24.438  -0.0241
  214.9     5.76  24.465  -0.0246
  215.1     5.67  24.492  -0.0284
  215.4     5.70  24.519  -0.0285
  215.7     5.74  24.546  -0.0292
  216.2     5.76  24.573  -0.0300
  216.3     5.76  24.600  -0.0290
  216.7     5.82  24.627  -0.0242
  216.8     5.84  24.654  -0.0253
  217.1     5.79  24.681  -0.0253
  217.4     5.83  24.708  -0.0248
  217.7     5.81  24.735  -0.0243
  218.0     5.89  24.762  -0.0260
  218.3     5.91  24.790  -0.0250
  218.6     5.92  24.816  -0.0304
  218.9     5.99  24.843  -0.0270
  219.1     5.99  24.870  -0.0278
  219.5     6.07  24.897  -0.0322
  219.7     6.11  24.924  -0.0341
  220.1     6.08  24.951  -0.0354
  220.3     6.09  24.977  -0.0347
  220.6     6.14  25.004  -0.0367
  220.8     6.15  25.031  -0.0377
  221.1     6.17  25.058  -0.0409
  221.3     6.13  25.085  -0.0412
  221.7     6.14  25.112  -0.0338
  222.0     6.22  25.139  -0.0337
  222.3     6.23  25.166  -0.0368
  222.5     6.24  25.192  -0.0342
  222.8     6.24  25.220  -0.0369
  223.1     6.32  25.247  -0.0345
  223.5     6.30  25.274  -0.0337
  223.7     6.34  25.301  -0.0327
  223.9     6.32  25.327  -0.0320
  224.2     6.34  25.355  -0.0328
  224.5     6.37  25.382  -0.0320
  224.8     6.42  25.409  -0.0316
  225.1     6.45  25.435  -0.0310
  225.3     6.46  25.463  -0.0317
  225.6     6.45  25.490  -0.0305
  226.0     6.57  25.517  -0.0289
  226.3     6.58  25.544  -0.0313
  226.6     6.56  25.571  -0.0335
  226.9     6.64  25.598  -0.0331
  227.1     6.65  25.625  -0.0363
  227.5     6.67  25.652  -0.0391
  227.7     6.72  25.678  -0.0410
  228.0     6.68  25.705  -0.0371
  228.3     6.72  25.733  -0.0386
  228.6     6.77  25.759  -0.0434
  228.8     6.71  25.786  -0.0396
  229.2     6.80  25.814  -0.0390
  229.4     6.80  25.840  -0.0391
  229.7     6.77  25.867  -0.0408
  229.9     6.76  25.894  -0.0414
  230.3     6.83  25.921  -0.0427
  230.5     6.81  25.948  -0.0423
  230.8     6.83  25.975  -0.0413
  231.1     6.85  26.002  -0.0403
  231.3     6.82  26.029  -0.0405
  231.5     6.82  26.056  -0.0435
  231.8     6.86  26.083  -0.0448
  232.1     6.84  26.110  -0.0415
  232.2     6.82  26.137  -0.0443
  232.5     6.85  26.164  -0.0432
  233.1     6.94  26.191  -0.0452
  233.3     6.98  26.217  -0.0440
  233.4     6.86  26.244  -0.0452
  233.8     6.88  26.271  -0.0452
  234.0     6.91  26.298  -0.0447
  234.3     6.96  26.325  -0.0464
  234.6     6.95  26.352  -0.0451
  234.9     6.96  26.379  -0.0421
  235.3     6.99  26.406  -0.0444
  235.5     7.00  26.434  -0.0454
  235.7     7.02  26.461  -0.0478
  235.9     6.99  26.488  -0.0449
  236.4     7.10  26.515  -0.0445
  236.6     7.12  26.542  -0.0457
  236.9     7.14  26.569  -0.0459
  237.2     7.09  26.596  -0.0426
  237.4     7.11  26.623  -0.0457
  237.8     7.13  26.650  -0.0450
  238.1     7.16  26.677  -0.0456
  238.4     7.14  26.705  -0.0439
  238.5     7.16  26.732  -0.0435
  238.9     7.19  26.759  -0.0446
  239.3     7.21  26.786  -0.0449
  239.5     7.22  26.813  -0.0429
  239.7     7.19  26.840  -0.0443
  240.0     7.16  26.866  -0.0449
  240.3     7.22  26.893  -0.0464
  240.7     7.23  26.921  -0.0451
  241.0     7.27  26.948  -0.0448
  241.2     7.28  26.975  -0.0479
  241.5     7.30  27.002  -0.0473
  241.8     7.29  27.029  -0.0464
  242.1     7.31  27.056  -0.0486
  242.4     7.35  27.083  -0.0509
  242.7     7.37  27.110  -0.0502
  242.9     7.36  27.137  -0.0505
  243.2     7.38  27.164  -0.0507
  243.6     7.40  27.191  -0.0501
  243.8     7.39  27.218  -0.0529
  244.1     7.44  27.245  -0.0516
  244.4     7.45  27.272  -0.0549
  244.7     7.50  27.299  -0.0524
  244.9     7.48  27.326  -0.0544
  245.2     7.51  27.353  -0.0541
  245.6     7.54  27.380  -0.0534
  245.9     7.54  27.407  -0.0546
  246.1     7.59  27.434  -0.0544
  246.4     7.57  27.461  -0.0564
  246.7     7.59  27.488  -0.0532
  247.0     7.60  27.515  -0.0516
  247.2     7.61  27.542  -0.0509
  247.6     7.63  27.569  -0.0518
  247.9     7.69  27.596  -0.0550
  248.2     7.69  27.623  -0.0525
  248.5     7.70  27.650  -0.0547
  248.7     7.70  27.677  -0.0553
  249.1     7.68  27.704  -0.0547
  249.3     7.74  27.731  -0.0535
  249.7     7.80  27.758  -0.0528
  250.0     7.76  27.785  -0.0534
  250.3     7.81  27.812  -0.0565
  250.5     7.85  27.839  -0.0531
  250.9     7.83  27.866  -0.0587
  251.1     7.86  27.893  -0.0590
  251.4     7.87  27.920  -0.0612
  251.7     7.88  27.947  -0.0564
  251.9     7.88  27.974  -0.0592
  252.3     7.90  28.001  -0.0583
  252.5     7.96  28.028  -0.0615
  252.7     7.97  28.054  -0.0603
  253.2     7.97  28.082  -0.0625
  253.5     8.00  28.109  -0.0619
  253.8     7.99  28.136  -0.0619
  254.0     8.02  28.163  -0.0631
  254.3     8.05  28.189  -0.0615
  254.7     8.07  28.216  -0.0664
  255.0     8.10  28.243  -0.0696
  255.2     8.07  28.271  -0.0670
  255.3     8.11  28.297  -0.0649
  255.8     8.15  28.325  -0.0662
  256.1     8.14  28.352  -0.0660
  256.3     8.18  28.379  -0.0665
  256.6     8.18  28.406  -0.0670
  257.0     8.17  28.433  -0.0670
  257.2     8.27  28.461  -0.0673
  257.5     8.24  28.488  -0.0635
  257.9     8.28  28.515  -0.0624
  258.1     8.28  28.542  -0.0620
  258.4     8.29  28.569  -0.0597
  258.7     8.29  28.596  -0.0626
  258.9     8.33  28.623  -0.0650
  259.3     8.33  28.650  -0.0669
  259.6     8.38  28.677  -0.0672
  259.8     8.39  28.703  -0.0691
  260.1     8.32  28.730  -0.0705
  260.4     8.36  28.757  -0.0667
  260.7     8.38  28.784  -0.0687
  260.9     8.41  28.811  -0.0697
  261.3     8.45  28.838  -0.0704
  261.5     8.46  28.865  -0.0707
  261.9     8.45  28.892  -0.0701
  262.2     8.45  28.919  -0.0706
  262.4     8.48  28.946  -0.0723
  262.7     8.49  28.973  -0.0712
  263.1     8.52  29.000  -0.0722
  263.2     8.51  29.027  -0.0764
  263.6     8.52  29.054  -0.0727
  263.8     8.55  29.081  -0.0762
  264.1     8.53  29.108  -0.0759
  264.4     8.53  29.135  -0.0782
  264.7     8.58  29.161  -0.0744
  265.0     8.51  29.189  -0.0715
  265.3     8.52  29.215  -0.0708
  265.6     8.66  29.242  -0.0739
  265.9     8.63  29.270  -0.0759
  266.3     8.71  29.296  -0.0730
  266.5     8.65  29.323  -0.0716
  266.7     8.70  29.350  -0.0751
  267.1     8.68  29.377  -0.0757
  267.4     8.71  29.404  -0.0770
  267.6     8.71  29.431  -0.0776
  267.9     8.75  29.459  -0.0797
  268.2     8.71  29.485  -0.0819
  268.5     8.76  29.512  -0.0830
  268.9     8.78  29.539  -0.0795
  269.2     8.78  29.566  -0.0832
  269.5     8.77  29.593  -0.0836
  269.7     8.79  29.620  -0.0828
  270.0     8.82  29.647  -0.0815
  270.3     8.71  29.674  -0.0832
  270.6     8.80  29.701  -0.0814
  270.8     8.82  29.728  -0.0836
  271.2     8.80  29.755  -0.0903
  271.4     8.83  29.782  -0.0870
  271.7     8.81  29.809  -0.0834
  271.9     8.78  29.835  -0.0830
  272.3     8.82  29.862  -0.0837
  272.4     8.80  29.889  -0.0833
  272.8     8.81  29.916  -0.0872
  273.1     8.82  29.943  -0.0834
  273.4     8.82  29.970  -0.0813
  273.7     8.85  29.997  -0.0828
  274.0     8.85  30.024  -0.0813
  274.2     8.84  30.051  -0.0818
  274.5     8.83  30.078  -0.0840
  274.9     8.87  30.104  -0.0839
  275.2     8.82  30.132  -0.0825
  275.4     8.82  30.158  -0.0827
  275.6     8.86  30.185  -0.0849
  276.0     8.85  30.212  -0.0855
  276.3     8.89  30.240  -0.0837
  276.6     8.84  30.267  -0.0866
  276.9     8.82  30.293  -0.0868
  277.1     8.85  30.320  -0.0858
  277.4     8.83  30.347  -0.0869
  277.8     8.85  30.374  -0.0863
  278.0     8.82  30.401  -0.0842
  278.5     8.88  30.429  -0.0854
  278.5     8.81  30.456  -0.0817
  278.9     8.79  30.483  -0.0810
  279.2     8.81  30.510  -0.0833
  279.4     8.73  30.537  -0.0849
  279.6     8.72  30.564  -0.0844
  280.0     8.75  30.591  -0.0874
  280.3     8.75  30.618  -0.0883
  280.5     8.73  30.645  -0.0863
  280.8     8.75  30.671  -0.0865
  281.1     8.71  30.698  -0.0880
  281.4     8.74  30.726  -0.0885
  281.8     8.76  30.753  -0.0876
  282.1     8.77  30.780  -0.0864
  282.3     8.75  30.806  -0.0889
  282.6     8.75  30.833  -0.0889
  282.9     8.75  30.860  -0.0912
  283.1     8.76  30.887  -0.0934
  283.5     8.75  30.914  -0.0921
  283.7     8.72  30.941  -0.0903
  283.9     8.72  30.968  -0.0913
  284.2     8.70  30.995  -0.0879
  284.5     8.67  31.022  -0.0857
  284.9     8.71  31.049  -0.0915
  285.1     8.69  31.076  -0.0940
  285.5     8.68  31.103  -0.0954
  285.7     8.67  31.130  -0.0950
  286.1     8.70  31.157  -0.0949
  286.3     8.57  31.184  -0.0932
  286.6     8.70  31.211  -0.0940
  286.9     8.58  31.238  -0.0952
  287.2     8.63  31.265  -0.0964
  287.4     8.60  31.292  -0.0938
  287.7     8.65  31.319  -0.0955
  288.0     8.61  31.346  -0.0940
  288.4     8.58  31.373  -0.0974
  288.6     8.58  31.401  -0.0961
  288.9     8.54  31.428  -0.0945
  289.2     8.55  31.455  -0.0928
  289.5     8.56  31.482  -0.0932
  289.8     8.56  31.509  -0.0943
  290.1     8.54  31.536  -0.0957
  290.3     8.52  31.563  -0.0938
  290.5     8.54  31.590  -0.0930
  290.9     8.49  31.617  -0.0938
  291.2     8.52  31.643  -0.0989
  291.5     8.49  31.671  -0.1057
  291.7     8.47  31.697  -0.1023
  292.1     8.47  31.724  -0.1004
  292.4     8.44  31.752  -0.0983
  292.7     8.42  31.779  -0.0954
  292.9     8.41  31.806  -0.0945
  293.1     8.39  31.833  -0.0960
  293.4     8.37  31.860  -0.0954
  293.7     8.36  31.887  -0.0958
  294.0     8.34  31.914  -0.0959
  294.2     8.34  31.941  -0.0951
  294.6     8.37  31.968  -0.0946
  294.8     8.35  31.995  -0.0959
  295.2     8.29  32.022  -0.0975
  295.4     8.31  32.048  -0.1011
  295.7     8.32  32.076  -0.1018
  296.0     8.28  32.103  -0.0996
  296.2     8.27  32.129  -0.0982
  296.5     8.26  32.156  -0.1008
  296.7     8.22  32.183  -0.0986
  297.2     8.18  32.210  -0.0963
  297.4     8.25  32.237  -0.0969
  297.5     8.23  32.264  -0.0979
  297.8     8.25  32.291  -0.0967
  298.2     8.20  32.318  -0.0966
  298.4     8.20  32.345  -0.0955
  298.7     8.16  32.372  -0.0974
  298.9     8.18  32.399  -0.0999
  299.3     8.15  32.426  -0.0988
  299.6     8.13  32.454  -0.0982
  299.8     8.09  32.481  -0.0977
  300.1     8.12  32.508  -0.0989
  300.4     8.13  32.535  -0.0988
  300.7     8.10  32.562  -0.1023
  301.1     8.17  32.589  -0.1019
  301.3     8.08  32.616  -0.1044
  301.6     8.08  32.643  -0.1026
  301.9     8.08  32.670  -0.1039
  302.2     8.05  32.697  -0.1016
  302.5     8.07  32.724  -0.1022
  302.7     7.94  32.751  -0.1022
  302.9     8.04  32.778  -0.0995
  303.3     8.04  32.805  -0.1019
  303.5     8.03  32.832  -0.1014
  303.8     8.03  32.859  -0.0990
  304.1     8.00  32.885  -0.1013
  304.4     8.03  32.912  -0.1037
  304.7     8.03  32.940  -0.1029
  305.0     7.99  32.966  -0.1009
  305.2     7.95  32.993  -0.1037
  305.4     7.95  33.020  -0.1038
  305.7     7.95  33.047  -0.0995
  305.9     7.94  33.074  -0.1019
  306.4     7.92  33.102  -0.1041
  306.6     7.93  33.129  -0.1047
  306.9     7.92  33.156  -0.1042
  307.2     7.94  33.183  -0.1034
  307.5     7.91  33.210  -0.1026
  307.8     7.92  33.237  -0.1005
  308.0     7.92  33.264  -0.1013
  308.4     7.95  33.291  -0.1017
  308.6     7.88  33.318  -0.1037
  309.0     7.89  33.345  -0.1089
  309.2     7.89  33.372  -0.1008
  309.5     7.91  33.399  -0.0983
  309.7     7.90  33.427  -0.1019
  310.1     7.93  33.455  -0.1013
  310.5     7.88  33.481  -0.1031
  310.5     7.91  33.509  -0.1026
  310.9     7.88  33.536  -0.1085
  311.1     7.87  33.563  -0.1054
  311.5     7.87  33.590  -0.1027
  311.8     7.86  33.617  -0.1015
  312.2     7.87  33.645  -0.1035
  312.3     7.88  33.671  -0.1021
  312.7     7.81  33.698  -0.1026
  312.9     7.83  33.726  -0.1010
  313.3     7.84  33.753  -0.0999
  313.5     7.84  33.779  -0.1028
  313.9     7.84  33.806  -0.1062
  314.1     7.86  33.834  -0.1011
  314.3     7.80  33.860  -0.1040
  314.7     7.83  33.887  -0.1036
  314.9     7.81  33.914  -0.1008
  315.2     7.86  33.941  -0.1051
  315.5     7.84  33.968  -0.1067
  315.8     7.80  33.995  -0.1056
  316.1     7.78  34.022  -0.1053
  316.3     7.80  34.049  -0.1092
  316.6     7.79  34.076  -0.1088
  317.0     7.74  34.103  -0.1096
  317.2     7.78  34.130  -0.1100
  317.6     7.82  34.157  -0.1091
  317.8     7.79  34.184  -0.1045
  318.1     7.81  34.210  -0.1058
  318.4     7.76  34.237  -0.1050
  318.7     7.77  34.265  -0.1062
  319.0     7.71  34.292  -0.1038
  319.2     7.73  34.319  -0.1061
  319.4     7.73  34.346  -0.1097
  319.9     7.71  34.373  -0.1076
  320.2     7.74  34.400  -0.1096
  320.5     7.71  34.427  -0.1109
  320.8     7.71  34.455  -0.1104
  321.0     7.70  34.482  -0.1100
  321.3     7.69  34.509  -0.1075
  321.7     7.68  34.535  -0.1095
  321.9     7.73  34.562  -0.1106
  322.0     7.63  34.590  -0.1121
  322.5     7.68  34.617  -0.1102
  322.8     7.69  34.643  -0.1100
  323.1     7.68  34.671  -0.1088
  323.4     7.63  34.697  -0.1106
  323.6     7.65  34.724  -0.1089
  324.1     7.72  34.752  -0.1083
  324.2     7.69  34.778  -0.1105
  324.6     7.71  34.805  -0.1059
  324.8     7.66  34.832  -0.1062
  325.2     7.69  34.859  -0.1089
  325.4     7.69  34.886  -0.1060
  325.8     7.64  34.913  -0.1076
  326.0     7.63  34.940  -0.1033
  326.2     7.61  34.966  -0.1011
  326.6     7.63  34.993  -0.1037
  326.9     7.60  35.020  -0.1091
  327.1     7.64  35.047  -0.1101
  327.4     7.63  35.074  -0.1093
  327.8     7.62  35.102  -0.1129
  328.1     7.60  35.128  -0.1106
  328.3     7.59  35.155  -0.1109
  328.6     7.57  35.183  -0.1090
  328.9     7.57  35.210  -0.1052
  329.2     7.59  35.237  -0.1081
  329.5     7.56  35.264  -0.1137
  329.8     7.53  35.291  -0.1150
  330.1     7.51  35.318  -0.1112
  330.4     7.49  35.345  -0.1095
  330.7     7.55  35.372  -0.1119
  330.8     7.51  35.399  -0.1129
  331.3     7.49  35.426  -0.1114
  331.5     7.50  35.454  -0.1143
  331.8     7.44  35.481  -0.1106
  332.0     7.46  35.508  -0.1088
  332.4     7.45  35.535  -0.1085
  332.6     7.46  35.562  -0.1113
  333.0     7.45  35.589  -0.1101
  333.2     7.44  35.616  -0.1126
  333.5     7.49  35.643  -0.1084
  333.8     7.40  35.670  -0.1048
  334.1     7.44  35.697  -0.1058
  334.4     7.40  35.724  -0.1095
  334.6     7.39  35.751  -0.1140
  335.1     7.41  35.778  -0.1134
  335.3     7.40  35.805  -0.1118
  335.5     7.40  35.832  -0.1120
  335.7     7.41  35.859  -0.1128
  336.2     7.36  35.886  -0.1127
  336.4     7.38  35.913  -0.1106
  336.6     7.39  35.940  -0.1081
  337.0     7.34  35.967  -0.1058
  337.2     7.30  35.994  -0.1063
  337.6     7.37  36.021  -0.1064
  337.8     7.33  36.048  -0.1096
  338.1     7.31  36.075  -0.1069
  338.4     7.28  36.102  -0.1101
  338.7     7.31  36.128  -0.1119
  339.0     7.27  36.155  -0.1121
  339.3     7.28  36.182  -0.1149
  339.6     7.25  36.210  -0.1147
  340.0     7.31  36.237  -0.1174
  340.1     7.27  36.264  -0.1140
  340.6     7.27  36.291  -0.1144
  340.7     7.26  36.317  -0.1082
  341.1     7.25  36.344  -0.1084
  341.3     7.23  36.372  -0.1097
  341.5     7.22  36.399  -0.1060
  341.9     7.19  36.426  -0.1051
  342.1     7.20  36.453  -0.1046
  342.5     7.21  36.480  -0.1058
  342.7     7.16  36.507  -0.1093
  343.0     7.19  36.535  -0.1130
  343.3     7.17  36.562  -0.1123
  343.6     7.17  36.589  -0.1140
  343.9     7.15  36.616  -0.1153
  344.1     7.20  36.643  -0.1156
  344.4     7.14  36.671  -0.1165
  344.8     7.18  36.697  -0.1199
  345.1     7.15  36.724  -0.1265
  345.3     7.09  36.751  -0.1193
  345.5     7.07  36.779  -0.1194
  345.8     7.07  36.806  -0.1185
  346.2     7.13  36.833  -0.1180
  346.6     7.12  36.860  -0.1171
  346.7     7.09  36.887  -0.1135
  347.0     7.07  36.914  -0.1141
  347.4     7.11  36.941  -0.1182
  347.7     7.08  36.968  -0.1170
  348.0     7.09  36.995  -0.1179
  348.3     7.04  37.022  -0.1141
  348.5     7.07  37.049  -0.1178
  348.8     7.07  37.077  -0.1194
  349.2     7.06  37.104  -0.1156
  349.3     7.02  37.131  -0.1200
  349.7     7.07  37.158  -0.1205
  350.0     7.01  37.185  -0.1226
  350.3     7.05  37.212  -0.1192
  350.4     7.04  37.239  -0.1204
  350.8     7.02  37.266  -0.1149
  351.1     7.05  37.294  -0.1186
  351.4     7.02  37.321  -0.1217
  351.5     6.99  37.348  -0.1201
  352.1     7.03  37.375  -0.1208
  352.2     7.03  37.402  -0.1180
  352.5     7.00  37.429  -0.1184
  352.7     7.00  37.457  -0.1191
  353.0     6.98  37.484  -0.1218
  353.3     6.99  37.511  -0.1234
  353.6     6.99  37.538  -0.1213
  353.8     6.98  37.565  -0.1250
  354.1     6.96  37.592  -0.1270
  354.3     6.93  37.619  -0.1249
  354.6     6.94  37.646  -0.1234
  354.8     6.92  37.673  -0.1265
  355.3     6.91  37.700  -0.1251
  355.5     6.92  37.727  -0.1253
  355.8     6.91  37.754  -0.1255
  356.1     6.96  37.781  -0.1241
  356.2     6.85  37.808  -0.1250
  356.6     6.90  37.835  -0.1234
  356.9     6.88  37.862  -0.1253
  357.1     6.86  37.889  -0.1202
  357.4     6.92  37.916  -0.1203
  357.8     6.89  37.942  -0.1209
  357.9     6.90  37.970  -0.1217
  358.3     6.90  37.997  -0.1161
  358.6     6.94  38.023  -0.1173
  358.9     6.90  38.050  -0.1169
  359.1     6.86  38.077  -0.1182
  359.4     6.89  38.104  -0.1200
  359.6     6.87  38.132  -0.1253
  360.0     6.87  38.158  -0.1201
  360.1     6.88  38.185  -0.1174
  360.4     6.89  38.212  -0.1188
  360.8     6.87  38.239  -0.1228
  361.0     6.81  38.266  -0.1157
  361.3     6.90  38.293  -0.1158
  361.6     6.85  38.320  -0.1202
  361.9     6.87  38.346  -0.1209
  362.1     6.88  38.373  -0.1176
  362.3     6.84  38.401  -0.1187
  362.7     6.83  38.428  -0.1172
  362.9     6.83  38.455  -0.1174
  363.2     6.84  38.482  -0.1169
  363.6     6.84  38.509  -0.1148
  363.8     6.84  38.536  -0.1141
  364.0     6.83  38.563  -0.1158
  364.3     6.85  38.591  -0.1194
  364.6     6.83  38.618  -0.1213
  364.8     6.84  38.645  -0.1183
  365.1     6.80  38.672  -0.1195
  365.5     6.82  38.699  -0.1177
  365.7     6.82  38.726  -0.1165
  366.0     6.81  38.754  -0.1160
  366.3     6.79  38.781  -0.1149
  366.6     6.76  38.808  -0.1138
  366.7     6.80  38.834  -0.1161
  367.1     6.77  38.861  -0.1160
  367.4     6.80  38.888  -0.1169
  367.7     6.79  38.915  -0.1169
  367.9     6.81  38.942  -0.1173
  368.2     6.78  38.969  -0.1188
  368.5     6.80  38.996  -0.1191
  368.7     6.84  39.023  -0.1228
  369.0     6.75  39.051  -0.1199
  369.2     6.80  39.078  -0.1199
  369.6     6.76  39.105  -0.1194
  369.9     6.75  39.132  -0.1168
  370.2     6.79  39.159  -0.1171
  370.4     6.77  39.186  -0.1166
  370.8     6.77  39.213  -0.1168
  371.0     6.79  39.240  -0.1147
  371.3     6.76  39.267  -0.1163
  371.5     6.80  39.294  -0.1217
  371.9     6.77  39.321  -0.1156
  372.2     6.78  39.348  -0.1166
  372.4     6.74  39.374  -0.1186
  372.5     6.71  39.402  -0.1184
  373.0     6.77  39.429  -0.1169
  373.3     6.77  39.457  -0.1174
  373.6     6.81  39.483  -0.1203
  373.7     6.78  39.510  -0.1243
  374.0     6.77  39.537  -0.1228
  374.3     6.80  39.564  -0.1219
  374.7     6.75  39.592  -0.1237
  374.8     6.77  39.619  -0.1260
  375.3     6.76  39.646  -0.1277
  375.6     6.79  39.674  -0.1245
  375.7     6.79  39.701  -0.1240
  376.1     6.75  39.728  -0.1229
  376.3     6.78  39.755  -0.1191
  376.6     6.82  39.782  -0.1236
  376.9     6.81  39.809  -0.1224
  377.2     6.80  39.836  -0.1193
  377.5     6.80  39.864  -0.1240
  377.8     6.83  39.891  -0.1242
  378.0     6.79  39.918  -0.1258
  378.3     6.80  39.945  -0.1285
  378.5     6.84  39.971  -0.1275
  378.9     6.78  39.998  -0.1254
  379.1     6.85  40.025  -0.1229
  379.4     6.76  40.052  -0.1248
  379.7     6.75  40.079  -0.1240
  380.0     6.77  40.107  -0.1243
  380.3     6.78  40.135  -0.1252
  380.5     6.75  40.161  -0.1230
  380.7     6.73  40.188  -0.1205
  381.0     6.74  40.215  -0.1200
  381.3     6.75  40.243  -0.1222
  381.5     6.75  40.271  -0.1203
  382.0     6.74  40.298  -0.1216
  382.2     6.73  40.325  -0.1244
  382.5     6.78  40.352  -0.1239
  382.8     6.75  40.379  -0.1232
  383.1     6.76  40.406  -0.1221
  383.3     6.75  40.434  -0.1229
  383.6     6.82  40.461  -0.1246
  383.8     6.73  40.488  -0.1228
  384.1     6.72  40.515  -0.1263
  384.3     6.73  40.542  -0.1233
  384.7     6.74  40.569  -0.1254
  385.0     6.70  40.596  -0.1264
  385.3     6.74  40.623  -0.1231
  385.5     6.69  40.650  -0.1233
  385.8     6.71  40.678  -0.1210
  386.0     6.71  40.705  -0.1241
  386.4     6.71  40.731  -0.1217
  386.6     6.70  40.759  -0.1242
  386.9     6.71  40.786  -0.1260
  387.2     6.69  40.813  -0.1280
  387.4     6.68  40.840  -0.1287
  387.7     6.64  40.867  -0.1281
  388.0     6.66  40.894  -0.1262
  388.2     6.66  40.921  -0.1274
  388.5     6.68  40.948  -0.1282
  388.8     6.69  40.976  -0.1321
  389.2     6.70  41.003  -0.1285
  389.3     6.66  41.030  -0.1296
  389.7     6.75  41.057  -0.1281
  389.9     6.71  41.084  -0.1244
  390.1     6.65  41.111  -0.1275
  390.5     6.68  41.138  -0.1308
  390.7     6.64  41.165  -0.1277
  391.0     6.67  41.192  -0.1246
  391.3     6.67  41.219  -0.1226
  391.6     6.65  41.247  -0.1229
  391.9     6.63  41.274  -0.1236
  392.2     6.66  41.301  -0.1215
  392.4     6.63  41.328  -0.1180
  392.8     6.65  41.355  -0.1208
  392.9     6.68  41.382  -0.1263
  393.3     6.59  41.409  -0.1300
  393.5     6.60  41.436  -0.1266
  393.7     6.62  41.464  -0.1280
  394.0     6.62  41.491  -0.1272
  394.3     6.66  41.518  -0.1241
  394.6     6.64  41.546  -0.1291
  395.0     6.66  41.573  -0.1295
  395.1     6.66  41.600  -0.1308
  395.4     6.65  41.627  -0.1284
  395.7     6.64  41.654  -0.1303
  396.0     6.62  41.681  -0.1304
  396.4     6.63  41.708  -0.1300
  396.5     6.66  41.735  -0.1263
  396.9     6.63  41.762  -0.1291
  397.2     6.63  41.790  -0.1284
  397.4     6.66  41.817  -0.1289
  397.7     6.66  41.844  -0.1324
  398.0     6.67  41.871  -0.1320
  398.3     6.64  41.897  -0.1261
  398.6     6.63  41.925  -0.1258
  398.8     6.65  41.952  -0.1282
  399.1     6.67  41.980  -0.1289
  399.4     6.64  42.007  -0.1294
  399.7     6.63  42.034  -0.1312
  399.9     6.64  42.060  -0.1305
  400.3     6.65  42.088  -0.1324
  400.5     6.66  42.115  -0.1336
  400.8     6.68  42.142  -0.1346
  401.2     6.67  42.169  -0.1355
  401.3     6.64  42.196  -0.1366
  401.6     6.68  42.223  -0.1357
  401.9     6.67  42.250  -0.1341
  402.2     6.64  42.277  -0.1345
  402.4     6.66  42.304  -0.1378
  402.8     6.68  42.332  -0.1311
  403.0     6.65  42.358  -0.1336
  403.2     6.68  42.386  -0.1356
  403.5     6.65  42.413  -0.1349
  403.8     6.64  42.440  -0.1354
  404.1     6.64  42.467  -0.1347
  404.3     6.64  42.494  -0.1335
  404.6     6.65  42.522  -0.1343
  405.0     6.64  42.549  -0.1396
  405.2     6.65  42.576  -0.1372
  405.5     6.64  42.604  -0.1368
  405.8     6.65  42.631  -0.1335
  406.1     6.66  42.658  -0.1318
  406.3     6.65  42.685  -0.1327
  406.5     6.65  42.712  -0.1338
  406.9     6.67  42.739  -0.1329
  407.2     6.64  42.766  -0.1353
  407.5     6.64  42.793  -0.1383
  407.7     6.65  42.820  -0.1366
  408.1     6.59  42.847  -0.1374
  408.3     6.64  42.874  -0.1336
  408.5     6.63  42.902  -0.1347
  408.9     6.67  42.929  -0.1350
  409.2     6.64  42.956  -0.1356
  409.4     6.64  42.983  -0.1349
  409.7     6.65  43.010  -0.1393
  409.9     6.62  43.037  -0.1404
  410.2     6.63  43.064  -0.1402
  410.6     6.66  43.091  -0.1414
  410.8     6.62  43.118  -0.1390
  411.2     6.63  43.146  -0.1384
  411.3     6.64  43.173  -0.1393
  411.7     6.59  43.201  -0.1407
  412.0     6.60  43.227  -0.1420
  412.1     6.63  43.254  -0.1397
  412.4     6.59  43.282  -0.1401
  412.7     6.55  43.309  -0.1403
  412.9     6.59  43.336  -0.1412
  413.1     6.55  43.363  -0.1399
  413.3     6.56  43.391  -0.1417
  413.7     6.56  43.418  -0.1429
  414.0     6.55  43.445  -0.1386
  414.2     6.54  43.473  -0.1429
  414.5     6.52  43.500  -0.1451
  414.9     6.56  43.527  -0.1402
  415.1     6.54  43.554  -0.1404
  415.3     6.54  43.581  -0.1405
  415.6     6.51  43.608  -0.1382
  415.8     6.52  43.636  -0.1353
  416.2     6.51  43.663  -0.1339
  416.5     6.50  43.690  -0.1396
  416.8     6.51  43.718  -0.1356
  416.9     6.47  43.745  -0.1365
  417.2     6.41  43.772  -0.1384
  417.5     6.42  43.799  -0.1373
  417.8     6.49  43.826  -0.1365
  418.2     6.49  43.853  -0.1377
  418.3     6.51  43.880  -0.1352
  418.6     6.53  43.908  -0.1374
  418.9     6.50  43.935  -0.1380
  419.1     6.49  43.962  -0.1359
  419.5     6.50  43.990  -0.1330
  419.8     6.50  44.016  -0.1339
  420.0     6.49  44.043  -0.1356
  420.2     6.48  44.071  -0.1359
  420.5     6.48  44.098  -0.1373
  420.8     6.49  44.125  -0.1367
  421.1     6.51  44.152  -0.1365
  421.4     6.46  44.179  -0.1397
  421.7     6.49  44.207  -0.1390
  421.8     6.40  44.234  -0.1392
  422.1     6.48  44.261  -0.1406
  422.5     6.47  44.288  -0.1401
  422.8     6.48  44.315  -0.1393
  423.0     6.48  44.342  -0.1416
  423.2     6.47  44.369  -0.1432
  423.5     6.47  44.396  -0.1429
  423.8     6.47  44.424  -0.1437
  424.0     6.46  44.452  -0.1430
  424.3     6.45  44.479  -0.1380
  424.6     6.45  44.506  -0.1369
  424.9     6.45  44.533  -0.1361
  425.2     6.46  44.560  -0.1424
  425.4     6.46  44.587  -0.1419
  425.7     6.49  44.614  -0.1430
  426.1     6.47  44.641  -0.1448
  426.3     6.50  44.668  -0.1494
  426.6     6.44  44.695  -0.1435
  426.9     6.52  44.723  -0.1397
  427.1     6.48  44.750  -0.1403
  427.3     6.49  44.777  -0.1394
  427.6     6.45  44.804  -0.1419
  427.9     6.45  44.831  -0.1391
  428.2     6.48  44.858  -0.1428
  428.5     6.46  44.885  -0.1413
  428.8     6.47  44.912  -0.1430
  429.1     6.46  44.940  -0.1409
  429.3     6.45  44.967  -0.1446
  429.6     6.46  44.994  -0.1439
  429.9     6.43  45.022  -0.1429
  430.1     6.45  45.048  -0.1435
  430.4     6.41  45.076  -0.1447
  430.7     6.37  45.103  -0.1455
  431.0     6.42  45.130  -0.1448
  431.2     6.43  45.157  -0.1433
  431.5     6.41  45.184  -0.1428
  431.7     6.31  45.211  -0.1462
  431.9     6.39  45.238  -0.1466
  432.3     6.42  45.265  -0.1433
  432.6     6.43  45.292  -0.1419
  432.8     6.40  45.320  -0.1441
  433.1     6.43  45.347  -0.1458
  433.4     6.43  45.374  -0.1479
  433.6     6.40  45.402  -0.1456
  433.9     6.32  45.429  -0.1441
  434.1     6.40  45.457  -0.1422
  434.4     6.38  45.484  -0.1449
  434.7     6.40  45.511  -0.1415
  434.9     6.41  45.539  -0.1391
  435.2     6.40  45.566  -0.1392
  435.5     6.38  45.593  -0.1390
  435.9     6.40  45.621  -0.1417
  436.1     6.38  45.648  -0.1426
  436.3     6.41  45.675  -0.1440
  436.7     6.40  45.702  -0.1441
  437.0     6.38  45.729  -0.1488
  437.2     6.39  45.757  -0.1465
  437.4     6.34  45.784  -0.1462
  437.8     6.38  45.811  -0.1458
  438.0     6.36  45.839  -0.1449
  438.3     6.38  45.865  -0.1419
  438.5     6.36  45.893  -0.1375
  438.9     6.34  45.920  -0.1382
  439.2     6.40  45.947  -0.1360
  439.3     6.25  45.974  -0.1325
  439.7     6.35  46.002  -0.1339
  439.9     6.40  46.029  -0.1364
  440.3     6.37  46.056  -0.1338
  440.5     6.37  46.083  -0.1354
  440.8     6.35  46.110  -0.1361
  441.0     6.33  46.137  -0.1330
  441.3     6.36  46.164  -0.1338
  441.6     6.36  46.192  -0.1333
  441.8     6.36  46.219  -0.1347
  442.0     6.35  46.246  -0.1382
  442.4     6.34  46.274  -0.1371
  442.6     6.33  46.301  -0.1415
  442.9     6.42  46.328  -0.1438
  443.3     6.32  46.355  -0.1413
  443.6     6.34  46.382  -0.1438
  443.7     6.40  46.410  -0.1415
  443.9     6.35  46.437  -0.1391
  444.3     6.34  46.465  -0.1419
  444.5     6.32  46.492  -0.1443
  444.8     6.33  46.520  -0.1426
  445.0     6.33  46.547  -0.1444
  445.4     6.32  46.574  -0.1399
  445.7     6.33  46.602  -0.1370
  446.0     6.36  46.629  -0.1355
  446.3     6.35  46.656  -0.1373
  446.5     6.36  46.683  -0.1426
  446.9     6.33  46.710  -0.1399
  447.0     6.35  46.738  -0.1380
  447.3     6.32  46.765  -0.1405
  447.7     6.35  46.792  -0.1397
  448.0     6.28  46.820  -0.1410
  448.1     6.30  46.847  -0.1402
  448.5     6.31  46.874  -0.1446
  448.7     6.37  46.901  -0.1459
  449.1     6.34  46.928  -0.1449
  449.3     6.37  46.955  -0.1452
  449.6     6.33  46.983  -0.1468
  449.9     6.32  47.010  -0.1459
  450.2     6.35  47.037  -0.1428
  450.5     6.34  47.065  -0.1429
  450.8     6.36  47.092  -0.1459
  451.0     6.36  47.119  -0.1448
  451.3     6.36  47.146  -0.1419
  451.6     6.39  47.173  -0.1437
  452.0     6.32  47.201  -0.1399
  452.2     6.37  47.228  -0.1424
  452.6     6.38  47.255  -0.1457
  452.8     6.34  47.282  -0.1442
  453.0     6.38  47.309  -0.1430
  453.4     6.37  47.337  -0.1469
  453.7     6.39  47.364  -0.1450
  453.9     6.38  47.391  -0.1489
  454.1     6.38  47.419  -0.1467
  454.5     6.34  47.446  -0.1471
  454.7     6.33  47.474  -0.1445
  455.0     6.35  47.501  -0.1455
  455.3     6.37  47.528  -0.1458
  455.6     6.37  47.555  -0.1474
  455.8     6.39  47.583  -0.1465
  456.1     6.38  47.610  -0.1475
  456.4     6.33  47.637  -0.1466
  456.7     6.34  47.664  -0.1525
  456.8     6.32  47.691  -0.1458
  457.2     6.38  47.718  -0.1411
  457.6     6.35  47.745  -0.1413
  457.8     6.37  47.772  -0.1399
  458.2     6.36  47.799  -0.1404
  458.4     6.40  47.827  -0.1425
  458.7     6.38  47.854  -0.1408
  458.9     6.35  47.881  -0.1435
  459.2     6.39  47.908  -0.1444
  459.5     6.34  47.935  -0.1423
  459.7     6.35  47.963  -0.1442
  459.9     6.33  47.990  -0.1462
  460.2     6.33  48.017  -0.1438
  460.6     6.32  48.044  -0.1479
  460.8     6.27  48.071  -0.1505
  461.1     6.29  48.098  -0.1474
  461.4     6.27  48.125  -0.1483
  461.7     6.24  48.153  -0.1479
  461.8     6.28  48.180  -0.1462
  462.3     6.30  48.207  -0.1511
  462.4     6.26  48.234  -0.1505
  462.7     6.23  48.261  -0.1493
  463.1     6.25  48.289  -0.1488
  463.3     6.27  48.316  -0.1508
  463.4     6.24  48.343  -0.1475
  463.8     6.30  48.370  -0.1468
  464.0     6.25  48.397  -0.1446
  464.4     6.25  48.424  -0.1455
  464.7     6.27  48.452  -0.1469
  465.1     6.27  48.480  -0.1488
  465.2     6.30  48.507  -0.1483
  465.4     6.21  48.534  -0.1496
  465.8     6.28  48.561  -0.1565
  466.0     6.27  48.589  -0.1455
  466.2     6.26  48.616  -0.1441
  466.6     6.25  48.643  -0.1471
  466.8     6.26  48.670  -0.1503
  467.0     6.25  48.697  -0.1517
  467.4     6.25  48.724  -0.1471
  467.6     6.24  48.752  -0.1433
  467.9     6.23  48.779  -0.1442
  468.1     6.22  48.806  -0.1490
  468.5     6.23  48.833  -0.1491
  468.8     6.22  48.860  -0.1491
  469.1     6.25  48.887  -0.1525
  469.2     6.27  48.915  -0.1501
  469.6     6.25  48.942  -0.1501
  469.9     6.27  48.969  -0.1494
  470.2     6.26  48.996  -0.1480
  470.4     6.27  49.023  -0.1504
  470.7     6.29  49.051  -0.1502
  471.0     6.29  49.078  -0.1468
  471.4     6.29  49.105  -0.1504
  471.6     6.28  49.132  -0.1489
  471.8     6.23  49.159  -0.1504
  472.1     6.24  49.186  -0.1498
  472.4     6.24  49.214  -0.1464
  472.6     6.22  49.241  -0.1489
  472.9     6.23  49.268  -0.1467
  473.2     6.25  49.296  -0.1479
  473.4     6.26  49.323  -0.1484
  473.8     6.29  49.350  -0.1476
  474.0     6.25  49.377  -0.1499
  474.2     6.25  49.404  -0.1484
  474.5     6.19  49.432  -0.1466
  474.8     6.17  49.460  -0.1480
  474.9     6.15  49.487  -0.1485
  475.4     6.25  49.514  -0.1465
  475.6     6.19  49.542  -0.1483
  475.7     6.24  49.569  -0.1517
  476.2     6.15  49.596  -0.1477
  476.4     6.16  49.624  -0.1475
  476.7     6.12  49.651  -0.1444
  476.9     6.27  49.678  -0.1433
  477.3     6.26  49.706  -0.1456
  477.5     6.20  49.733  -0.1443
  477.9     6.20  49.761  -0.1461
  478.2     6.19  49.788  -0.1477
  478.5     6.17  49.815  -0.1483
  478.6     6.18  49.843  -0.1491
  478.9     6.11  49.870  -0.1484
  479.1     6.11  49.897  -0.1481
  479.5     6.22  49.924  -0.1446
  479.9     6.23  49.951  -0.1412
  480.1     6.27  49.979  -0.1440
  480.3     6.20  50.007  -0.1467
  480.6     6.24  50.034  -0.1462
  481.0     6.19  50.061  -0.1477
  481.2     6.18  50.088  -0.1482
  481.5     6.26  50.115  -0.1482
  481.8     6.30  50.142  -0.1482
  482.0     6.20  50.169  -0.1481
  482.3     6.18  50.196  -0.1485
  482.5     6.21  50.223  -0.1480
  482.8     6.23  50.251  -0.1488
  483.2     6.13  50.278  -0.1508
  483.2     6.19  50.305  -0.1492
  483.6     6.22  50.333  -0.1494
  484.0     6.13  50.360  -0.1499
  484.3     6.22  50.387  -0.1506
  484.5     6.21  50.414  -0.1467
  484.7     6.19  50.441  -0.1448
  484.9     6.17  50.469  -0.1464
  485.3     6.14  50.497  -0.1464
  485.5     6.16  50.524  -0.1495
  485.9     6.19  50.552  -0.1477
  486.1     6.25  50.579  -0.1473
  486.4     6.18  50.606  -0.1460
  486.7     6.22  50.634  -0.1509
  487.1     6.24  50.661  -0.1511
  487.4     6.23  50.688  -0.1487
  487.5     6.18  50.716  -0.1566
  487.7     6.15  50.743  -0.1524
  488.0     6.11  50.770  -0.1547
  488.3     6.17  50.797  -0.1507
  488.6     6.20  50.825  -0.1509
  488.9     6.21  50.852  -0.1533
  489.1     6.20  50.879  -0.1491
  489.5     6.26  50.906  -0.1480
  489.8     6.21  50.934  -0.1523
  490.0     6.20  50.961  -0.1565
  490.4     6.24  50.988  -0.1532
  490.6     6.23  51.015  -0.1534
  490.8     6.23  51.042  -0.1528
  491.2     6.26  51.069  -0.1513
  491.3     6.22  51.096  -0.1542
  491.5     6.14  51.124  -0.1537
  491.6     6.06  51.151  -0.1535
  492.0     6.14  51.178  -0.1539
  492.3     6.14  51.205  -0.1525
  492.6     6.10  51.233  -0.1537
  493.0     6.19  51.260  -0.1506
  493.3     6.20  51.287  -0.1519
  493.5     6.10  51.314  -0.1519
  493.7     6.11  51.341  -0.1509
  493.9     6.05  51.369  -0.1500
  494.3     6.10  51.396  -0.1485
  494.5     6.08  51.423  -0.1496
  494.8     6.07  51.451  -0.1535
  495.1     6.11  51.478  -0.1532
  495.3     6.05  51.506  -0.1500
  495.6     6.10  51.533  -0.1514
  495.9     6.12  51.560  -0.1520
  496.2     6.05  51.588  -0.1543
  496.4     6.10  51.615  -0.1547
  496.6     6.04  51.642  -0.1556
  497.0     6.08  51.669  -0.1574
  497.2     6.12  51.696  -0.1536
  497.5     6.01  51.724  -0.1526
  497.7     6.08  51.751  -0.1551
  497.8     6.02  51.778  -0.1531
  498.0     6.00  51.805  -0.1561
  498.5     5.96  51.833  -0.1595
  498.8     6.11  51.860  -0.1591
  499.0     6.05  51.887  -0.1574
  499.2     6.03  51.914  -0.1588
  499.6     6.09  51.941  -0.1556
  499.8     6.00  51.968  -0.1536
  500.0     6.05  51.996  -0.1560
  500.4     6.05  52.023  -0.1546
  500.6     6.06  52.050  -0.1557
  500.9     6.06  52.078  -0.1573
  501.1     6.03  52.105  -0.1573
  501.4     6.07  52.132  -0.1566
  501.7     6.01  52.160  -0.1552
  501.8     6.11  52.187  -0.1586
  502.3     6.14  52.214  -0.1591
  502.5     6.12  52.241  -0.1602
  502.8     6.13  52.268  -0.1573
  503.0     6.10  52.296  -0.1558
  503.4     6.14  52.323  -0.1569
  503.6     6.11  52.350  -0.1554
  503.8     6.12  52.377  -0.1551
  504.1     6.11  52.404  -0.1551
  504.4     6.11  52.432  -0.1539
  504.6     6.12  52.460  -0.1513
  505.0     6.15  52.487  -0.1520
  505.2     6.17  52.514  -0.1492
  505.5     6.15  52.541  -0.1492
  505.8     6.14  52.568  -0.1486
  506.1     6.19  52.596  -0.1486
  506.3     6.14  52.624  -0.1485
  506.7     6.17  52.651  -0.1528
  507.0     6.14  52.678  -0.1525
  507.2     6.13  52.705  -0.1535
  507.4     6.17  52.733  -0.1566
  507.8     6.15  52.760  -0.1552
  508.0     6.20  52.787  -0.1599
  508.4     6.16  52.814  -0.1584
  508.5     6.16  52.842  -0.1613
  508.8     6.09  52.869  -0.1561
  509.0     6.17  52.896  -0.1548
  509.4     6.16  52.923  -0.1548
  509.6     6.13  52.951  -0.1547
  509.8     6.10  52.978  -0.1529
  510.2     6.18  53.005  -0.1529
  510.4     6.17  53.032  -0.1530
  510.8     6.15  53.060  -0.1541
  511.0     6.15  53.087  -0.1560
  511.2     6.14  53.114  -0.1561
  511.6     6.14  53.141  -0.1563
  511.7     6.10  53.168  -0.1566
  512.1     6.18  53.196  -0.1554
  512.3     6.17  53.223  -0.1551
  512.6     6.21  53.251  -0.1573
  513.0     6.19  53.278  -0.1542
  513.2     6.17  53.305  -0.1539
  513.3     6.19  53.332  -0.1547
  513.6     6.15  53.359  -0.1526
  513.9     6.12  53.386  -0.1602
  514.1     6.13  53.414  -0.1500
  514.5     6.13  53.441  -0.1516
  514.8     6.17  53.469  -0.1537
  515.1     6.12  53.496  -0.1498
  515.3     6.14  53.523  -0.1531
  515.5     6.13  53.551  -0.1552
  515.9     6.13  53.578  -0.1556
  516.1     6.20  53.605  -0.1563
  516.6     6.25  53.633  -0.1575
  516.7     6.19  53.660  -0.1544
  517.0     6.22  53.687  -0.1549
  517.3     6.26  53.715  -0.1565
  517.6     6.26  53.742  -0.1572
  517.9     6.25  53.769  -0.1550
  518.1     6.31  53.796  -0.1551
  518.4     6.23  53.823  -0.1576
  518.7     6.20  53.850  -0.1593
  518.9     6.24  53.877  -0.1591
  519.3     6.21  53.905  -0.1595
  519.5     6.23  53.932  -0.1602
  519.8     6.28  53.960  -0.1623
  520.1     6.24  53.987  -0.1612
  520.3     6.25  54.014  -0.1612
  520.5     6.29  54.041  -0.1619
  520.9     6.26  54.068  -0.1655
  521.2     6.28  54.096  -0.1639
  521.4     6.29  54.123  -0.1639
  521.7     6.28  54.150  -0.1674
  522.0     6.28  54.178  -0.1677
  522.2     6.28  54.205  -0.1670
  522.5     6.25  54.232  -0.1664
  522.8     6.26  54.260  -0.1649
  523.0     6.28  54.287  -0.1637
  523.3     6.26  54.314  -0.1660
  523.6     6.27  54.341  -0.1662
  523.9     6.14  54.368  -0.1639
  524.2     6.27  54.396  -0.1636
  524.4     6.28  54.423  -0.1639
  524.6     6.29  54.451  -0.1630
  525.0     6.29  54.478  -0.1642
  525.2     6.26  54.505  -0.1665
  525.6     6.26  54.533  -0.1631
  525.7     6.27  54.560  -0.1616
  526.0     6.27  54.588  -0.1636
  526.2     6.24  54.615  -0.1626
  526.5     6.27  54.642  -0.1642
  526.9     6.28  54.670  -0.1645
  527.0     6.31  54.697  -0.1655
  527.3     6.30  54.724  -0.1615
  527.7     6.29  54.751  -0.1640
  527.9     6.27  54.778  -0.1614
  528.2     6.35  54.805  -0.1754
  528.5     6.27  54.832  -0.1635
  528.7     6.29  54.860  -0.1630
  529.1     6.30  54.887  -0.1638
  529.3     6.29  54.915  -0.1649
  529.5     6.32  54.942  -0.1667
  529.9     6.27  54.969  -0.1668
  530.1     6.26  54.996  -0.1707
  530.4     6.29  55.023  -0.1664
  530.6     6.28  55.051  -0.1676
  531.0     6.29  55.078  -0.1688
  531.2     6.27  55.105  -0.1708
  531.5     6.26  55.132  -0.1691
  531.7     6.25  55.159  -0.1690
  531.8     6.25  55.187  -0.1685
  532.1     6.18  55.214  -0.1671
  532.4     6.21  55.241  -0.1664
  532.6     6.19  55.268  -0.1656
  532.9     6.22  55.296  -0.1629
  533.2     6.22  55.324  -0.1643
  533.5     6.23  55.351  -0.1692
  533.7     6.21  55.378  -0.1700
  534.1     6.24  55.405  -0.1712
  534.3     6.23  55.433  -0.1689
  534.6     6.20  55.461  -0.1712
  534.9     6.24  55.488  -0.1727
  535.1     6.24  55.515  -0.1764
  535.5     6.23  55.542  -0.1709
  535.5     6.26  55.570  -0.1710
  536.0     6.23  55.597  -0.1737
  536.2     6.22  55.624  -0.1733
  536.4     6.24  55.651  -0.1684
  536.7     6.19  55.678  -0.1676
  537.0     6.17  55.706  -0.1658
  537.2     6.24  55.733  -0.1665
  537.5     6.26  55.760  -0.1653
  537.7     6.21  55.787  -0.1676
  538.0     6.22  55.815  -0.1648
  538.3     6.24  55.842  -0.1641
  538.5     6.20  55.869  -0.1661
  538.9     6.24  55.896  -0.1645
  539.1     6.24  55.924  -0.1661
  539.4     6.22  55.951  -0.1605
  539.7     6.28  55.978  -0.1635
  540.0     6.27  56.005  -0.1667
  540.2     6.23  56.032  -0.1670
  540.4     6.25  56.059  -0.1669
  540.8     6.22  56.087  -0.1669
  541.0     6.22  56.114  -0.1685
  541.3     6.22  56.141  -0.1663
  541.6     6.20  56.169  -0.1645
  541.8     6.25  56.196  -0.1655
  542.2     6.25  56.223  -0.1643
  542.4     6.23  56.251  -0.1668
  542.6     6.23  56.278  -0.1700
  542.8     6.23  56.305  -0.1663
  543.2     6.24  56.332  -0.1690
  543.5     6.24  56.360  -0.1695
  543.7     6.29  56.387  -0.1699
  544.0     6.29  56.415  -0.1715
  544.3     6.25  56.442  -0.1699
  544.6     6.24  56.470  -0.1709
  544.9     6.26  56.497  -0.1729
  545.3     6.27  56.524  -0.1783
  545.5     6.28  56.552  -0.1746
  545.7     6.30  56.579  -0.1721
  546.1     6.30  56.606  -0.1730
  546.4     6.32  56.634  -0.1695
  546.6     6.32  56.661  -0.1688
  546.7     6.28  56.688  -0.1733
  547.0     6.30  56.716  -0.1719
  547.4     6.30  56.743  -0.1705
  547.6     6.31  56.771  -0.1719
  547.9     6.28  56.799  -0.1702
  548.1     6.33  56.826  -0.1718
  548.5     6.32  56.853  -0.1700
  548.9     6.29  56.880  -0.1691
  548.9     6.26  56.908  -0.1699
  549.2     6.27  56.935  -0.1716
  549.5     6.26  56.963  -0.1721
  549.8     6.26  56.990  -0.1700
  549.9     6.27  57.017  -0.1765
  550.2     6.29  57.044  -0.1764
  550.6     6.28  57.071  -0.1736
  550.8     6.27  57.098  -0.1730
  551.0     6.32  57.126  -0.1743
  551.4     6.25  57.153  -0.1730
  551.5     6.26  57.180  -0.1725
  551.8     6.24  57.208  -0.1725
  552.1     6.25  57.235  -0.1737
  552.4     6.27  57.263  -0.1771
  552.7     6.30  57.290  -0.1766
  553.0     6.28  57.317  -0.1764
  553.1     6.24  57.344  -0.1786
  553.5     6.25  57.371  -0.1784
  553.8     6.26  57.399  -0.1774
  554.0     6.24  57.426  -0.1752
  554.3     6.23  57.454  -0.1742
  554.7     6.26  57.481  -0.1754
  554.8     6.26  57.508  -0.1740
  555.1     6.23  57.536  -0.1773
  555.3     6.28  57.563  -0.1769
  555.7     6.25  57.591  -0.1790
  555.9     6.27  57.618  -0.1795
  556.2     6.29  57.645  -0.1794
  556.4     6.27  57.673  -0.1785
  556.8     6.26  57.700  -0.1797
  557.0     6.25  57.727  -0.1817
  557.3     6.32  57.755  -0.1831
  557.5     6.29  57.783  -0.1820
  557.8     6.26  57.810  -0.1806
  558.1     6.29  57.837  -0.1801
  558.4     6.27  57.864  -0.1773
  558.5     6.25  57.892  -0.1759
  558.8     6.25  57.920  -0.1764
  559.1     6.25  57.947  -0.1792
  559.3     6.25  57.974  -0.1781
  559.7     6.26  58.002  -0.1798
  560.0     6.27  58.029  -0.1801
  560.2     6.29  58.056  -0.1771
  560.5     6.28  58.084  -0.1770
  560.7     6.28  58.111  -0.1790
  561.1     6.31  58.138  -0.1766
  561.4     6.31  58.165  -0.1764
  561.6     6.29  58.193  -0.1794
  561.9     6.32  58.220  -0.1793
  562.1     6.29  58.247  -0.1807
  562.4     6.29  58.274  -0.1789
  562.7     6.31  58.302  -0.1799
  562.9     6.31  58.329  -0.1790
  563.2     6.29  58.356  -0.1782
  563.5     6.29  58.383  -0.1776
  563.7     6.32  58.410  -0.1798
  564.0     6.31  58.438  -0.1771
  564.3     6.34  58.466  -0.1787
  564.7     6.30  58.493  -0.1772
  564.8     6.29  58.521  -0.1815
  565.2     6.32  58.548  -0.1785
  565.4     6.31  58.576  -0.1833
  565.6     6.31  58.604  -0.1831
  566.0     6.29  58.632  -0.1865
  566.1     6.33  58.659  -0.1810
  566.4     6.34  58.686  -0.1806
  566.7     6.36  58.714  -0.1788
  567.0     6.34  58.741  -0.1803
  567.3     6.34  58.768  -0.1800
  567.6     6.33  58.796  -0.1779
  568.0     6.32  58.823  -0.1770
  568.1     6.32  58.850  -0.1770
  568.5     6.43  58.877  -0.1768
  568.7     6.34  58.904  -0.1755
  569.0     6.32  58.931  -0.1788
  569.2     6.36  58.958  -0.1787
  569.6     6.35  58.986  -0.1775
  569.8     6.30  59.013  -0.1790
  570.1     6.28  59.040  -0.1786
  570.3     6.36  59.067  -0.1769
  570.6     6.34  59.095  -0.1774
  570.9     6.30  59.122  -0.1805
  571.2     6.32  59.149  -0.1773
  571.4     6.30  59.177  -0.1807
  571.7     6.29  59.204  -0.1807
  572.0     6.35  59.231  -0.1818
  572.3     6.31  59.258  -0.1818
  572.5     6.29  59.285  -0.1820
  572.8     6.35  59.313  -0.1838
  573.0     6.36  59.340  -0.1873
  573.4     6.46  59.367  -0.1838
  573.5     6.41  59.395  -0.1797
  574.0     6.38  59.422  -0.1803
  574.2     6.37  59.450  -0.1782
  574.5     6.36  59.477  -0.1783
  574.8     6.36  59.504  -0.1810
  575.0     6.40  59.532  -0.1786
  575.3     6.39  59.559  -0.1787
  575.5     6.38  59.586  -0.1807
  575.9     6.43  59.613  -0.1792
  576.1     6.41  59.640  -0.1785
  576.3     6.42  59.667  -0.1779
  576.7     6.41  59.695  -0.1798
  577.0     6.42  59.722  -0.1795
  577.2     6.43  59.750  -0.1805
  577.5     6.42  59.777  -0.1818
  577.8     6.41  59.804  -0.1837
  578.0     6.40  59.832  -0.1853
  578.3     6.40  59.859  -0.1833
  578.6     6.46  59.887  -0.1821
  578.9     6.46  59.914  -0.1818
  579.2     6.45  59.942  -0.1820
  579.4     6.41  59.969  -0.1817
  579.7     6.46  59.996  -0.1802
  579.9     6.42  60.024  -0.1792
  580.2     6.41  60.051  -0.1790
  580.5     6.36  60.078  -0.1817
  580.8     6.42  60.106  -0.1800
  581.1     6.42  60.133  -0.1802
  581.2     6.45  60.160  -0.1796
  581.7     6.42  60.188  -0.1759
  581.9     6.40  60.215  -0.1757
  582.2     6.47  60.242  -0.1777
  582.4     6.43  60.270  -0.1785
  582.7     6.41  60.297  -0.1772
  583.0     6.45  60.324  -0.1761
  583.2     6.46  60.351  -0.1794
  583.5     6.44  60.379  -0.1804
  583.8     6.43  60.406  -0.1841
  584.0     6.40  60.433  -0.1840
  584.3     6.43  60.461  -0.1825
  584.6     6.42  60.489  -0.1858
  584.9     6.33  60.516  -0.1860
  585.1     6.33  60.543  -0.1817
  585.4     6.34  60.573  -0.1842
  585.6     6.35  60.602  -0.1813
  585.9     6.34  60.629  -0.1837
  586.3     6.40  60.658  -0.1838
  586.5     6.34  60.685  -0.1847
  586.8     6.38  60.713  -0.1852
  587.1     6.40  60.741  -0.1861
  587.4     6.40  60.768  -0.1863
  587.6     6.39  60.796  -0.1855
  587.9     6.40  60.824  -0.1849
  588.3     6.39  60.852  -0.1849
  588.5     6.40  60.879  -0.1876
  588.8     6.43  60.917  -0.1874
  589.3     6.43  60.945  -0.1891
  589.4     6.48  60.972  -0.1913
  589.6     6.41  61.000  -0.1922
  590.0     6.43  61.030  -0.1905
  590.3     6.41  61.057  -0.1895
  590.5     6.44  61.085  -0.1886
  590.9     6.43  61.115  -0.1928
  591.1     6.40  61.142  -0.1902
  591.4     6.37  61.170  -0.1896
  591.8     6.39  61.197  -0.1902
  592.0     6.40  61.225  -0.1891
  592.3     6.40  61.252  -0.1884
  592.5     6.39  61.279  -0.1910
  592.7     6.38  61.307  -0.1882
  593.1     6.40  61.367  -0.1879
  593.7     6.37  61.407  -0.1915
  594.0     6.39  61.434  -0.1905
  594.3     6.40  61.463  -0.1942
  594.7     6.44  61.490  -0.1954
  595.0     6.50  61.518  -0.1940
  595.3     6.46  61.546  -0.1921
  595.6     6.49  61.574  -0.1933
  595.9     6.49  61.602  -0.1939
  596.1     6.49  61.629  -0.1914
  596.3     6.52  61.658  -0.1933
  596.6     6.46  61.685  -0.1921
  597.0     6.47  61.713  -0.1891
  597.1     6.48  61.740  -0.1889
  597.5     6.49  61.768  -0.1930
  597.8     6.53  61.796  -0.1946
  597.9     6.50  61.823  -0.1945
  598.3     6.49  61.851  -0.1960
  598.5     6.51  61.879  -0.1958
  598.9     6.48  61.907  -0.1919
  599.1     6.53  61.934  -0.1941
  599.5     6.52  61.961  -0.1916
  599.7     6.51  61.989  -0.1933
  600.0     6.50  62.016  -0.1912
  600.2     6.57  62.044  -0.1906
