   18.4     3.62   0.027  -0.0009
   18.3     3.56   0.053   0.0017
   18.3     3.56   0.080   0.0036
   18.3     3.54   0.106   0.0014
   18.4     3.51   0.134   0.0022
   18.4     3.57   0.160   0.0048
   18.4     3.54   0.187   0.0071
   18.3     3.49   0.213   0.0068
   18.4     3.49   0.240   0.0093
   18.5     3.47   0.266   0.0093
   18.3     3.38   0.293   0.0079
   18.4     3.35   0.320   0.0107
   18.4     3.35   0.347   0.0102
   18.4     3.32   0.373   0.0088
   18.4     3.27   0.400   0.0100
   18.3     3.27   0.426   0.0102
   18.5     3.26   0.453   0.0064
   18.4     3.27   0.479   0.0113
   18.4     3.17   0.506   0.0125
   18.3     3.15   0.533   0.0100
   18.4     3.10   0.559   0.0117
   18.4     3.11   0.586   0.0096
   18.4     3.13   0.612   0.0072
   18.4     3.11   0.639   0.0085
   18.4     3.07   0.665   0.0062
   18.5     3.02   0.692   0.0058
   18.4     3.02   0.718   0.0073
   18.5     3.01   0.745   0.0026
   18.5     2.98   0.771   0.0069
   18.4     3.00   0.797   0.0051
   18.5     2.97   0.824   0.0034
   18.4     2.91   0.851   0.0092
   18.4     2.87   0.878   0.0063
   18.4     2.91   0.904   0.0096
   18.5     2.88   0.931   0.0083
   18.4     2.83   0.958   0.0077
   18.4     2.81   0.984   0.0065
   18.4     2.79   1.011   0.0076
   18.4     2.77   1.037   0.0076
   18.5     2.78   1.065   0.0087
   18.5     2.77   1.092   0.0044
   18.3     2.77   1.118   0.0011
   18.4     2.77   1.145   0.0011
   18.5     2.75   1.172   0.0032
   18.4     2.71   1.198   0.0050
   18.4     2.70   1.225   0.0100
   18.4     2.73   1.252   0.0105
   18.5     2.70   1.278   0.0090
   18.5     2.65   1.305   0.0108
   18.5     2.64   1.333   0.0099
   18.5     2.58   1.359   0.0111
   18.5     2.57   1.386   0.0147
   18.4     2.54   1.412   0.0126
   18.4     2.50   1.439   0.0121
   18.4     2.50   1.466   0.0153
   18.4     2.51   1.492   0.0181
   18.5     2.52   1.519   0.0193
   18.4     2.49   1.546   0.0170
   18.3     2.31   1.573   0.0159
   18.3     2.34   1.599   0.0177
   18.5     2.41   1.626   0.0194
   18.5     2.36   1.652   0.0176
   18.4     2.36   1.678   0.0173
   18.5     2.39   1.705   0.0142
   18.4     2.38   1.731   0.0161
   18.5     2.34   1.758   0.0174
   18.5     2.32   1.784   0.0161
   18.3     2.30   1.811   0.0183
   18.5     2.38   1.837   0.0154
   18.5     2.36   1.864   0.0141
   18.6     2.31   1.891   0.0160
   18.5     2.31   1.917   0.0117
   18.5     2.32   1.944   0.0187
   18.5     2.26   1.970   0.0166
   18.5     2.25   1.997   0.0166
   18.6     2.23   2.024   0.0146
   18.4     2.18   2.050   0.0141
   18.3     2.15   2.077   0.0139
   18.3     2.14   2.103   0.0175
   18.6     2.19   2.129   0.0159
   18.5     2.23   2.156   0.0129
   18.5     2.25   2.183   0.0084
   18.6     2.24   2.210   0.0109
   18.5     2.18   2.236   0.0150
   18.6     2.18   2.262   0.0144
   18.6     2.18   2.289   0.0115
   18.5     2.14   2.316   0.0137
   18.5     2.15   2.344   0.0117
   18.4     2.12   2.371   0.0149
   18.5     2.11   2.398   0.0125
   18.5     2.08   2.424   0.0120
   18.5     2.11   2.451   0.0136
   18.6     2.09   2.477   0.0120
   18.6     2.08   2.504   0.0113
   18.5     2.07   2.530   0.0122
   18.6     2.04   2.558   0.0133
   18.6     2.06   2.584   0.0145
   18.6     2.12   2.611   0.0140
   18.7     2.13   2.637   0.0161
   18.6     2.00   2.664   0.0155
   18.5     2.00   2.690   0.0145
   18.6     2.06   2.717   0.0145
   18.7     2.05   2.743   0.0127
   18.7     2.06   2.770   0.0111
   18.8     2.07   2.797   0.0167
   18.8     2.15   2.824   0.0178
   18.8     2.14   2.851   0.0190
   18.8     2.09   2.878   0.0184
   18.9     2.16   2.905   0.0180
   18.9     2.14   2.932   0.0172
   18.9     2.13   2.959   0.0205
   19.0     2.15   2.986   0.0162
   19.0     2.10   3.013   0.0159
   19.1     2.10   3.040   0.0167
   19.1     2.07   3.066   0.0180
   19.0     2.11   3.093   0.0179
   19.1     2.12   3.120   0.0176
   19.1     2.13   3.146   0.0166
   19.1     2.12   3.173   0.0187
   19.2     2.06   3.200   0.0185
   19.0     2.07   3.227   0.0179
   19.0     2.03   3.253   0.0195
   19.2     2.08   3.280   0.0212
   19.2     2.07   3.307   0.0209
   19.3     2.02   3.335   0.0223
   19.3     2.04   3.361   0.0242
   19.4     2.07   3.388   0.0199
   19.4     2.06   3.416   0.0205
   19.5     2.07   3.442   0.0227
   19.5     2.04   3.469   0.0209
   19.5     2.03   3.495   0.0202
   19.5     2.06   3.522   0.0233
   19.7     2.10   3.549   0.0245
   19.6     2.07   3.576   0.0247
   19.7     2.07   3.603   0.0219
   19.8     2.11   3.630   0.0224
   19.9     2.10   3.656   0.0225
   19.9     2.09   3.683   0.0203
   20.0     2.15   3.710   0.0184
   20.1     2.16   3.736   0.0228
   20.2     2.15   3.762   0.0214
   20.1     2.14   3.789   0.0208
   20.3     2.13   3.816   0.0192
   20.3     2.10   3.843   0.0245
   20.3     2.11   3.870   0.0247
   20.4     2.11   3.897   0.0242
   20.5     2.13   3.924   0.0224
   20.6     2.21   3.950   0.0239
   20.7     2.16   3.977   0.0238
   20.7     2.10   4.004   0.0249
   20.9     2.13   4.031   0.0245
   21.0     2.15   4.058   0.0234
   21.1     2.18   4.085   0.0200
   21.1     2.18   4.111   0.0227
   21.3     2.15   4.139   0.0247
   21.2     2.19   4.166   0.0252
   21.4     2.22   4.192   0.0227
   21.7     2.26   4.219   0.0217
   21.7     2.21   4.246   0.0188
   21.8     2.27   4.273   0.0184
   21.8     2.25   4.300   0.0157
   21.9     2.30   4.327   0.0163
   22.1     2.22   4.354   0.0227
   22.1     2.24   4.381   0.0215
   22.3     2.25   4.409   0.0209
   22.4     2.26   4.435   0.0219
   22.6     2.28   4.462   0.0168
   22.6     2.35   4.488   0.0175
   22.7     2.33   4.515   0.0198
   22.8     2.35   4.542   0.0204
   23.0     2.33   4.569   0.0231
   23.2     2.35   4.596   0.0228
   23.3     2.38   4.623   0.0210
   23.5     2.37   4.650   0.0205
   23.5     2.35   4.677   0.0170
   23.7     2.36   4.703   0.0147
   23.8     2.39   4.730   0.0094
   24.0     2.42   4.757   0.0150
   24.1     2.36   4.785   0.0150
   24.1     2.37   4.811   0.0144
   24.3     2.42   4.839   0.0157
   24.5     2.47   4.865   0.0149
   24.7     2.52   4.892   0.0140
   24.9     2.53   4.919   0.0165
   25.0     2.52   4.946   0.0154
   25.3     2.55   4.972   0.0162
   25.2     2.55   4.999   0.0131
   25.4     2.57   5.026   0.0157
   25.6     2.60   5.053   0.0187
   25.7     2.58   5.080   0.0200
   26.0     2.60   5.106   0.0215
   26.1     2.61   5.133   0.0197
   26.2     2.62   5.160   0.0199
   26.3     2.64   5.187   0.0154
   26.6     2.60   5.214   0.0159
   26.8     2.65   5.241   0.0148
   26.9     2.71   5.269   0.0190
   27.2     2.64   5.296   0.0174
   27.2     2.67   5.323   0.0210
   27.4     2.74   5.350   0.0207
   27.7     2.73   5.377   0.0196
   27.8     2.75   5.404   0.0219
   27.9     2.69   5.430   0.0217
   28.1     2.73   5.457   0.0224
   28.3     2.71   5.484   0.0227
   28.5     2.78   5.511   0.0223
   28.7     2.77   5.539   0.0217
   28.9     2.77   5.565   0.0210
   29.0     2.77   5.592   0.0209
   29.3     2.75   5.619   0.0185
   29.4     2.78   5.646   0.0192
   29.6     2.82   5.673   0.0204
   29.8     2.78   5.700   0.0193
   30.1     2.83   5.727   0.0202
   30.2     2.87   5.754   0.0230
   30.4     2.86   5.781   0.0200
   30.7     2.87   5.807   0.0210
   30.7     2.89   5.834   0.0219
   31.0     2.86   5.861   0.0212
   31.1     2.87   5.888   0.0164
   31.4     2.90   5.915   0.0176
   31.6     2.91   5.942   0.0175
   31.8     2.96   5.969   0.0172
   31.9     2.95   5.996   0.0184
   32.2     2.95   6.023   0.0147
   32.3     2.96   6.050   0.0138
   32.6     2.97   6.077   0.0185
   32.7     2.98   6.105   0.0230
   33.0     2.97   6.132   0.0219
   33.3     2.98   6.159   0.0208
   33.4     3.00   6.185   0.0243
   33.7     3.02   6.212   0.0262
   33.9     3.00   6.239   0.0273
   34.0     3.05   6.266   0.0250
   34.3     3.00   6.293   0.0233
   34.5     3.04   6.320   0.0205
   34.7     3.06   6.348   0.0190
   35.0     3.06   6.375   0.0199
   35.1     3.07   6.402   0.0219
   35.4     3.09   6.428   0.0206
   35.6     3.13   6.455   0.0206
   35.8     3.09   6.482   0.0165
   36.0     3.08   6.509   0.0196
   36.3     3.09   6.536   0.0194
   36.4     3.13   6.562   0.0202
   36.7     3.16   6.589   0.0166
   36.9     3.14   6.616   0.0153
   37.1     3.16   6.643   0.0172
   37.5     3.25   6.670   0.0222
   37.6     3.18   6.697   0.0247
   37.8     3.20   6.724   0.0227
   38.1     3.24   6.752   0.0229
   38.3     3.25   6.779   0.0202
   38.6     3.20   6.805   0.0191
   38.8     3.23   6.832   0.0165
   39.0     3.23   6.859   0.0175
   39.2     3.26   6.886   0.0202
   39.6     3.28   6.913   0.0228
   39.8     3.28   6.940   0.0226
   40.0     3.31   6.967   0.0263
   40.0     3.32   6.993   0.0230
   40.4     3.32   7.020   0.0257
   40.5     3.32   7.047   0.0237
   40.7     3.28   7.074   0.0236
   41.0     3.35   7.101   0.0205
   41.3     3.31   7.128   0.0228
   41.5     3.30   7.154   0.0247
   41.7     3.30   7.181   0.0244
   41.8     3.30   7.208   0.0244
   42.3     3.35   7.235   0.0236
   42.5     3.31   7.262   0.0253
   42.7     3.34   7.289   0.0233
   43.0     3.32   7.316   0.0213
   43.1     3.36   7.343   0.0236
   43.4     3.36   7.370   0.0243
   43.6     3.37   7.397   0.0205
   43.8     3.34   7.423   0.0243
   44.0     3.35   7.450   0.0230
   44.3     3.36   7.477   0.0218
   44.5     3.37   7.504   0.0226
   44.8     3.40   7.531   0.0240
   45.0     3.44   7.558   0.0226
   45.5     3.52   7.585   0.0253
   45.6     3.47   7.612   0.0226
   45.8     3.52   7.639   0.0282
   46.2     3.55   7.665   0.0275
   46.5     3.53   7.692   0.0266
   46.6     3.61   7.719   0.0237
   46.9     3.55   7.746   0.0235
   47.1     3.50   7.773   0.0226
   47.4     3.53   7.800   0.0195
   47.6     3.61   7.827   0.0171
   47.8     3.57   7.854   0.0168
   48.0     3.60   7.880   0.0200
   48.3     3.63   7.908   0.0163
   48.7     3.67   7.935   0.0188
   48.9     3.65   7.961   0.0178
   48.9     3.53   7.988   0.0174
   49.2     3.48   8.015   0.0173
   49.5     3.57   8.042   0.0191
   49.8     3.64   8.069   0.0193
   50.1     3.56   8.096   0.0245
   50.4     3.71   8.123   0.0224
   50.7     3.73   8.150   0.0217
   50.9     3.76   8.177   0.0233
   51.2     3.76   8.204   0.0155
   51.4     3.74   8.231   0.0169
   51.6     3.73   8.258   0.0182
   51.8     3.75   8.285   0.0212
   52.1     3.78   8.312   0.0197
   52.4     3.76   8.339   0.0201
   52.6     3.73   8.366   0.0169
   52.8     3.79   8.393   0.0174
   53.2     3.77   8.420   0.0161
   53.5     3.81   8.447   0.0148
   53.7     3.84   8.474   0.0142
   53.8     3.80   8.501   0.0162
   54.2     3.80   8.528   0.0156
   54.4     3.86   8.555   0.0155
   54.7     3.83   8.582   0.0141
   55.0     3.83   8.609   0.0151
   55.2     3.84   8.636   0.0181
   55.5     3.84   8.663   0.0162
   55.7     3.79   8.690   0.0170
   55.9     3.87   8.717   0.0189
   56.2     3.89   8.744   0.0178
   56.4     3.83   8.771   0.0190
   56.7     3.90   8.798   0.0165
   57.0     3.89   8.825   0.0155
   57.2     3.89   8.852   0.0161
   57.4     3.92   8.878   0.0175
   57.8     3.92   8.905   0.0141
   58.0     3.98   8.932   0.0129
   58.2     3.91   8.959   0.0150
   58.4     3.92   8.986   0.0145
   58.8     3.88   9.013   0.0151
   59.0     3.89   9.040   0.0121
   59.3     3.91   9.066   0.0089
   59.5     3.89   9.093   0.0145
   59.7     3.91   9.120   0.0140
   60.1     3.89   9.147   0.0133
   60.2     3.89   9.173   0.0119
   60.5     3.90   9.200   0.0132
   60.8     3.93   9.228   0.0114
   61.0     3.93   9.254   0.0102
   61.4     4.02   9.281   0.0125
   61.6     3.98   9.308   0.0153
   61.9     3.99   9.336   0.0158
   62.2     4.01   9.362   0.0166
   62.4     4.01   9.389   0.0102
   62.6     4.02   9.416   0.0136
   63.0     4.07   9.443   0.0131
   63.2     4.08   9.470   0.0132
   63.4     4.04   9.498   0.0109
   63.7     4.08   9.524   0.0105
   64.0     4.06   9.552   0.0155
   64.2     4.03   9.578   0.0152
   64.6     4.07   9.605   0.0162
   64.8     4.06   9.632   0.0161
   65.0     3.99   9.659   0.0179
   65.3     4.07   9.686   0.0158
   65.6     4.02   9.713   0.0147
   65.9     4.05   9.740   0.0137
   66.1     4.06   9.767   0.0138
   66.4     4.05   9.793   0.0149
   66.7     4.04   9.820   0.0151
   66.9     4.02   9.848   0.0121
   67.2     4.02   9.875   0.0125
   67.4     4.06   9.903   0.0126
   67.7     4.06   9.930   0.0160
   68.0     4.04   9.957   0.0195
   68.2     4.00   9.984   0.0184
   68.4     3.98  10.011   0.0171
   68.6     3.99  10.037   0.0203
   69.0     4.04  10.064   0.0186
   69.3     4.03  10.091   0.0181
   69.5     4.07  10.117   0.0175
   69.9     4.07  10.143   0.0166
   70.1     4.06  10.171   0.0191
   70.3     4.03  10.197   0.0170
   70.6     4.00  10.225   0.0198
   70.8     4.01  10.251   0.0189
   71.1     4.02  10.278   0.0199
   71.4     4.02  10.305   0.0181
   71.7     4.04  10.333   0.0183
   72.0     4.05  10.360   0.0184
   72.2     4.02  10.386   0.0175
   72.3     3.97  10.414   0.0175
   72.7     3.99  10.440   0.0171
   72.9     4.04  10.467   0.0179
   73.2     4.02  10.494   0.0162
   73.5     4.01  10.520   0.0198
   73.8     4.02  10.547   0.0190
   74.1     4.00  10.574   0.0179
   74.4     4.02  10.600   0.0145
   74.6     3.98  10.627   0.0179
   74.9     3.97  10.654   0.0172
   75.0     4.00  10.681   0.0176
   75.4     3.97  10.708   0.0134
   75.6     3.94  10.735   0.0129
   75.9     3.94  10.762   0.0122
   76.2     3.97  10.789   0.0138
   76.5     3.95  10.816   0.0180
   76.7     3.95  10.842   0.0152
   77.0     3.95  10.869   0.0151
   77.3     3.92  10.896   0.0147
   77.5     3.89  10.923   0.0111
   77.8     3.94  10.950   0.0151
   78.0     3.87  10.977   0.0113
   78.3     3.88  11.004   0.0106
   78.6     3.86  11.031   0.0151
   78.9     3.90  11.057   0.0155
   79.1     3.89  11.085   0.0138
   79.3     3.86  11.112   0.0139
   79.6     3.84  11.138   0.0167
   79.9     3.80  11.165   0.0132
   80.1     3.73  11.192   0.0143
   80.5     3.80  11.219   0.0132
   80.7     3.78  11.246   0.0095
   81.0     3.76  11.273   0.0090
   81.2     3.75  11.300   0.0102
   81.4     3.72  11.328   0.0116
   81.8     3.72  11.354   0.0140
   82.0     3.77  11.381   0.0171
   82.4     3.74  11.408   0.0137
   82.7     3.79  11.435   0.0121
   82.9     3.77  11.461   0.0131
   83.3     3.76  11.488   0.0139
   83.5     3.74  11.515   0.0146
   83.7     3.72  11.541   0.0170
   84.0     3.76  11.568   0.0196
   84.3     3.69  11.595   0.0208
   84.4     3.66  11.622   0.0189
   84.7     3.64  11.649   0.0172
   85.0     3.59  11.676   0.0164
   85.2     3.56  11.703   0.0176
   85.6     3.61  11.729   0.0152
   85.8     3.58  11.756   0.0110
   86.0     3.55  11.783   0.0111
   86.3     3.57  11.810   0.0150
   86.7     3.56  11.837   0.0175
   86.9     3.61  11.863   0.0176
   87.1     3.52  11.890   0.0173
   87.5     3.48  11.917   0.0209
   87.6     3.53  11.944   0.0188
   88.1     3.45  11.971   0.0183
   88.3     3.45  11.998   0.0176
   88.5     3.46  12.025   0.0202
   88.9     3.44  12.052   0.0194
   89.0     3.41  12.078   0.0194
   89.2     3.38  12.105   0.0201
   89.6     3.39  12.132   0.0234
   89.9     3.34  12.159   0.0209
   90.1     3.37  12.185   0.0197
   90.3     3.31  12.212   0.0173
   90.7     3.32  12.239   0.0186
   90.9     3.30  12.266   0.0152
   91.2     3.27  12.293   0.0168
   91.5     3.23  12.320   0.0147
   91.7     3.25  12.347   0.0161
   92.0     3.21  12.374   0.0151
   92.3     3.20  12.401   0.0151
   92.6     3.12  12.428   0.0162
   92.7     3.16  12.455   0.0133
   93.0     3.16  12.482   0.0146
   93.3     3.09  12.509   0.0131
   93.6     3.06  12.535   0.0121
   93.9     3.07  12.562   0.0098
   94.1     3.06  12.590   0.0106
   94.5     3.01  12.616   0.0111
   94.6     2.99  12.643   0.0140
   94.9     2.99  12.670   0.0157
   95.1     2.95  12.697   0.0210
   95.5     2.95  12.724   0.0235
   95.7     2.91  12.751   0.0211
   96.0     2.90  12.778   0.0166
   96.1     2.82  12.804   0.0152
   96.5     2.84  12.831   0.0138
   96.7     2.82  12.858   0.0177
   97.0     2.76  12.885   0.0188
   97.2     2.71  12.911   0.0174
   97.5     2.72  12.939   0.0164
   97.8     2.72  12.965   0.0177
   98.2     2.66  12.992   0.0165
   98.4     2.60  13.019   0.0156
   98.6     2.60  13.046   0.0178
   98.9     2.59  13.073   0.0190
   99.1     2.56  13.099   0.0176
   99.4     2.61  13.126   0.0182
   99.7     2.52  13.153   0.0127
  100.0     2.50  13.179   0.0116
  100.3     2.48  13.206   0.0129
  100.5     2.48  13.233   0.0136
  100.8     2.47  13.260   0.0125
  101.0     2.44  13.287   0.0120
  101.3     2.44  13.314   0.0136
  101.6     2.41  13.341   0.0146
  101.9     2.33  13.368   0.0172
  102.2     2.35  13.395   0.0181
  102.3     2.33  13.422   0.0159
  102.6     2.29  13.449   0.0166
  103.0     2.25  13.476   0.0146
  103.2     2.27  13.502   0.0172
  103.4     2.20  13.529   0.0135
  103.8     2.20  13.556   0.0176
  104.0     2.15  13.583   0.0162
  104.2     2.10  13.610   0.0214
  104.5     2.11  13.637   0.0213
  104.7     2.04  13.664   0.0221
  105.0     2.04  13.691   0.0224
  105.3     2.02  13.717   0.0190
  105.6     2.01  13.744   0.0184
  105.8     1.96  13.771   0.0161
  106.1     1.98  13.798   0.0117
  106.4     1.92  13.825   0.0148
  106.7     1.89  13.852   0.0137
  106.9     1.87  13.878   0.0158
  107.2     1.81  13.905   0.0144
  107.5     1.79  13.933   0.0164
  107.7     1.79  13.959   0.0160
  107.9     1.77  13.986   0.0163
  108.3     1.71  14.013   0.0158
  108.5     1.72  14.040   0.0119
  108.8     1.68  14.067   0.0124
  109.1     1.68  14.094   0.0102
  109.3     1.68  14.121   0.0098
  109.6     1.61  14.148   0.0093
  109.8     1.62  14.175   0.0122
  110.2     1.59  14.202   0.0163
  110.4     1.55  14.229   0.0119
  110.8     1.52  14.256   0.0153
  111.0     1.53  14.283   0.0148
  111.3     1.51  14.310   0.0123
  111.5     1.48  14.337   0.0118
  111.8     1.46  14.364   0.0104
  112.1     1.49  14.391   0.0132
  112.3     1.47  14.418   0.0118
  112.7     1.40  14.445   0.0154
  112.9     1.35  14.472   0.0129
  113.0     1.34  14.499   0.0103
  113.4     1.23  14.526   0.0107
  113.7     1.32  14.552   0.0098
  113.9     1.28  14.579   0.0133
  114.2     1.24  14.606   0.0154
  114.5     1.23  14.633   0.0146
  114.8     1.25  14.660   0.0165
  115.0     1.22  14.686   0.0134
  115.2     1.25  14.714   0.0131
  115.5     1.24  14.741   0.0104
  115.8     1.14  14.767   0.0129
  116.1     1.18  14.794   0.0131
  116.3     1.14  14.821   0.0102
  116.5     1.06  14.848   0.0138
  116.9     1.09  14.874   0.0117
  117.1     1.10  14.902   0.0121
  117.4     1.03  14.929   0.0109
  117.6     1.03  14.956   0.0122
  117.9     1.01  14.983   0.0109
  118.1     1.01  15.010   0.0126
  118.5     1.02  15.036   0.0123
  118.7     0.93  15.063   0.0097
  119.1     0.93  15.090   0.0128
  119.3     0.95  15.117   0.0097
  119.4     0.93  15.144   0.0092
  119.9     0.92  15.171   0.0075
  120.2     0.86  15.198   0.0094
  120.2     0.84  15.225   0.0093
  120.5     0.87  15.252   0.0088
  120.9     0.84  15.278   0.0080
  121.1     0.87  15.305   0.0091
  121.4     0.80  15.333   0.0101
  121.6     0.82  15.359   0.0053
  121.9     0.81  15.386   0.0052
  122.2     0.83  15.414   0.0068
  122.5     0.84  15.441   0.0042
  122.8     0.83  15.467   0.0052
  123.1     0.80  15.495   0.0066
  123.3     0.81  15.521   0.0010
  123.5     0.77  15.548   0.0021
  123.8     0.76  15.575   0.0044
  124.1     0.79  15.602   0.0019
  124.3     0.77  15.629   0.0045
  124.7     0.79  15.656   0.0018
  124.9     0.71  15.683   0.0021
  125.0     0.71  15.710   0.0024
  125.4     0.73  15.737   0.0057
  125.6     0.73  15.764   0.0060
  125.9     0.70  15.791   0.0087
  126.1     0.70  15.817   0.0029
  126.4     0.67  15.844   0.0040
  126.7     0.68  15.871   0.0038
  127.0     0.69  15.898   0.0080
  127.2     0.71  15.925   0.0073
  127.5     0.73  15.952   0.0060
  127.8     0.68  15.978   0.0069
  128.1     0.70  16.005   0.0083
  128.4     0.67  16.032   0.0051
  128.6     0.70  16.059   0.0077
  128.9     0.64  16.086   0.0058
  129.1     0.66  16.113   0.0080
  129.4     0.63  16.140   0.0032
  129.6     0.66  16.166   0.0074
  129.9     0.67  16.193   0.0059
  130.2     0.68  16.220   0.0044
  130.4     0.69  16.247   0.0054
  130.7     0.70  16.274   0.0074
  131.0     0.69  16.301   0.0044
  131.2     0.66  16.328   0.0023
  131.5     0.69  16.355   0.0072
  131.8     0.71  16.382   0.0064
  131.9     0.72  16.409   0.0055
  132.3     0.68  16.435   0.0061
  132.6     0.66  16.462   0.0032
  132.9     0.67  16.489   0.0027
  133.1     0.74  16.516   0.0027
  133.3     0.73  16.543   0.0042
  133.6     0.72  16.570   0.0030
  134.0     0.74  16.597   0.0054
  134.2     0.76  16.623   0.0076
  134.4     0.76  16.651   0.0087
  134.8     0.76  16.677   0.0089
  135.0     0.76  16.704   0.0076
  135.2     0.76  16.731   0.0061
  135.5     0.82  16.758   0.0078
  135.9     0.86  16.785   0.0090
  136.1     0.84  16.811   0.0097
  136.3     0.77  16.838   0.0050
  136.6     0.79  16.865   0.0081
  136.9     0.77  16.892   0.0071
  137.2     0.79  16.918   0.0015
  137.5     0.83  16.945   0.0047
  137.7     0.86  16.973   0.0042
  138.0     0.86  16.999   0.0047
  138.2     0.85  17.027   0.0035
  138.5     0.86  17.053   0.0034
  138.9     0.85  17.080   0.0056
  139.1     0.92  17.108   0.0077
  139.4     0.89  17.135   0.0052
  139.6     0.91  17.161   0.0031
  139.9     0.97  17.188   0.0039
  140.1     0.94  17.215   0.0041
  140.3     0.90  17.242   0.0027
  140.7     0.95  17.269   0.0034
  140.9     0.96  17.296   0.0023
  141.2     0.99  17.323  -0.0003
  141.6     1.02  17.350   0.0017
  141.8     1.02  17.377   0.0021
  142.1     0.94  17.404   0.0001
  142.1     0.95  17.431  -0.0013
  142.5     1.02  17.458  -0.0003
  142.9     1.05  17.484  -0.0032
  143.2     1.16  17.511  -0.0018
  143.5     1.03  17.538  -0.0005
  143.6     1.01  17.565  -0.0037
  143.9     1.07  17.592   0.0003
  144.2     1.10  17.619   0.0010
  144.5     1.14  17.646   0.0033
  144.7     1.20  17.673   0.0025
  145.1     1.14  17.700   0.0021
  145.4     1.13  17.727   0.0020
  145.5     1.18  17.754   0.0066
  145.8     1.19  17.780   0.0061
  146.1     1.22  17.807   0.0007
  146.4     1.26  17.834   0.0009
  146.6     1.21  17.861   0.0053
  146.9     1.21  17.888   0.0036
  147.2     1.23  17.915   0.0061
  147.6     1.31  17.942   0.0021
  147.8     1.35  17.968  -0.0009
  148.0     1.28  17.995  -0.0003
  148.3     1.35  18.022  -0.0010
  148.6     1.41  18.048   0.0018
  148.8     1.36  18.076   0.0014
  149.2     1.37  18.103   0.0035
  149.5     1.41  18.129   0.0078
  149.6     1.41  18.156   0.0050
  150.0     1.41  18.183   0.0085
  150.2     1.38  18.210   0.0084
  150.5     1.41  18.237   0.0060
  150.8     1.44  18.264   0.0049
  151.0     1.41  18.291   0.0067
  151.3     1.48  18.318   0.0018
  151.5     1.45  18.346   0.0045
  151.9     1.47  18.372   0.0024
  152.0     1.53  18.399   0.0009
  152.5     1.57  18.426   0.0036
  152.7     1.56  18.453  -0.0001
  152.9     1.56  18.479   0.0032
  153.3     1.59  18.507   0.0063
  153.5     1.65  18.533   0.0057
  153.8     1.62  18.560   0.0051
  154.1     1.62  18.587   0.0048
  154.3     1.64  18.614   0.0040
  154.6     1.65  18.641   0.0044
  155.0     1.71  18.667   0.0057
  155.2     1.75  18.694   0.0062
  155.5     1.76  18.721   0.0054
  155.8     1.77  18.748   0.0093
  156.0     1.81  18.775   0.0087
  156.3     1.82  18.802   0.0080
  156.6     1.80  18.829   0.0095
  156.8     1.76  18.856   0.0074
  157.2     1.82  18.883   0.0089
  157.4     1.87  18.910   0.0080
  157.7     1.89  18.936   0.0088
  158.0     1.89  18.963   0.0102
  158.4     1.94  18.991   0.0106
  158.5     1.94  19.017   0.0086
  158.8     1.94  19.044   0.0082
  158.9     1.94  19.071   0.0088
  159.4     1.99  19.098   0.0066
  159.6     2.01  19.125   0.0063
  159.9     2.00  19.152   0.0089
  160.2     2.09  19.179   0.0059
  160.5     2.07  19.206   0.0044
  160.8     2.16  19.233   0.0028
  161.0     2.16  19.260   0.0045
  161.3     2.13  19.286   0.0033
  161.6     2.16  19.314   0.0030
  162.0     2.15  19.341   0.0047
  162.2     2.24  19.368   0.0056
  162.5     2.23  19.395   0.0033
  162.8     2.24  19.422   0.0009
  163.0     2.23  19.449  -0.0013
  163.3     2.32  19.476  -0.0015
  163.5     2.30  19.503   0.0022
  163.8     2.23  19.529  -0.0027
  164.0     2.27  19.556   0.0011
  164.3     2.28  19.584   0.0037
  164.5     2.29  19.610   0.0029
  164.9     2.35  19.637   0.0017
  165.1     2.34  19.664   0.0020
  165.4     2.35  19.691   0.0022
  165.7     2.36  19.717   0.0018
  166.0     2.39  19.744   0.0004
  166.3     2.45  19.771  -0.0017
  166.6     2.48  19.798  -0.0008
  166.9     2.48  19.825  -0.0015
  167.0     2.53  19.852  -0.0023
  167.4     2.51  19.879  -0.0019
  167.7     2.55  19.907  -0.0010
  167.9     2.52  19.934  -0.0022
  168.1     2.55  19.961  -0.0028
  168.5     2.63  19.988  -0.0002
  168.8     2.55  20.015   0.0014
  169.1     2.59  20.042  -0.0023
  169.4     2.66  20.069   0.0012
  169.6     2.59  20.097  -0.0017
  169.8     2.62  20.124   0.0023
  170.3     2.68  20.151   0.0007
  170.4     2.70  20.178   0.0002
  170.8     2.73  20.204   0.0007
  171.0     2.73  20.231   0.0039
  171.4     2.72  20.259   0.0009
  171.6     2.68  20.285   0.0007
  171.8     2.72  20.312  -0.0013
  172.1     2.84  20.340   0.0018
  172.4     2.83  20.367  -0.0002
  172.7     2.85  20.394  -0.0034
  173.0     2.88  20.421  -0.0028
  173.2     2.86  20.448  -0.0070
  173.4     2.80  20.475  -0.0078
  173.8     2.78  20.502  -0.0034
  174.1     2.87  20.529  -0.0020
  174.4     2.81  20.555  -0.0016
  174.6     2.78  20.582  -0.0044
  174.7     2.76  20.609  -0.0029
  175.1     2.88  20.636  -0.0041
  175.3     2.82  20.663  -0.0027
  175.6     2.89  20.690  -0.0019
  175.8     2.84  20.717  -0.0034
  176.2     2.89  20.745  -0.0025
  176.5     2.90  20.771  -0.0010
  176.8     3.06  20.798   0.0001
  177.2     3.08  20.826  -0.0011
  177.4     3.08  20.853   0.0008
  177.8     3.11  20.880  -0.0015
  178.0     3.05  20.906  -0.0055
  178.2     3.04  20.934  -0.0053
  178.5     3.13  20.960  -0.0071
  178.8     3.14  20.987  -0.0067
  179.1     3.14  21.014  -0.0031
  179.4     3.14  21.041  -0.0060
  179.5     3.21  21.068  -0.0062
  179.8     3.17  21.095  -0.0064
  180.1     3.18  21.122  -0.0049
  180.4     3.19  21.149  -0.0071
  180.8     3.23  21.176  -0.0100
  181.2     3.36  21.203  -0.0067
  181.3     3.27  21.230  -0.0084
  181.5     3.28  21.257  -0.0065
  181.8     3.28  21.284  -0.0052
  182.2     3.24  21.311  -0.0090
  182.3     3.28  21.339  -0.0074
  182.6     3.27  21.365  -0.0063
  182.9     3.28  21.392  -0.0066
  183.2     3.38  21.420  -0.0076
  183.5     3.35  21.446  -0.0066
  183.7     3.30  21.473  -0.0068
  184.0     3.48  21.500  -0.0053
  184.3     3.40  21.527  -0.0079
  184.6     3.41  21.554  -0.0046
  184.8     3.41  21.581  -0.0064
  185.2     3.47  21.608  -0.0082
  185.4     3.44  21.635  -0.0088
  185.6     3.41  21.661  -0.0108
  185.9     3.47  21.689  -0.0117
  186.2     3.48  21.715  -0.0083
  186.6     3.52  21.742  -0.0100
  186.8     3.55  21.769  -0.0112
  187.0     3.51  21.796  -0.0128
  187.3     3.54  21.823  -0.0092
  187.6     3.63  21.850  -0.0079
  187.9     3.60  21.878  -0.0083
  188.2     3.62  21.905  -0.0083
  188.5     3.65  21.931  -0.0106
  188.9     3.67  21.958  -0.0113
  189.0     3.68  21.985  -0.0112
  189.3     3.71  22.012  -0.0151
  189.6     3.75  22.039  -0.0139
  189.9     3.75  22.066  -0.0139
  190.0     3.75  22.093  -0.0057
  190.5     3.81  22.120  -0.0116
  190.8     3.82  22.147  -0.0075
  191.0     3.85  22.174  -0.0105
  191.3     3.84  22.201  -0.0123
  191.6     3.86  22.228  -0.0079
  191.9     3.93  22.255  -0.0089
  192.2     3.94  22.282  -0.0089
  192.5     3.93  22.309  -0.0138
  192.8     3.97  22.337  -0.0143
  193.0     4.00  22.364  -0.0134
  193.2     3.97  22.390  -0.0142
  193.5     3.96  22.417  -0.0109
  193.9     4.09  22.445  -0.0110
  194.1     4.08  22.471  -0.0127
  194.4     4.14  22.498  -0.0135
  194.7     4.10  22.525  -0.0153
  194.9     4.12  22.552  -0.0133
  195.2     4.12  22.579  -0.0130
  195.5     4.09  22.606  -0.0110
  195.6     4.12  22.633  -0.0079
  196.1     4.22  22.659  -0.0087
  196.4     4.22  22.686  -0.0076
  196.6     4.27  22.713  -0.0139
  196.9     4.24  22.740  -0.0157
  197.3     4.32  22.767  -0.0149
  197.5     4.31  22.794  -0.0152
  197.8     4.34  22.821  -0.0158
  198.0     4.35  22.847  -0.0166
  198.3     4.35  22.874  -0.0183
  198.6     4.35  22.902  -0.0158
  198.9     4.39  22.929  -0.0145
  199.1     4.44  22.956  -0.0140
  199.5     4.41  22.983  -0.0181
  199.7     4.45  23.009  -0.0180
  200.0     4.46  23.036  -0.0181
  200.4     4.53  23.063  -0.0193
  200.7     4.52  23.090  -0.0170
  200.9     4.52  23.117  -0.0173
  201.2     4.57  23.143  -0.0143
  201.4     4.60  23.171  -0.0109
  201.7     4.62  23.197  -0.0131
  202.0     4.64  23.224  -0.0148
  202.3     4.65  23.252  -0.0145
  202.5     4.71  23.278  -0.0126
  202.9     4.70  23.305  -0.0095
  203.0     4.74  23.332  -0.0077
  203.4     4.77  23.359  -0.0080
  203.7     4.85  23.386  -0.0071
  203.9     4.82  23.414  -0.0087
  204.1     4.82  23.441  -0.0108
  204.5     4.88  23.467  -0.0146
  204.8     4.88  23.495  -0.0104
  205.0     4.87  23.521  -0.0079
  205.3     4.90  23.549  -0.0081
  205.7     4.95  23.576  -0.0105
  205.9     4.95  23.603  -0.0140
  206.2     5.00  23.630  -0.0117
  206.5     5.05  23.657  -0.0077
  206.8     5.06  23.684  -0.0095
  207.1     5.08  23.711  -0.0107
  207.4     5.09  23.738  -0.0132
  207.6     5.09  23.766  -0.0101
  207.8     5.13  23.792  -0.0103
  208.1     5.19  23.820  -0.0088
  208.5     5.19  23.847  -0.0092
  208.8     5.22  23.873  -0.0059
  209.0     5.24  23.900  -0.0050
  209.4     5.28  23.928  -0.0085
  209.6     5.30  23.955  -0.0071
  209.9     5.27  23.982  -0.0073
  210.1     5.18  24.009  -0.0068
  210.4     5.28  24.036  -0.0066
  210.7     5.30  24.063  -0.0078
  211.0     5.33  24.090  -0.0086
  211.3     5.38  24.117  -0.0093
  211.6     5.41  24.143  -0.0112
  211.8     5.44  24.170  -0.0064
  212.2     5.43  24.197  -0.0074
  212.4     5.47  24.224  -0.0087
  212.6     5.49  24.252  -0.0050
  212.8     5.49  24.279  -0.0068
  213.2     5.47  24.306  -0.0063
  213.5     5.53  24.334  -0.0083
  213.8     5.66  24.361  -0.0079
  214.1     5.64  24.387  -0.0132
  214.3     5.61  24.415  -0.0114
  214.6     5.50  24.442  -0.0092
  214.8     5.67  24.468  -0.0087
  215.1     5.70  24.495  -0.0069
  215.4     5.68  24.522  -0.0070
  215.7     5.62  24.549  -0.0072
  215.9     5.67  24.577  -0.0078
  216.3     5.77  24.603  -0.0094
  216.6     5.78  24.630  -0.0063
  216.9     5.76  24.658  -0.0080
  217.1     5.84  24.684  -0.0063
  217.3     5.79  24.711  -0.0064
  217.7     5.79  24.738  -0.0056
  217.9     5.83  24.766  -0.0084
  218.1     5.85  24.793  -0.0086
  218.5     5.89  24.820  -0.0099
  218.8     5.94  24.847  -0.0082
  219.1     5.97  24.874  -0.0066
  219.3     5.96  24.900  -0.0060
  219.6     5.91  24.927  -0.0063
  219.8     5.96  24.954  -0.0083
  220.1     5.96  24.981  -0.0089
  220.4     5.95  25.008  -0.0063
  220.6     5.98  25.035  -0.0059
  221.0     5.98  25.064  -0.0062
  221.2     5.98  25.091  -0.0042
  221.5     6.01  25.118  -0.0035
  221.7     6.06  25.145  -0.0027
  222.1     6.05  25.172  -0.0070
  222.3     6.05  25.199  -0.0095
  222.7     6.09  25.226  -0.0093
  222.9     6.12  25.253  -0.0073
  223.2     6.09  25.280  -0.0050
  223.4     6.16  25.307  -0.0064
  223.7     6.15  25.335  -0.0107
  223.9     6.17  25.361  -0.0131
  224.4     6.20  25.388  -0.0100
  224.6     6.28  25.415  -0.0078
  224.8     6.17  25.442  -0.0098
  225.2     6.19  25.469  -0.0133
  225.6     6.28  25.496  -0.0135
  225.6     6.26  25.523  -0.0151
  226.0     6.28  25.549  -0.0117
  226.3     6.32  25.577  -0.0146
  226.6     6.31  25.603  -0.0166
  226.8     6.28  25.630  -0.0168
  227.1     6.40  25.657  -0.0127
  227.4     6.35  25.684  -0.0104
  227.7     6.39  25.711  -0.0119
  228.0     6.44  25.738  -0.0104
  228.3     6.43  25.765  -0.0086
  228.5     6.47  25.792  -0.0113
  228.8     6.47  25.819  -0.0159
  229.2     6.46  25.846  -0.0167
  229.4     6.50  25.873  -0.0182
  229.6     6.46  25.900  -0.0187
  230.0     6.45  25.927  -0.0201
  230.2     6.51  25.954  -0.0189
  230.5     6.49  25.980  -0.0158
  230.8     6.52  26.007  -0.0143
  231.0     6.51  26.035  -0.0189
  231.3     6.56  26.062  -0.0166
  231.7     6.52  26.089  -0.0136
  231.8     6.54  26.116  -0.0169
  232.2     6.52  26.143  -0.0180
  232.5     6.58  26.170  -0.0187
  232.8     6.59  26.197  -0.0188
  233.0     6.61  26.224  -0.0206
  233.2     6.61  26.251  -0.0200
  233.8     6.67  26.279  -0.0216
  233.8     6.64  26.306  -0.0252
  234.2     6.65  26.334  -0.0237
  234.5     6.65  26.361  -0.0198
  234.8     6.67  26.388  -0.0234
  235.0     6.75  26.416  -0.0248
  235.3     6.72  26.443  -0.0232
  235.6     6.65  26.470  -0.0239
  235.9     6.67  26.497  -0.0245
  236.1     6.68  26.523  -0.0238
  236.5     6.71  26.551  -0.0213
  236.7     6.74  26.578  -0.0219
  237.0     6.70  26.605  -0.0237
  237.3     6.71  26.632  -0.0213
  237.6     6.68  26.659  -0.0229
  237.8     6.69  26.686  -0.0261
  238.1     6.78  26.713  -0.0252
  238.4     6.74  26.740  -0.0260
  238.8     6.71  26.767  -0.0270
  239.1     6.81  26.794  -0.0281
  239.3     6.77  26.821  -0.0272
  239.5     6.80  26.848  -0.0255
  239.9     6.83  26.875  -0.0223
  240.2     6.79  26.902  -0.0175
  240.4     6.85  26.930  -0.0218
  240.9     6.85  26.956  -0.0256
  240.9     6.85  26.984  -0.0264
  241.3     6.86  27.011  -0.0239
  241.5     6.94  27.038  -0.0218
  242.0     6.90  27.065  -0.0265
  242.1     6.85  27.092  -0.0278
  242.4     6.90  27.120  -0.0293
  242.7     6.95  27.147  -0.0289
  242.9     6.90  27.174  -0.0310
  243.2     6.92  27.201  -0.0294
  243.5     6.93  27.227  -0.0338
  243.9     6.96  27.254  -0.0339
  244.0     6.94  27.282  -0.0360
  244.4     6.93  27.309  -0.0371
  244.6     6.94  27.336  -0.0357
  244.8     6.94  27.363  -0.0397
  245.2     6.95  27.389  -0.0365
  245.6     7.02  27.416  -0.0347
  245.9     7.04  27.443  -0.0377
  246.1     7.02  27.470  -0.0377
  246.5     7.04  27.497  -0.0374
  246.8     7.07  27.524  -0.0378
  247.1     7.22  27.551  -0.0405
  247.3     7.16  27.578  -0.0404
  247.4     7.09  27.605  -0.0403
  247.8     7.14  27.632  -0.0374
  248.2     7.23  27.659  -0.0403
  248.4     7.22  27.686  -0.0406
  248.7     7.22  27.713  -0.0370
  249.1     7.25  27.740  -0.0412
  249.4     7.24  27.767  -0.0445
  249.6     7.30  27.794  -0.0449
  249.9     7.25  27.821  -0.0443
  250.3     7.34  27.848  -0.0474
  250.4     7.37  27.874  -0.0457
  250.8     7.36  27.901  -0.0430
  251.0     7.39  27.928  -0.0477
  251.3     7.38  27.955  -0.0474
  251.7     7.37  27.982  -0.0489
  251.9     7.46  28.009  -0.0475
  252.2     7.43  28.036  -0.0478
  252.5     7.42  28.063  -0.0450
  252.7     7.46  28.090  -0.0472
  253.1     7.49  28.117  -0.0479
  253.4     7.55  28.144  -0.0507
  253.7     7.52  28.171  -0.0510
  253.9     7.50  28.197  -0.0498
  254.2     7.52  28.224  -0.0514
  254.5     7.57  28.251  -0.0527
  254.8     7.55  28.278  -0.0530
  255.0     7.56  28.305  -0.0554
  255.3     7.58  28.333  -0.0560
  255.5     7.64  28.359  -0.0534
  255.9     7.63  28.386  -0.0583
  256.1     7.65  28.414  -0.0586
  256.5     7.69  28.441  -0.0591
  256.9     7.74  28.468  -0.0597
  257.2     7.72  28.496  -0.0641
  257.4     7.79  28.523  -0.0638
  257.6     7.72  28.550  -0.0647
  258.0     7.79  28.577  -0.0615
  258.2     7.85  28.604  -0.0636
  258.5     7.86  28.631  -0.0619
  258.8     7.88  28.658  -0.0575
  259.1     7.93  28.685  -0.0565
  259.5     7.93  28.712  -0.0598
  259.8     8.00  28.739  -0.0598
  260.0     7.97  28.766  -0.0618
  260.3     7.96  28.793  -0.0578
  260.6     8.01  28.820  -0.0595
  260.8     8.01  28.847  -0.0618
  261.1     8.05  28.874  -0.0620
  261.4     8.02  28.901  -0.0632
  261.7     8.04  28.928  -0.0627
  261.8     8.04  28.955  -0.0635
  262.3     8.06  28.982  -0.0629
  262.6     8.09  29.009  -0.0657
  262.8     8.08  29.036  -0.0653
  263.0     8.15  29.063  -0.0681
  263.4     8.15  29.091  -0.0684
  263.7     8.15  29.118  -0.0673
  264.0     8.22  29.145  -0.0675
  264.2     8.23  29.172  -0.0681
  264.6     8.30  29.198  -0.0667
  265.0     8.33  29.226  -0.0627
  265.2     8.34  29.253  -0.0620
  265.5     8.30  29.280  -0.0630
  265.7     8.30  29.307  -0.0602
  266.1     8.34  29.335  -0.0597
  266.3     8.32  29.362  -0.0635
  266.7     8.38  29.389  -0.0682
  266.9     8.40  29.416  -0.0682
  267.2     8.40  29.444  -0.0686
  267.5     8.35  29.471  -0.0710
  267.8     8.36  29.498  -0.0659
  268.0     8.41  29.525  -0.0699
  268.3     8.44  29.552  -0.0706
  268.6     8.43  29.579  -0.0723
  269.0     8.48  29.606  -0.0728
  269.2     8.45  29.633  -0.0725
  269.5     8.48  29.660  -0.0707
  269.8     8.44  29.687  -0.0707
  270.0     8.38  29.714  -0.0718
  270.3     8.46  29.740  -0.0688
  270.6     8.50  29.768  -0.0708
  270.9     8.50  29.795  -0.0729
  271.1     8.43  29.821  -0.0695
  271.4     8.49  29.848  -0.0683
  271.8     8.50  29.876  -0.0709
  272.0     8.47  29.903  -0.0726
  272.3     8.57  29.930  -0.0723
  272.5     8.39  29.957  -0.0703
  272.9     8.45  29.984  -0.0713
  273.3     8.51  30.011  -0.0704
  273.5     8.61  30.038  -0.0724
  273.9     8.59  30.065  -0.0717
  274.2     8.59  30.092  -0.0697
  274.4     8.62  30.120  -0.0709
  274.7     8.58  30.147  -0.0748
  275.1     8.55  30.174  -0.0723
  275.3     8.57  30.201  -0.0699
  275.4     8.59  30.228  -0.0725
  275.9     8.62  30.256  -0.0746
  276.3     8.62  30.283  -0.0731
  276.5     8.60  30.310  -0.0723
  276.8     8.54  30.338  -0.0669
  277.0     8.55  30.365  -0.0667
  277.3     8.56  30.392  -0.0702
  277.7     8.58  30.419  -0.0677
  278.0     8.54  30.447  -0.0690
  278.1     8.48  30.473  -0.0708
  278.4     8.45  30.501  -0.0713
  278.7     8.40  30.528  -0.0738
  279.0     8.41  30.555  -0.0712
  279.3     8.41  30.583  -0.0715
  279.5     8.44  30.610  -0.0694
  279.9     8.40  30.638  -0.0694
  280.1     8.35  30.665  -0.0665
  280.4     8.39  30.691  -0.0694
  280.7     8.39  30.718  -0.0708
  281.1     8.32  30.746  -0.0717
  281.2     8.28  30.773  -0.0733
  281.4     8.21  30.800  -0.0730
  281.8     8.24  30.827  -0.0737
  282.1     8.18  30.854  -0.0746
  282.4     8.19  30.881  -0.0733
  282.7     8.25  30.908  -0.0738
  282.9     8.14  30.935  -0.0753
  283.2     8.18  30.962  -0.0743
  283.5     8.20  30.989  -0.0744
  283.7     8.15  31.016  -0.0759
  284.2     8.21  31.043  -0.0786
  284.5     8.16  31.070  -0.0762
  284.7     8.20  31.097  -0.0793
  285.0     8.17  31.124  -0.0769
  285.3     8.17  31.152  -0.0805
  285.6     8.18  31.178  -0.0772
  286.0     8.26  31.205  -0.0759
  286.4     8.21  31.232  -0.0769
  286.7     8.24  31.260  -0.0750
  286.9     8.25  31.286  -0.0735
  287.2     8.25  31.313  -0.0730
  287.5     8.22  31.341  -0.0732
  287.8     8.15  31.368  -0.0759
  288.0     8.17  31.395  -0.0772
  288.3     8.14  31.422  -0.0787
  288.6     8.07  31.449  -0.0803
  288.7     8.11  31.476  -0.0803
  289.1     8.04  31.503  -0.0805
  289.4     8.04  31.530  -0.0817
  289.8     8.10  31.557  -0.0817
  290.0     8.00  31.584  -0.0823
  290.4     8.03  31.611  -0.0827
  290.6     7.96  31.638  -0.0837
  290.8     7.99  31.665  -0.0833
  291.1     7.95  31.692  -0.0821
  291.5     7.93  31.719  -0.0820
  291.8     7.91  31.746  -0.0855
  291.9     7.90  31.773  -0.0859
  292.2     7.88  31.800  -0.0854
  292.5     7.87  31.827  -0.0850
  292.9     7.82  31.854  -0.0898
  293.1     7.83  31.881  -0.0904
  293.4     7.80  31.908  -0.0884
  293.7     7.80  31.935  -0.0924
  293.9     7.83  31.962  -0.0963
  294.3     7.75  31.989  -0.0963
  294.5     7.70  32.016  -0.0951
  294.7     7.73  32.043  -0.0927
  295.1     7.70  32.070  -0.0942
  295.4     7.72  32.097  -0.0965
  295.7     7.67  32.124  -0.0959
  295.8     7.63  32.151  -0.0982
  296.2     7.63  32.178  -0.0964
  296.5     7.64  32.205  -0.0971
  296.8     7.60  32.231  -0.0959
  297.0     7.62  32.259  -0.0963
  297.4     7.60  32.286  -0.0957
  297.7     7.62  32.313  -0.0975
  297.9     7.58  32.341  -0.0943
  298.3     7.57  32.368  -0.0932
  298.5     7.52  32.395  -0.0901
  298.8     7.47  32.422  -0.0908
  299.0     7.48  32.449  -0.0932
  299.3     7.46  32.476  -0.0970
  299.6     7.44  32.503  -0.0958
  299.8     7.43  32.530  -0.0944
  300.1     7.43  32.557  -0.0939
  300.5     7.44  32.584  -0.0950
  300.7     7.37  32.611  -0.0954
  300.9     7.40  32.638  -0.0954
  301.3     7.34  32.665  -0.0956
  301.6     7.31  32.692  -0.0963
  301.7     7.34  32.719  -0.0943
  302.1     7.30  32.746  -0.1025
  302.4     7.29  32.773  -0.0959
  302.6     7.27  32.800  -0.0969
  302.9     7.31  32.827  -0.0949
  303.3     7.24  32.854  -0.0982
  303.5     7.27  32.881  -0.1000
  303.8     7.24  32.908  -0.0997
  304.1     7.26  32.936  -0.0960
  304.3     7.17  32.963  -0.0949
  304.6     7.20  32.990  -0.0951
  305.0     7.20  33.017  -0.0946
  305.2     7.15  33.044  -0.0965
  305.5     7.16  33.071  -0.0996
  305.7     7.14  33.099  -0.0986
  306.1     7.10  33.127  -0.0987
  306.2     7.10  33.153  -0.1021
  306.6     7.11  33.181  -0.1011
  306.9     7.09  33.208  -0.0996
  307.2     7.07  33.235  -0.0996
  307.4     7.10  33.262  -0.0994
  307.7     7.02  33.289  -0.0985
  308.0     7.06  33.316  -0.0957
  308.4     7.07  33.343  -0.0962
  308.5     7.02  33.370  -0.0948
  308.8     7.07  33.397  -0.0959
  309.2     7.05  33.425  -0.0977
  309.4     7.00  33.452  -0.0938
  309.8     6.98  33.479  -0.0960
  310.0     6.99  33.506  -0.0981
  310.3     7.02  33.533  -0.0959
  310.6     6.93  33.560  -0.0999
  310.9     6.94  33.587  -0.1023
  311.1     6.95  33.614  -0.1015
  311.4     6.93  33.641  -0.1003
  311.8     6.90  33.668  -0.0976
  312.1     6.94  33.695  -0.0980
  312.5     6.96  33.723  -0.0976
  312.7     6.96  33.750  -0.0974
  313.0     6.92  33.777  -0.0964
  313.3     6.91  33.804  -0.1008
  313.6     6.91  33.831  -0.0983
  313.9     6.91  33.858  -0.0984
  314.2     6.93  33.885  -0.0979
  314.4     6.83  33.912  -0.0986
  314.7     6.90  33.940  -0.1029
  315.0     6.88  33.967  -0.1082
  315.3     6.86  33.994  -0.1071
  315.5     6.82  34.021  -0.1084
  315.8     6.78  34.048  -0.1093
  316.2     6.87  34.075  -0.1053
  316.5     6.78  34.102  -0.1076
  316.8     6.80  34.129  -0.1096
  317.0     6.80  34.156  -0.1063
  317.3     6.78  34.183  -0.1017
  317.6     6.79  34.210  -0.0998
  318.0     6.81  34.238  -0.1010
  318.3     6.78  34.265  -0.1021
  318.6     6.79  34.292  -0.1077
  318.8     6.79  34.319  -0.1052
  319.1     6.75  34.347  -0.1036
  319.5     6.77  34.374  -0.1017
  319.7     6.77  34.401  -0.0987
  319.9     6.71  34.428  -0.1012
  320.3     6.69  34.455  -0.1026
  320.6     6.69  34.482  -0.1031
  320.9     6.69  34.509  -0.1015
  321.3     6.70  34.536  -0.1018
  321.4     6.70  34.563  -0.1056
  321.8     6.67  34.590  -0.1029
  322.0     6.67  34.617  -0.1025
  322.3     6.66  34.644  -0.1038
  322.6     6.67  34.671  -0.1041
  323.0     6.65  34.698  -0.1048
  323.2     6.63  34.725  -0.1081
  323.5     6.64  34.752  -0.1068
  323.9     6.64  34.780  -0.1049
  324.2     6.63  34.806  -0.1068
  324.3     6.61  34.834  -0.1083
  324.7     6.64  34.860  -0.1042
  325.0     6.64  34.887  -0.1059
  325.3     6.62  34.915  -0.1094
  325.6     6.56  34.941  -0.1111
  326.0     6.61  34.968  -0.1135
  326.1     6.51  34.996  -0.1091
  326.4     6.42  35.028  -0.1056
  326.7     6.41  35.057  -0.1050
  327.0     6.42  35.084  -0.1057
  327.4     6.37  35.116  -0.1056
  327.7     6.36  35.143  -0.1010
  327.9     6.32  35.171  -0.0989
  328.2     6.35  35.198  -0.1014
  328.5     6.36  35.226  -0.1015
  328.9     6.38  35.253  -0.1063
  329.4     6.48  35.279  -0.1050
  329.5     6.38  35.306  -0.1097
  329.8     6.44  35.334  -0.1103
  330.1     6.38  35.361  -0.1139
  330.4     6.39  35.388  -0.1095
  330.6     6.36  35.415  -0.1074
  330.9     6.33  35.443  -0.1081
  331.2     6.31  35.470  -0.1056
  331.5     6.29  35.497  -0.1096
  331.8     6.32  35.524  -0.1085
  332.0     6.31  35.551  -0.1068
  332.3     6.26  35.578  -0.1038
  332.6     6.28  35.605  -0.1032
  332.9     6.23  35.632  -0.1059
  333.2     6.23  35.659  -0.1060
  333.5     6.25  35.687  -0.1100
  333.8     6.23  35.714  -0.1129
  334.1     6.17  35.741  -0.1101
  334.4     6.17  35.768  -0.1130
  334.6     6.22  35.795  -0.1153
  335.0     6.17  35.822  -0.1138
  335.3     6.17  35.850  -0.1150
  335.5     6.19  35.877  -0.1087
  335.8     6.13  35.904  -0.1107
  336.1     6.14  35.931  -0.1062
  336.4     6.09  35.959  -0.1076
  336.7     6.14  35.986  -0.1099
  336.9     6.07  36.013  -0.1071
  337.3     6.09  36.040  -0.1074
  337.5     6.10  36.067  -0.1046
  337.9     6.12  36.095  -0.1044
  338.0     6.05  36.122  -0.1069
  338.4     6.07  36.149  -0.1105
  338.7     6.01  36.177  -0.1085
  339.0     6.05  36.204  -0.1074
  339.4     6.02  36.231  -0.1052
  339.6     6.00  36.258  -0.1060
  339.9     6.04  36.285  -0.1036
  340.1     6.01  36.312  -0.1028
  340.5     6.00  36.340  -0.1037
  340.7     5.98  36.367  -0.1065
  341.0     5.94  36.394  -0.1106
  341.2     5.93  36.422  -0.1123
  341.5     5.91  36.449  -0.1108
  341.8     5.90  36.476  -0.1106
  342.1     5.88  36.503  -0.1120
  342.3     5.87  36.530  -0.1122
  342.7     5.92  36.557  -0.1118
  342.9     5.88  36.584  -0.1099
  343.2     5.83  36.611  -0.1085
  343.5     5.82  36.638  -0.1084
  343.7     5.83  36.665  -0.1070
  344.0     5.83  36.692  -0.1105
  344.3     5.86  36.719  -0.1109
  344.7     5.86  36.746  -0.1146
  344.9     5.86  36.773  -0.1135
  345.1     5.82  36.801  -0.1168
  345.4     5.84  36.828  -0.1142
  345.8     5.87  36.855  -0.1147
  346.1     5.86  36.882  -0.1119
  346.3     5.89  36.909  -0.1147
  346.7     5.88  36.936  -0.1171
  347.0     5.85  36.963  -0.1182
  347.2     5.83  36.990  -0.1156
  347.5     5.79  37.017  -0.1199
  347.8     5.79  37.044  -0.1230
  348.1     5.78  37.071  -0.1223
  348.4     5.82  37.098  -0.1205
  348.7     5.83  37.125  -0.1216
  348.9     5.78  37.152  -0.1188
  349.3     5.83  37.179  -0.1145
  349.6     5.80  37.207  -0.1179
  349.9     5.83  37.233  -0.1197
  350.2     5.85  37.261  -0.1192
  350.5     5.85  37.288  -0.1193
  350.8     5.83  37.315  -0.1178
  351.0     5.83  37.343  -0.1145
  351.3     5.82  37.371  -0.1148
  351.6     5.80  37.397  -0.1130
  351.8     5.82  37.425  -0.1145
  352.2     5.80  37.452  -0.1152
  352.5     5.80  37.479  -0.1155
  352.6     5.81  37.507  -0.1166
  353.0     5.77  37.534  -0.1151
  353.2     5.72  37.560  -0.1175
  353.6     5.75  37.588  -0.1190
  353.8     5.78  37.615  -0.1155
  354.3     5.78  37.642  -0.1183
  354.5     5.77  37.669  -0.1195
  354.8     5.77  37.696  -0.1184
  355.0     5.71  37.723  -0.1185
  355.2     5.73  37.751  -0.1204
  355.5     5.73  37.778  -0.1183
  355.8     5.72  37.804  -0.1191
  356.1     5.72  37.832  -0.1170
  356.5     5.77  37.859  -0.1179
  356.7     5.72  37.886  -0.1172
  357.0     5.73  37.913  -0.1179
  357.3     5.71  37.941  -0.1175
  357.6     5.75  37.968  -0.1160
  357.9     5.69  37.995  -0.1171
  358.1     5.73  38.022  -0.1140
  358.5     5.72  38.049  -0.1117
  358.7     5.74  38.076  -0.1141
  359.0     5.74  38.103  -0.1146
  359.2     5.72  38.130  -0.1186
  359.6     5.73  38.157  -0.1157
  359.8     5.71  38.184  -0.1176
  360.1     5.68  38.211  -0.1189
  360.3     5.68  38.238  -0.1252
  360.6     5.69  38.265  -0.1186
  360.9     5.65  38.293  -0.1195
  361.1     5.65  38.320  -0.1164
  361.4     5.63  38.347  -0.1188
  361.7     5.67  38.374  -0.1169
  361.9     5.63  38.402  -0.1167
  362.4     5.54  38.429  -0.1178
  362.7     5.66  38.456  -0.1182
  363.0     5.58  38.483  -0.1189
  363.0     5.63  38.510  -0.1201
  363.5     5.53  38.537  -0.1200
  363.5     5.52  38.564  -0.1180
  364.0     5.61  38.591  -0.1228
  364.2     5.58  38.618  -0.1218
  364.6     5.59  38.645  -0.1218
  364.8     5.60  38.672  -0.1201
  365.1     5.57  38.699  -0.1199
  365.3     5.61  38.727  -0.1171
  365.5     5.55  38.754  -0.1195
  365.9     5.59  38.781  -0.1231
  366.3     5.58  38.808  -0.1257
  366.5     5.63  38.835  -0.1233
  366.7     5.48  38.862  -0.1225
  367.0     5.49  38.889  -0.1221
  367.5     5.51  38.917  -0.1198
  367.6     5.48  38.944  -0.1224
  368.0     5.54  38.971  -0.1255
  368.2     5.51  38.998  -0.1255
  368.5     5.53  39.025  -0.1218
  368.8     5.52  39.052  -0.1218
  369.1     5.53  39.079  -0.1250
  369.5     5.54  39.106  -0.1224
  369.5     5.54  39.133  -0.1242
  369.9     5.47  39.161  -0.1244
  370.1     5.40  39.188  -0.1238
  370.4     5.37  39.215  -0.1228
  370.8     5.43  39.242  -0.1224
  371.1     5.45  39.269  -0.1231
  371.4     5.47  39.296  -0.1203
  371.6     5.52  39.324  -0.1204
  371.8     5.56  39.351  -0.1200
  372.2     5.52  39.379  -0.1188
  372.5     5.53  39.406  -0.1169
  372.6     5.42  39.433  -0.1172
  372.9     5.38  39.461  -0.1205
  373.2     5.40  39.488  -0.1177
  373.5     5.52  39.516  -0.1193
  373.8     5.56  39.543  -0.1181
  374.1     5.43  39.571  -0.1164
  374.5     5.51  39.598  -0.1187
  374.8     5.49  39.626  -0.1223
  375.0     5.49  39.653  -0.1195
  375.4     5.51  39.680  -0.1200
  375.6     5.47  39.707  -0.1211
  375.9     5.52  39.735  -0.1206
  376.2     5.53  39.762  -0.1219
  376.3     5.48  39.789  -0.1212
  376.6     5.39  39.816  -0.1203
  376.9     5.36  39.843  -0.1223
  377.2     5.42  39.871  -0.1199
  377.4     5.38  39.898  -0.1221
  377.7     5.39  39.925  -0.1233
  378.0     5.36  39.952  -0.1218
  378.2     5.36  39.980  -0.1253
  378.6     5.33  40.007  -0.1229
  378.8     5.35  40.034  -0.1201
  379.1     5.37  40.061  -0.1194
  379.4     5.40  40.089  -0.1216
  379.7     5.39  40.116  -0.1175
  380.0     5.36  40.144  -0.1168
  380.2     5.40  40.171  -0.1184
  380.5     5.35  40.198  -0.1165
  380.9     5.40  40.226  -0.1155
  381.1     5.36  40.253  -0.1162
  381.4     5.37  40.280  -0.1193
  381.7     5.38  40.308  -0.1186
  381.9     5.36  40.336  -0.1173
  382.2     5.28  40.364  -0.1190
  382.4     5.32  40.391  -0.1173
  382.9     5.31  40.419  -0.1143
  383.0     5.33  40.446  -0.1149
  383.3     5.29  40.473  -0.1197
  383.7     5.36  40.500  -0.1201
  383.8     5.36  40.528  -0.1256
  384.3     5.37  40.555  -0.1241
  384.6     5.41  40.582  -0.1217
  384.9     5.42  40.610  -0.1259
  385.2     5.40  40.637  -0.1261
  385.4     5.36  40.664  -0.1302
  385.7     5.34  40.691  -0.1268
  385.9     5.38  40.719  -0.1254
  386.2     5.36  40.746  -0.1239
  386.5     5.33  40.774  -0.1255
  386.6     5.27  40.801  -0.1262
  387.0     5.28  40.828  -0.1290
  387.3     5.34  40.855  -0.1312
  387.6     5.37  40.883  -0.1290
  387.8     5.36  40.910  -0.1268
  388.0     5.30  40.938  -0.1287
  388.4     5.26  40.965  -0.1284
  388.6     5.21  40.993  -0.1259
  388.9     5.23  41.020  -0.1242
  389.3     5.27  41.047  -0.1251
  389.5     5.24  41.074  -0.1272
  389.8     5.23  41.102  -0.1251
  390.0     5.20  41.129  -0.1254
  390.4     5.21  41.156  -0.1276
  390.7     5.33  41.183  -0.1215
  391.0     5.32  41.210  -0.1261
  391.4     5.30  41.237  -0.1279
  391.5     5.29  41.265  -0.1293
  391.7     5.29  41.292  -0.1320
  392.1     5.28  41.319  -0.1298
  392.3     5.28  41.347  -0.1291
  392.6     5.30  41.374  -0.1271
  393.0     5.27  41.402  -0.1298
  393.2     5.33  41.429  -0.1297
  393.5     5.31  41.457  -0.1253
  393.7     5.26  41.483  -0.1252
  394.1     5.30  41.511  -0.1216
  394.3     5.20  41.539  -0.1258
  394.5     5.24  41.566  -0.1265
  394.8     5.29  41.593  -0.1252
  395.2     5.23  41.621  -0.1274
  395.4     5.21  41.648  -0.1250
  395.7     5.26  41.675  -0.1226
  396.1     5.31  41.703  -0.1274
  396.3     5.32  41.730  -0.1270
  396.6     5.24  41.757  -0.1267
  396.8     5.23  41.784  -0.1263
  397.1     5.23  41.812  -0.1259
  397.5     5.28  41.839  -0.1289
  397.7     5.24  41.866  -0.1307
  398.1     5.26  41.894  -0.1291
  398.2     5.20  41.921  -0.1314
  398.6     5.23  41.949  -0.1295
  398.8     5.23  41.976  -0.1279
  399.1     5.17  42.004  -0.1278
  399.3     5.13  42.031  -0.1285
  399.6     5.18  42.058  -0.1287
  399.9     5.21  42.086  -0.1261
  400.2     5.17  42.113  -0.1271
  400.5     5.14  42.140  -0.1290
  400.8     5.16  42.167  -0.1316
  401.0     5.13  42.194  -0.1255
  401.2     5.11  42.221  -0.1289
  401.5     5.14  42.249  -0.1317
  401.9     5.23  42.277  -0.1351
  402.2     5.21  42.304  -0.1353
  402.4     5.17  42.332  -0.1319
  402.6     5.04  42.359  -0.1310
  402.9     5.00  42.387  -0.1340
  403.3     5.13  42.414  -0.1364
  403.5     5.11  42.441  -0.1342
  403.8     5.14  42.469  -0.1339
  404.1     5.14  42.497  -0.1339
  404.4     5.09  42.524  -0.1329
  404.7     5.09  42.551  -0.1353
  405.0     5.10  42.579  -0.1335
  405.3     5.15  42.606  -0.1345
  405.5     5.09  42.634  -0.1321
  405.8     5.06  42.662  -0.1298
  406.1     5.08  42.689  -0.1338
  406.4     5.07  42.716  -0.1324
  406.7     5.08  42.744  -0.1317
  407.0     5.09  42.771  -0.1332
  407.3     5.11  42.799  -0.1349
  407.5     5.12  42.826  -0.1344
  407.7     5.08  42.854  -0.1347
  408.1     5.07  42.881  -0.1308
  408.3     5.07  42.908  -0.1322
  408.7     5.06  42.936  -0.1288
  409.0     5.04  42.963  -0.1241
  409.3     5.13  42.990  -0.1251
  409.6     5.14  43.017  -0.1268
  409.8     5.14  43.045  -0.1242
  410.1     5.08  43.072  -0.1242
  410.4     5.10  43.099  -0.1253
  410.7     4.99  43.127  -0.1276
  410.9     5.08  43.154  -0.1281
  411.3     5.08  43.182  -0.1319
  411.4     5.02  43.209  -0.1344
  411.7     5.08  43.237  -0.1308
  412.1     5.06  43.264  -0.1237
  412.3     5.07  43.291  -0.1278
  412.5     5.04  43.319  -0.1275
  412.9     5.09  43.347  -0.1272
  413.1     5.06  43.375  -0.1319
  413.4     5.07  43.402  -0.1334
  413.7     5.05  43.430  -0.1337
  414.0     5.05  43.457  -0.1350
  414.2     5.05  43.485  -0.1376
  414.6     5.04  43.511  -0.1351
  414.8     5.05  43.539  -0.1389
  415.2     5.05  43.566  -0.1391
  415.3     5.04  43.594  -0.1394
  415.5     5.00  43.621  -0.1376
  416.0     5.04  43.649  -0.1390
  416.2     4.97  43.676  -0.1398
  416.5     5.11  43.703  -0.1394
  416.8     5.04  43.731  -0.1381
  417.1     4.98  43.758  -0.1359
  417.3     5.03  43.786  -0.1326
  417.6     5.00  43.814  -0.1323
  417.9     5.03  43.841  -0.1352
  418.2     4.99  43.868  -0.1348
  418.5     4.99  43.895  -0.1344
  418.8     4.98  43.923  -0.1357
  418.8     4.99  43.950  -0.1365
  419.2     4.96  43.977  -0.1312
  419.5     4.97  44.005  -0.1308
  419.8     4.97  44.032  -0.1332
  420.1     4.97  44.059  -0.1332
  420.4     4.97  44.087  -0.1347
  420.6     5.06  44.114  -0.1357
  421.0     5.04  44.141  -0.1362
  421.3     4.98  44.169  -0.1309
  421.4     4.94  44.196  -0.1355
  421.7     4.91  44.223  -0.1389
  422.1     4.89  44.251  -0.1368
  422.3     4.92  44.278  -0.1353
  422.4     4.94  44.305  -0.1368
  422.9     4.96  44.333  -0.1386
  423.1     4.95  44.360  -0.1366
  423.4     4.95  44.388  -0.1378
  423.7     4.95  44.415  -0.1403
  423.9     4.92  44.443  -0.1375
  424.2     4.91  44.470  -0.1352
  424.6     4.93  44.497  -0.1364
  424.8     4.88  44.524  -0.1385
  425.1     4.91  44.552  -0.1344
  425.3     4.92  44.579  -0.1344
  425.6     4.92  44.606  -0.1337
  425.9     4.88  44.634  -0.1318
  426.2     4.90  44.661  -0.1346
  426.5     4.90  44.688  -0.1314
  426.9     4.89  44.715  -0.1307
  427.1     4.85  44.743  -0.1290
  427.4     4.93  44.770  -0.1355
  427.6     4.89  44.797  -0.1350
  427.9     4.88  44.825  -0.1337
  428.2     4.86  44.852  -0.1362
  428.4     4.84  44.879  -0.1385
  428.7     4.89  44.906  -0.1362
  429.0     4.88  44.934  -0.1335
  429.2     4.83  44.961  -0.1373
  429.6     4.85  44.988  -0.1393
  429.8     4.84  45.015  -0.1414
  430.1     4.83  45.042  -0.1439
  430.4     4.79  45.070  -0.1445
  430.6     4.80  45.097  -0.1432
  430.9     4.83  45.124  -0.1414
  431.2     4.81  45.152  -0.1433
  431.5     4.78  45.179  -0.1425
  431.8     4.83  45.207  -0.1402
  432.1     4.87  45.234  -0.1393
  432.3     4.88  45.261  -0.1394
  432.7     4.86  45.288  -0.1409
  432.8     4.89  45.315  -0.1410
  433.2     4.84  45.343  -0.1420
  433.5     4.85  45.370  -0.1389
  433.7     4.83  45.397  -0.1385
  434.0     4.82  45.425  -0.1368
  434.3     4.82  45.452  -0.1347
  434.7     4.85  45.479  -0.1377
  434.9     4.90  45.506  -0.1368
  435.2     4.83  45.533  -0.1435
  435.5     4.83  45.560  -0.1346
  435.7     4.87  45.587  -0.1362
  435.9     4.83  45.614  -0.1365
  436.3     4.84  45.641  -0.1368
  436.6     4.86  45.668  -0.1374
  436.8     4.80  45.696  -0.1382
  437.1     4.89  45.723  -0.1383
  437.3     4.87  45.749  -0.1378
  437.6     4.79  45.777  -0.1380
  437.9     4.86  45.804  -0.1389
  438.2     4.85  45.831  -0.1382
  438.5     4.83  45.858  -0.1336
  438.7     4.82  45.885  -0.1315
  439.0     4.84  45.912  -0.1320
  439.1     4.84  45.939  -0.1314
  439.5     4.81  45.966  -0.1329
  439.8     4.86  45.993  -0.1331
  440.1     4.82  46.020  -0.1291
  440.4     4.84  46.047  -0.1315
  440.6     4.81  46.073  -0.1300
  440.9     4.79  46.100  -0.1303
  441.2     4.80  46.127  -0.1360
  441.5     4.82  46.154  -0.1339
  441.7     4.80  46.181  -0.1362
  442.0     4.79  46.209  -0.1344
  442.2     4.76  46.236  -0.1356
  442.5     4.80  46.263  -0.1343
  442.7     4.80  46.290  -0.1383
  443.0     4.78  46.317  -0.1391
  443.3     4.74  46.345  -0.1356
  443.6     4.77  46.372  -0.1403
  443.8     4.76  46.399  -0.1363
  444.1     4.76  46.426  -0.1356
  444.3     4.75  46.453  -0.1357
  444.7     4.78  46.480  -0.1357
  444.9     4.79  46.507  -0.1373
  445.2     4.72  46.534  -0.1371
  445.5     4.74  46.562  -0.1376
  445.7     4.71  46.589  -0.1381
  446.1     4.72  46.616  -0.1398
  446.4     4.72  46.643  -0.1399
  446.5     4.75  46.670  -0.1391
  446.8     4.73  46.697  -0.1404
  447.1     4.70  46.724  -0.1385
  447.4     4.74  46.752  -0.1386
  447.6     4.72  46.779  -0.1394
  448.0     4.71  46.806  -0.1364
  448.2     4.74  46.833  -0.1400
  448.5     4.75  46.860  -0.1420
  448.7     4.75  46.887  -0.1425
  449.0     4.73  46.914  -0.1459
  449.4     4.78  46.941  -0.1448
  449.5     4.73  46.968  -0.1431
  449.9     4.71  46.995  -0.1430
  450.1     4.74  47.022  -0.1407
  450.4     4.74  47.049  -0.1388
  450.7     4.76  47.077  -0.1420
  451.0     4.74  47.104  -0.1378
  451.2     4.70  47.132  -0.1402
  451.5     4.71  47.158  -0.1423
  451.8     4.69  47.185  -0.1405
  452.0     4.71  47.212  -0.1374
  452.3     4.71  47.240  -0.1385
  452.6     4.72  47.266  -0.1413
  452.8     4.74  47.293  -0.1422
  453.1     4.69  47.321  -0.1402
  453.3     4.74  47.348  -0.1461
  453.6     4.68  47.376  -0.1381
  453.9     4.72  47.403  -0.1364
  454.2     4.71  47.430  -0.1379
  454.4     4.71  47.457  -0.1391
  454.6     4.66  47.484  -0.1364
  455.1     4.69  47.511  -0.1355
  455.2     4.69  47.539  -0.1386
  455.5     4.79  47.566  -0.1404
  455.8     4.70  47.593  -0.1434
  456.0     4.66  47.620  -0.1455
  456.3     4.70  47.647  -0.1453
  456.5     4.71  47.674  -0.1447
  456.8     4.68  47.701  -0.1410
  457.1     4.69  47.728  -0.1405
  457.4     4.68  47.755  -0.1373
  457.6     4.66  47.783  -0.1403
  457.8     4.64  47.810  -0.1437
  458.1     4.58  47.837  -0.1437
  458.4     4.65  47.864  -0.1436
  458.8     4.70  47.891  -0.1426
  459.0     4.65  47.919  -0.1408
  459.2     4.54  47.946  -0.1391
  459.5     4.59  47.973  -0.1398
  459.6     4.62  48.000  -0.1426
  459.9     4.60  48.027  -0.1409
  460.3     4.61  48.055  -0.1409
  460.5     4.65  48.082  -0.1387
  460.9     4.61  48.109  -0.1379
  460.9     4.58  48.137  -0.1397
  461.3     4.56  48.164  -0.1396
  461.6     4.65  48.191  -0.1416
  461.9     4.61  48.218  -0.1447
  462.1     4.58  48.245  -0.1416
  462.3     4.58  48.272  -0.1407
  462.7     4.61  48.299  -0.1409
  462.9     4.63  48.328  -0.1442
  463.2     4.64  48.355  -0.1455
  463.6     4.58  48.382  -0.1506
  463.8     4.63  48.410  -0.1449
  464.1     4.61  48.437  -0.1455
  464.3     4.63  48.464  -0.1441
  464.6     4.62  48.491  -0.1494
  464.8     4.58  48.518  -0.1490
  465.1     4.54  48.545  -0.1470
  465.3     4.59  48.572  -0.1482
  465.7     4.60  48.599  -0.1500
  465.8     4.57  48.627  -0.1477
  466.1     4.59  48.654  -0.1485
  466.3     4.58  48.681  -0.1478
  466.7     4.57  48.709  -0.1489
  467.0     4.59  48.736  -0.1499
  467.1     4.58  48.763  -0.1446
  467.5     4.59  48.791  -0.1415
  467.8     4.57  48.818  -0.1427
  468.1     4.59  48.845  -0.1432
  468.3     4.60  48.872  -0.1418
  468.6     4.57  48.899  -0.1448
  469.0     4.62  48.926  -0.1434
  469.1     4.58  48.953  -0.1438
  469.4     4.57  48.980  -0.1453
  469.7     4.55  49.007  -0.1450
  470.0     4.57  49.035  -0.1473
  470.2     4.56  49.062  -0.1448
  470.5     4.51  49.090  -0.1412
  470.8     4.57  49.117  -0.1455
  471.0     4.58  49.144  -0.1431
  471.2     4.59  49.171  -0.1436
  471.6     4.58  49.198  -0.1437
  471.9     4.57  49.226  -0.1416
  472.2     4.58  49.253  -0.1424
  472.4     4.54  49.280  -0.1460
  472.6     4.54  49.308  -0.1427
  473.0     4.55  49.336  -0.1424
  473.2     4.56  49.363  -0.1451
  473.5     4.60  49.390  -0.1513
  473.9     4.61  49.418  -0.1457
  474.2     4.66  49.445  -0.1451
  474.4     4.63  49.472  -0.1473
  474.7     4.60  49.499  -0.1475
  475.0     4.61  49.527  -0.1493
  475.2     4.63  49.554  -0.1490
  475.5     4.59  49.582  -0.1459
  475.8     4.61  49.609  -0.1441
  476.1     4.61  49.636  -0.1446
  476.3     4.58  49.663  -0.1458
  476.5     4.62  49.690  -0.1487
  476.9     4.60  49.718  -0.1491
  477.2     4.60  49.745  -0.1472
  477.5     4.59  49.772  -0.1503
  477.7     4.56  49.799  -0.1501
  478.0     4.61  49.826  -0.1478
  478.3     4.61  49.853  -0.1495
  478.6     4.59  49.880  -0.1476
  478.9     4.58  49.907  -0.1464
  479.2     4.60  49.935  -0.1481
  479.5     4.62  49.962  -0.1487
  479.8     4.61  49.989  -0.1527
  480.1     4.60  50.016  -0.1510
  480.4     4.59  50.043  -0.1513
  480.6     4.59  50.071  -0.1535
  480.9     4.56  50.098  -0.1541
  481.1     4.60  50.126  -0.1547
  481.4     4.55  50.153  -0.1559
  481.8     4.63  50.180  -0.1537
  482.1     4.61  50.207  -0.1557
  482.3     4.66  50.234  -0.1581
  482.7     4.66  50.262  -0.1592
  483.0     4.63  50.289  -0.1539
  483.2     4.65  50.316  -0.1497
  483.5     4.72  50.343  -0.1506
  483.8     4.67  50.371  -0.1508
  484.1     4.71  50.398  -0.1474
  484.3     4.74  50.426  -0.1456
  484.6     4.71  50.453  -0.1486
  484.9     4.70  50.480  -0.1538
  485.3     4.76  50.507  -0.1540
  485.6     4.73  50.534  -0.1532
  485.8     4.73  50.561  -0.1526
  486.1     4.71  50.589  -0.1533
  486.3     4.69  50.616  -0.1526
  486.6     4.73  50.643  -0.1542
  486.8     4.71  50.670  -0.1519
  487.1     4.73  50.697  -0.1534
  487.4     4.68  50.724  -0.1526
  487.7     4.71  50.752  -0.1510
  488.0     4.70  50.779  -0.1509
  488.3     4.70  50.806  -0.1528
  488.6     4.70  50.833  -0.1497
  488.9     4.68  50.861  -0.1508
  489.1     4.68  50.888  -0.1512
  489.4     4.64  50.916  -0.1546
  489.7     4.67  50.943  -0.1527
  490.0     4.66  50.970  -0.1525
  490.2     4.61  50.997  -0.1544
  490.6     4.63  51.024  -0.1529
  490.7     4.66  51.052  -0.1577
  491.1     4.63  51.079  -0.1545
  491.3     4.64  51.106  -0.1525
  491.6     4.65  51.134  -0.1558
  491.9     4.60  51.161  -0.1565
  492.2     4.69  51.188  -0.1558
  492.4     4.62  51.215  -0.1575
  492.8     4.59  51.242  -0.1542
  492.9     4.61  51.270  -0.1570
  493.4     4.62  51.297  -0.1558
  493.7     4.62  51.325  -0.1578
  493.9     4.59  51.352  -0.1568
  494.2     4.66  51.379  -0.1551
  494.3     4.59  51.407  -0.1552
  494.7     4.58  51.434  -0.1579
  495.0     4.59  51.461  -0.1543
  495.3     4.64  51.488  -0.1520
  495.6     4.68  51.515  -0.1522
  495.9     4.58  51.543  -0.1541
  496.0     4.56  51.570  -0.1555
  496.4     4.58  51.597  -0.1566
  496.6     4.52  51.624  -0.1556
  496.8     4.48  51.652  -0.1583
  497.0     4.50  51.679  -0.1573
  497.4     4.48  51.706  -0.1515
  497.8     4.58  51.733  -0.1516
  498.1     4.61  51.761  -0.1522
  498.3     4.56  51.788  -0.1515
  498.6     4.52  51.815  -0.1530
  498.8     4.57  51.842  -0.1526
  499.1     4.48  51.869  -0.1556
  499.4     4.46  51.896  -0.1594
  499.5     4.50  51.924  -0.1582
  500.0     4.49  51.951  -0.1558
  500.2     4.54  51.978  -0.1551
  500.6     4.59  52.005  -0.1589
  500.9     4.62  52.032  -0.1616
  501.2     4.60  52.059  -0.1551
  501.4     4.56  52.087  -0.1569
  501.6     4.56  52.114  -0.1540
  501.7     4.49  52.141  -0.1567
  502.2     4.52  52.168  -0.1568
  502.5     4.59  52.196  -0.1539
  502.8     4.54  52.223  -0.1569
  503.1     4.55  52.250  -0.1621
  503.3     4.55  52.277  -0.1580
  503.5     4.50  52.305  -0.1575
  503.8     4.44  52.332  -0.1594
  504.0     4.45  52.360  -0.1580
  504.3     4.46  52.387  -0.1567
  504.6     4.46  52.414  -0.1533
  504.8     4.44  52.442  -0.1539
  505.1     4.46  52.469  -0.1561
  505.4     4.39  52.497  -0.1563
  505.7     4.44  52.524  -0.1573
  506.0     4.46  52.551  -0.1614
  506.3     4.52  52.578  -0.1573
  506.7     4.52  52.606  -0.1578
  506.8     4.54  52.633  -0.1600
  507.2     4.49  52.660  -0.1568
  507.5     4.49  52.687  -0.1592
  507.8     4.49  52.714  -0.1592
  507.9     4.47  52.741  -0.1634
  508.2     4.48  52.769  -0.1640
  508.4     4.45  52.796  -0.1602
  508.8     4.53  52.824  -0.1598
  509.1     4.46  52.851  -0.1591
  509.3     4.44  52.878  -0.1558
  509.4     4.39  52.905  -0.1565
  509.8     4.42  52.933  -0.1577
  510.0     4.39  52.960  -0.1542
  510.3     4.35  52.987  -0.1564
  510.6     4.36  53.014  -0.1577
  511.0     4.41  53.041  -0.1526
  511.2     4.39  53.068  -0.1500
  511.5     4.43  53.096  -0.1560
  511.7     4.44  53.123  -0.1546
  511.9     4.42  53.150  -0.1568
  512.4     4.41  53.177  -0.1551
  512.6     4.40  53.205  -0.1541
  512.9     4.42  53.232  -0.1527
  513.1     4.50  53.259  -0.1548
  513.5     4.47  53.286  -0.1562
  513.8     4.44  53.313  -0.1571
  514.0     4.43  53.341  -0.1593
  514.3     4.43  53.369  -0.1595
  514.6     4.43  53.396  -0.1596
  514.7     4.39  53.423  -0.1585
  515.1     4.43  53.450  -0.1560
  515.4     4.44  53.477  -0.1573
  515.7     4.40  53.505  -0.1622
  515.9     4.35  53.532  -0.1597
  516.2     4.41  53.559  -0.1598
  516.6     4.44  53.586  -0.1602
  516.8     4.42  53.614  -0.1620
  516.9     4.46  53.641  -0.1612
  517.3     4.41  53.668  -0.1576
  517.5     4.39  53.695  -0.1602
  517.8     4.48  53.723  -0.1618
  518.0     4.39  53.750  -0.1637
  518.4     4.34  53.778  -0.1652
  518.7     4.44  53.805  -0.1619
  518.9     4.44  53.832  -0.1615
  519.1     4.43  53.859  -0.1606
  519.4     4.42  53.886  -0.1592
  519.8     4.48  53.914  -0.1579
  520.2     4.55  53.941  -0.1595
  520.3     4.48  53.968  -0.1584
  520.7     4.50  53.996  -0.1586
  521.0     4.48  54.023  -0.1593
  521.3     4.46  54.050  -0.1617
  521.4     4.39  54.077  -0.1595
  521.7     4.40  54.104  -0.1571
  522.0     4.41  54.131  -0.1592
  522.3     4.43  54.158  -0.1593
  522.7     4.45  54.185  -0.1639
  522.8     4.41  54.212  -0.1599
  523.1     4.39  54.240  -0.1571
  523.4     4.34  54.267  -0.1576
  523.5     4.43  54.294  -0.1601
  523.9     4.39  54.321  -0.1607
  524.2     4.36  54.349  -0.1585
  524.4     4.38  54.376  -0.1590
  524.7     4.41  54.403  -0.1562
  524.9     4.41  54.430  -0.1537
  525.3     4.43  54.458  -0.1550
  525.6     4.43  54.485  -0.1571
  525.9     4.47  54.513  -0.1576
  526.1     4.42  54.540  -0.1619
  526.3     4.42  54.567  -0.1603
  526.8     4.43  54.594  -0.1580
  527.0     4.45  54.621  -0.1556
  527.3     4.46  54.648  -0.1564
  527.6     4.45  54.676  -0.1574
  527.8     4.48  54.703  -0.1561
  528.1     4.40  54.730  -0.1611
  528.4     4.45  54.757  -0.1618
  528.7     4.47  54.784  -0.1606
  528.9     4.46  54.812  -0.1612
  529.2     4.44  54.839  -0.1593
  529.6     4.48  54.866  -0.1679
  529.7     4.49  54.894  -0.1644
  530.1     4.49  54.921  -0.1652
  530.4     4.47  54.948  -0.1642
  530.5     4.47  54.976  -0.1691
  530.9     4.46  55.003  -0.1671
  531.2     4.42  55.030  -0.1640
  531.4     4.44  55.057  -0.1669
  531.6     4.46  55.084  -0.1654
  531.9     4.43  55.112  -0.1652
  532.3     4.45  55.139  -0.1620
  532.5     4.45  55.166  -0.1620
  532.8     4.40  55.195  -0.1627
  533.0     4.41  55.223  -0.1632
  533.3     4.41  55.250  -0.1638
  533.6     4.42  55.277  -0.1659
  533.9     4.43  55.305  -0.1659
  534.2     4.41  55.333  -0.1639
  534.4     4.38  55.360  -0.1635
  534.6     4.37  55.388  -0.1651
  535.0     4.39  55.416  -0.1643
  535.3     4.43  55.443  -0.1687
  535.6     4.38  55.471  -0.1615
  535.8     4.38  55.498  -0.1597
  536.1     4.41  55.526  -0.1569
  536.3     4.38  55.553  -0.1560
  536.6     4.39  55.580  -0.1571
  536.8     4.41  55.607  -0.1585
  537.2     4.39  55.635  -0.1605
  537.4     4.40  55.662  -0.1600
  537.7     4.41  55.689  -0.1623
  537.9     4.39  55.717  -0.1635
  538.2     4.37  55.745  -0.1613
  538.6     4.39  55.772  -0.1602
  538.8     4.42  55.800  -0.1618
  539.1     4.40  55.827  -0.1612
  539.3     4.40  55.854  -0.1637
  539.6     4.42  55.882  -0.1628
  539.8     4.43  55.909  -0.1629
  540.2     4.39  55.936  -0.1657
  540.5     4.38  55.964  -0.1643
  540.7     4.39  55.991  -0.1634
  540.9     4.38  56.018  -0.1609
  541.2     4.35  56.046  -0.1623
  541.5     4.38  56.073  -0.1630
  541.7     4.40  56.100  -0.1620
  542.0     4.38  56.127  -0.1633
  542.3     4.36  56.154  -0.1642
  542.5     4.36  56.182  -0.1650
  542.9     4.34  56.210  -0.1641
  543.1     4.34  56.237  -0.1607
  543.3     4.39  56.264  -0.1596
  543.6     4.39  56.291  -0.1622
  543.9     4.37  56.319  -0.1619
  544.1     4.38  56.347  -0.1612
  544.4     4.36  56.374  -0.1652
  544.7     4.31  56.402  -0.1687
  545.0     4.36  56.429  -0.1621
  545.3     4.35  56.456  -0.1631
  545.5     4.34  56.483  -0.1676
  545.8     4.39  56.510  -0.1691
  546.0     4.34  56.538  -0.1682
  546.3     4.32  56.565  -0.1687
  546.6     4.32  56.593  -0.1731
  546.9     4.34  56.620  -0.1682
  547.2     4.32  56.647  -0.1656
  547.4     4.33  56.674  -0.1690
  547.7     4.31  56.702  -0.1738
  547.9     4.32  56.729  -0.1723
  548.3     4.32  56.757  -0.1725
  548.5     4.34  56.784  -0.1692
  548.7     4.28  56.812  -0.1705
  549.0     4.33  56.839  -0.1750
  549.3     4.28  56.866  -0.1691
  549.6     4.32  56.893  -0.1660
  550.0     4.29  56.921  -0.1662
  550.2     4.32  56.948  -0.1681
  550.4     4.33  56.976  -0.1673
  550.7     4.34  57.003  -0.1671
  551.0     4.31  57.030  -0.1691
  551.3     4.34  57.057  -0.1670
  551.5     4.30  57.085  -0.1649
  551.8     4.36  57.112  -0.1664
  552.1     4.33  57.139  -0.1691
  552.4     4.35  57.166  -0.1676
  552.7     4.36  57.193  -0.1657
  553.0     4.33  57.220  -0.1663
  553.1     4.35  57.247  -0.1660
  553.5     4.39  57.275  -0.1659
  553.7     4.33  57.302  -0.1692
  554.0     4.36  57.330  -0.1690
  554.3     4.38  57.358  -0.1681
  554.5     4.35  57.385  -0.1684
  554.8     4.33  57.412  -0.1726
  555.2     4.36  57.440  -0.1777
  555.5     4.33  57.468  -0.1742
  555.7     4.35  57.495  -0.1725
  555.9     4.35  57.522  -0.1683
  556.1     4.38  57.549  -0.1693
  556.6     4.33  57.577  -0.1720
  556.7     4.33  57.604  -0.1729
  557.0     4.32  57.631  -0.1744
  557.2     4.35  57.658  -0.1739
  557.6     4.37  57.686  -0.1741
  557.8     4.39  57.713  -0.1702
  558.2     4.39  57.741  -0.1738
  558.4     4.39  57.768  -0.1733
  558.7     4.36  57.795  -0.1739
  558.8     4.38  57.822  -0.1732
  559.2     4.40  57.849  -0.1731
  559.4     4.40  57.877  -0.1744
  559.7     4.36  57.904  -0.1735
  559.9     4.32  57.932  -0.1764
  560.2     4.37  57.959  -0.1773
  560.5     4.38  57.987  -0.1758
  560.8     4.37  58.014  -0.1725
  561.0     4.32  58.041  -0.1719
  561.1     4.30  58.068  -0.1741
  561.5     4.36  58.096  -0.1785
  561.8     4.34  58.123  -0.1751
  562.1     4.34  58.150  -0.1792
  562.4     4.34  58.177  -0.1786
  562.6     4.35  58.204  -0.1789
  562.8     4.32  58.232  -0.1756
  563.1     4.30  58.259  -0.1742
  563.4     4.31  58.286  -0.1734
  563.7     4.30  58.314  -0.1704
  563.9     4.31  58.342  -0.1728
  564.2     4.35  58.369  -0.1744
  564.4     4.32  58.396  -0.1747
  564.7     4.32  58.424  -0.1739
  565.0     4.30  58.451  -0.1728
  565.3     4.30  58.478  -0.1727
  565.5     4.33  58.505  -0.1747
  565.7     4.32  58.533  -0.1769
  566.1     4.30  58.560  -0.1758
  566.3     4.35  58.587  -0.1762
  566.6     4.34  58.615  -0.1776
  566.9     4.30  58.642  -0.1764
  567.0     4.30  58.670  -0.1763
  567.4     4.32  58.697  -0.1741
  567.6     4.34  58.724  -0.1743
  568.0     4.31  58.752  -0.1754
  568.2     4.32  58.779  -0.1735
  568.4     4.27  58.806  -0.1699
  568.7     4.32  58.834  -0.1703
  569.0     4.29  58.861  -0.1763
  569.2     4.29  58.888  -0.1718
  569.5     4.28  58.916  -0.1683
  569.8     4.29  58.943  -0.1713
  570.1     4.26  58.971  -0.1714
  570.4     4.32  58.998  -0.1724
  570.6     4.35  59.026  -0.1726
  570.9     4.31  59.053  -0.1701
  571.2     4.32  59.080  -0.1711
  571.6     4.33  59.108  -0.1695
  571.8     4.34  59.135  -0.1703
  572.0     4.33  59.162  -0.1717
  572.3     4.32  59.190  -0.1740
  572.6     4.31  59.217  -0.1756
  572.7     4.34  59.244  -0.1724
  573.1     4.32  59.272  -0.1704
  573.4     4.33  59.299  -0.1752
  573.6     4.31  59.327  -0.1743
  573.9     4.32  59.354  -0.1733
  574.2     4.34  59.382  -0.1740
  574.5     4.34  59.409  -0.1746
  574.7     4.30  59.436  -0.1772
  575.0     4.32  59.464  -0.1774
  575.2     4.29  59.491  -0.1717
  575.6     4.30  59.518  -0.1730
  575.9     4.35  59.545  -0.1695
  576.0     4.31  59.572  -0.1696
  576.4     4.38  59.599  -0.1688
  576.8     4.34  59.627  -0.1715
  577.0     4.39  59.655  -0.1737
  577.3     4.37  59.682  -0.1730
  577.5     4.36  59.709  -0.1749
  577.8     4.36  59.737  -0.1732
  578.1     4.42  59.764  -0.1756
  578.4     4.39  59.791  -0.1749
  578.5     4.35  59.818  -0.1720
  578.9     4.33  59.846  -0.1730
  579.2     4.37  59.873  -0.1730
  579.4     4.40  59.900  -0.1732
  579.8     4.45  59.928  -0.1737
  579.9     4.41  59.955  -0.1705
  580.2     4.42  59.982  -0.1720
  580.6     4.40  60.009  -0.1703
  580.8     4.41  60.037  -0.1729
  581.2     4.41  60.064  -0.1761
  581.4     4.44  60.091  -0.1750
  581.6     4.44  60.118  -0.1765
  581.9     4.44  60.146  -0.1746
  582.1     4.47  60.173  -0.1721
  582.5     4.37  60.201  -0.1697
  582.7     4.45  60.228  -0.1731
  583.0     4.44  60.256  -0.1756
  583.2     4.46  60.283  -0.1728
  583.5     4.44  60.310  -0.1734
  583.7     4.40  60.338  -0.1751
  584.0     4.37  60.365  -0.1738
  584.3     4.40  60.393  -0.1753
  584.6     4.42  60.421  -0.1759
  584.8     4.43  60.448  -0.1780
  585.1     4.41  60.475  -0.1771
  585.3     4.41  60.503  -0.1755
  585.7     4.40  60.530  -0.1749
  585.9     4.42  60.558  -0.1734
  586.2     4.39  60.585  -0.1741
  586.3     4.40  60.613  -0.1743
  586.7     4.42  60.640  -0.1748
  587.1     4.38  60.668  -0.1761
  587.2     4.41  60.695  -0.1820
  587.5     4.42  60.723  -0.1772
  588.0     4.39  60.751  -0.1745
  588.1     4.40  60.778  -0.1726
  588.3     4.42  60.806  -0.1739
  588.7     4.39  60.833  -0.1739
  588.9     4.44  60.860  -0.1740
  589.1     4.41  60.888  -0.1722
  589.4     4.40  60.915  -0.1729
  589.6     4.36  60.943  -0.1731
  590.0     4.39  60.970  -0.1729
  590.2     4.44  60.998  -0.1721
  590.6     4.37  61.025  -0.1740
  590.8     4.40  61.052  -0.1733
  591.1     4.38  61.079  -0.1728
  591.4     4.45  61.107  -0.1723
  591.6     4.41  61.134  -0.1724
  591.9     4.42  61.162  -0.1716
  592.2     4.33  61.189  -0.1699
  592.4     4.44  61.217  -0.1691
  592.7     4.41  61.244  -0.1694
  593.0     4.43  61.272  -0.1700
  593.3     4.40  61.299  -0.1748
  593.5     4.43  61.327  -0.1758
  593.8     4.39  61.354  -0.1736
  594.1     4.41  61.382  -0.1743
  594.2     4.46  61.409  -0.1730
  594.6     4.43  61.436  -0.1723
  594.9     4.38  61.464  -0.1730
  595.2     4.42  61.491  -0.1724
  595.3     4.41  61.519  -0.1706
  595.7     4.44  61.546  -0.1746
  595.9     4.44  61.574  -0.1754
  596.3     4.47  61.602  -0.1756
  596.5     4.45  61.629  -0.1757
  596.7     4.42  61.656  -0.1767
  597.0     4.43  61.684  -0.1710
  597.3     4.45  61.712  -0.1754
  597.7     4.43  61.739  -0.1753
  597.9     4.42  61.767  -0.1750
  598.2     4.47  61.795  -0.1759
  598.4     4.46  61.822  -0.1766
  598.8     4.44  61.849  -0.1758
  598.9     4.40  61.876  -0.1767
  599.3     4.44  61.904  -0.1758
  599.6     4.41  61.931  -0.1712
  599.8     4.45  61.959  -0.1723
  600.0     4.44  61.986  -0.1765
