   17.8     0.52   0.026   0.0003
   17.7     0.54   0.053   0.0005
   17.8     0.58   0.079  -0.0001
   17.8     0.60   0.105   0.0034
   17.7     0.61   0.132  -0.0006
   17.7     0.61   0.159   0.0029
   17.8     0.59   0.186   0.0052
   17.8     0.58   0.212   0.0062
   17.7     0.59   0.239   0.0038
   17.6     0.49   0.265   0.0039
   17.7     0.48   0.292   0.0045
   17.6     0.46   0.319   0.0028
   17.5     0.50   0.346  -0.0013
   17.7     0.59   0.372   0.0003
   17.7     0.59   0.400   0.0002
   17.8     0.57   0.427   0.0027
   17.7     0.53   0.453   0.0010
   17.7     0.54   0.480   0.0010
   17.7     0.57   0.507  -0.0009
   17.7     0.54   0.533   0.0001
   17.8     0.57   0.560  -0.0008
   17.6     0.56   0.587   0.0053
   17.6     0.51   0.614   0.0038
   17.7     0.55   0.640   0.0016
   17.7     0.60   0.667  -0.0011
   17.9     0.61   0.693   0.0009
   17.8     0.59   0.720   0.0019
   17.7     0.58   0.746   0.0046
   17.7     0.54   0.773   0.0056
   17.7     0.52   0.799   0.0055
   17.8     0.58   0.826   0.0070
   17.7     0.57   0.853   0.0020
   17.7     0.54   0.879   0.0024
   17.7     0.55   0.905  -0.0010
   17.7     0.55   0.932   0.0045
   17.7     0.57   0.959   0.0040
   17.7     0.55   0.986  -0.0006
   17.6     0.55   1.012   0.0013
   17.8     0.55   1.039   0.0019
   17.6     0.54   1.066   0.0052
   17.6     0.54   1.092   0.0029
   17.7     0.57   1.119   0.0036
   17.8     0.54   1.146   0.0024
   17.7     0.55   1.172   0.0062
   17.7     0.55   1.199   0.0065
   17.7     0.57   1.226   0.0051
   17.8     0.56   1.252   0.0042
   17.8     0.58   1.279   0.0036
   17.7     0.56   1.306   0.0035
   17.7     0.54   1.333   0.0075
   17.8     0.50   1.360   0.0054
   17.5     0.52   1.387   0.0020
   17.8     0.49   1.414   0.0069
   17.7     0.56   1.441   0.0048
   17.6     0.53   1.467   0.0061
   17.7     0.54   1.494   0.0058
   17.7     0.54   1.521   0.0041
   17.8     0.56   1.548  -0.0001
   17.7     0.56   1.574  -0.0021
   17.7     0.59   1.601  -0.0007
   17.8     0.60   1.628  -0.0015
   17.7     0.59   1.654  -0.0016
   17.7     0.56   1.681  -0.0019
   17.6     0.57   1.708  -0.0009
   17.7     0.54   1.734   0.0011
   17.6     0.56   1.761   0.0045
   17.8     0.63   1.788   0.0011
   17.7     0.60   1.814   0.0032
   17.8     0.57   1.842   0.0010
   17.8     0.61   1.869   0.0009
   17.8     0.59   1.895  -0.0010
   17.7     0.55   1.921  -0.0003
   17.9     0.61   1.947   0.0014
   17.8     0.62   1.974   0.0026
   17.7     0.60   2.001   0.0027
   17.7     0.58   2.027   0.0053
   17.7     0.58   2.054   0.0021
   17.8     0.60   2.081   0.0015
   17.6     0.60   2.107   0.0013
   17.8     0.58   2.134  -0.0002
   17.8     0.61   2.160   0.0026
   17.8     0.61   2.186   0.0015
   17.7     0.59   2.213  -0.0001
   17.8     0.63   2.240   0.0015
   17.7     0.60   2.266   0.0026
   17.8     0.62   2.293   0.0024
   17.8     0.63   2.320   0.0032
   17.8     0.59   2.346   0.0066
   17.8     0.58   2.373   0.0020
   17.7     0.62   2.400  -0.0014
   17.8     0.65   2.427   0.0012
   17.7     0.65   2.453   0.0019
   17.8     0.67   2.480   0.0010
   17.8     0.66   2.507   0.0022
   17.9     0.63   2.533   0.0021
   17.9     0.69   2.560   0.0035
   18.0     0.69   2.586   0.0068
   18.0     0.67   2.613   0.0031
   17.8     0.63   2.640   0.0015
   17.9     0.65   2.667   0.0055
   17.9     0.64   2.694   0.0053
   17.9     0.65   2.720   0.0018
   17.9     0.68   2.747  -0.0032
   18.0     0.67   2.774  -0.0011
   18.0     0.71   2.800  -0.0007
   18.0     0.68   2.827  -0.0050
   18.1     0.69   2.854  -0.0040
   18.0     0.75   2.880  -0.0008
   18.1     0.71   2.907  -0.0052
   18.1     0.75   2.935  -0.0028
   18.1     0.77   2.961   0.0031
   18.1     0.75   2.988   0.0007
   18.1     0.79   3.014   0.0026
   18.2     0.81   3.041  -0.0007
   18.1     0.80   3.068  -0.0021
   18.2     0.82   3.095  -0.0022
   18.3     0.83   3.121   0.0026
   18.2     0.75   3.148   0.0014
   18.2     0.81   3.176  -0.0018
   18.3     0.84   3.203  -0.0018
   18.3     0.86   3.229  -0.0007
   18.4     0.86   3.256   0.0012
   18.4     0.89   3.283   0.0013
   18.4     0.93   3.309   0.0054
   18.5     0.89   3.336   0.0079
   18.5     0.91   3.363   0.0035
   18.6     0.98   3.389   0.0036
   18.6     0.96   3.416   0.0061
   18.8     1.03   3.443   0.0052
   18.8     1.07   3.470   0.0058
   18.8     1.10   3.498   0.0028
   19.0     1.07   3.524   0.0018
   18.9     0.96   3.551   0.0056
   19.0     1.01   3.577   0.0041
   19.0     1.04   3.604   0.0105
   19.2     1.08   3.631   0.0083
   19.1     1.08   3.658   0.0052
   19.2     1.19   3.685   0.0082
   19.3     1.17   3.712   0.0076
   19.3     1.19   3.738   0.0043
   19.5     1.18   3.765   0.0085
   19.4     1.18   3.791   0.0058
   19.5     1.19   3.818   0.0037
   19.5     1.20   3.845   0.0032
   19.6     1.21   3.872   0.0062
   19.8     1.30   3.898   0.0056
   19.8     1.30   3.925   0.0053
   20.0     1.32   3.952   0.0045
   20.1     1.36   3.979   0.0016
   20.1     1.37   4.006   0.0022
   20.2     1.39   4.033   0.0040
   20.4     1.44   4.060   0.0024
   20.4     1.35   4.086   0.0050
   20.4     1.38   4.114   0.0016
   20.5     1.42   4.140   0.0027
   20.6     1.45   4.167   0.0035
   20.7     1.45   4.194  -0.0002
   20.8     1.47   4.221  -0.0004
   20.8     1.50   4.247  -0.0000
   21.0     1.51   4.274   0.0028
   21.1     1.53   4.301  -0.0009
   21.2     1.52   4.327  -0.0014
   21.4     1.61   4.354  -0.0018
   21.5     1.56   4.381  -0.0014
   21.5     1.62   4.409  -0.0034
   21.7     1.60   4.435  -0.0010
   21.8     1.64   4.463   0.0002
   21.9     1.66   4.489   0.0002
   22.0     1.64   4.516   0.0011
   22.2     1.63   4.543   0.0010
   22.2     1.69   4.570   0.0031
   22.3     1.66   4.596   0.0050
   22.5     1.73   4.623   0.0055
   22.7     1.82   4.649   0.0019
   22.9     1.87   4.677  -0.0003
   22.9     1.88   4.703  -0.0006
   23.2     1.90   4.730   0.0006
   23.2     1.96   4.757   0.0003
   23.3     1.92   4.784   0.0015
   23.5     1.95   4.811   0.0009
   23.7     1.98   4.838   0.0030
   23.7     1.99   4.865   0.0046
   23.9     1.99   4.891   0.0041
   24.0     2.01   4.918   0.0026
   24.3     2.09   4.944   0.0011
   24.4     2.14   4.971   0.0046
   24.5     2.02   4.998   0.0046
   24.6     2.05   5.024   0.0068
   24.8     2.09   5.052   0.0047
   24.9     2.14   5.079   0.0033
   25.0     2.12   5.105   0.0045
   25.2     2.16   5.133   0.0081
   25.3     2.24   5.160   0.0089
   25.6     2.24   5.187   0.0045
   25.6     2.23   5.213   0.0042
   25.9     2.23   5.240   0.0040
   26.0     2.27   5.267   0.0043
   26.3     2.30   5.293   0.0025
   26.4     2.37   5.321   0.0015
   26.7     2.37   5.348   0.0009
   26.8     2.39   5.375  -0.0006
   27.0     2.43   5.403  -0.0025
   27.2     2.42   5.430  -0.0010
   27.3     2.47   5.457   0.0019
   27.4     2.48   5.484   0.0048
   27.7     2.52   5.511   0.0041
   27.9     2.52   5.537   0.0019
   28.0     2.55   5.564   0.0045
   28.2     2.56   5.591   0.0032
   28.5     2.63   5.618   0.0013
   28.6     2.61   5.645   0.0063
   28.9     2.63   5.672   0.0034
   29.0     2.63   5.699  -0.0006
   29.2     2.66   5.727  -0.0007
   29.4     2.72   5.753  -0.0016
   29.6     2.73   5.780   0.0005
   29.8     2.68   5.808   0.0011
   29.9     2.77   5.834  -0.0000
   30.2     2.79   5.860   0.0017
   30.4     2.84   5.887  -0.0008
   30.6     2.84   5.914   0.0005
   30.8     2.88   5.941  -0.0020
   30.9     2.92   5.967  -0.0007
   31.1     2.91   5.993  -0.0015
   31.4     2.86   6.020  -0.0023
   31.5     2.94   6.046  -0.0023
   31.8     2.95   6.073  -0.0034
   31.9     2.92   6.101  -0.0028
   32.1     2.90   6.128  -0.0014
   32.3     3.10   6.155   0.0030
   32.7     3.04   6.182   0.0031
   32.9     3.05   6.209   0.0033
   33.0     3.04   6.236  -0.0011
   33.3     3.12   6.263  -0.0018
   33.5     3.11   6.289  -0.0033
   33.8     3.16   6.316   0.0007
   33.9     3.13   6.342   0.0011
   34.1     3.11   6.370   0.0008
   34.3     3.02   6.397   0.0024
   34.5     3.11   6.424   0.0054
   34.8     3.15   6.452   0.0026
   34.9     3.14   6.478   0.0023
   35.1     3.18   6.505   0.0026
   35.4     3.19   6.532   0.0033
   35.7     3.27   6.560   0.0059
   35.7     3.25   6.587   0.0047
   36.1     3.28   6.614  -0.0001
   36.3     3.27   6.640  -0.0037
   36.6     3.35   6.667   0.0028
   36.7     3.27   6.694   0.0019
   37.0     3.28   6.721   0.0047
   37.1     3.23   6.748   0.0020
   37.3     3.32   6.775   0.0028
   37.6     3.30   6.801   0.0047
   37.8     3.34   6.828   0.0033
   38.1     3.38   6.854   0.0043
   38.3     3.44   6.881   0.0050
   38.5     3.43   6.908   0.0072
   38.8     3.48   6.935   0.0025
   39.1     3.54   6.962   0.0035
   39.3     3.55   6.989   0.0041
   39.6     3.59   7.016   0.0030
   39.9     3.57   7.043  -0.0022
   40.2     3.60   7.071   0.0006
   40.2     3.56   7.097   0.0029
   40.5     3.67   7.124   0.0071
   40.8     3.64   7.151   0.0060
   40.9     3.53   7.178   0.0040
   41.2     3.62   7.205   0.0080
   41.4     3.67   7.233   0.0100
   41.8     3.71   7.259   0.0102
   41.9     3.68   7.286   0.0052
   42.1     3.68   7.313   0.0045
   42.5     3.70   7.340   0.0045
   42.6     3.70   7.367   0.0024
   42.9     3.73   7.394   0.0015
   43.2     3.80   7.422   0.0022
   43.4     3.76   7.449   0.0067
   43.6     3.79   7.476   0.0058
   43.9     3.78   7.503   0.0027
   44.1     3.81   7.530   0.0027
   44.4     3.87   7.557   0.0013
   44.7     3.91   7.584   0.0052
   44.9     3.85   7.611   0.0054
   45.1     3.91   7.638   0.0049
   45.4     3.96   7.665   0.0081
   45.7     4.03   7.691   0.0062
   46.0     4.03   7.719   0.0069
   46.2     4.05   7.746   0.0022
   46.4     4.00   7.773   0.0035
   46.5     4.02   7.799  -0.0005
   47.0     4.03   7.827   0.0002
   47.1     4.11   7.853   0.0003
   47.3     4.06   7.880  -0.0009
   47.7     4.07   7.907  -0.0037
   47.9     4.10   7.934  -0.0028
   48.1     4.16   7.961  -0.0011
   48.4     4.16   7.988   0.0037
   48.7     4.18   8.016   0.0050
   49.0     4.21   8.042   0.0045
   49.2     4.14   8.069   0.0042
   49.4     4.16   8.096   0.0014
   49.7     4.18   8.123  -0.0015
   49.9     4.20   8.150  -0.0011
   50.3     4.13   8.177  -0.0003
   50.4     4.16   8.204   0.0022
   50.6     4.15   8.231  -0.0010
   50.7     4.15   8.258   0.0003
   51.2     4.18   8.285   0.0028
   51.3     4.24   8.312   0.0035
   51.7     4.25   8.339  -0.0021
   51.9     4.30   8.366  -0.0019
   52.1     4.27   8.394  -0.0048
   52.4     4.34   8.421  -0.0032
   52.7     4.32   8.448  -0.0059
   53.0     4.33   8.475  -0.0052
   53.2     4.37   8.502  -0.0042
   53.5     4.35   8.529  -0.0072
   53.7     4.41   8.556  -0.0025
   54.0     4.42   8.583  -0.0008
   54.3     4.42   8.610  -0.0021
   54.5     4.35   8.637  -0.0008
   54.8     4.38   8.664   0.0026
   54.9     4.38   8.691   0.0067
   55.3     4.47   8.717   0.0039
   55.6     4.52   8.744   0.0041
   55.8     4.50   8.771   0.0062
   56.2     4.48   8.798   0.0070
   56.3     4.52   8.825   0.0060
   56.5     4.49   8.852   0.0105
   56.9     4.54   8.879   0.0055
   57.1     4.56   8.906   0.0051
   57.3     4.50   8.933   0.0084
   57.5     4.52   8.960   0.0123
   57.7     4.38   8.987   0.0120
   58.0     4.45   9.014   0.0093
   58.4     4.49   9.041   0.0062
   58.6     4.48   9.068   0.0085
   58.9     4.54   9.095   0.0069
   59.1     4.51   9.122   0.0047
   59.4     4.56   9.149   0.0065
   59.7     4.55   9.176   0.0093
   59.9     4.49   9.203   0.0047
   60.2     4.54   9.229   0.0088
   60.4     4.55   9.257   0.0079
   60.8     4.55   9.283   0.0090
   61.0     4.57   9.311   0.0085
   61.3     4.57   9.338   0.0102
   61.5     4.57   9.364   0.0098
   61.7     4.58   9.391   0.0044
   62.0     4.59   9.419   0.0050
   62.3     4.62   9.446   0.0054
   62.5     4.60   9.473   0.0036
   62.8     4.63   9.501   0.0042
   63.0     4.64   9.527   0.0013
   63.4     4.70   9.554   0.0053
   63.7     4.65   9.581   0.0046
   63.7     4.61   9.608   0.0090
   64.2     4.57   9.635   0.0079
   64.4     4.62   9.662   0.0066
   64.5     4.66   9.689   0.0011
   64.9     4.60   9.716   0.0031
   65.2     4.66   9.743   0.0010
   65.4     4.57   9.770   0.0033
   65.7     4.64   9.797   0.0044
   66.0     4.66   9.825   0.0009
   66.2     4.62   9.852   0.0001
   66.4     4.61   9.878  -0.0039
   66.7     4.55   9.907  -0.0047
   67.0     4.64   9.933  -0.0051
   67.2     4.61   9.960  -0.0054
   67.5     4.68   9.987  -0.0007
   67.8     4.69  10.013   0.0017
   68.1     4.66  10.040   0.0005
   68.3     4.66  10.066   0.0043
   68.6     4.73  10.094  -0.0009
   68.9     4.70  10.121  -0.0004
   69.1     4.71  10.147  -0.0009
   69.5     4.70  10.174  -0.0016
   69.7     4.64  10.200  -0.0005
   69.9     4.63  10.227   0.0006
   70.1     4.64  10.254  -0.0007
   70.4     4.64  10.280  -0.0017
   70.7     4.68  10.307  -0.0008
   70.9     4.64  10.333  -0.0027
   71.3     4.66  10.360  -0.0013
   71.6     4.61  10.386   0.0039
   71.7     4.57  10.414   0.0015
   72.0     4.60  10.440  -0.0013
   72.3     4.63  10.466  -0.0027
   72.6     4.63  10.493  -0.0023
   72.7     4.62  10.520  -0.0034
   73.1     4.59  10.547  -0.0062
   73.3     4.61  10.573  -0.0069
   73.6     4.57  10.600  -0.0028
   73.9     4.57  10.627   0.0000
   74.1     4.53  10.654  -0.0002
   74.3     4.55  10.680  -0.0009
   74.7     4.59  10.708   0.0002
   75.0     4.55  10.734  -0.0044
   75.2     4.64  10.760  -0.0031
   75.3     4.54  10.787  -0.0045
   75.8     4.56  10.814  -0.0019
   76.0     4.52  10.842  -0.0015
   76.2     4.52  10.868  -0.0007
   76.4     4.46  10.895  -0.0037
   76.7     4.53  10.922  -0.0012
   77.0     4.49  10.949  -0.0047
   77.2     4.46  10.976  -0.0047
   77.5     4.47  11.003  -0.0062
   77.7     4.44  11.029  -0.0062
   78.1     4.45  11.056  -0.0076
   78.3     4.46  11.083  -0.0063
   78.7     4.48  11.110  -0.0053
   78.9     4.43  11.136  -0.0047
   79.0     4.39  11.163  -0.0007
   79.4     4.38  11.190   0.0023
   79.7     4.41  11.216  -0.0008
   79.9     4.36  11.243   0.0026
   80.1     4.31  11.270   0.0002
   80.5     4.34  11.296   0.0006
   80.7     4.31  11.323   0.0007
   80.9     4.32  11.349   0.0013
   81.3     4.25  11.376  -0.0001
   81.5     4.29  11.404  -0.0004
   81.8     4.29  11.431   0.0015
   81.9     4.24  11.458   0.0008
   82.3     4.29  11.484  -0.0011
   82.6     4.32  11.511  -0.0007
   82.9     4.20  11.538  -0.0026
   83.0     4.22  11.565  -0.0007
   83.3     4.21  11.591  -0.0017
   83.7     4.27  11.618  -0.0026
   83.8     4.23  11.645   0.0004
   84.1     4.26  11.673  -0.0008
   84.5     4.27  11.700  -0.0001
   84.7     4.20  11.727  -0.0008
   84.9     4.20  11.754  -0.0006
   85.3     4.22  11.781  -0.0007
   85.5     4.21  11.808  -0.0005
   85.8     4.17  11.835  -0.0037
   86.0     4.15  11.862  -0.0035
   86.4     4.18  11.889  -0.0066
   86.6     4.13  11.916  -0.0064
   86.9     4.12  11.943  -0.0081
   87.2     4.07  11.970  -0.0049
   87.4     4.08  11.996  -0.0046
   87.7     4.08  12.023  -0.0080
   87.8     4.09  12.050  -0.0082
   88.2     4.05  12.077  -0.0090
   88.5     4.00  12.104  -0.0060
   88.6     3.98  12.130  -0.0036
   88.9     4.01  12.157  -0.0050
   89.2     3.98  12.184   0.0003
   89.5     3.97  12.210   0.0022
   89.8     3.94  12.237  -0.0032
   89.9     3.94  12.263  -0.0073
   90.3     3.90  12.290  -0.0030
   90.6     3.90  12.317  -0.0014
   90.7     3.90  12.343  -0.0049
   91.1     3.89  12.370  -0.0026
   91.3     3.90  12.398  -0.0031
   91.5     3.88  12.424  -0.0066
   91.8     3.87  12.451  -0.0057
   92.2     3.84  12.478  -0.0101
   92.4     3.82  12.505  -0.0108
   92.8     3.85  12.532  -0.0094
   93.0     3.81  12.559  -0.0084
   93.2     3.80  12.586  -0.0110
   93.5     3.78  12.613  -0.0104
   93.9     3.77  12.640  -0.0125
   94.1     3.76  12.667  -0.0138
   94.3     3.71  12.694  -0.0135
   94.6     3.74  12.721  -0.0126
   94.8     3.68  12.748  -0.0138
   95.1     3.72  12.774  -0.0150
   95.4     3.65  12.801  -0.0115
   95.5     3.67  12.828  -0.0145
   95.9     3.64  12.856  -0.0134
   96.1     3.63  12.883  -0.0145
   96.5     3.61  12.910  -0.0157
   96.7     3.66  12.936  -0.0158
   97.0     3.60  12.964  -0.0174
   97.3     3.61  12.991  -0.0183
   97.4     3.60  13.017  -0.0216
   97.8     3.55  13.044  -0.0184
   98.1     3.55  13.071  -0.0175
   98.3     3.56  13.098  -0.0174
   98.5     3.54  13.124  -0.0128
   98.8     3.51  13.151  -0.0181
   99.1     3.47  13.178  -0.0204
   99.4     3.50  13.205  -0.0185
   99.6     3.49  13.232  -0.0157
   99.9     3.49  13.258  -0.0150
  100.2     3.44  13.285  -0.0153
  100.4     3.44  13.312  -0.0183
  100.6     3.42  13.339  -0.0149
  100.9     3.44  13.365  -0.0176
  101.1     3.42  13.392  -0.0185
  101.5     3.43  13.420  -0.0219
  101.8     3.42  13.447  -0.0149
  101.9     3.41  13.473  -0.0162
  102.3     3.36  13.501  -0.0129
  102.6     3.35  13.528  -0.0127
  102.7     3.36  13.554  -0.0119
  102.9     3.33  13.581  -0.0110
  103.3     3.38  13.608  -0.0116
  103.6     3.40  13.635  -0.0191
  103.9     3.35  13.662  -0.0146
  104.2     3.36  13.689  -0.0136
  104.4     3.33  13.715  -0.0152
  104.7     3.28  13.742  -0.0180
  104.9     3.30  13.770  -0.0110
  105.3     3.28  13.796  -0.0130
  105.5     3.29  13.823  -0.0091
  105.7     3.30  13.849  -0.0104
  105.9     3.27  13.876  -0.0097
  106.3     3.23  13.903  -0.0133
  106.6     3.26  13.930  -0.0177
  106.9     3.27  13.957  -0.0155
  107.1     3.25  13.984  -0.0087
  107.3     3.24  14.011  -0.0130
  107.6     3.23  14.038  -0.0146
  107.9     3.25  14.065  -0.0107
  108.2     3.21  14.092  -0.0148
  108.4     3.23  14.118  -0.0148
  108.8     3.17  14.146  -0.0135
  109.0     3.23  14.173  -0.0140
  109.3     3.22  14.199  -0.0145
  109.5     3.21  14.226  -0.0148
  109.8     3.13  14.253  -0.0132
  110.1     3.12  14.280  -0.0119
  110.4     3.16  14.307  -0.0120
  110.6     3.13  14.334  -0.0082
  110.8     3.15  14.361  -0.0088
  111.1     3.11  14.388  -0.0112
  111.4     3.12  14.416  -0.0091
  111.7     3.15  14.442  -0.0145
  111.9     3.12  14.469  -0.0133
  112.1     3.13  14.496  -0.0137
  112.6     3.14  14.524  -0.0112
  112.8     3.11  14.551  -0.0115
  112.9     3.10  14.578  -0.0105
  113.3     3.10  14.605  -0.0123
  113.5     3.05  14.632  -0.0128
  113.8     3.06  14.660  -0.0119
  114.0     3.07  14.686  -0.0097
  114.4     3.07  14.714  -0.0096
  114.6     3.08  14.741  -0.0103
  114.8     3.08  14.767  -0.0134
  115.1     3.07  14.794  -0.0156
  115.4     3.07  14.821  -0.0163
  115.7     3.11  14.848  -0.0153
  115.9     3.04  14.875  -0.0155
  116.2     2.99  14.902  -0.0095
  116.4     3.05  14.928  -0.0112
  116.8     3.09  14.955  -0.0136
  116.9     3.04  14.983  -0.0104
  117.3     3.04  15.010  -0.0084
  117.5     3.02  15.037  -0.0129
  117.8     3.05  15.064  -0.0124
  118.1     3.00  15.091  -0.0123
  118.3     3.06  15.118  -0.0108
  118.5     3.02  15.145  -0.0086
  118.9     3.07  15.172  -0.0112
  119.1     3.07  15.199  -0.0042
  119.4     3.02  15.226  -0.0088
  119.7     3.05  15.253  -0.0071
  119.9     3.00  15.280  -0.0088
  120.2     3.02  15.307  -0.0080
  120.6     3.06  15.334  -0.0092
  120.7     3.07  15.361  -0.0086
  121.0     3.06  15.392  -0.0104
  121.3     3.10  15.426  -0.0122
  121.7     3.07  15.457  -0.0102
  121.9     3.08  15.484  -0.0121
  122.3     3.07  15.511  -0.0127
  122.5     3.04  15.538  -0.0096
  122.7     3.08  15.564  -0.0150
  123.0     3.07  15.592  -0.0154
  123.3     3.09  15.620  -0.0145
  123.6     3.09  15.648  -0.0095
  123.9     3.11  15.675  -0.0083
  124.2     3.15  15.708  -0.0123
  124.5     3.11  15.738  -0.0144
  124.8     3.13  15.765  -0.0124
  125.0     3.13  15.792  -0.0109
  125.3     3.15  15.820  -0.0109
  125.6     3.14  15.847  -0.0130
  125.9     3.16  15.874  -0.0137
  126.2     3.12  15.901  -0.0081
  126.4     3.13  15.928  -0.0082
  126.7     3.12  15.954  -0.0058
  126.8     3.11  15.982  -0.0118
  127.2     3.19  16.009  -0.0108
  127.5     3.17  16.036  -0.0129
  127.7     3.19  16.064  -0.0107
  128.1     3.24  16.091  -0.0089
  128.4     3.19  16.118  -0.0085
  128.7     3.23  16.145  -0.0087
  128.9     3.24  16.172  -0.0077
  129.2     3.26  16.199  -0.0056
  129.5     3.30  16.226  -0.0074
  129.8     3.24  16.253  -0.0085
  130.0     3.25  16.280  -0.0084
  130.2     3.25  16.307  -0.0092
  130.6     3.28  16.333  -0.0085
  130.8     3.27  16.360  -0.0098
  131.1     3.26  16.388  -0.0123
  131.3     3.28  16.415  -0.0118
  131.7     3.27  16.442  -0.0097
  131.8     3.31  16.469  -0.0159
  132.1     3.36  16.496  -0.0175
  132.5     3.37  16.523  -0.0150
  132.6     3.34  16.550  -0.0133
  133.0     3.37  16.577  -0.0095
  133.1     3.37  16.603  -0.0166
  133.5     3.38  16.630  -0.0202
  133.8     3.37  16.658  -0.0145
  134.0     3.36  16.685  -0.0140
  134.2     3.34  16.711  -0.0185
  134.6     3.38  16.739  -0.0219
  134.9     3.41  16.766  -0.0185
  135.0     3.40  16.793  -0.0133
  135.4     3.40  16.820  -0.0144
  135.7     3.46  16.847  -0.0148
  136.0     3.48  16.873  -0.0148
  136.1     3.44  16.900  -0.0186
  136.5     3.48  16.927  -0.0127
  136.8     3.50  16.954  -0.0163
  137.1     3.52  16.981  -0.0144
  137.4     3.53  17.008  -0.0161
  137.6     3.50  17.035  -0.0170
  137.8     3.54  17.062  -0.0106
  138.2     3.55  17.089  -0.0148
  138.4     3.51  17.116  -0.0173
  138.6     3.52  17.143  -0.0179
  139.0     3.55  17.170  -0.0169
  139.2     3.60  17.197  -0.0177
  139.5     3.57  17.224  -0.0189
  139.7     3.61  17.252  -0.0187
  140.1     3.59  17.278  -0.0181
  140.3     3.55  17.305  -0.0145
  140.6     3.61  17.333  -0.0196
  140.8     3.64  17.360  -0.0168
  141.1     3.64  17.386  -0.0212
  141.4     3.62  17.414  -0.0189
  141.6     3.65  17.441  -0.0190
  141.9     3.66  17.468  -0.0201
  142.2     3.70  17.495  -0.0176
  142.4     3.72  17.522  -0.0135
  142.8     3.72  17.548  -0.0138
  143.1     3.71  17.575  -0.0169
  143.3     3.75  17.602  -0.0133
  143.6     3.78  17.629  -0.0142
  143.8     3.79  17.656  -0.0153
  144.2     3.79  17.683  -0.0160
  144.4     3.78  17.710  -0.0183
  144.7     3.88  17.736  -0.0185
  145.0     3.84  17.764  -0.0177
  145.2     3.78  17.791  -0.0153
  145.5     3.81  17.818  -0.0130
  145.8     3.82  17.845  -0.0164
  146.0     3.86  17.872  -0.0135
  146.3     3.89  17.899  -0.0117
  146.6     3.88  17.926  -0.0130
  146.9     3.91  17.953  -0.0137
  147.1     3.90  17.979  -0.0193
  147.4     3.93  18.007  -0.0145
  147.8     3.93  18.033  -0.0153
  148.0     3.97  18.061  -0.0139
  148.3     3.98  18.088  -0.0145
  148.5     3.96  18.115  -0.0167
  148.9     4.03  18.142  -0.0144
  149.1     4.06  18.169  -0.0122
  149.4     4.02  18.195  -0.0154
  149.7     4.04  18.222  -0.0142
  149.9     4.05  18.249  -0.0141
  150.2     4.09  18.276  -0.0161
  150.4     4.05  18.302  -0.0163
  150.8     4.10  18.329  -0.0143
  151.0     4.09  18.356  -0.0134
  151.3     4.07  18.383  -0.0099
  151.6     4.11  18.410  -0.0086
  151.9     4.14  18.437  -0.0158
  152.2     4.14  18.464  -0.0126
  152.5     4.17  18.491  -0.0154
  152.7     4.16  18.518  -0.0156
  152.9     4.18  18.544  -0.0175
  153.3     4.24  18.572  -0.0153
  153.6     4.20  18.599  -0.0157
  153.8     4.28  18.626  -0.0171
  154.1     4.28  18.653  -0.0175
  154.4     4.25  18.680  -0.0169
  154.6     4.28  18.707  -0.0163
  155.0     4.31  18.734  -0.0151
  155.2     4.34  18.761  -0.0163
  155.5     4.36  18.788  -0.0193
  155.8     4.32  18.814  -0.0170
  156.1     4.35  18.841  -0.0172
  156.4     4.35  18.868  -0.0208
  156.6     4.36  18.895  -0.0176
  156.9     4.40  18.922  -0.0142
  157.3     4.43  18.949  -0.0145
  157.4     4.42  18.976  -0.0121
  157.8     4.46  19.003  -0.0148
  158.1     4.47  19.030  -0.0161
  158.3     4.50  19.057  -0.0164
  158.6     4.47  19.084  -0.0190
  158.9     4.52  19.111  -0.0169
  159.2     4.52  19.138  -0.0161
  159.5     4.51  19.165  -0.0177
  159.7     4.54  19.191  -0.0160
  160.0     4.55  19.219  -0.0148
  160.2     4.58  19.246  -0.0139
  160.5     4.58  19.273  -0.0150
  160.8     4.58  19.300  -0.0141
  161.0     4.61  19.327  -0.0179
  161.4     4.60  19.354  -0.0157
  161.6     4.62  19.382  -0.0148
  162.0     4.62  19.409  -0.0166
  162.2     4.65  19.436  -0.0160
  162.4     4.66  19.463  -0.0155
  162.8     4.72  19.490  -0.0151
  163.1     4.66  19.517  -0.0161
  163.3     4.71  19.544  -0.0194
  163.6     4.72  19.571  -0.0183
  163.9     4.69  19.598  -0.0219
  164.2     4.69  19.625  -0.0192
  164.4     4.69  19.652  -0.0191
  164.7     4.73  19.679  -0.0196
  164.8     4.73  19.705  -0.0218
  165.2     4.73  19.732  -0.0231
  165.4     4.72  19.759  -0.0319
  165.7     4.74  19.786  -0.0208
  166.1     4.77  19.813  -0.0175
  166.3     4.78  19.840  -0.0222
  166.5     4.79  19.867  -0.0171
  166.9     4.80  19.894  -0.0207
  167.1     4.79  19.923  -0.0208
  167.5     4.80  19.950  -0.0198
  167.7     4.81  19.977  -0.0165
  167.9     4.79  20.004  -0.0178
  168.3     4.84  20.030  -0.0188
  168.6     4.81  20.057  -0.0189
  168.8     4.87  20.085  -0.0193
  169.1     4.89  20.113  -0.0236
  169.4     4.89  20.141  -0.0207
  169.7     4.95  20.169  -0.0197
  170.0     4.94  20.197  -0.0194
  170.4     4.99  20.225  -0.0207
  170.6     4.99  20.252  -0.0229
  170.9     4.96  20.280  -0.0232
  171.3     5.01  20.307  -0.0165
  171.5     5.02  20.335  -0.0161
  171.7     5.07  20.362  -0.0185
  171.9     5.04  20.389  -0.0193
  172.2     5.05  20.417  -0.0253
  172.7     5.09  20.445  -0.0244
  172.9     5.13  20.471  -0.0246
  173.2     5.13  20.499  -0.0229
  173.5     5.12  20.528  -0.0225
  173.8     5.15  20.556  -0.0218
  174.0     5.19  20.584  -0.0225
  174.3     5.16  20.611  -0.0248
  174.6     5.18  20.639  -0.0256
  174.8     5.22  20.667  -0.0248
  175.1     5.20  20.694  -0.0222
  175.4     5.22  20.722  -0.0203
  175.7     5.20  20.749  -0.0161
  176.1     5.25  20.777  -0.0123
  176.4     5.27  20.805  -0.0127
  176.7     5.36  20.833  -0.0137
  177.0     5.34  20.860  -0.0135
  177.2     5.36  20.888  -0.0120
  177.6     5.28  20.916  -0.0118
  177.8     5.34  20.943  -0.0112
  178.0     5.31  20.972  -0.0110
  178.3     5.36  20.999  -0.0130
  178.6     5.36  21.026  -0.0130
  179.0     5.37  21.054  -0.0169
  179.2     5.39  21.082  -0.0174
  179.6     5.41  21.109  -0.0147
  179.8     5.36  21.136  -0.0169
  180.0     5.45  21.164  -0.0162
  180.3     5.40  21.191  -0.0113
  180.7     5.43  21.217  -0.0176
  181.0     5.43  21.245  -0.0212
  181.2     5.48  21.272  -0.0154
  181.5     5.45  21.299  -0.0156
  181.9     5.45  21.326  -0.0170
  182.1     5.50  21.353  -0.0181
  182.4     5.49  21.381  -0.0189
  182.6     5.51  21.409  -0.0211
  183.0     5.48  21.436  -0.0203
  183.3     5.54  21.463  -0.0189
  183.6     5.57  21.490  -0.0176
  183.7     5.55  21.517  -0.0217
  184.1     5.61  21.544  -0.0162
  184.3     5.60  21.571  -0.0148
  184.7     5.57  21.599  -0.0173
  184.9     5.66  21.626  -0.0174
  185.3     5.64  21.654  -0.0184
  185.6     5.67  21.683  -0.0185
  185.9     5.70  21.710  -0.0209
  186.1     5.70  21.737  -0.0179
  186.4     5.68  21.764  -0.0181
  186.6     5.75  21.791  -0.0225
  187.0     5.75  21.820  -0.0156
  187.2     5.75  21.847  -0.0196
  187.5     5.82  21.874  -0.0184
  187.8     5.82  21.901  -0.0195
  188.1     5.80  21.928  -0.0226
  188.4     5.77  21.955  -0.0236
  188.7     5.79  21.983  -0.0196
  189.0     5.75  22.011  -0.0238
  189.2     5.79  22.039  -0.0242
  189.6     5.86  22.066  -0.0236
  189.9     5.83  22.095  -0.0253
  190.2     5.86  22.123  -0.0245
  190.5     5.89  22.151  -0.0240
  190.8     5.87  22.179  -0.0274
  191.1     5.87  22.208  -0.0267
  191.4     5.98  22.236  -0.0251
  191.6     5.95  22.263  -0.0248
  191.9     5.98  22.290  -0.0239
  192.3     6.00  22.318  -0.0260
  192.5     6.00  22.345  -0.0253
  192.8     5.98  22.373  -0.0238
  193.0     5.98  22.402  -0.0261
  193.4     5.98  22.429  -0.0280
  193.7     5.97  22.456  -0.0278
  193.9     6.01  22.484  -0.0279
  194.2     6.02  22.511  -0.0237
  194.5     6.01  22.539  -0.0250
  194.7     6.05  22.568  -0.0236
  195.1     6.00  22.595  -0.0249
  195.3     6.15  22.622  -0.0264
  195.6     6.07  22.650  -0.0281
  196.0     6.08  22.677  -0.0264
  196.3     6.08  22.704  -0.0257
  196.6     6.16  22.732  -0.0232
  196.7     6.14  22.760  -0.0259
  197.2     6.15  22.787  -0.0298
  197.5     6.16  22.814  -0.0284
  197.7     6.18  22.842  -0.0305
  198.0     6.21  22.870  -0.0297
  198.4     6.27  22.897  -0.0283
  198.6     6.24  22.925  -0.0322
  198.9     6.21  22.952  -0.0294
  199.1     6.21  22.979  -0.0290
  199.5     6.19  23.008  -0.0294
  199.8     6.29  23.035  -0.0324
  200.1     6.31  23.064  -0.0292
  200.4     6.29  23.091  -0.0283
  200.6     6.28  23.118  -0.0315
  200.8     6.28  23.146  -0.0323
  201.2     6.29  23.173  -0.0292
  201.6     6.35  23.201  -0.0308
  201.8     6.40  23.229  -0.0323
  202.1     6.40  23.256  -0.0331
  202.4     6.38  23.283  -0.0336
  202.6     6.38  23.310  -0.0295
  202.9     6.41  23.338  -0.0289
  203.3     6.43  23.366  -0.0283
  203.5     6.41  23.393  -0.0315
  203.7     6.48  23.420  -0.0336
  204.1     6.51  23.448  -0.0343
  204.5     6.51  23.476  -0.0341
  204.7     6.59  23.504  -0.0313
  205.0     6.52  23.531  -0.0303
  205.3     6.57  23.559  -0.0301
  205.5     6.53  23.586  -0.0314
  205.8     6.55  23.614  -0.0265
  206.2     6.60  23.641  -0.0292
  206.5     6.59  23.669  -0.0268
  206.7     6.61  23.697  -0.0250
  207.1     6.61  23.724  -0.0250
  207.3     6.63  23.751  -0.0264
  207.6     6.66  23.778  -0.0266
  207.8     6.62  23.805  -0.0269
  208.2     6.70  23.833  -0.0281
  208.5     6.72  23.860  -0.0332
  208.7     6.72  23.887  -0.0309
  209.0     6.70  23.915  -0.0327
  209.3     6.76  23.943  -0.0318
  209.6     6.78  23.970  -0.0308
  210.0     6.78  23.997  -0.0266
  210.2     6.77  24.025  -0.0252
  210.5     6.80  24.052  -0.0270
  210.8     6.79  24.080  -0.0283
  211.1     6.84  24.107  -0.0293
  211.4     6.83  24.135  -0.0324
  211.6     6.82  24.162  -0.0322
  212.0     6.85  24.190  -0.0335
  212.3     6.91  24.217  -0.0448
  212.6     6.92  24.244  -0.0399
  212.9     6.95  24.274  -0.0390
  213.1     6.96  24.302  -0.0360
  213.3     6.95  24.330  -0.0358
  213.7     6.98  24.358  -0.0363
  214.1     7.10  24.386  -0.0345
  214.3     7.06  24.415  -0.0349
  214.6     7.03  24.442  -0.0358
  214.8     7.00  24.469  -0.0374
  215.0     7.01  24.496  -0.0386
  215.4     7.03  24.524  -0.0372
  215.7     7.05  24.551  -0.0338
  216.0     7.06  24.578  -0.0389
  216.3     7.09  24.605  -0.0397
  216.6     7.14  24.633  -0.0403
  216.9     7.10  24.661  -0.0413
  217.1     7.13  24.688  -0.0410
  217.4     7.15  24.715  -0.0413
  217.8     7.17  24.743  -0.0442
  218.1     7.17  24.771  -0.0415
  218.2     7.20  24.798  -0.0424
  218.7     7.19  24.826  -0.0434
  218.9     7.30  24.854  -0.0386
  219.2     7.27  24.882  -0.0396
  219.5     7.25  24.910  -0.0442
  219.8     7.31  24.938  -0.0448
  220.1     7.37  24.966  -0.0452
  220.4     7.36  24.994  -0.0478
  220.8     7.39  25.021  -0.0499
  221.1     7.41  25.048  -0.0477
  221.3     7.41  25.076  -0.0505
  221.6     7.43  25.104  -0.0523
  221.9     7.47  25.132  -0.0569
  222.2     7.42  25.159  -0.0597
  222.5     7.46  25.186  -0.0629
  222.7     7.38  25.214  -0.0594
  223.2     7.43  25.242  -0.0602
  223.2     7.48  25.270  -0.0615
  223.7     7.49  25.298  -0.0634
  224.0     7.46  25.326  -0.0688
  224.3     7.48  25.353  -0.0724
  224.6     7.49  25.380  -0.0747
  224.9     7.48  25.409  -0.0776
  225.2     7.51  25.438  -0.0780
  225.6     7.49  25.465  -0.0805
  225.8     7.49  25.492  -0.0765
  226.1     7.52  25.520  -0.0794
  226.5     7.51  25.547  -0.0815
  226.6     7.53  25.574  -0.0824
  227.0     7.53  25.601  -0.0867
  227.4     7.54  25.628  -0.0872
  227.6     7.57  25.656  -0.0881
  227.9     7.54  25.683  -0.0873
  228.3     7.56  25.711  -0.0868
  228.6     7.56  25.737  -0.0891
  228.8     7.60  25.765  -0.0910
  229.2     7.58  25.792  -0.0898
  229.3     7.60  25.819  -0.0871
  229.7     7.62  25.846  -0.0887
  230.0     7.63  25.874  -0.0927
  230.3     7.58  25.902  -0.0917
  230.6     7.61  25.929  -0.0908
  230.8     7.57  25.957  -0.0909
  231.1     7.58  25.984  -0.0913
  231.3     7.57  26.011  -0.0919
  231.8     7.66  26.039  -0.0949
  232.1     7.69  26.067  -0.0945
  232.4     7.65  26.095  -0.0945
  232.6     7.66  26.122  -0.0922
  232.9     7.67  26.149  -0.0932
  233.3     7.73  26.177  -0.0929
  233.5     7.73  26.204  -0.0940
  233.9     7.73  26.231  -0.0926
  234.1     7.80  26.258  -0.0917
  234.4     7.79  26.286  -0.0938
  234.7     7.82  26.313  -0.0971
  235.0     7.81  26.340  -0.0962
  235.3     7.82  26.367  -0.0979
  235.6     7.82  26.396  -0.0935
  235.9     7.88  26.424  -0.0930
  236.1     7.82  26.451  -0.0880
  236.3     7.89  26.479  -0.0907
  236.7     7.87  26.507  -0.0947
  237.0     7.89  26.535  -0.0965
  237.1     7.89  26.563  -0.0978
  237.6     7.91  26.591  -0.0977
  237.7     7.96  26.619  -0.0999
  238.1     7.98  26.647  -0.0997
  238.4     8.03  26.675  -0.0987
  238.7     8.04  26.703  -0.0998
  239.0     8.05  26.732  -0.0998
  239.2     8.07  26.759  -0.1011
  239.5     8.08  26.786  -0.1038
  239.9     8.07  26.814  -0.1131
  240.1     8.17  26.842  -0.1064
  240.4     8.19  26.870  -0.1090
  240.7     8.20  26.898  -0.1045
  240.8     8.19  26.925  -0.1065
  241.3     8.25  26.952  -0.1035
  241.5     8.28  26.980  -0.1036
  241.8     8.31  27.007  -0.1073
  242.0     8.32  27.034  -0.1069
  242.3     8.34  27.062  -0.1022
  242.6     8.37  27.090  -0.1030
  242.9     8.38  27.117  -0.1047
  243.2     8.41  27.145  -0.1054
  243.5     8.45  27.173  -0.1054
  243.9     8.51  27.201  -0.1084
  244.0     8.52  27.228  -0.1090
  244.3     8.55  27.255  -0.1108
  244.6     8.59  27.282  -0.1127
  244.9     8.59  27.310  -0.1135
  245.2     8.63  27.337  -0.1143
  245.4     8.65  27.365  -0.1140
  245.8     8.66  27.393  -0.1134
  246.0     8.69  27.420  -0.1141
  246.3     8.75  27.448  -0.1151
  246.6     8.79  27.476  -0.1126
  246.9     8.79  27.504  -0.1139
  247.1     8.78  27.531  -0.1120
  247.5     8.86  27.559  -0.1157
  247.6     8.83  27.586  -0.1137
  247.9     8.85  27.613  -0.1121
  248.3     8.80  27.641  -0.1138
  248.5     8.88  27.669  -0.1151
  248.7     8.88  27.696  -0.1133
  249.0     8.89  27.723  -0.1187
  249.4     8.97  27.751  -0.1169
  249.6     8.99  27.778  -0.1148
  249.9     9.03  27.805  -0.1179
  250.1     9.04  27.833  -0.1168
  250.4     9.01  27.860  -0.1212
  250.8     9.04  27.887  -0.1226
  251.0     9.09  27.914  -0.1189
  251.4     9.14  27.941  -0.1149
  251.7     9.23  27.969  -0.1141
  251.9     9.18  27.996  -0.1167
  252.1     9.22  28.024  -0.1172
  252.4     9.23  28.052  -0.1199
  252.6     9.27  28.079  -0.1200
  253.0     9.28  28.107  -0.1209
  253.3     9.30  28.134  -0.1196
  253.6     9.32  28.161  -0.1223
  253.9     9.31  28.188  -0.1202
  254.1     9.32  28.215  -0.1198
  254.4     9.33  28.242  -0.1171
  254.6     9.36  28.270  -0.1183
  255.0     9.37  28.297  -0.1223
  255.2     9.43  28.324  -0.1216
  255.5     9.44  28.352  -0.1208
  255.8     9.47  28.379  -0.1257
  256.0     9.44  28.407  -0.1246
  256.3     9.43  28.436  -0.1277
  256.6     9.44  28.465  -0.1243
  256.9     9.45  28.493  -0.1270
  257.2     9.46  28.522  -0.1239
  257.4     9.48  28.549  -0.1186
  257.7     9.50  28.576  -0.1191
  258.0     9.52  28.604  -0.1239
  258.1     9.50  28.632  -0.1230
  258.5     9.58  28.659  -0.1232
  258.8     9.55  28.687  -0.1241
  259.1     9.59  28.714  -0.1216
  259.4     9.59  28.741  -0.1220
  259.6     9.60  28.768  -0.1265
  259.9     9.65  28.796  -0.1223
  260.2     9.63  28.825  -0.1259
  260.5     9.65  28.852  -0.1282
  260.8     9.66  28.880  -0.1254
  261.1     9.67  28.909  -0.1250
  261.3     9.66  28.938  -0.1252
  261.6     9.69  28.965  -0.1269
  261.8     9.62  28.993  -0.1265
  262.1     9.63  29.020  -0.1263
  262.5     9.69  29.047  -0.1293
  262.7     9.66  29.075  -0.1280
  263.0     9.72  29.102  -0.1282
  263.3     9.72  29.130  -0.1289
  263.6     9.72  29.159  -0.1292
  263.9     9.75  29.186  -0.1279
  264.1     9.79  29.213  -0.1294
  264.5     9.75  29.240  -0.1284
  264.7     9.77  29.267  -0.1274
  264.9     9.73  29.294  -0.1301
  265.2     9.72  29.323  -0.1303
  265.4     9.78  29.350  -0.1283
  265.8     9.79  29.377  -0.1292
  266.0     9.76  29.405  -0.1295
  266.2     9.80  29.433  -0.1290
  266.6     9.77  29.460  -0.1300
  266.9     9.80  29.489  -0.1383
  267.2     9.80  29.516  -0.1316
  267.5     9.77  29.544  -0.1336
  267.6     9.77  29.571  -0.1344
  268.0     9.73  29.599  -0.1336
  268.2     9.73  29.627  -0.1330
  268.6     9.73  29.655  -0.1341
  268.8     9.79  29.682  -0.1359
  269.1     9.74  29.709  -0.1370
  269.4     9.79  29.736  -0.1334
  269.7     9.76  29.763  -0.1328
  269.9     9.76  29.792  -0.1349
  270.3     9.76  29.820  -0.1389
  270.5     9.73  29.847  -0.1345
  270.8     9.77  29.875  -0.1302
  271.1     9.75  29.903  -0.1343
  271.3     9.73  29.930  -0.1349
  271.6     9.72  29.958  -0.1362
  271.9     9.74  29.985  -0.1338
  272.2     9.78  30.013  -0.1365
  272.5     9.75  30.040  -0.1377
  272.8     9.74  30.067  -0.1400
  273.1     9.73  30.095  -0.1398
  273.3     9.75  30.122  -0.1405
  273.6     9.77  30.150  -0.1371
  273.8     9.75  30.178  -0.1354
  274.1     9.71  30.206  -0.1387
  274.6     9.72  30.235  -0.1403
  274.8     9.72  30.262  -0.1392
  274.9     9.69  30.290  -0.1404
  275.3     9.70  30.318  -0.1380
  275.6     9.71  30.346  -0.1396
  275.8     9.74  30.373  -0.1401
  276.1     9.74  30.401  -0.1408
  276.5     9.70  30.428  -0.1431
  276.8     9.70  30.455  -0.1438
  277.0     9.70  30.483  -0.1419
  277.3     9.72  30.510  -0.1409
  277.6     9.67  30.538  -0.1414
  277.9     9.65  30.565  -0.1428
  278.2     9.66  30.593  -0.1444
  278.4     9.66  30.622  -0.1481
  278.7     9.64  30.649  -0.1504
  278.9     9.65  30.678  -0.1483
  279.3     9.62  30.705  -0.1501
  279.5     9.58  30.735  -0.1488
  279.9     9.57  30.762  -0.1453
  280.0     9.57  30.790  -0.1447
  280.3     9.53  30.818  -0.1424
  280.6     9.58  30.845  -0.1434
  281.0     9.60  30.873  -0.1460
  281.2     9.55  30.900  -0.1462
  281.6     9.54  30.929  -0.1494
  281.8     9.51  30.957  -0.1471
  282.1     9.50  30.984  -0.1472
  282.5     9.50  31.011  -0.1472
  282.6     9.46  31.038  -0.1480
  283.0     9.44  31.066  -0.1450
  283.1     9.44  31.094  -0.1448
  283.5     9.49  31.121  -0.1429
  283.7     9.39  31.149  -0.1445
  284.0     9.41  31.177  -0.1469
  284.4     9.48  31.204  -0.1516
  284.6     9.54  31.232  -0.1491
  284.9     9.43  31.261  -0.1476
  285.2     9.40  31.288  -0.1491
  285.4     9.32  31.316  -0.1499
  285.8     9.39  31.345  -0.1578
  286.2     9.44  31.372  -0.1445
  286.5     9.54  31.401  -0.1430
  286.6     9.34  31.428  -0.1556
  286.9     9.33  31.455  -0.1626
  287.1     9.27  31.483  -0.1553
  287.5     9.23  31.510  -0.1520
  287.7     9.26  31.537  -0.1516
  287.9     9.21  31.565  -0.1505
  288.2     9.22  31.592  -0.1525
  288.5     9.21  31.620  -0.1553
  288.9     9.28  31.647  -0.1621
  289.3     9.28  31.675  -0.1635
  289.5     9.23  31.703  -0.1612
  289.8     9.22  31.730  -0.1611
  290.1     9.21  31.757  -0.1632
  290.3     9.19  31.785  -0.1628
  290.6     9.18  31.813  -0.1638
  290.9     9.18  31.840  -0.1631
  291.2     9.15  31.867  -0.1618
  291.4     9.13  31.895  -0.1628
  291.6     9.08  31.922  -0.1603
  291.9     9.08  31.950  -0.1600
  292.1     9.05  31.977  -0.1591
  292.4     8.98  32.006  -0.1583
  292.7     9.00  32.034  -0.1566
  293.0     9.01  32.061  -0.1573
  293.4     9.04  32.088  -0.1547
  293.7     9.04  32.115  -0.1566
  294.0     9.02  32.143  -0.1561
  294.3     9.03  32.171  -0.1565
  294.6     9.03  32.198  -0.1560
  294.8     9.03  32.226  -0.1586
  295.1     9.02  32.253  -0.1598
  295.3     8.89  32.280  -0.1617
  295.6     8.87  32.307  -0.1579
  295.8     8.81  32.334  -0.1564
  296.2     8.89  32.362  -0.1571
  296.4     8.78  32.389  -0.1574
  296.8     8.83  32.419  -0.1591
  297.2     8.83  32.446  -0.1561
  297.4     8.83  32.474  -0.1570
  297.6     8.88  32.502  -0.1570
  298.0     8.84  32.530  -0.1574
  298.3     8.86  32.558  -0.1594
  298.6     8.86  32.586  -0.1589
  298.8     8.82  32.614  -0.1594
  299.1     8.80  32.642  -0.1593
  299.4     8.81  32.670  -0.1593
  299.8     8.79  32.697  -0.1595
  300.0     8.83  32.726  -0.1607
  300.3     8.76  32.753  -0.1604
  300.7     8.75  32.780  -0.1589
  301.0     8.78  32.808  -0.1563
  301.1     8.76  32.834  -0.1577
  301.6     8.77  32.862  -0.1609
  301.8     8.75  32.890  -0.1593
  302.1     8.76  32.917  -0.1590
  302.3     8.76  32.945  -0.1603
  302.7     8.74  32.973  -0.1591
  302.9     8.75  33.000  -0.1588
  303.2     8.70  33.028  -0.1585
  303.7     8.73  33.056  -0.1616
  303.8     8.63  33.083  -0.1624
  304.1     8.69  33.110  -0.1605
  304.4     8.73  33.138  -0.1626
  304.7     8.64  33.165  -0.1599
  305.0     8.67  33.192  -0.1600
  305.3     8.66  33.220  -0.1617
  305.7     8.68  33.248  -0.1597
  305.9     8.69  33.276  -0.1576
  306.2     8.63  33.304  -0.1594
  306.5     8.63  33.332  -0.1643
  306.9     8.70  33.360  -0.1641
  307.2     8.67  33.388  -0.1651
  307.5     8.68  33.416  -0.1691
  307.8     8.66  33.444  -0.1653
  308.2     8.66  33.472  -0.1638
  308.4     8.66  33.499  -0.1627
  308.7     8.66  33.527  -0.1626
  309.0     8.67  33.555  -0.1622
  309.2     8.67  33.583  -0.1662
  309.6     8.65  33.611  -0.1641
  310.0     8.61  33.639  -0.1682
  310.2     8.63  33.666  -0.1736
  310.6     8.66  33.694  -0.1678
  310.8     8.66  33.722  -0.1657
  311.2     8.58  33.749  -0.1639
  311.4     8.57  33.777  -0.1630
  311.7     8.58  33.806  -0.1633
  312.0     8.60  33.834  -0.1644
  312.3     8.57  33.862  -0.1648
  312.7     8.59  33.890  -0.1671
  312.9     8.57  33.917  -0.1652
  313.2     8.59  33.946  -0.1670
  313.5     8.55  33.973  -0.1694
  313.7     8.59  34.001  -0.1635
  314.1     8.50  34.028  -0.1651
  314.4     8.52  34.056  -0.1676
  314.7     8.50  34.083  -0.1666
  314.9     8.53  34.111  -0.1681
  315.3     8.52  34.138  -0.1658
  315.6     8.49  34.166  -0.1667
  315.9     8.47  34.195  -0.1628
  316.2     8.48  34.222  -0.1627
  316.5     8.48  34.249  -0.1624
  316.7     8.43  34.277  -0.1636
  317.0     8.43  34.305  -0.1614
  317.4     8.49  34.333  -0.1652
  317.6     8.43  34.360  -0.1645
  318.0     8.43  34.389  -0.1669
  318.3     8.43  34.417  -0.1688
  318.5     8.40  34.444  -0.1688
  318.9     8.40  34.472  -0.1674
  319.1     8.39  34.500  -0.1664
  319.5     8.41  34.527  -0.1662
  319.7     8.38  34.555  -0.1669
  320.1     8.36  34.583  -0.1652
  320.4     8.39  34.610  -0.1662
  320.7     8.32  34.639  -0.1682
  321.1     8.33  34.666  -0.1665
  321.2     8.34  34.694  -0.1657
  321.7     8.34  34.722  -0.1658
  321.9     8.34  34.749  -0.1682
  322.2     8.31  34.777  -0.1705
  322.5     8.31  34.804  -0.1703
  322.8     8.31  34.832  -0.1649
  323.1     8.28  34.861  -0.1646
  323.5     8.30  34.889  -0.1656
  323.6     8.25  34.916  -0.1671
  324.0     8.23  34.943  -0.1673
  324.2     8.24  34.970  -0.1770
  324.5     8.23  34.997  -0.1688
  324.8     8.19  35.024  -0.1709
  325.1     8.17  35.052  -0.1667
  325.3     8.24  35.080  -0.1670
  325.7     8.16  35.107  -0.1677
  326.0     8.17  35.134  -0.1664
  326.2     8.16  35.161  -0.1666
  326.7     8.11  35.190  -0.1679
  326.9     8.14  35.217  -0.1676
  327.1     8.13  35.245  -0.1642
  327.5     8.13  35.272  -0.1655
  327.7     8.11  35.299  -0.1633
  328.1     8.05  35.327  -0.1638
  328.3     8.07  35.355  -0.1652
  328.7     8.08  35.383  -0.1685
  329.0     8.06  35.412  -0.1664
  329.2     8.00  35.439  -0.1640
  329.5     8.00  35.466  -0.1675
  329.8     7.99  35.493  -0.1722
  330.1     7.95  35.521  -0.1710
  330.4     7.99  35.548  -0.1700
  330.6     8.02  35.576  -0.1706
  331.1     7.98  35.603  -0.1688
  331.4     7.97  35.630  -0.1696
  331.6     7.91  35.658  -0.1732
  331.8     7.91  35.685  -0.1720
  332.2     7.88  35.713  -0.1743
  332.5     7.88  35.741  -0.1739
  332.7     7.86  35.770  -0.1734
  333.1     7.89  35.797  -0.1716
  333.3     7.88  35.825  -0.1680
  333.7     7.90  35.853  -0.1677
  333.9     7.83  35.880  -0.1669
  334.2     7.83  35.908  -0.1703
  334.6     7.82  35.936  -0.1677
  334.8     7.77  35.964  -0.1695
  335.1     7.78  35.991  -0.1672
  335.4     7.78  36.018  -0.1671
  335.7     7.74  36.046  -0.1657
  335.9     7.73  36.073  -0.1664
  336.3     7.76  36.101  -0.1653
  336.6     7.75  36.129  -0.1685
  336.8     7.78  36.156  -0.1671
  337.2     7.71  36.183  -0.1666
  337.4     7.66  36.210  -0.1658
  337.6     7.71  36.238  -0.1652
  338.0     7.67  36.266  -0.1673
  338.3     7.74  36.294  -0.1675
  338.6     7.64  36.322  -0.1685
  338.9     7.67  36.350  -0.1670
  339.3     7.66  36.377  -0.1673
  339.4     7.62  36.406  -0.1696
  339.8     7.63  36.434  -0.1728
  340.0     7.60  36.462  -0.1757
  340.4     7.58  36.489  -0.1758
  340.7     7.58  36.518  -0.1755
  340.9     7.56  36.545  -0.1738
  341.2     7.57  36.573  -0.1723
  341.5     7.56  36.600  -0.1679
  341.8     7.56  36.628  -0.1705
  342.1     7.55  36.657  -0.1733
  342.4     7.55  36.684  -0.1672
  342.6     7.55  36.712  -0.1724
  342.9     7.49  36.740  -0.1740
  343.2     7.53  36.768  -0.1722
  343.5     7.48  36.796  -0.1723
  343.8     7.49  36.824  -0.1703
  344.1     7.48  36.852  -0.1716
  344.4     7.49  36.879  -0.1692
  344.8     7.49  36.907  -0.1690
  345.2     7.53  36.935  -0.1721
  345.3     7.47  36.963  -0.1730
  345.7     7.47  36.990  -0.1716
  345.8     7.51  37.017  -0.1727
  346.2     7.46  37.044  -0.1713
  346.4     7.45  37.072  -0.1731
  346.6     7.44  37.099  -0.1716
  347.1     7.43  37.127  -0.1749
  347.3     7.41  37.154  -0.1701
  347.6     7.38  37.182  -0.1688
  347.9     7.41  37.209  -0.1723
  348.3     7.39  37.237  -0.1720
  348.5     7.40  37.265  -0.1712
  348.9     7.38  37.293  -0.1772
  349.3     7.42  37.321  -0.1740
  349.4     7.46  37.350  -0.1760
  349.7     7.41  37.378  -0.1739
  350.1     7.43  37.405  -0.1752
  350.4     7.41  37.434  -0.1761
  350.6     7.36  37.461  -0.1755
  350.8     7.37  37.488  -0.1779
  351.2     7.37  37.516  -0.1787
  351.5     7.36  37.543  -0.1766
  351.8     7.37  37.571  -0.1754
  352.0     7.36  37.598  -0.1736
  352.3     7.38  37.626  -0.1717
  352.6     7.32  37.653  -0.1728
  352.9     7.34  37.681  -0.1725
  353.2     7.35  37.709  -0.1724
  353.4     7.34  37.736  -0.1714
  353.7     7.34  37.764  -0.1773
  354.1     7.31  37.792  -0.1760
  354.4     7.32  37.820  -0.1756
  354.6     7.33  37.849  -0.1781
  355.0     7.34  37.877  -0.1763
  355.2     7.36  37.904  -0.1778
  355.5     7.32  37.932  -0.1811
  355.8     7.31  37.959  -0.1795
  356.1     7.25  37.987  -0.1813
  356.3     7.25  38.016  -0.1817
  356.6     7.19  38.043  -0.1833
  356.8     7.25  38.071  -0.1883
  357.2     7.19  38.099  -0.1854
  357.4     7.22  38.127  -0.1836
  357.7     7.21  38.154  -0.1844
  358.0     7.21  38.183  -0.1822
  358.3     7.18  38.210  -0.1855
  358.5     7.19  38.238  -0.1803
  358.9     7.19  38.265  -0.1838
  359.1     7.15  38.293  -0.1764
  359.4     7.20  38.321  -0.1852
  359.7     7.17  38.348  -0.1833
  359.9     7.16  38.375  -0.1800
  360.1     7.07  38.403  -0.1791
  360.5     7.14  38.430  -0.1788
  360.8     7.15  38.458  -0.1833
  361.0     7.17  38.485  -0.1835
  361.3     7.12  38.514  -0.1786
  361.6     7.17  38.541  -0.1808
  361.9     7.17  38.569  -0.1775
  362.1     7.16  38.597  -0.1758
  362.5     7.17  38.625  -0.1769
  362.8     7.12  38.653  -0.1791
  363.0     7.10  38.680  -0.1812
  363.4     7.10  38.708  -0.1825
  363.6     7.11  38.736  -0.1826
  363.8     7.09  38.764  -0.1843
  364.2     7.09  38.792  -0.1857
  364.4     7.10  38.820  -0.1859
  364.7     7.12  38.847  -0.1829
  365.0     7.13  38.875  -0.1815
  365.3     7.13  38.902  -0.1863
  365.6     7.15  38.930  -0.1902
  366.0     7.08  38.958  -0.1838
  366.1     7.12  38.986  -0.1817
  366.5     7.12  39.014  -0.1851
  366.7     7.09  39.041  -0.1826
  367.0     7.15  39.068  -0.1861
  367.3     7.12  39.095  -0.1873
  367.6     7.11  39.123  -0.1870
  367.8     7.15  39.150  -0.1868
  368.2     7.11  39.178  -0.1925
  368.5     7.11  39.206  -0.1856
  368.7     7.12  39.233  -0.1843
  368.9     7.13  39.261  -0.1841
  369.4     7.11  39.290  -0.1857
  369.6     7.15  39.317  -0.1884
  369.9     7.16  39.344  -0.1866
  370.1     7.10  39.372  -0.1856
  370.4     7.13  39.400  -0.1837
  370.7     7.12  39.428  -0.1833
  371.0     7.10  39.456  -0.1851
  371.4     7.12  39.484  -0.1857
  371.6     7.12  39.512  -0.1850
  371.9     7.11  39.540  -0.1832
  372.1     7.07  39.568  -0.1859
  372.4     7.06  39.596  -0.1865
  372.6     7.03  39.623  -0.1888
  373.0     7.01  39.651  -0.1876
  373.2     7.02  39.679  -0.1871
  373.5     7.02  39.707  -0.1847
  373.8     7.07  39.734  -0.1871
  374.1     7.07  39.761  -0.1855
  374.4     6.93  39.789  -0.1899
  374.6     6.99  39.817  -0.1912
  374.9     7.03  39.845  -0.1907
  375.3     7.07  39.872  -0.1874
  375.6     7.15  39.900  -0.1906
  375.9     7.03  39.928  -0.1926
  376.1     7.04  39.955  -0.1922
  376.4     7.03  39.984  -0.1942
  376.8     7.09  40.011  -0.1923
  377.0     7.03  40.039  -0.1911
  377.3     7.03  40.067  -0.1887
  377.7     7.06  40.096  -0.1920
  377.9     7.04  40.123  -0.1867
  378.2     7.04  40.151  -0.1863
  378.5     7.05  40.179  -0.1859
  378.7     7.03  40.207  -0.1843
  379.1     7.05  40.234  -0.1878
  379.4     7.05  40.261  -0.1887
  379.6     7.08  40.289  -0.1862
  379.9     7.08  40.316  -0.1852
  380.2     7.07  40.344  -0.1847
  380.6     7.09  40.371  -0.1873
  380.8     7.07  40.401  -0.1906
  381.1     7.08  40.428  -0.1920
  381.4     7.09  40.456  -0.1928
  381.6     7.07  40.484  -0.1917
  382.0     7.10  40.512  -0.1943
  382.3     7.06  40.539  -0.1949
  382.6     7.03  40.567  -0.1960
  382.8     6.99  40.594  -0.1878
  383.1     6.96  40.622  -0.1906
  383.4     6.94  40.650  -0.1915
  383.6     6.98  40.678  -0.1909
  384.1     7.00  40.705  -0.1955
  384.3     7.02  40.733  -0.1943
  384.5     6.98  40.761  -0.1923
  384.9     6.99  40.789  -0.1918
  385.1     6.94  40.817  -0.1919
  385.3     6.88  40.845  -0.1920
  385.7     6.94  40.873  -0.1941
  386.1     6.97  40.902  -0.1918
  386.4     7.04  40.930  -0.1906
  386.8     7.04  40.958  -0.1918
  387.0     7.04  40.985  -0.1901
  387.4     7.00  41.014  -0.1909
  387.6     7.07  41.041  -0.1949
  388.0     7.08  41.068  -0.1908
  388.3     7.14  41.096  -0.1907
  388.5     7.04  41.124  -0.1886
  388.8     6.95  41.152  -0.1936
  389.0     6.97  41.180  -0.1926
  389.3     7.01  41.208  -0.1932
  389.5     6.98  41.236  -0.1912
  390.0     6.99  41.264  -0.1904
  390.2     6.99  41.291  -0.1900
  390.4     6.99  41.319  -0.1917
  390.9     6.99  41.346  -0.1887
  391.1     7.01  41.374  -0.1865
  391.4     7.04  41.403  -0.1861
  391.6     7.03  41.432  -0.1843
  392.0     7.03  41.459  -0.1862
  392.3     7.06  41.486  -0.1902
  392.6     7.03  41.514  -0.1884
  392.9     7.02  41.541  -0.1897
  393.2     7.04  41.568  -0.1929
  393.4     7.00  41.596  -0.1915
  393.7     7.02  41.623  -0.1871
  394.0     7.01  41.651  -0.1878
  394.3     6.98  41.678  -0.1859
  394.5     6.97  41.705  -0.1895
  394.9     6.98  41.732  -0.1888
  395.1     7.01  41.759  -0.1911
  395.5     6.97  41.786  -0.1885
  395.7     6.97  41.814  -0.1885
  396.0     6.97  41.842  -0.1906
  396.3     6.99  41.870  -0.1890
  396.6     7.00  41.897  -0.1906
  396.9     7.01  41.924  -0.1901
  397.2     7.00  41.952  -0.1899
  397.4     6.97  41.980  -0.1901
  397.7     6.98  42.007  -0.1911
  398.1     7.02  42.035  -0.1902
  398.4     6.96  42.063  -0.1885
  398.6     6.95  42.091  -0.1882
  398.9     6.96  42.120  -0.1888
  399.2     6.97  42.147  -0.1900
  399.6     6.96  42.175  -0.1891
  399.8     6.94  42.202  -0.1889
  400.2     6.95  42.230  -0.1884
  400.4     6.96  42.258  -0.1864
  400.7     6.94  42.285  -0.1882
  401.0     6.97  42.313  -0.1902
  401.3     6.95  42.340  -0.1881
  401.6     6.95  42.368  -0.1895
  401.7     6.94  42.396  -0.1854
  402.1     6.95  42.423  -0.1871
  402.4     6.98  42.451  -0.1857
  402.5     6.89  42.479  -0.1873
  403.0     6.99  42.507  -0.1891
  403.3     6.92  42.534  -0.1926
  403.6     6.93  42.562  -0.1921
  403.8     6.96  42.590  -0.1906
  404.2     6.95  42.617  -0.1879
  404.5     6.92  42.645  -0.1870
  404.6     6.92  42.673  -0.1861
  405.1     6.88  42.700  -0.1886
  405.3     6.91  42.728  -0.1899
  405.6     6.91  42.755  -0.1910
  405.9     6.93  42.783  -0.1894
  406.3     6.90  42.811  -0.1870
  406.4     6.92  42.839  -0.1881
  406.8     6.91  42.867  -0.1874
  407.1     6.91  42.894  -0.1882
  407.4     6.91  42.922  -0.1876
  407.6     6.93  42.950  -0.1884
  408.0     6.92  42.977  -0.1880
  408.2     6.92  43.006  -0.1912
  408.4     6.89  43.033  -0.1936
  408.8     6.91  43.061  -0.1930
  409.1     6.85  43.088  -0.1937
  409.3     6.88  43.116  -0.1888
  409.7     6.88  43.145  -0.1948
  409.9     6.83  43.172  -0.1937
  410.3     6.81  43.201  -0.1913
  410.5     6.82  43.228  -0.1943
  410.8     6.87  43.257  -0.1904
  411.2     6.89  43.285  -0.1913
  411.5     6.87  43.313  -0.1936
  411.7     6.82  43.341  -0.1951
  412.0     6.89  43.369  -0.1937
  412.3     6.89  43.398  -0.1928
  412.6     6.82  43.426  -0.1946
  412.8     6.81  43.454  -0.1932
  413.1     6.86  43.482  -0.1909
  413.4     6.84  43.510  -0.1942
  413.8     6.86  43.539  -0.1945
  414.1     6.86  43.565  -0.1926
  414.4     6.84  43.592  -0.1918
  414.7     6.85  43.620  -0.1925
  415.0     6.86  43.648  -0.1947
  415.2     6.80  43.676  -0.1917
  415.6     6.79  43.704  -0.1936
  415.8     6.78  43.731  -0.1917
  416.1     6.85  43.759  -0.1928
  416.4     6.80  43.787  -0.1930
  416.6     6.77  43.815  -0.1917
  417.0     6.80  43.842  -0.1895
  417.3     6.81  43.870  -0.1944
  417.5     6.77  43.898  -0.1991
  417.8     6.82  43.925  -0.1944
  418.1     6.79  43.953  -0.1964
  418.4     6.80  43.980  -0.1948
  418.7     6.80  44.008  -0.1992
  419.0     6.83  44.037  -0.1930
  419.4     6.79  44.064  -0.1923
  419.5     6.75  44.091  -0.1921
  419.9     6.83  44.119  -0.1901
  420.2     6.82  44.147  -0.1920
  420.4     6.84  44.176  -0.1953
  420.8     6.79  44.204  -0.1938
  421.1     6.82  44.232  -0.1931
  421.3     6.80  44.259  -0.1938
  421.7     6.76  44.287  -0.1956
  421.8     6.78  44.314  -0.1939
  422.3     6.81  44.342  -0.1956
  422.5     6.79  44.370  -0.1960
  422.8     6.79  44.398  -0.1955
  423.1     6.80  44.426  -0.1971
  423.3     6.77  44.454  -0.1981
  423.7     6.79  44.483  -0.1968
  424.0     6.80  44.511  -0.1936
  424.3     6.78  44.539  -0.1929
  424.6     6.76  44.566  -0.1960
  424.9     6.77  44.595  -0.1972
  425.2     6.78  44.622  -0.1976
  425.4     6.78  44.649  -0.1996
  425.8     6.80  44.678  -0.1959
  426.0     6.75  44.705  -0.1925
  426.3     6.77  44.733  -0.1956
  426.5     6.74  44.761  -0.1956
  426.9     6.74  44.789  -0.1942
  427.2     6.74  44.816  -0.1920
  427.5     6.69  44.843  -0.1976
  427.8     6.76  44.871  -0.1956
  428.1     6.73  44.898  -0.1980
  428.3     6.73  44.926  -0.1985
  428.6     6.73  44.953  -0.1989
  428.9     6.76  44.981  -0.1984
  429.3     6.84  45.009  -0.1979
  429.6     6.80  45.036  -0.1980
  429.8     6.84  45.064  -0.1974
  430.2     6.86  45.092  -0.1979
  430.4     6.78  45.120  -0.1989
  430.7     6.80  45.148  -0.1978
  431.0     6.83  45.177  -0.1955
  431.3     6.80  45.204  -0.1946
  431.6     6.81  45.231  -0.1935
  431.9     6.79  45.259  -0.1962
  432.0     6.72  45.286  -0.1948
  432.5     6.74  45.314  -0.1949
  432.7     6.75  45.341  -0.1952
  432.9     6.72  45.369  -0.1976
  433.2     6.71  45.397  -0.1943
  433.5     6.74  45.426  -0.1949
  433.9     6.72  45.454  -0.1948
  434.2     6.72  45.482  -0.1900
  434.3     6.70  45.510  -0.1822
  434.6     6.69  45.538  -0.1826
  435.0     6.68  45.565  -0.1834
  435.3     6.73  45.593  -0.1904
  435.6     6.71  45.620  -0.1925
  435.9     6.73  45.648  -0.1933
  436.0     6.75  45.677  -0.1955
  436.5     6.76  45.704  -0.1950
  436.7     6.72  45.732  -0.1973
  437.0     6.70  45.759  -0.1939
  437.3     6.73  45.786  -0.1887
  437.6     6.69  45.814  -0.1896
  437.9     6.68  45.842  -0.1912
  438.2     6.65  45.870  -0.1903
  438.4     6.67  45.898  -0.1939
  438.7     6.70  45.926  -0.1945
  439.0     6.68  45.954  -0.1913
  439.3     6.63  45.982  -0.1919
  439.6     6.65  46.009  -0.1907
  439.8     6.66  46.037  -0.1903
  440.2     6.66  46.065  -0.1886
  440.5     6.71  46.093  -0.1872
  440.8     6.66  46.121  -0.1872
  441.1     6.72  46.149  -0.1886
  441.3     6.67  46.177  -0.1899
  441.6     6.64  46.205  -0.1889
  442.0     6.65  46.233  -0.1900
  442.2     6.62  46.261  -0.1883
  442.4     6.63  46.288  -0.1880
  442.9     6.64  46.316  -0.1892
  443.0     6.63  46.343  -0.1897
  443.4     6.63  46.372  -0.1894
  443.6     6.63  46.401  -0.1931
  443.9     6.65  46.429  -0.1961
  444.2     6.66  46.457  -0.1966
  444.5     6.61  46.486  -0.1979
  444.7     6.64  46.513  -0.1945
  445.2     6.61  46.540  -0.1937
  445.4     6.67  46.570  -0.1929
  445.8     6.63  46.597  -0.1895
  446.0     6.62  46.624  -0.1929
  446.1     6.61  46.652  -0.1915
  446.5     6.62  46.680  -0.1949
  446.8     6.59  46.707  -0.1967
  447.1     6.63  46.735  -0.1937
  447.4     6.59  46.763  -0.1958
  447.7     6.58  46.790  -0.1947
  447.9     6.61  46.817  -0.1932
  448.2     6.62  46.845  -0.1943
  448.6     6.62  46.873  -0.1940
  448.8     6.62  46.901  -0.1951
  449.2     6.58  46.928  -0.1956
  449.3     6.62  46.956  -0.1947
  449.7     6.61  46.984  -0.1959
  449.9     6.60  47.013  -0.1963
  450.2     6.57  47.042  -0.1947
  450.5     6.57  47.070  -0.1927
  450.7     6.60  47.098  -0.1883
  451.1     6.58  47.126  -0.1902
  451.3     6.60  47.154  -0.1896
  451.7     6.57  47.182  -0.1881
  451.8     6.56  47.209  -0.1890
  452.3     6.59  47.237  -0.1893
  452.5     6.59  47.264  -0.1926
  452.7     6.59  47.292  -0.1975
  453.0     6.69  47.319  -0.1944
  453.3     6.55  47.347  -0.1981
  453.5     6.57  47.375  -0.1963
  453.8     6.57  47.404  -0.1980
  454.2     6.57  47.432  -0.1990
  454.4     6.59  47.459  -0.1984
  454.6     6.51  47.487  -0.1969
  455.0     6.51  47.515  -0.1958
  455.3     6.53  47.543  -0.2003
  455.6     6.55  47.571  -0.1999
  455.8     6.53  47.599  -0.1967
  456.1     6.49  47.627  -0.1989
  456.4     6.53  47.655  -0.1963
  456.7     6.55  47.683  -0.1951
  456.9     6.51  47.710  -0.2003
  457.2     6.56  47.738  -0.1967
  457.5     6.54  47.767  -0.1969
  457.8     6.53  47.795  -0.2048
  458.0     6.52  47.823  -0.2100
  458.2     6.45  47.850  -0.2090
  458.6     6.45  47.878  -0.2097
  459.0     6.47  47.905  -0.2054
  459.1     6.44  47.933  -0.2057
  459.5     6.54  47.960  -0.2057
  459.7     6.51  47.988  -0.2059
  460.0     6.41  48.016  -0.2109
  460.3     6.48  48.043  -0.2091
  460.5     6.48  48.071  -0.2057
  460.8     6.53  48.098  -0.2041
  461.1     6.51  48.126  -0.2034
  461.4     6.50  48.153  -0.2047
  461.6     6.48  48.181  -0.2072
  461.9     6.49  48.209  -0.2077
  462.2     6.55  48.236  -0.2042
  462.4     6.53  48.263  -0.2063
  462.8     6.51  48.291  -0.2077
  463.1     6.53  48.320  -0.2066
  463.3     6.52  48.347  -0.2105
  463.6     6.55  48.375  -0.2120
  463.8     6.49  48.403  -0.2103
  464.2     6.46  48.431  -0.2102
  464.4     6.47  48.459  -0.2111
  464.7     6.47  48.486  -0.2096
  464.9     6.48  48.514  -0.2109
  465.2     6.46  48.542  -0.2101
  465.6     6.49  48.569  -0.2102
  465.9     6.52  48.597  -0.2110
  466.1     6.52  48.624  -0.2120
  466.4     6.52  48.653  -0.2100
  466.7     6.53  48.680  -0.2113
  466.9     6.50  48.708  -0.2115
  467.2     6.51  48.736  -0.2130
  467.5     6.48  48.764  -0.2145
  467.8     6.51  48.791  -0.2144
  468.0     6.51  48.819  -0.2132
  468.3     6.49  48.846  -0.2135
  468.5     6.45  48.874  -0.2131
  469.0     6.53  48.902  -0.2140
  469.1     6.54  48.929  -0.2114
  469.5     6.58  48.957  -0.2102
  469.7     6.52  48.984  -0.2092
  469.9     6.51  49.011  -0.2100
  470.3     6.43  49.039  -0.2118
  470.6     6.45  49.067  -0.2151
  470.8     6.44  49.094  -0.2163
  471.1     6.45  49.122  -0.2155
  471.3     6.43  49.149  -0.2144
  471.6     6.46  49.177  -0.2138
  471.9     6.44  49.204  -0.2148
  472.2     6.59  49.232  -0.2152
  472.4     6.47  49.260  -0.2141
  472.7     6.48  49.288  -0.2160
  473.1     6.48  49.316  -0.2124
  473.3     6.46  49.343  -0.2180
  473.6     6.46  49.371  -0.2149
  473.8     6.44  49.399  -0.2122
  474.1     6.42  49.427  -0.2135
  474.5     6.42  49.455  -0.2152
  474.7     6.43  49.483  -0.2146
  475.0     6.42  49.511  -0.2139
  475.3     6.45  49.540  -0.2145
  475.6     6.47  49.567  -0.2170
  475.8     6.42  49.594  -0.2147
  476.1     6.46  49.623  -0.2131
  476.4     6.43  49.651  -0.2122
  476.7     6.42  49.679  -0.2128
  477.0     6.45  49.707  -0.2173
  477.3     6.51  49.736  -0.2094
  477.5     6.45  49.763  -0.2110
  477.8     6.46  49.791  -0.2095
  478.2     6.52  49.820  -0.2115
  478.4     6.48  49.848  -0.2110
  478.7     6.46  49.876  -0.2107
  479.0     6.45  49.903  -0.2102
  479.3     6.50  49.931  -0.2108
  479.6     6.44  49.958  -0.2088
  479.7     6.43  49.986  -0.2041
  480.1     6.47  50.015  -0.2056
  480.5     6.44  50.042  -0.2071
  480.6     6.49  50.070  -0.2091
  481.0     6.47  50.098  -0.2101
  481.3     6.44  50.126  -0.2072
  481.5     6.48  50.153  -0.2050
  481.7     6.44  50.181  -0.2057
  482.1     6.43  50.209  -0.2070
  482.4     6.50  50.238  -0.2088
  482.7     6.44  50.265  -0.2120
  482.9     6.48  50.293  -0.2110
  483.3     6.46  50.322  -0.2093
  483.5     6.49  50.350  -0.2115
  483.8     6.47  50.377  -0.2113
  484.1     6.50  50.406  -0.2103
  484.6     6.51  50.434  -0.2127
  484.8     6.52  50.463  -0.2123
  485.1     6.50  50.491  -0.2077
  485.4     6.50  50.520  -0.2104
  485.7     6.51  50.547  -0.2146
  485.9     6.47  50.576  -0.2130
  486.2     6.43  50.603  -0.2140
  486.4     6.53  50.632  -0.2115
  486.8     6.52  50.659  -0.2106
  487.1     6.54  50.687  -0.2132
  487.4     6.48  50.715  -0.2107
  487.6     6.50  50.743  -0.2119
  488.0     6.46  50.770  -0.2123
  488.3     6.50  50.798  -0.2130
  488.5     6.52  50.827  -0.2125
  488.9     6.52  50.855  -0.2139
  489.1     6.50  50.883  -0.2115
  489.4     6.47  50.911  -0.2118
  489.7     6.50  50.938  -0.2097
  490.0     6.34  50.965  -0.2078
  490.3     6.48  50.994  -0.2087
  490.6     6.50  51.022  -0.2087
  490.9     6.52  51.050  -0.2094
  491.2     6.53  51.077  -0.2159
  491.3     6.50  51.105  -0.2114
  491.6     6.45  51.133  -0.2145
  492.0     6.58  51.160  -0.2144
  492.3     6.52  51.188  -0.2128
  492.6     6.51  51.217  -0.2118
  492.9     6.54  51.245  -0.2119
  493.2     6.51  51.273  -0.2144
  493.4     6.50  51.301  -0.2117
  493.7     6.50  51.329  -0.2106
  494.0     6.54  51.357  -0.2112
  494.4     6.56  51.385  -0.2099
  494.5     6.45  51.413  -0.2112
  494.8     6.44  51.441  -0.2106
  495.0     6.44  51.468  -0.2079
  495.4     6.43  51.497  -0.2046
  495.6     6.47  51.525  -0.2103
  495.9     6.48  51.553  -0.2078
  496.2     6.45  51.581  -0.2065
  496.4     6.46  51.609  -0.2103
  496.7     6.45  51.638  -0.2116
  497.1     6.47  51.666  -0.2138
  497.4     6.45  51.693  -0.2139
  497.5     6.44  51.720  -0.2121
  497.8     6.49  51.748  -0.2113
  498.1     6.46  51.775  -0.2135
  498.5     6.46  51.803  -0.2127
  498.7     6.40  51.831  -0.2138
  499.0     6.36  51.859  -0.2119
  499.3     6.43  51.887  -0.2135
  499.6     6.46  51.915  -0.2115
  499.9     6.49  51.942  -0.2145
  500.1     6.49  51.970  -0.2115
  500.4     6.52  51.997  -0.2139
  500.7     6.46  52.025  -0.2121
  501.0     6.50  52.053  -0.2134
  501.3     6.46  52.081  -0.2128
  501.5     6.46  52.109  -0.2181
  501.8     6.44  52.136  -0.2133
  502.1     6.46  52.164  -0.2132
  502.4     6.48  52.192  -0.2171
  502.7     6.46  52.220  -0.2130
  502.9     6.47  52.248  -0.2151
  503.2     6.44  52.276  -0.2145
  503.5     6.49  52.303  -0.2177
  503.8     6.49  52.332  -0.2158
  503.9     6.45  52.359  -0.2155
  504.3     6.44  52.387  -0.2137
  504.5     6.42  52.416  -0.2159
  504.9     6.44  52.444  -0.2166
  505.1     6.49  52.471  -0.2193
  505.4     6.41  52.499  -0.2215
  505.7     6.43  52.527  -0.2196
  506.0     6.44  52.555  -0.2148
  506.2     6.42  52.583  -0.2176
  506.5     6.45  52.610  -0.2191
  506.8     6.44  52.638  -0.2216
  507.1     6.43  52.666  -0.2214
  507.3     6.45  52.693  -0.2196
  507.5     6.48  52.721  -0.2220
  507.9     6.43  52.749  -0.2181
  508.2     6.43  52.777  -0.2206
  508.5     6.45  52.805  -0.2202
  508.7     6.46  52.833  -0.2196
  509.0     6.46  52.861  -0.2203
  509.2     6.43  52.889  -0.2208
  509.5     6.44  52.917  -0.2189
  509.9     6.44  52.945  -0.2191
  510.1     6.44  52.973  -0.2196
  510.4     6.45  53.001  -0.2242
  510.7     6.42  53.029  -0.2213
  510.9     6.45  53.056  -0.2188
  511.1     6.43  53.084  -0.2201
  511.4     6.43  53.112  -0.2207
  511.6     6.35  53.139  -0.2201
  512.0     6.44  53.167  -0.2208
  512.3     6.43  53.195  -0.2208
  512.6     6.42  53.222  -0.2239
  512.8     6.43  53.250  -0.2196
  513.1     6.45  53.278  -0.2256
  513.3     6.44  53.306  -0.2246
  513.7     6.45  53.334  -0.2235
  513.9     6.41  53.361  -0.2244
  514.2     6.40  53.389  -0.2250
  514.4     6.40  53.418  -0.2225
  514.7     6.38  53.445  -0.2200
  515.1     6.44  53.472  -0.2202
  515.3     6.38  53.500  -0.2184
  515.6     6.40  53.528  -0.2176
  515.9     6.40  53.556  -0.2167
  516.0     6.34  53.584  -0.2191
  516.3     6.36  53.611  -0.2220
  516.6     6.43  53.639  -0.2181
  517.0     6.42  53.666  -0.2177
  517.2     6.45  53.694  -0.2156
  517.6     6.44  53.722  -0.2152
  517.7     6.41  53.750  -0.2163
  518.0     6.40  53.777  -0.2163
  518.3     6.40  53.805  -0.2140
  518.6     6.43  53.832  -0.2146
  519.0     6.41  53.861  -0.2166
  519.2     6.42  53.889  -0.2171
  519.4     6.41  53.917  -0.2174
  519.7     6.40  53.945  -0.2182
  520.0     6.43  53.972  -0.2174
  520.2     6.35  54.000  -0.2170
  520.4     6.35  54.028  -0.2172
  520.7     6.32  54.056  -0.2178
  521.0     6.30  54.084  -0.2196
  521.3     6.37  54.112  -0.2229
  521.6     6.34  54.139  -0.2232
  521.8     6.36  54.167  -0.2199
  522.1     6.35  54.195  -0.2189
  522.4     6.36  54.222  -0.2191
  522.7     6.36  54.250  -0.2135
  522.9     6.38  54.279  -0.2162
  523.2     6.35  54.306  -0.2157
  523.5     6.36  54.333  -0.2174
  523.7     6.35  54.361  -0.2141
  524.1     6.39  54.388  -0.2156
  524.3     6.36  54.417  -0.2196
  524.6     6.34  54.444  -0.2196
  524.9     6.38  54.472  -0.2211
  525.2     6.37  54.500  -0.2226
  525.3     6.39  54.528  -0.2200
  525.6     6.36  54.555  -0.2172
  525.9     6.35  54.583  -0.2196
  526.2     6.34  54.610  -0.2201
  526.5     6.35  54.638  -0.2217
  526.7     6.35  54.666  -0.2257
  527.1     6.35  54.694  -0.2231
  527.3     6.36  54.721  -0.2197
  527.6     6.35  54.748  -0.2236
  527.9     6.34  54.777  -0.2222
  528.2     6.35  54.804  -0.2223
  528.4     6.37  54.833  -0.2226
  528.7     6.38  54.862  -0.2179
  529.0     6.36  54.890  -0.2189
  529.3     6.35  54.918  -0.2187
  529.7     6.35  54.946  -0.2204
  529.9     6.36  54.973  -0.2193
  530.3     6.35  55.003  -0.2211
  530.5     6.40  55.030  -0.2225
  530.8     6.37  55.058  -0.2200
  531.1     6.41  55.085  -0.2188
  531.3     6.40  55.113  -0.2183
  531.6     6.49  55.141  -0.2217
  531.9     6.41  55.168  -0.2220
  532.1     6.39  55.196  -0.2231
  532.4     6.34  55.224  -0.2236
  532.7     6.39  55.251  -0.2224
  533.1     6.44  55.279  -0.2259
  533.3     6.41  55.307  -0.2275
  533.6     6.42  55.334  -0.2323
  533.9     6.43  55.362  -0.2192
  534.2     6.48  55.390  -0.2217
  534.6     6.46  55.420  -0.2234
  534.8     6.47  55.447  -0.2215
  535.1     6.49  55.474  -0.2229
  535.2     6.43  55.502  -0.2240
  535.6     6.49  55.530  -0.2228
  535.9     6.42  55.559  -0.2185
  536.3     6.52  55.586  -0.2220
  536.6     6.55  55.615  -0.2208
  536.9     6.54  55.643  -0.2186
  537.1     6.51  55.671  -0.2220
  537.5     6.55  55.700  -0.2247
  537.8     6.50  55.727  -0.2250
  537.9     6.49  55.755  -0.2244
  538.3     6.45  55.783  -0.2271
  538.6     6.50  55.811  -0.2281
  538.9     6.51  55.839  -0.2272
  539.2     6.49  55.866  -0.2254
  539.5     6.49  55.894  -0.2275
  539.7     6.50  55.922  -0.2288
  539.9     6.46  55.950  -0.2279
  540.4     6.48  55.978  -0.2305
  540.6     6.51  56.005  -0.2307
  540.9     6.48  56.033  -0.2271
  541.1     6.51  56.060  -0.2274
  541.4     6.52  56.088  -0.2231
  541.7     6.51  56.116  -0.2217
  541.8     6.41  56.143  -0.2223
  542.3     6.46  56.171  -0.2254
  542.4     6.39  56.200  -0.2239
  542.7     6.45  56.228  -0.2232
  543.0     6.41  56.255  -0.2223
  543.3     6.41  56.283  -0.2258
  543.5     6.43  56.310  -0.2292
  543.9     6.40  56.338  -0.2256
  544.1     6.38  56.366  -0.2199
  544.4     6.37  56.394  -0.2249
  544.7     6.36  56.422  -0.2282
  544.9     6.32  56.449  -0.2240
  545.1     6.35  56.477  -0.2266
  545.4     6.36  56.505  -0.2270
  545.7     6.38  56.534  -0.2270
  546.0     6.38  56.561  -0.2248
  546.3     6.38  56.590  -0.2264
  546.5     6.37  56.618  -0.2273
  546.8     6.34  56.646  -0.2278
  547.1     6.40  56.674  -0.2254
  547.4     6.44  56.703  -0.2218
  547.7     6.41  56.730  -0.2223
  548.0     6.37  56.758  -0.2237
  548.2     6.40  56.785  -0.2233
  548.5     6.39  56.813  -0.2193
  548.7     6.37  56.841  -0.2182
  549.1     6.35  56.868  -0.2200
  549.4     6.39  56.896  -0.2224
  549.6     6.37  56.923  -0.2224
  549.9     6.57  56.952  -0.2224
  550.2     6.36  56.979  -0.2235
  550.5     6.37  57.007  -0.2249
  550.8     6.39  57.035  -0.2262
  550.9     6.36  57.063  -0.2250
  551.3     6.35  57.091  -0.2210
  551.5     6.34  57.118  -0.2254
  551.8     6.34  57.147  -0.2248
  552.0     6.39  57.175  -0.2230
  552.3     6.36  57.203  -0.2233
  552.7     6.33  57.230  -0.2252
  552.9     6.42  57.259  -0.2262
  553.3     6.41  57.287  -0.2256
  553.5     6.39  57.315  -0.2269
  553.8     6.40  57.342  -0.2275
  554.0     6.40  57.370  -0.2286
  554.4     6.44  57.399  -0.2296
  554.6     6.40  57.427  -0.2264
  554.9     6.38  57.455  -0.2268
  555.3     6.38  57.483  -0.2323
  555.6     6.46  57.511  -0.2275
  555.8     6.45  57.538  -0.2288
  556.0     6.45  57.566  -0.2262
  556.3     6.38  57.595  -0.2243
  556.6     6.42  57.624  -0.2262
  556.9     6.35  57.653  -0.2265
  557.2     6.43  57.680  -0.2295
  557.4     6.35  57.708  -0.2268
  557.7     6.37  57.736  -0.2295
  558.0     6.38  57.764  -0.2293
  558.2     6.38  57.792  -0.2321
  558.6     6.37  57.821  -0.2346
  558.8     6.42  57.849  -0.2319
  559.2     6.40  57.876  -0.2315
  559.3     6.42  57.904  -0.2294
  559.7     6.38  57.931  -0.2283
  559.8     6.38  57.959  -0.2297
  560.2     6.33  57.986  -0.2296
  560.5     6.35  58.014  -0.2290
  560.8     6.37  58.042  -0.2303
  561.1     6.39  58.070  -0.2340
  561.3     6.37  58.097  -0.2298
  561.5     6.42  58.125  -0.2301
  561.9     6.36  58.152  -0.2295
  562.2     6.35  58.180  -0.2283
  562.3     6.37  58.208  -0.2305
  562.6     6.39  58.236  -0.2320
  562.9     6.36  58.264  -0.2348
  563.3     6.38  58.292  -0.2297
  563.5     6.35  58.320  -0.2300
  563.7     6.36  58.347  -0.2291
  564.0     6.29  58.376  -0.2279
  564.2     6.37  58.404  -0.2274
  564.5     6.37  58.432  -0.2254
  564.8     6.34  58.461  -0.2267
  565.1     6.36  58.489  -0.2287
  565.4     6.38  58.517  -0.2342
  565.6     6.33  58.545  -0.2306
  565.9     6.35  58.573  -0.2289
  566.2     6.35  58.600  -0.2288
  566.5     6.34  58.628  -0.2277
  566.7     6.39  58.656  -0.2344
  567.0     6.37  58.684  -0.2334
  567.4     6.41  58.711  -0.2334
  567.6     6.40  58.739  -0.2350
  568.0     6.38  58.767  -0.2363
  568.1     6.37  58.794  -0.2370
  568.4     6.40  58.822  -0.2354
  568.6     6.42  58.850  -0.2391
  569.1     6.44  58.877  -0.2388
  569.2     6.39  58.905  -0.2377
  569.5     6.38  58.933  -0.2328
  569.7     6.38  58.961  -0.2326
  570.0     6.43  58.989  -0.2318
  570.4     6.41  59.016  -0.2276
  570.7     6.40  59.044  -0.2293
  571.0     6.43  59.072  -0.2319
  571.3     6.45  59.099  -0.2337
  571.5     6.46  59.127  -0.2309
  571.9     6.43  59.156  -0.2340
  572.1     6.47  59.185  -0.2348
  572.4     6.46  59.213  -0.2367
  572.7     6.46  59.241  -0.2310
  572.9     6.48  59.269  -0.2300
  573.3     6.45  59.296  -0.2295
  573.5     6.45  59.324  -0.2258
  573.9     6.45  59.353  -0.2305
  574.1     6.44  59.380  -0.2296
  574.4     6.42  59.409  -0.2324
  574.7     6.46  59.437  -0.2294
  574.9     6.45  59.465  -0.2292
  575.2     6.47  59.493  -0.2275
  575.5     6.42  59.521  -0.2265
  575.8     6.46  59.548  -0.2243
  576.1     6.50  59.577  -0.2278
  576.3     6.50  59.605  -0.2289
  576.8     6.49  59.633  -0.2316
  576.9     6.56  59.661  -0.2256
  577.2     6.54  59.688  -0.2244
  577.6     6.57  59.716  -0.2283
  577.8     6.63  59.745  -0.2296
  578.2     6.53  59.772  -0.2302
  578.4     6.56  59.800  -0.2320
  578.7     6.55  59.828  -0.2320
  578.9     6.54  59.856  -0.2294
  579.3     6.55  59.884  -0.2312
  579.5     6.53  59.912  -0.2307
  579.9     6.52  59.941  -0.2362
  580.2     6.52  59.970  -0.2343
  580.4     6.50  59.998  -0.2311
  580.6     6.55  60.027  -0.2311
  581.0     6.54  60.054  -0.2302
  581.2     6.52  60.082  -0.2324
  581.5     6.53  60.111  -0.2331
  581.7     6.51  60.139  -0.2318
  582.1     6.49  60.166  -0.2301
  582.4     6.53  60.195  -0.2345
  582.7     6.52  60.223  -0.2315
  582.9     6.54  60.251  -0.2298
  583.3     6.45  60.279  -0.2270
  583.5     6.51  60.307  -0.2316
  583.9     6.54  60.336  -0.2292
  584.1     6.58  60.363  -0.2343
  584.4     6.53  60.391  -0.2321
  584.5     6.52  60.419  -0.2346
  584.9     6.47  60.446  -0.2370
  585.2     6.51  60.474  -0.2367
  585.4     6.56  60.502  -0.2359
  585.6     6.53  60.531  -0.2339
  586.0     6.57  60.559  -0.2343
  586.3     6.56  60.586  -0.2328
  586.5     6.57  60.614  -0.2344
  586.8     6.53  60.642  -0.2378
  587.2     6.54  60.670  -0.2399
  587.4     6.54  60.698  -0.2410
  587.7     6.54  60.726  -0.2359
  588.0     6.57  60.753  -0.2343
  588.3     6.57  60.780  -0.2334
  588.5     6.58  60.808  -0.2370
  588.8     6.56  60.836  -0.2353
  589.0     6.61  60.865  -0.2342
  589.4     6.59  60.893  -0.2365
  589.7     6.57  60.921  -0.2361
  590.0     6.61  60.949  -0.2383
  590.2     6.61  60.977  -0.2382
  590.5     6.58  61.005  -0.2386
  590.7     6.56  61.032  -0.2386
  591.1     6.59  61.060  -0.2383
  591.3     6.56  61.088  -0.2343
  591.7     6.59  61.116  -0.2340
  591.9     6.53  61.144  -0.2364
  592.2     6.57  61.172  -0.2336
  592.4     6.57  61.199  -0.2353
  592.7     6.58  61.228  -0.2339
  593.1     6.59  61.257  -0.2318
  593.3     6.57  61.285  -0.2310
  593.5     6.58  61.313  -0.2297
  593.8     6.54  61.342  -0.2325
  594.1     6.55  61.370  -0.2298
  594.5     6.61  61.398  -0.2284
  594.7     6.59  61.426  -0.2308
  595.0     6.59  61.454  -0.2280
  595.2     6.57  61.483  -0.2276
  595.6     6.57  61.512  -0.2320
  595.9     6.53  61.539  -0.2321
  596.1     6.58  61.567  -0.2320
  596.3     6.57  61.596  -0.2303
  596.7     6.55  61.623  -0.2340
  597.0     6.59  61.651  -0.2376
  597.2     6.56  61.679  -0.2326
  597.5     6.56  61.707  -0.2341
  597.8     6.57  61.735  -0.2350
  598.0     6.58  61.762  -0.2350
  598.3     6.62  61.790  -0.2338
  598.6     6.60  61.818  -0.2306
  598.9     6.61  61.846  -0.2318
  599.1     6.60  61.874  -0.2344
  599.5     6.59  61.902  -0.2349
  599.8     6.57  61.930  -0.2311
  600.1     6.59  61.959  -0.2350
