   17.5     4.29   0.027  -0.0003
   17.5     4.26   0.054   0.0018
   17.7     4.37   0.082  -0.0029
   17.6     4.40   0.108   0.0013
   17.7     4.36   0.137   0.0032
   17.6     4.29   0.164   0.0029
   17.7     4.23   0.192   0.0022
   17.6     4.22   0.220   0.0024
   17.7     4.21   0.246   0.0014
   17.6     4.20   0.273   0.0057
   17.7     4.17   0.301   0.0039
   17.7     4.14   0.330   0.0037
   17.7     4.07   0.357   0.0050
   17.7     4.04   0.383   0.0054
   17.8     4.04   0.410   0.0078
   17.8     4.04   0.436   0.0046
   17.7     3.99   0.463   0.0070
   17.8     3.96   0.490   0.0037
   17.7     3.94   0.517   0.0053
   17.7     3.91   0.543   0.0094
   17.7     3.86   0.570   0.0095
   17.7     3.84   0.597   0.0097
   17.8     3.78   0.624   0.0102
   17.8     3.83   0.651   0.0119
   17.8     3.79   0.678   0.0138
   17.8     3.75   0.705   0.0124
   17.8     3.73   0.732   0.0091
   17.8     3.72   0.758   0.0102
   17.8     3.62   0.785   0.0117
   17.7     3.59   0.812   0.0120
   17.8     3.64   0.838   0.0111
   17.8     3.54   0.865   0.0099
   17.8     3.54   0.892   0.0096
   17.8     3.53   0.919   0.0066
   17.8     3.50   0.946   0.0086
   17.7     3.46   0.988   0.0066
   17.8     3.46   1.015   0.0108
   17.8     3.46   1.043   0.0107
   17.8     3.43   1.071   0.0126
   17.9     3.39   1.097   0.0087
   17.8     3.38   1.125   0.0097
   17.7     3.31   1.152   0.0140
   17.8     3.29   1.179   0.0149
   17.8     3.28   1.206   0.0175
   17.8     3.26   1.232   0.0180
   17.7     3.16   1.259   0.0164
   17.8     3.25   1.286   0.0148
   17.9     3.22   1.312   0.0155
   17.8     3.20   1.340   0.0156
   17.8     3.09   1.367   0.0156
   17.7     3.10   1.394   0.0122
   17.8     3.09   1.421   0.0148
   17.8     3.08   1.448   0.0085
   17.7     3.10   1.476   0.0114
   17.9     3.11   1.503   0.0138
   17.8     3.10   1.530   0.0122
   17.7     2.98   1.557   0.0147
   17.8     3.01   1.584   0.0134
   17.8     2.97   1.611   0.0141
   17.8     3.00   1.638   0.0160
   17.9     3.04   1.664   0.0145
   17.9     3.04   1.691   0.0129
   17.8     2.99   1.717   0.0079
   17.8     2.95   1.744   0.0096
   17.9     2.93   1.771   0.0072
   18.0     2.91   1.798   0.0114
   17.9     2.90   1.826   0.0116
   17.9     2.86   1.853   0.0089
   17.9     2.80   1.879   0.0119
   17.8     2.81   1.907   0.0151
   17.9     2.83   1.934   0.0126
   17.9     2.83   1.960   0.0125
   17.9     2.82   1.987   0.0114
   17.9     2.81   2.014   0.0119
   18.0     2.78   2.041   0.0163
   17.8     2.77   2.068   0.0122
   17.9     2.79   2.095   0.0130
   18.0     2.70   2.121   0.0084
   17.8     2.66   2.148   0.0096
   18.0     2.67   2.175   0.0122
   17.9     2.65   2.202   0.0130
   17.9     2.64   2.229   0.0134
   17.9     2.61   2.257   0.0108
   17.9     2.63   2.284   0.0124
   18.0     2.66   2.310   0.0146
   18.0     2.63   2.338   0.0154
   17.8     2.62   2.365   0.0149
   18.0     2.65   2.393   0.0121
   17.9     2.62   2.420   0.0108
   18.0     2.58   2.446   0.0118
   18.0     2.55   2.474   0.0122
   17.9     2.54   2.501   0.0097
   18.0     2.52   2.528   0.0128
   18.1     2.58   2.555   0.0119
   18.1     2.50   2.582   0.0128
   18.0     2.51   2.609   0.0105
   18.1     2.50   2.635   0.0136
   18.0     2.46   2.662   0.0154
   18.1     2.41   2.688   0.0157
   18.1     2.45   2.715   0.0150
   18.0     2.45   2.742   0.0113
   18.1     2.42   2.769   0.0102
   18.1     2.43   2.796   0.0107
   18.1     2.45   2.822   0.0123
   18.2     2.41   2.848   0.0149
   18.2     2.43   2.875   0.0156
   18.2     2.39   2.903   0.0132
   18.3     2.40   2.929   0.0156
   18.3     2.37   2.956   0.0160
   18.3     2.38   2.983   0.0152
   18.4     2.41   3.009   0.0154
   18.4     2.41   3.036   0.0186
   18.4     2.40   3.063   0.0179
   18.3     2.37   3.090   0.0128
   18.5     2.38   3.117   0.0157
   18.4     2.41   3.145   0.0115
   18.6     2.34   3.171   0.0162
   18.6     2.39   3.197   0.0170
   18.6     2.34   3.224   0.0164
   18.5     2.30   3.251   0.0167
   18.7     2.33   3.278   0.0128
   18.7     2.34   3.304   0.0120
   18.8     2.39   3.332   0.0090
   18.9     2.33   3.359   0.0111
   18.9     2.28   3.386   0.0065
   18.9     2.32   3.413   0.0086
   19.0     2.29   3.440   0.0081
   19.1     2.29   3.477   0.0059
   19.1     2.29   3.505   0.0101
   19.1     2.30   3.534   0.0045
   19.2     2.30   3.561   0.0067
   19.2     2.27   3.589   0.0042
   19.3     2.25   3.616   0.0066
   19.4     2.28   3.642   0.0096
   19.4     2.26   3.669   0.0080
   19.5     2.25   3.695   0.0058
   19.6     2.25   3.722   0.0034
   19.7     2.26   3.749   0.0066
   19.7     2.25   3.776   0.0042
   19.8     2.24   3.804   0.0044
   19.9     2.24   3.831   0.0018
   19.9     2.20   3.858   0.0002
   20.0     2.28   3.884   0.0003
   20.0     2.23   3.911   0.0016
   20.2     2.21   3.938   0.0033
   20.3     2.22   3.965   0.0066
   20.3     2.23   3.992   0.0060
   20.4     2.24   4.019   0.0026
   20.5     2.27   4.045   0.0033
   20.6     2.24   4.072   0.0036
   20.7     2.23   4.099   0.0007
   20.8     2.24   4.126   0.0035
   20.8     2.23   4.152   0.0046
   21.1     2.20   4.178   0.0032
   21.1     2.20   4.205   0.0046
   21.2     2.21   4.232   0.0043
   21.3     2.14   4.259   0.0039
   21.3     2.22   4.286   0.0062
   21.6     2.19   4.313   0.0088
   21.7     2.19   4.341   0.0101
   21.8     2.16   4.368   0.0072
   21.9     2.18   4.394   0.0084
   22.0     2.21   4.421   0.0088
   22.1     2.19   4.448   0.0102
   22.3     2.22   4.474   0.0110
   22.5     2.25   4.502   0.0112
   22.5     2.26   4.529   0.0100
   22.7     2.27   4.556   0.0085
   22.8     2.20   4.583   0.0089
   22.9     2.27   4.611   0.0108
   23.1     2.25   4.637   0.0089
   23.2     2.29   4.665   0.0103
   23.4     2.25   4.691   0.0120
   23.5     2.24   4.719   0.0117
   23.6     2.25   4.746   0.0133
   23.8     2.25   4.773   0.0171
   23.9     2.30   4.800   0.0124
   24.0     2.27   4.827   0.0139
   24.3     2.36   4.854   0.0128
   24.4     2.36   4.881   0.0088
   24.6     2.32   4.908   0.0068
   24.7     2.28   4.934   0.0085
   24.8     2.30   4.962   0.0081
   24.9     2.33   4.988   0.0080
   25.1     2.24   5.015   0.0066
   25.2     2.29   5.042  -0.0005
   25.4     2.37   5.069  -0.0081
   25.3     2.32   5.096   0.0004
   25.6     2.30   5.122   0.0017
   25.7     2.25   5.150   0.0021
   25.9     2.29   5.177   0.0107
   26.2     2.37   5.204   0.0161
   26.5     2.37   5.231   0.0143
   26.5     2.33   5.259   0.0130
   26.7     2.34   5.286   0.0160
   26.9     2.29   5.313   0.0158
   27.0     2.38   5.340   0.0148
   27.1     2.32   5.367   0.0129
   27.4     2.33   5.395   0.0124
   27.5     2.33   5.421   0.0181
   27.6     2.31   5.448   0.0203
   27.8     2.29   5.475   0.0138
   28.1     2.32   5.502   0.0176
   28.2     2.27   5.529   0.0158
   28.4     2.26   5.556   0.0153
   28.5     2.29   5.583   0.0149
   28.6     2.17   5.609   0.0129
   28.7     2.26   5.636   0.0078
   29.0     2.25   5.662   0.0155
   29.3     2.28   5.690   0.0090
   29.5     2.39   5.717   0.0083
   29.8     2.31   5.744   0.0130
   29.9     2.34   5.771   0.0121
   30.1     2.39   5.798   0.0139
   30.2     2.40   5.825   0.0123
   30.4     2.44   5.852   0.0120
   30.7     2.38   5.879   0.0093
   30.9     2.37   5.905   0.0089
   31.1     2.36   5.933   0.0132
   31.1     2.38   5.959   0.0143
   31.4     2.43   5.986   0.0146
   31.6     2.35   6.013   0.0122
   32.0     2.44   6.041   0.0126
   32.1     2.40   6.067   0.0154
   32.2     2.40   6.094   0.0152
   32.4     2.39   6.121   0.0146
   32.7     2.41   6.148   0.0172
   32.8     2.40   6.175   0.0159
   33.0     2.40   6.202   0.0146
   33.3     2.37   6.229   0.0107
   33.4     2.37   6.256   0.0176
   33.6     2.36   6.283   0.0121
   33.8     2.39   6.309   0.0110
   34.1     2.43   6.337   0.0135
   34.3     2.42   6.364   0.0111
   34.5     2.43   6.391   0.0128
   34.7     2.43   6.418   0.0108
   35.0     2.49   6.445   0.0086
   35.2     2.49   6.472   0.0100
   35.4     2.47   6.499   0.0123
   35.7     2.47   6.525   0.0120
   35.8     2.44   6.552   0.0104
   36.1     2.45   6.579   0.0108
   36.3     2.52   6.606   0.0079
   36.6     2.51   6.633   0.0084
   36.7     2.52   6.659   0.0155
   36.9     2.46   6.686   0.0163
   37.1     2.52   6.713   0.0151
   37.4     2.49   6.740   0.0147
   37.7     2.51   6.767   0.0134
   37.9     2.58   6.793   0.0149
   38.1     2.56   6.821   0.0140
   38.3     2.59   6.847   0.0157
   38.7     2.59   6.874   0.0149
   38.8     2.60   6.902   0.0115
   39.1     2.57   6.929   0.0113
   39.2     2.56   6.955   0.0075
   39.5     2.61   6.982   0.0103
   39.7     2.52   7.009   0.0059
   39.8     2.45   7.036   0.0077
   40.2     2.60   7.063   0.0054
   40.4     2.61   7.090   0.0048
   40.6     2.62   7.117   0.0082
   40.9     2.62   7.143   0.0078
   41.1     2.60   7.171   0.0072
   41.4     2.67   7.198   0.0103
   41.5     2.68   7.225   0.0092
   41.7     2.66   7.252   0.0064
   42.0     2.73   7.279   0.0080
   42.3     2.69   7.306   0.0085
   42.5     2.71   7.334   0.0119
   42.8     2.69   7.360   0.0136
   43.0     2.72   7.387   0.0147
   43.3     2.72   7.414   0.0186
   43.4     2.74   7.440   0.0129
   43.8     2.77   7.467   0.0119
   44.0     2.78   7.494   0.0122
   44.1     2.72   7.521   0.0100
   44.3     2.75   7.547   0.0125
   44.7     2.81   7.574   0.0166
   44.9     2.76   7.601   0.0134
   45.1     2.78   7.628   0.0175
   45.2     2.71   7.655   0.0095
   45.5     2.76   7.683   0.0114
   46.0     2.85   7.710   0.0150
   46.1     2.89   7.737   0.0133
   46.4     2.90   7.764   0.0117
   46.7     2.89   7.790   0.0123
   46.9     2.89   7.817   0.0156
   47.1     2.88   7.844   0.0190
   47.4     2.94   7.871   0.0183
   47.6     2.93   7.898   0.0183
   47.9     2.97   7.926   0.0180
   48.2     3.01   7.953   0.0187
   48.4     2.93   7.980   0.0174
   48.6     3.04   8.007   0.0153
   48.8     2.96   8.033   0.0144
   49.0     2.91   8.060   0.0128
   49.2     2.93   8.088   0.0167
   49.6     3.00   8.115   0.0171
   49.8     3.07   8.142   0.0175
   50.0     3.07   8.169   0.0155
   50.4     3.09   8.196   0.0131
   50.5     3.05   8.223   0.0162
   50.8     3.06   8.250   0.0161
   51.1     3.12   8.277   0.0149
   51.3     3.14   8.303   0.0142
   51.6     3.11   8.331   0.0142
   51.7     3.07   8.358   0.0140
   52.0     3.20   8.385   0.0160
   52.3     3.19   8.411   0.0140
   52.6     3.18   8.439   0.0138
   52.8     3.23   8.466   0.0162
   53.1     3.19   8.493   0.0138
   53.3     3.21   8.520   0.0137
   53.6     3.24   8.547   0.0161
   53.8     3.27   8.574   0.0200
   54.1     3.27   8.601   0.0173
   54.3     3.30   8.628   0.0174
   54.5     3.29   8.655   0.0172
   54.9     3.28   8.682   0.0177
   55.1     3.34   8.709   0.0154
   55.4     3.33   8.736   0.0147
   55.7     3.33   8.764   0.0154
   55.9     3.36   8.791   0.0129
   56.1     3.31   8.818   0.0131
   56.3     3.34   8.845   0.0133
   56.7     3.38   8.872   0.0108
   56.8     3.40   8.898   0.0104
   57.1     3.40   8.926   0.0133
   57.5     3.42   8.952   0.0173
   57.7     3.39   8.980   0.0173
   57.9     3.42   9.007   0.0160
   58.2     3.43   9.034   0.0121
   58.4     3.48   9.061   0.0132
   58.7     3.49   9.088   0.0125
   59.0     3.50   9.115   0.0140
   59.2     3.52   9.142   0.0117
   59.5     3.58   9.170   0.0114
   59.7     3.55   9.196   0.0095
   59.9     3.52   9.223   0.0078
   60.2     3.56   9.251   0.0109
   60.5     3.56   9.278   0.0118
   60.7     3.59   9.305   0.0139
   61.0     3.61   9.333   0.0147
   61.3     3.63   9.360   0.0115
   61.5     3.65   9.388   0.0113
   61.8     3.66   9.415   0.0149
   62.0     3.60   9.442   0.0143
   62.4     3.66   9.469   0.0121
   62.6     3.65   9.496   0.0123
   62.9     3.66   9.523   0.0157
   63.1     3.70   9.550   0.0142
   63.3     3.72   9.577   0.0140
   63.7     3.71   9.604   0.0153
   63.8     3.70   9.632   0.0158
   64.2     3.72   9.658   0.0155
   64.5     3.78   9.685   0.0156
   64.7     3.71   9.712   0.0203
   65.0     3.76   9.739   0.0221
   65.2     3.82   9.766   0.0184
   65.4     3.79   9.793   0.0155
   65.7     3.83   9.820   0.0150
   66.0     3.82   9.846   0.0135
   66.3     3.87   9.873   0.0131
   66.5     3.87   9.900   0.0121
   66.8     3.84   9.929   0.0155
   67.2     3.87   9.956   0.0170
   67.3     3.85   9.983   0.0179
   67.6     3.91  10.010   0.0167
   68.0     3.94  10.036   0.0175
   68.2     3.91  10.063   0.0160
   68.4     3.91  10.090   0.0161
   68.6     3.87  10.117   0.0127
   69.0     3.92  10.144   0.0130
   69.3     3.97  10.170   0.0101
   69.5     3.96  10.197   0.0114
   69.7     3.92  10.224   0.0124
   70.0     3.96  10.251   0.0109
   70.2     3.94  10.278   0.0151
   70.6     3.97  10.304   0.0138
   70.7     3.95  10.332   0.0148
   71.0     3.93  10.359   0.0121
   71.3     3.92  10.385   0.0154
   71.6     3.96  10.412   0.0157
   71.8     3.98  10.439   0.0123
   72.1     3.97  10.465   0.0150
   72.3     3.99  10.492   0.0168
   72.6     4.07  10.519   0.0144
   72.8     4.05  10.546   0.0111
   73.2     4.01  10.573   0.0159
   73.5     4.05  10.600   0.0163
   73.7     4.00  10.627   0.0176
   74.0     4.01  10.654   0.0163
   74.2     4.01  10.682   0.0173
   74.5     4.02  10.709   0.0129
   74.7     4.06  10.735   0.0168
   75.1     4.07  10.763   0.0168
   75.2     4.03  10.790   0.0118
   75.6     4.05  10.817   0.0114
   75.7     4.04  10.843   0.0111
   76.0     4.08  10.870   0.0137
   76.3     4.09  10.897   0.0213
   76.6     4.06  10.924   0.0257
   76.9     4.11  10.951   0.0258
   77.2     4.09  10.978   0.0258
   77.4     4.11  11.004   0.0249
   77.8     4.11  11.031   0.0274
   77.9     4.12  11.058   0.0249
   78.3     4.11  11.085   0.0271
   78.4     4.15  11.112   0.0216
   78.7     4.14  11.139   0.0199
   79.1     4.16  11.166   0.0195
   79.3     4.17  11.193   0.0166
   79.5     4.14  11.220   0.0185
   79.9     4.15  11.247   0.0194
   80.1     4.10  11.274   0.0182
   80.4     4.15  11.301   0.0161
   80.5     4.17  11.328   0.0176
   81.0     4.14  11.355   0.0216
   81.2     4.18  11.382   0.0203
   81.6     4.16  11.408   0.0234
   81.7     4.16  11.435   0.0245
   81.9     4.18  11.462   0.0250
   82.2     4.15  11.489   0.0208
   82.4     4.12  11.515   0.0255
   82.7     4.14  11.542   0.0283
   83.0     4.18  11.569   0.0289
   83.2     4.17  11.596   0.0275
   83.6     4.16  11.623   0.0191
   83.9     4.19  11.650   0.0223
   84.1     4.14  11.677   0.0209
   84.3     4.17  11.704   0.0229
   84.6     4.16  11.731   0.0221
   84.9     4.18  11.758   0.0223
   85.1     4.16  11.785   0.0210
   85.4     4.18  11.812   0.0225
   85.6     4.17  11.839   0.0254
   86.0     4.16  11.866   0.0258
   86.2     4.18  11.894   0.0259
   86.4     4.20  11.921   0.0317
   86.7     4.20  11.947   0.0275
   87.0     4.18  11.975   0.0269
   87.2     4.18  12.002   0.0265
   87.6     4.18  12.029   0.0288
   87.8     4.15  12.056   0.0235
   88.1     4.13  12.084   0.0229
   88.2     4.20  12.110   0.0231
   88.6     4.18  12.137   0.0216
   88.8     4.20  12.164   0.0211
   89.1     4.16  12.191   0.0230
   89.3     4.22  12.218   0.0206
   89.6     4.25  12.245   0.0211
   90.0     4.21  12.272   0.0207
   90.3     4.22  12.299   0.0213
   90.4     4.16  12.327   0.0233
   90.7     4.20  12.353   0.0208
   91.0     4.19  12.380   0.0193
   91.3     4.20  12.408   0.0185
   91.6     4.20  12.435   0.0183
   91.8     4.20  12.461   0.0237
   92.0     4.22  12.489   0.0224
   92.3     4.19  12.515   0.0252
   92.6     4.16  12.542   0.0243
   92.8     4.21  12.569   0.0220
   93.2     4.20  12.597   0.0230
   93.4     4.23  12.623   0.0261
   93.7     4.20  12.651   0.0274
   93.9     4.14  12.678   0.0224
   94.2     4.16  12.704   0.0160
   94.6     4.17  12.731   0.0183
   94.8     4.12  12.759   0.0163
   95.0     4.15  12.786   0.0189
   95.3     4.17  12.813   0.0203
   95.5     4.14  12.840   0.0228
   95.8     4.15  12.867   0.0275
   96.2     4.18  12.894   0.0265
   96.4     4.22  12.921   0.0256
   96.7     4.18  12.948   0.0245
   96.9     4.13  12.975   0.0180
   97.1     4.14  13.002   0.0177
   97.4     4.16  13.029   0.0189
   97.6     4.16  13.055   0.0183
   97.9     4.18  13.084   0.0175
   98.2     4.16  13.111   0.0197
   98.6     4.12  13.138   0.0165
   98.8     4.13  13.165   0.0159
   99.0     4.16  13.191   0.0182
   99.3     4.12  13.219   0.0194
   99.4     4.11  13.246   0.0195
   99.7     4.12  13.273   0.0153
  100.1     4.11  13.300   0.0116
  100.4     4.14  13.328   0.0156
  100.6     4.03  13.355   0.0146
  100.8     4.01  13.381   0.0147
  101.1     4.08  13.408   0.0152
  101.4     4.10  13.435   0.0207
  101.7     4.08  13.462   0.0205
  101.9     4.05  13.489   0.0179
  102.2     4.06  13.516   0.0177
  102.5     4.06  13.543   0.0206
  102.6     4.02  13.571   0.0206
  103.0     4.07  13.598   0.0196
  103.2     4.05  13.625   0.0212
  103.5     4.04  13.652   0.0182
  103.7     4.05  13.678   0.0218
  104.1     4.02  13.705   0.0201
  104.3     4.01  13.732   0.0211
  104.6     3.98  13.760   0.0227
  104.9     3.98  13.786   0.0182
  105.2     4.01  13.813   0.0153
  105.4     3.98  13.840   0.0176
  105.6     3.96  13.867   0.0175
  105.9     3.94  13.894   0.0200
  106.2     3.93  13.921   0.0198
  106.4     3.95  13.949   0.0187
  106.8     4.00  13.976   0.0192
  107.0     4.03  14.003   0.0150
  107.3     3.98  14.030   0.0089
  107.6     3.91  14.057   0.0144
  107.8     3.91  14.084   0.0129
  108.2     3.94  14.111   0.0126
  108.4     3.97  14.137   0.0134
  108.5     3.87  14.164   0.0149
  108.9     3.88  14.191   0.0142
  109.0     3.87  14.218   0.0144
  109.4     3.86  14.245   0.0169
  109.6     3.83  14.272   0.0157
  109.9     3.80  14.299   0.0155
  110.1     3.87  14.327   0.0144
  110.5     3.87  14.353   0.0140
  110.7     3.80  14.380   0.0144
  110.9     3.77  14.407   0.0159
  111.2     3.85  14.435   0.0138
  111.5     3.89  14.461   0.0158
  111.9     3.86  14.489   0.0131
  112.1     3.88  14.516   0.0112
  112.5     3.86  14.543   0.0165
  112.6     3.78  14.570   0.0177
  112.9     3.80  14.597   0.0186
  113.2     3.79  14.624   0.0197
  113.4     3.82  14.651   0.0200
  113.7     3.79  14.678   0.0197
  113.9     3.78  14.705   0.0204
  114.3     3.76  14.732   0.0180
  114.5     3.77  14.759   0.0162
  114.8     3.73  14.787   0.0163
  115.1     3.80  14.814   0.0204
  115.4     3.72  14.841   0.0197
  115.6     3.73  14.868   0.0182
  115.8     3.71  14.895   0.0156
  116.1     3.70  14.922   0.0150
  116.5     3.71  14.949   0.0157
  116.7     3.69  14.976   0.0140
  117.0     3.71  15.003   0.0103
  117.1     3.69  15.030   0.0144
  117.6     3.69  15.057   0.0157
  117.8     3.67  15.084   0.0131
  118.1     3.68  15.110   0.0144
  118.2     3.62  15.137   0.0150
  118.5     3.57  15.165   0.0174
  118.7     3.61  15.192   0.0176
  119.1     3.59  15.219   0.0197
  119.3     3.54  15.246   0.0187
  119.6     3.58  15.273   0.0192
  119.8     3.56  15.299   0.0185
  120.2     3.55  15.327   0.0193
  120.4     3.61  15.354   0.0216
  120.7     3.57  15.381   0.0206
  120.9     3.56  15.408   0.0214
  121.2     3.55  15.435   0.0208
  121.5     3.52  15.462   0.0190
  121.8     3.53  15.489   0.0183
  122.0     3.51  15.516   0.0189
  122.2     3.51  15.543   0.0198
  122.5     3.40  15.570   0.0199
  122.7     3.40  15.598   0.0201
  123.1     3.42  15.625   0.0185
  123.3     3.42  15.652   0.0199
  123.6     3.38  15.680   0.0175
  123.7     3.39  15.707   0.0176
  124.1     3.42  15.734   0.0189
  124.3     3.36  15.761   0.0158
  124.6     3.34  15.788   0.0180
  124.9     3.34  15.816   0.0151
  125.2     3.40  15.843   0.0164
  125.4     3.41  15.870   0.0201
  125.8     3.39  15.897   0.0189
  126.0     3.36  15.924   0.0147
  126.4     3.30  15.951   0.0162
  126.5     3.32  15.979   0.0166
  126.9     3.33  16.005   0.0139
  127.1     3.30  16.033   0.0136
  127.4     3.32  16.059   0.0187
  127.6     3.33  16.086   0.0177
  127.9     3.35  16.113   0.0183
  128.2     3.29  16.140   0.0178
  128.5     3.24  16.167   0.0163
  128.6     3.32  16.194   0.0124
  129.0     3.34  16.221   0.0134
  129.3     3.31  16.248   0.0140
  129.5     3.30  16.275   0.0138
  129.8     3.27  16.301   0.0096
  130.1     3.25  16.329   0.0107
  130.2     3.26  16.356   0.0101
  130.6     3.21  16.383   0.0122
  130.9     3.26  16.410   0.0146
  131.1     3.21  16.437   0.0103
  131.4     3.23  16.464   0.0108
  131.6     3.19  16.491   0.0126
  132.0     3.22  16.518   0.0152
  132.3     3.26  16.545   0.0182
  132.5     3.22  16.571   0.0168
  132.7     3.22  16.598   0.0179
  133.0     3.16  16.626   0.0199
  133.4     3.20  16.652   0.0187
  133.6     3.20  16.679   0.0206
  133.9     3.16  16.707   0.0213
  134.2     3.18  16.734   0.0202
  134.4     3.20  16.761   0.0149
  134.6     3.16  16.789   0.0159
  134.9     3.18  16.815   0.0162
  135.2     3.18  16.842   0.0155
  135.4     3.11  16.869   0.0163
  135.8     3.14  16.896   0.0169
  136.1     3.17  16.923   0.0159
  136.3     3.16  16.951   0.0138
  136.6     3.12  16.978   0.0147
  136.9     3.07  17.005   0.0140
  137.2     3.17  17.032   0.0142
  137.5     3.13  17.059   0.0145
  137.7     3.14  17.086   0.0176
  138.0     3.09  17.113   0.0181
  138.1     3.13  17.140   0.0200
  138.5     3.06  17.167   0.0212
  138.7     3.06  17.194   0.0195
  139.1     3.06  17.221   0.0189
  139.3     2.98  17.248   0.0170
  139.6     3.05  17.275   0.0182
  139.9     3.01  17.302   0.0152
  140.0     3.07  17.329   0.0173
  140.4     3.06  17.357   0.0161
  140.7     3.05  17.384   0.0143
  140.9     3.04  17.410   0.0158
  141.3     2.99  17.437   0.0144
  141.5     3.00  17.464   0.0129
  141.8     3.04  17.491   0.0147
  142.1     3.00  17.518   0.0124
  142.3     2.87  17.545   0.0164
  142.5     2.94  17.573   0.0142
  142.9     2.97  17.600   0.0185
  143.1     3.00  17.627   0.0174
  143.5     2.97  17.653   0.0151
  143.7     2.94  17.680   0.0154
  144.1     2.97  17.707   0.0152
  144.2     2.98  17.734   0.0149
  144.6     2.96  17.761   0.0196
  144.8     2.90  17.788   0.0187
  145.1     2.90  17.815   0.0192
  145.4     2.91  17.841   0.0176
  145.7     2.94  17.868   0.0186
  145.9     2.93  17.895   0.0204
  146.2     2.92  17.923   0.0180
  146.4     2.91  17.949   0.0172
  146.8     2.89  17.976   0.0179
  147.1     2.90  18.003   0.0162
  147.4     2.90  18.030   0.0160
  147.6     2.93  18.057   0.0156
  148.0     2.92  18.084   0.0152
  148.3     2.94  18.111   0.0184
  148.5     2.91  18.138   0.0172
  148.7     2.90  18.165   0.0182
  149.0     2.85  18.192   0.0177
  149.3     2.88  18.219   0.0137
  149.6     2.87  18.246   0.0157
  149.9     2.87  18.273   0.0152
  150.1     2.84  18.299   0.0147
  150.4     2.88  18.327   0.0156
  150.8     2.87  18.354   0.0162
  151.0     2.88  18.381   0.0196
  151.3     2.89  18.408   0.0204
  151.6     2.90  18.434   0.0210
  151.9     2.91  18.462   0.0197
  152.1     2.88  18.489   0.0171
  152.3     2.86  18.516   0.0165
  152.7     2.80  18.543   0.0173
  152.9     2.78  18.570   0.0195
  153.1     2.81  18.597   0.0159
  153.4     2.78  18.624   0.0159
  153.7     2.76  18.651   0.0192
  153.9     2.75  18.678   0.0198
  154.3     2.78  18.705   0.0201
  154.6     2.75  18.732   0.0216
  154.9     2.78  18.759   0.0184
  155.2     2.74  18.786   0.0192
  155.4     2.77  18.813   0.0208
  155.7     2.76  18.840   0.0232
  155.9     2.69  18.867   0.0216
  156.3     2.76  18.894   0.0230
  156.6     2.78  18.921   0.0223
  156.8     2.72  18.948   0.0214
  157.1     2.71  18.976   0.0160
  157.4     2.68  19.002   0.0175
  157.6     2.71  19.029   0.0185
  157.9     2.70  19.056   0.0195
  158.1     2.67  19.083   0.0213
  158.5     2.71  19.110   0.0201
  158.7     2.70  19.137   0.0196
  159.0     2.70  19.164   0.0198
  159.3     2.70  19.191   0.0168
  159.6     2.72  19.218   0.0155
  159.8     2.68  19.245   0.0143
  160.0     2.63  19.272   0.0164
  160.4     2.63  19.299   0.0149
  160.8     2.67  19.327   0.0150
  161.1     2.71  19.354   0.0173
  161.3     2.70  19.381   0.0157
  161.6     2.72  19.408   0.0152
  161.7     2.69  19.435   0.0168
  162.1     2.71  19.462   0.0179
  162.4     2.70  19.489   0.0166
  162.7     2.70  19.515   0.0184
  162.9     2.71  19.543   0.0162
  163.3     2.71  19.570   0.0139
  163.5     2.61  19.597   0.0144
  163.7     2.61  19.624   0.0192
  164.1     2.62  19.651   0.0139
  164.3     2.65  19.678   0.0106
  164.6     2.62  19.704   0.0145
  164.8     2.62  19.731   0.0116
  165.2     2.60  19.758   0.0147
  165.4     2.61  19.784   0.0169
  165.7     2.59  19.811   0.0162
  165.9     2.59  19.838   0.0183
  166.2     2.57  19.866   0.0162
  166.4     2.61  19.892   0.0151
  166.8     2.56  19.922   0.0173
  167.2     2.64  19.948   0.0162
  167.4     2.49  19.975   0.0170
  167.7     2.63  20.002   0.0116
  167.9     2.58  20.029   0.0116
  168.2     2.58  20.056   0.0112
  168.5     2.58  20.084   0.0124
  168.8     2.61  20.112   0.0121
  169.1     2.56  20.140   0.0105
  169.4     2.59  20.167   0.0111
  169.7     2.56  20.195   0.0119
  170.0     2.53  20.223   0.0142
  170.2     2.54  20.250   0.0152
  170.6     2.55  20.278   0.0164
  170.8     2.53  20.305   0.0181
  171.1     2.57  20.333   0.0205
  171.4     2.52  20.361   0.0218
  171.6     2.49  20.388   0.0182
  171.8     2.55  20.416   0.0172
  172.2     2.64  20.444   0.0182
  172.5     2.54  20.470   0.0148
  172.8     2.58  20.498   0.0135
  173.0     2.61  20.525   0.0117
  173.3     2.57  20.553   0.0125
  173.6     2.56  20.580   0.0130
  174.0     2.56  20.608   0.0149
  174.2     2.60  20.635   0.0156
  174.6     2.63  20.662   0.0108
  174.9     2.66  20.689   0.0115
  175.0     2.57  20.717   0.0121
  175.4     2.59  20.745   0.0106
  175.6     2.56  20.773   0.0106
  175.8     2.51  20.800   0.0145
  176.1     2.48  20.827   0.0143
  176.5     2.55  20.855   0.0143
  176.7     2.56  20.883   0.0114
  177.1     2.57  20.910   0.0150
  177.4     2.56  20.938   0.0162
  177.8     2.57  20.965   0.0201
  177.9     2.54  20.993   0.0189
  178.2     2.56  21.021   0.0179
  178.5     2.56  21.049   0.0154
  178.8     2.56  21.078   0.0142
  179.1     2.57  21.107   0.0137
  179.4     2.55  21.134   0.0140
  179.7     2.58  21.161   0.0141
  179.9     2.59  21.188   0.0113
  180.3     2.61  21.216   0.0117
  180.6     2.59  21.243   0.0154
  180.8     2.60  21.271   0.0132
  181.1     2.63  21.299   0.0121
  181.3     2.58  21.327   0.0101
  181.7     2.58  21.354   0.0099
  181.9     2.63  21.383   0.0132
  182.2     2.54  21.411   0.0164
  182.6     2.59  21.438   0.0164
  182.8     2.63  21.466   0.0153
  183.2     2.59  21.493   0.0114
  183.4     2.64  21.521   0.0117
  183.7     2.59  21.548   0.0134
  184.1     2.64  21.576   0.0157
  184.2     2.62  21.603   0.0138
  184.5     2.63  21.632   0.0136
  184.8     2.62  21.659   0.0133
  185.2     2.65  21.687   0.0108
  185.4     2.64  21.716   0.0149
  185.6     2.58  21.744   0.0156
  186.0     2.67  21.771   0.0180
  186.4     2.70  21.798   0.0154
  186.5     2.69  21.825   0.0154
  187.0     2.80  21.852   0.0169
  187.3     2.81  21.881   0.0151
  187.5     2.78  21.910   0.0108
  187.8     2.76  21.938   0.0096
  188.1     2.72  21.966   0.0079
  188.3     2.77  21.993   0.0092
  188.7     2.82  22.021   0.0101
  188.9     2.84  22.049   0.0111
  189.2     2.84  22.076   0.0143
  189.5     2.77  22.104   0.0100
  189.8     2.83  22.133   0.0100
  190.2     2.84  22.160   0.0097
  190.4     2.90  22.187   0.0090
  190.7     2.89  22.215   0.0096
  191.0     2.91  22.242   0.0129
  191.2     2.88  22.270   0.0128
  191.6     2.93  22.298   0.0135
  191.8     2.94  22.326   0.0125
  192.1     2.93  22.353   0.0123
  192.4     2.97  22.381   0.0121
  192.6     3.05  22.408   0.0147
  193.0     3.07  22.436   0.0137
  193.3     3.08  22.463   0.0107
  193.6     3.06  22.491   0.0109
  193.9     3.03  22.518   0.0101
  194.1     3.04  22.546   0.0120
  194.4     3.05  22.573   0.0108
  194.5     3.06  22.601   0.0087
  194.9     3.07  22.629   0.0083
  195.1     3.06  22.657   0.0099
  195.5     3.09  22.684   0.0098
  195.8     3.10  22.711   0.0083
  196.2     3.12  22.739   0.0094
  196.5     3.16  22.766   0.0118
  196.8     3.17  22.795   0.0138
  197.1     3.19  22.822   0.0139
  197.3     3.23  22.849   0.0145
  197.6     3.21  22.877   0.0140
  197.9     3.22  22.905   0.0125
  198.2     3.15  22.933   0.0088
  198.4     3.21  22.960   0.0024
  198.7     3.23  22.987   0.0066
  199.0     3.19  23.015   0.0123
  199.2     3.28  23.042   0.0203
  199.7     3.29  23.069   0.0273
  199.9     3.29  23.097   0.0217
  200.2     3.26  23.124   0.0147
  200.5     3.43  23.152   0.0204
  200.7     3.35  23.178   0.0189
  201.0     3.34  23.206   0.0206
  201.3     3.30  23.233   0.0151
  201.6     3.34  23.260   0.0142
  201.9     3.41  23.288   0.0124
  202.1     3.47  23.315   0.0048
  202.3     3.36  23.343   0.0072
  202.6     3.43  23.371   0.0137
  203.0     3.60  23.398   0.0144
  203.3     3.51  23.426   0.0133
  203.6     3.60  23.453   0.0152
  203.9     3.57  23.482   0.0196
  204.3     3.60  23.510   0.0150
  204.4     3.60  23.538   0.0143
  204.8     3.64  23.565   0.0137
  205.0     3.64  23.594   0.0151
  205.4     3.61  23.621   0.0165
  205.5     3.69  23.648   0.0172
  205.9     3.72  23.676   0.0153
  206.1     3.68  23.703   0.0160
  206.3     3.77  23.731   0.0120
  206.7     3.78  23.759   0.0129
  207.1     3.82  23.786   0.0138
  207.3     3.79  23.814   0.0121
  207.5     3.82  23.841   0.0141
  207.7     3.85  23.869   0.0153
  208.2     3.90  23.897   0.0159
  208.4     3.92  23.925   0.0164
  208.8     3.95  23.953   0.0170
  209.1     3.91  23.980   0.0141
  209.3     4.02  24.008   0.0168
  209.6     4.01  24.036   0.0163
  209.9     4.01  24.063   0.0143
  210.1     4.01  24.091   0.0138
  210.5     4.08  24.119   0.0172
  210.8     4.08  24.147   0.0180
  211.0     4.09  24.174   0.0151
  211.3     4.13  24.203   0.0169
  211.6     4.15  24.231   0.0146
  211.8     4.19  24.259   0.0166
  212.3     4.18  24.287   0.0169
  212.4     4.25  24.314   0.0170
  212.8     4.24  24.342   0.0163
  213.0     4.25  24.369   0.0145
  213.3     4.30  24.396   0.0128
  213.6     4.31  24.424   0.0128
  213.8     4.30  24.453   0.0133
  214.1     4.32  24.480   0.0109
  214.3     4.36  24.507   0.0153
  214.7     4.40  24.535   0.0145
  215.0     4.43  24.562   0.0169
  215.3     4.46  24.590   0.0145
  215.5     4.47  24.618   0.0150
  215.9     4.47  24.646   0.0144
  216.2     4.53  24.673   0.0130
  216.5     4.55  24.701   0.0155
  216.8     4.55  24.728   0.0158
  216.9     4.54  24.756   0.0164
  217.3     4.61  24.784   0.0170
  217.7     4.60  24.811   0.0145
  217.9     4.70  24.840   0.0111
  218.1     4.70  24.867   0.0082
  218.6     4.72  24.895   0.0081
  218.8     4.71  24.923   0.0113
  219.0     4.79  24.952   0.0088
  219.4     4.78  24.980   0.0118
  219.6     4.84  25.008   0.0127
  220.0     4.87  25.036   0.0099
  220.2     4.88  25.064   0.0107
  220.5     4.89  25.093   0.0045
  220.9     4.92  25.120   0.0120
  221.1     4.89  25.147   0.0112
  221.3     4.92  25.174   0.0136
  221.7     4.96  25.203   0.0145
  221.9     4.95  25.231   0.0122
  222.2     5.00  25.260   0.0109
  222.6     5.01  25.287   0.0097
  222.8     5.02  25.314   0.0113
  223.0     5.00  25.342   0.0140
  223.3     5.05  25.370   0.0136
  223.7     5.11  25.398   0.0142
  224.0     5.14  25.425   0.0124
  224.2     5.19  25.453   0.0125
  224.6     5.19  25.480   0.0135
  224.8     5.19  25.507   0.0147
  225.1     5.22  25.535   0.0096
  225.5     5.23  25.563   0.0102
  225.7     5.19  25.591   0.0108
  225.9     5.28  25.618   0.0067
  226.4     5.30  25.646   0.0053
  226.6     5.34  25.673   0.0081
  226.9     5.36  25.700   0.0081
  227.3     5.43  25.728   0.0065
  227.6     5.45  25.755   0.0088
  227.8     5.49  25.783   0.0053
  228.1     5.49  25.809   0.0109
  228.4     5.49  25.837   0.0139
  228.7     5.54  25.866   0.0150
  229.0     5.55  25.893   0.0141
  229.3     5.59  25.921   0.0118
  229.6     5.59  25.948   0.0108
  229.9     5.66  25.976   0.0107
  230.2     5.70  26.004   0.0125
  230.4     5.64  26.031   0.0109
  230.8     5.71  26.059   0.0112
  231.0     5.72  26.086   0.0098
  231.3     5.78  26.113   0.0124
  231.5     5.78  26.140   0.0101
  231.8     5.77  26.169   0.0124
  232.2     5.81  26.197   0.0109
  232.5     5.84  26.223   0.0107
  232.7     5.92  26.252   0.0112
  233.1     5.85  26.279   0.0130
  233.4     5.96  26.307   0.0168
  233.8     6.00  26.335   0.0132
  234.0     6.00  26.362   0.0127
  234.2     6.03  26.389   0.0133
  234.6     6.08  26.418   0.0092
  234.7     6.10  26.445   0.0108
  235.1     6.09  26.472   0.0092
  235.4     6.14  26.500   0.0072
  235.7     6.17  26.528   0.0105
  236.0     6.16  26.555   0.0076
  236.3     6.18  26.583   0.0136
  236.6     6.18  26.610   0.0132
  236.8     6.23  26.639   0.0109
  237.1     6.19  26.666   0.0140
  237.5     6.27  26.693   0.0086
  237.8     6.38  26.721   0.0053
  238.0     6.30  26.750   0.0033
  238.4     6.37  26.777   0.0024
  238.6     6.39  26.805   0.0020
  238.9     6.44  26.832   0.0053
  239.2     6.44  26.860   0.0016
  239.6     6.45  26.887  -0.0006
  239.7     6.48  26.915   0.0005
  240.1     6.45  26.944   0.0007
  240.3     6.52  26.971   0.0032
  240.6     6.52  26.998   0.0048
  240.9     6.59  27.027   0.0046
  241.2     6.59  27.054   0.0052
  241.5     6.62  27.082   0.0080
  241.8     6.64  27.111   0.0040
  242.2     6.69  27.138   0.0062
  242.4     6.72  27.165   0.0049
  242.6     6.67  27.192   0.0040
  242.9     6.74  27.220   0.0027
  243.2     6.79  27.249   0.0050
  243.5     6.79  27.276   0.0014
  243.8     6.86  27.303  -0.0007
  244.2     6.94  27.332  -0.0003
  244.7     6.95  27.359   0.0010
  244.7     6.96  27.386  -0.0025
  245.0     7.01  27.415  -0.0028
  245.3     6.95  27.442  -0.0115
  245.5     7.04  27.471  -0.0074
  245.8     7.01  27.498  -0.0041
  246.2     7.04  27.525  -0.0041
  246.5     7.05  27.552  -0.0033
  246.8     7.13  27.579  -0.0025
  247.1     7.13  27.608  -0.0050
  247.3     7.14  27.636  -0.0032
  247.7     7.17  27.663  -0.0036
  248.0     7.21  27.691  -0.0031
  248.2     7.27  27.719  -0.0019
  248.6     7.31  27.746  -0.0014
  248.9     7.30  27.774  -0.0009
  249.1     7.29  27.803  -0.0043
  249.3     7.30  27.830  -0.0042
  249.6     7.29  27.859  -0.0058
  250.1     7.42  27.886  -0.0087
  250.2     7.39  27.913  -0.0087
  250.5     7.36  27.941  -0.0090
  250.8     7.47  27.968  -0.0088
  251.1     7.42  27.995  -0.0115
  251.3     7.41  28.023  -0.0084
  251.7     7.46  28.051  -0.0073
  251.9     7.55  28.079  -0.0091
  252.2     7.52  28.107  -0.0084
  252.5     7.55  28.135  -0.0116
  252.9     7.59  28.163  -0.0117
  253.1     7.68  28.190  -0.0117
  253.4     7.78  28.217  -0.0117
  253.6     7.69  28.246  -0.0123
  253.9     7.69  28.273  -0.0164
  254.3     7.70  28.300  -0.0169
  254.6     7.75  28.328  -0.0163
  254.8     7.66  28.355  -0.0194
  255.0     7.69  28.382  -0.0186
  255.3     7.78  28.410  -0.0219
  255.5     7.76  28.438  -0.0237
  255.9     7.89  28.465  -0.0266
  256.2     7.85  28.492  -0.0282
  256.5     7.86  28.519  -0.0301
  256.7     7.80  28.546  -0.0257
  257.1     7.91  28.574  -0.0252
  257.4     7.89  28.601  -0.0301
  257.6     7.88  28.628  -0.0274
  257.8     7.88  28.657  -0.0256
  258.1     7.87  28.685  -0.0264
  258.4     7.88  28.714  -0.0275
  258.6     7.90  28.741  -0.0286
  258.8     8.00  28.769  -0.0327
  259.2     7.95  28.796  -0.0329
  259.4     7.98  28.824  -0.0292
  259.8     7.98  28.852  -0.0300
  260.2     8.01  28.880  -0.0306
  260.5     8.04  28.908  -0.0346
  260.7     8.05  28.935  -0.0366
  261.0     8.09  28.963  -0.0341
  261.4     8.16  28.992  -0.0306
  261.5     8.11  29.020  -0.0305
  261.9     8.11  29.047  -0.0314
  262.2     8.15  29.075  -0.0321
  262.5     8.19  29.103  -0.0323
  262.8     8.22  29.131  -0.0307
  263.0     8.18  29.159  -0.0285
  263.2     8.15  29.187  -0.0317
  263.6     8.18  29.215  -0.0315
  263.9     8.11  29.242  -0.0435
  264.1     8.14  29.270  -0.0346
  264.4     8.17  29.297  -0.0338
  264.7     8.18  29.326  -0.0326
  265.0     8.16  29.353  -0.0294
  265.3     8.17  29.380  -0.0283
  265.5     8.12  29.408  -0.0315
  265.8     8.13  29.435  -0.0335
  266.1     8.18  29.462  -0.0353
  266.4     8.18  29.490  -0.0355
  266.7     8.20  29.517  -0.0393
  267.0     8.24  29.545  -0.0417
  267.3     8.25  29.572  -0.0399
  267.5     8.21  29.599  -0.0399
  267.8     8.20  29.627  -0.0355
  268.0     8.16  29.654  -0.0347
  268.4     8.14  29.681  -0.0386
  268.8     8.20  29.709  -0.0387
  268.9     8.19  29.736  -0.0355
  269.3     8.10  29.763  -0.0381
  269.5     8.23  29.791  -0.0395
  269.8     8.19  29.818  -0.0434
  270.1     8.23  29.846  -0.0374
  270.5     8.30  29.873  -0.0382
  270.8     8.25  29.901  -0.0368
  271.1     8.24  29.929  -0.0390
  271.4     8.26  29.957  -0.0434
  271.6     8.22  29.983  -0.0416
  271.8     8.22  30.011  -0.0426
  272.2     8.26  30.039  -0.0420
  272.4     8.24  30.066  -0.0408
  272.7     8.23  30.095  -0.0395
  273.0     8.21  30.122  -0.0416
  273.3     8.20  30.150  -0.0451
  273.6     8.14  30.178  -0.0423
  273.9     8.19  30.205  -0.0430
  274.2     8.24  30.233  -0.0435
  274.5     8.24  30.261  -0.0464
  274.7     8.18  30.289  -0.0471
  275.1     8.16  30.316  -0.0457
  275.4     8.18  30.345  -0.0469
  275.6     8.15  30.372  -0.0474
  276.0     8.17  30.399  -0.0527
  276.2     8.19  30.427  -0.0505
  276.5     8.12  30.455  -0.0465
  276.8     8.14  30.483  -0.0485
  277.1     8.17  30.510  -0.0503
  277.5     8.09  30.538  -0.0468
  277.7     8.09  30.565  -0.0488
  278.0     8.08  30.593  -0.0505
  278.2     8.11  30.621  -0.0479
  278.4     7.95  30.649  -0.0557
  278.6     7.93  30.676  -0.0587
  279.1     7.95  30.704  -0.0534
  279.4     7.97  30.732  -0.0589
  279.6     7.96  30.760  -0.0514
  279.9     7.96  30.787  -0.0479
  280.2     7.92  30.815  -0.0483
  280.5     7.96  30.843  -0.0512
  280.8     7.87  30.870  -0.0542
  281.0     7.90  30.898  -0.0529
  281.4     7.88  30.925  -0.0546
  281.7     7.86  30.954  -0.0554
  281.9     7.86  30.983  -0.0583
  282.3     7.85  31.010  -0.0595
  282.5     7.83  31.037  -0.0615
  282.9     7.82  31.066  -0.0621
  283.0     7.77  31.093  -0.0659
  283.3     7.80  31.121  -0.0650
  283.8     7.74  31.148  -0.0651
  284.0     7.73  31.177  -0.0609
  284.3     7.73  31.204  -0.0621
  284.5     7.69  31.231  -0.0646
  284.7     7.65  31.260  -0.0649
  285.1     7.72  31.290  -0.0577
  285.5     7.66  31.318  -0.0602
  285.8     7.71  31.347  -0.0581
  286.0     7.60  31.375  -0.0579
  286.4     7.62  31.403  -0.0576
  286.8     7.61  31.432  -0.0558
  286.9     7.57  31.460  -0.0550
  287.2     7.52  31.488  -0.0569
  287.5     7.51  31.515  -0.0567
  287.8     7.49  31.543  -0.0594
  288.1     7.58  31.570  -0.0591
  288.5     7.52  31.599  -0.0578
  288.7     7.56  31.626  -0.0577
  289.0     7.54  31.653  -0.0552
  289.4     7.53  31.681  -0.0574
  289.6     7.51  31.709  -0.0595
  289.9     7.50  31.736  -0.0639
  290.2     7.47  31.764  -0.0628
  290.5     7.47  31.791  -0.0624
  290.8     7.49  31.819  -0.0634
  291.0     7.52  31.847  -0.0660
  291.3     7.45  31.874  -0.0652
  291.5     7.39  31.902  -0.0656
  292.0     7.36  31.930  -0.0662
  292.2     7.44  31.959  -0.0632
  292.5     7.39  31.987  -0.0662
  292.8     7.36  32.015  -0.0643
  293.2     7.32  32.043  -0.0647
  293.3     7.29  32.071  -0.0659
  293.7     7.31  32.098  -0.0614
  294.0     7.24  32.125  -0.0644
  294.3     7.27  32.153  -0.0666
  294.6     7.23  32.181  -0.0689
  294.9     7.17  32.208  -0.0690
  295.2     7.20  32.235  -0.0715
  295.5     7.19  32.263  -0.0699
  295.8     7.16  32.292  -0.0701
  296.0     7.12  32.320  -0.0722
  296.3     7.10  32.347  -0.0677
  296.6     7.07  32.375  -0.0707
  296.9     7.03  32.402  -0.0725
  297.3     7.10  32.430  -0.0705
  297.4     7.01  32.458  -0.0720
  297.9     7.02  32.486  -0.0705
  298.0     6.96  32.514  -0.0724
  298.4     6.98  32.541  -0.0764
  298.7     6.96  32.569  -0.0747
  299.0     6.98  32.596  -0.0750
  299.3     6.90  32.624  -0.0748
  299.6     6.89  32.652  -0.0758
  299.8     6.88  32.679  -0.0750
  300.1     6.93  32.705  -0.0791
  300.4     6.91  32.733  -0.0781
  300.7     6.86  32.760  -0.0777
  301.0     6.85  32.787  -0.0755
  301.2     6.89  32.815  -0.0796
  301.6     6.82  32.843  -0.0784
  301.9     6.83  32.871  -0.0734
  302.2     6.80  32.898  -0.0740
  302.6     6.80  32.926  -0.0752
  302.8     6.80  32.953  -0.0781
  303.0     6.78  32.980  -0.0808
  303.6     6.87  33.008  -0.0822
  303.9     6.91  33.035  -0.0840
  304.1     6.89  33.062  -0.0813
  304.4     6.93  33.090  -0.0846
  304.7     6.89  33.118  -0.0879
  304.9     6.87  33.146  -0.0860
  305.4     6.86  33.174  -0.0879
  305.6     6.80  33.202  -0.0849
  305.7     6.79  33.230  -0.0921
  306.1     6.79  33.257  -0.0923
  306.5     6.78  33.285  -0.0883
  306.7     6.84  33.313  -0.0899
  307.1     6.83  33.342  -0.0907
  307.4     6.78  33.369  -0.0876
  307.7     6.80  33.398  -0.0914
  307.8     6.73  33.426  -0.0901
  308.2     6.77  33.453  -0.0863
  308.5     6.72  33.480  -0.0813
  308.7     6.65  33.508  -0.0848
  309.0     6.70  33.536  -0.0867
  309.3     6.59  33.564  -0.0850
  309.5     6.63  33.591  -0.0847
  309.8     6.59  33.620  -0.0830
  310.2     6.65  33.647  -0.0834
  310.7     6.69  33.674  -0.0827
  310.9     6.67  33.702  -0.0863
  311.2     6.70  33.730  -0.0875
  311.4     6.63  33.758  -0.0885
  311.7     6.65  33.785  -0.0864
  312.0     6.59  33.813  -0.0857
  312.3     6.60  33.841  -0.0846
  312.7     6.58  33.870  -0.0870
  312.9     6.57  33.897  -0.0864
  313.2     6.55  33.925  -0.0858
  313.5     6.57  33.954  -0.0853
  313.8     6.56  33.982  -0.0881
  314.1     6.59  34.009  -0.0823
  314.4     6.52  34.036  -0.0817
  314.6     6.46  34.064  -0.0785
  315.0     6.59  34.092  -0.0857
  315.3     6.55  34.120  -0.0802
  315.7     6.50  34.148  -0.0850
  315.9     6.51  34.176  -0.0823
  316.2     6.49  34.203  -0.0905
  316.5     6.52  34.231  -0.0896
  316.7     6.40  34.258  -0.0897
  317.1     6.45  34.286  -0.0917
  317.5     6.45  34.314  -0.0914
  317.7     6.41  34.342  -0.0861
  318.0     6.44  34.370  -0.0887
  318.3     6.46  34.397  -0.0904
  318.6     6.43  34.424  -0.0886
  318.9     6.40  34.452  -0.0941
  319.2     6.42  34.479  -0.0892
  319.5     6.39  34.507  -0.0871
  319.8     6.36  34.535  -0.0883
  320.1     6.35  34.562  -0.0910
  320.4     6.37  34.590  -0.0891
  320.8     6.36  34.618  -0.0921
  321.0     6.34  34.646  -0.0927
  321.3     6.33  34.673  -0.0884
  321.7     6.31  34.701  -0.0895
  322.0     6.35  34.729  -0.0909
  322.2     6.29  34.758  -0.0862
  322.5     6.29  34.785  -0.0911
  322.8     6.28  34.813  -0.0908
  323.2     6.26  34.840  -0.0890
  323.4     6.23  34.867  -0.0903
  323.8     6.24  34.895  -0.0929
  323.9     6.24  34.923  -0.0968
  324.1     6.20  34.950  -0.0953
  324.5     6.21  34.977  -0.0966
  324.8     6.23  35.004  -0.1036
  325.2     6.29  35.032  -0.1035
  325.7     6.23  35.059  -0.0984
  325.8     6.19  35.087  -0.0926
  326.1     6.21  35.114  -0.0929
  326.4     6.18  35.141  -0.0945
  326.7     6.13  35.168  -0.0971
  327.2     6.15  35.196  -0.0977
  327.3     6.10  35.223  -0.0974
  327.6     6.11  35.251  -0.0951
  327.9     6.08  35.278  -0.0925
  328.2     6.09  35.305  -0.0932
  328.5     6.05  35.333  -0.0998
  328.7     6.04  35.359  -0.1043
  329.1     6.07  35.387  -0.1062
  329.4     6.00  35.414  -0.1053
  329.6     6.04  35.441  -0.1061
  330.0     5.98  35.469  -0.1068
  330.2     5.91  35.497  -0.1033
  330.5     5.95  35.525  -0.1072
  330.8     5.90  35.552  -0.1087
  331.1     5.97  35.580  -0.1083
  331.5     5.90  35.608  -0.1064
  331.8     5.91  35.636  -0.1083
  332.0     5.86  35.664  -0.1052
  332.2     5.89  35.691  -0.0989
  332.6     5.86  35.719  -0.1008
  332.9     5.85  35.746  -0.0992
  333.2     5.80  35.773  -0.1019
  333.5     5.78  35.801  -0.1003
  333.7     5.72  35.829  -0.0972
  334.0     5.73  35.856  -0.1011
  334.4     5.74  35.884  -0.1082
  334.6     5.68  35.912  -0.1067
  334.9     5.70  35.940  -0.1075
  335.2     5.76  35.967  -0.1089
  335.5     5.66  35.995  -0.1056
  335.7     5.63  36.023  -0.1021
  336.1     5.61  36.050  -0.0999
  336.5     5.57  36.078  -0.1006
  336.7     5.60  36.107  -0.1044
  337.0     5.64  36.134  -0.1055
  337.4     5.61  36.162  -0.1046
  337.7     5.64  36.189  -0.1065
  337.9     5.58  36.217  -0.1062
  338.2     5.59  36.244  -0.1087
  338.5     5.61  36.272  -0.1032
  338.8     5.48  36.300  -0.1034
  339.1     5.56  36.328  -0.1033
  339.4     5.55  36.355  -0.1060
  339.7     5.57  36.382  -0.1055
  340.0     5.57  36.409  -0.1042
  340.3     5.54  36.437  -0.1055
  340.6     5.56  36.464  -0.1117
  341.0     5.54  36.492  -0.1172
  341.1     5.44  36.519  -0.1086
  341.5     5.56  36.547  -0.1016
  341.8     5.44  36.574  -0.1040
  342.1     5.51  36.601  -0.1014
  342.4     5.46  36.629  -0.1019
  342.6     5.45  36.656  -0.1046
  342.9     5.43  36.684  -0.1032
  343.2     5.45  36.711  -0.1030
  343.6     5.41  36.739  -0.1083
  343.9     5.45  36.768  -0.1066
  344.1     5.45  36.795  -0.0984
  344.4     5.46  36.823  -0.1068
  344.6     5.30  36.851  -0.1036
  344.9     5.32  36.878  -0.1028
  345.1     5.29  36.907  -0.1051
  345.5     5.26  36.934  -0.1058
  345.7     5.35  36.962  -0.1005
  346.0     5.24  36.989  -0.1032
  346.4     5.18  37.017  -0.1111
  346.6     5.24  37.044  -0.1083
  347.0     5.34  37.072  -0.1085
  347.2     5.24  37.100  -0.1087
  347.5     5.27  37.127  -0.1216
  347.8     5.24  37.155  -0.1168
  348.1     5.12  37.183  -0.1093
  348.4     5.17  37.210  -0.1121
  348.7     5.14  37.237  -0.1129
  348.8     5.05  37.264  -0.1089
  349.2     5.11  37.291  -0.1071
  349.4     5.10  37.319  -0.1153
  349.8     5.12  37.347  -0.1106
  350.1     5.09  37.374  -0.1069
  350.3     5.02  37.402  -0.1069
  350.7     5.02  37.429  -0.1109
  350.9     5.01  37.456  -0.1173
  351.3     5.07  37.484  -0.1136
  351.5     5.04  37.511  -0.1125
  351.8     5.05  37.538  -0.1143
  352.0     5.03  37.565  -0.1128
  352.3     5.04  37.595  -0.1149
  352.8     5.16  37.622  -0.1195
  353.0     5.05  37.649  -0.1169
  353.3     5.05  37.676  -0.1141
  353.5     4.99  37.704  -0.1114
  353.9     5.00  37.731  -0.1161
  354.1     4.99  37.759  -0.1161
  354.4     4.96  37.787  -0.1140
  354.8     5.00  37.815  -0.1171
  354.9     5.01  37.843  -0.1145
  355.4     4.99  37.870  -0.1120
  355.6     5.05  37.897  -0.1119
  355.9     4.90  37.925  -0.1105
  356.1     4.97  37.952  -0.1121
  356.5     4.95  37.980  -0.1133
  356.8     4.97  38.007  -0.1149
  357.1     4.95  38.034  -0.1173
  357.4     4.93  38.063  -0.1174
  357.7     5.05  38.091  -0.1189
  358.0     4.97  38.118  -0.1169
  358.3     5.04  38.146  -0.1184
  358.6     4.97  38.174  -0.1168
  358.9     4.97  38.201  -0.1165
  359.1     4.96  38.229  -0.1162
  359.4     4.96  38.257  -0.1167
  359.8     4.94  38.286  -0.1168
  360.1     4.96  38.315  -0.1190
  360.2     4.97  38.342  -0.1196
  360.7     4.96  38.370  -0.1183
  361.1     5.02  38.398  -0.1164
  361.2     4.96  38.425  -0.1166
  361.6     4.93  38.453  -0.1218
  361.9     4.99  38.481  -0.1197
  362.0     4.93  38.508  -0.1174
  362.3     4.93  38.536  -0.1161
  362.6     4.90  38.564  -0.1159
  362.9     4.86  38.592  -0.1152
  363.3     4.89  38.620  -0.1168
  363.6     4.88  38.648  -0.1184
  363.9     4.93  38.675  -0.1264
  364.2     4.85  38.703  -0.1241
  364.4     4.85  38.730  -0.1201
  364.8     4.86  38.759  -0.1205
  365.0     4.84  38.786  -0.1218
  365.3     4.82  38.814  -0.1201
  365.6     4.82  38.841  -0.1236
  365.9     4.83  38.869  -0.1270
  366.2     4.81  38.896  -0.1246
  366.5     4.82  38.926  -0.1245
  366.8     4.85  38.953  -0.1312
  367.1     4.77  38.980  -0.1279
  367.4     4.78  39.008  -0.1223
  367.7     4.82  39.036  -0.1216
  368.0     4.80  39.064  -0.1211
  368.3     4.81  39.092  -0.1190
  368.6     4.81  39.121  -0.1206
  368.9     4.82  39.148  -0.1198
  369.3     4.80  39.176  -0.1212
  369.4     4.82  39.203  -0.1249
  369.8     4.78  39.232  -0.1230
  370.2     4.81  39.260  -0.1232
  370.3     4.81  39.288  -0.1244
  370.7     4.82  39.315  -0.1195
  370.9     4.80  39.343  -0.1225
  371.3     4.87  39.371  -0.1206
  371.6     4.76  39.399  -0.1195
  371.8     4.72  39.427  -0.1178
  372.1     4.75  39.454  -0.1189
  372.4     4.75  39.482  -0.1176
  372.7     4.74  39.509  -0.1167
  373.0     4.76  39.538  -0.1182
  373.3     4.74  39.565  -0.1197
  373.6     4.72  39.593  -0.1215
  373.8     4.76  39.620  -0.1193
  374.0     4.72  39.647  -0.1190
  374.4     4.75  39.674  -0.1191
  374.7     4.73  39.702  -0.1179
  375.0     4.75  39.729  -0.1198
  375.2     4.76  39.757  -0.1245
  375.6     4.81  39.785  -0.1250
  375.9     4.79  39.812  -0.1330
  376.2     4.78  39.840  -0.1270
  376.5     4.79  39.867  -0.1266
  376.7     4.83  39.894  -0.1246
  377.0     4.78  39.922  -0.1233
  377.2     4.73  39.950  -0.1225
  377.5     4.75  39.977  -0.1232
  377.8     4.73  40.004  -0.1229
  378.1     4.75  40.033  -0.1200
  378.4     4.71  40.061  -0.1245
  378.7     4.75  40.089  -0.1221
  378.8     4.69  40.116  -0.1244
  379.3     4.71  40.144  -0.1263
  379.5     4.70  40.172  -0.1256
  379.8     4.73  40.200  -0.1256
  380.1     4.75  40.228  -0.1250
  380.4     4.69  40.255  -0.1237
  380.6     4.65  40.283  -0.1238
  380.8     4.64  40.311  -0.1264
  381.2     4.75  40.339  -0.1224
  381.5     4.69  40.366  -0.1238
  381.7     4.63  40.395  -0.1278
  382.0     4.63  40.422  -0.1303
  382.4     4.64  40.450  -0.1287
  382.6     4.66  40.478  -0.1295
  383.0     4.65  40.505  -0.1271
  383.2     4.63  40.532  -0.1272
  383.5     4.63  40.560  -0.1269
  383.8     4.58  40.588  -0.1270
  383.9     4.50  40.616  -0.1292
  384.4     4.63  40.644  -0.1243
  384.7     4.62  40.671  -0.1277
  384.8     4.63  40.698  -0.1281
  385.0     4.65  40.726  -0.1275
  385.4     4.60  40.753  -0.1285
  385.7     4.66  40.781  -0.1269
  386.0     4.64  40.808  -0.1293
  386.2     4.58  40.836  -0.1263
  386.4     4.61  40.864  -0.1254
  386.9     4.66  40.893  -0.1218
  387.2     4.51  40.921  -0.1275
  387.4     4.61  40.949  -0.1320
  387.7     4.60  40.976  -0.1281
  387.9     4.52  41.004  -0.1279
  388.2     4.55  41.031  -0.1281
  388.5     4.56  41.060  -0.1247
  388.9     4.59  41.089  -0.1267
  389.1     4.56  41.116  -0.1317
  389.5     4.53  41.144  -0.1326
  389.7     4.54  41.171  -0.1338
  390.0     4.57  41.199  -0.1308
  390.2     4.50  41.228  -0.1310
  390.4     4.48  41.258  -0.1288
  390.8     4.55  41.285  -0.1288
  390.9     4.53  41.313  -0.1252
  391.4     4.48  41.342  -0.1288
  391.6     4.48  41.371  -0.1271
  392.0     4.52  41.399  -0.1304
  392.2     4.52  41.427  -0.1317
  392.5     4.52  41.455  -0.1339
  392.8     4.48  41.482  -0.1327
  393.2     4.48  41.510  -0.1317
  393.4     4.51  41.538  -0.1301
  393.6     4.48  41.566  -0.1309
  394.0     4.49  41.594  -0.1313
  394.3     4.51  41.622  -0.1289
  394.4     4.44  41.650  -0.1342
  394.9     4.47  41.679  -0.1337
  395.1     4.47  41.707  -0.1345
  395.3     4.41  41.735  -0.1306
  395.6     4.53  41.763  -0.1310
  395.9     4.41  41.790  -0.1267
  396.3     4.44  41.818  -0.1255
  396.5     4.43  41.848  -0.1279
  396.9     4.46  41.875  -0.1277
  397.1     4.41  41.903  -0.1276
  397.4     4.37  41.932  -0.1251
  397.8     4.39  41.960  -0.1256
  398.0     4.42  41.987  -0.1266
  398.3     4.48  42.015  -0.1268
  398.5     4.42  42.042  -0.1257
  398.9     4.42  42.070  -0.1305
  399.2     4.42  42.098  -0.1277
  399.5     4.47  42.126  -0.1295
  399.8     4.41  42.154  -0.1316
  400.0     4.41  42.182  -0.1306
  400.4     4.39  42.210  -0.1314
  400.6     4.39  42.238  -0.1314
  400.8     4.38  42.265  -0.1296
  401.3     4.44  42.293  -0.1300
  401.6     4.43  42.320  -0.1298
  401.8     4.33  42.348  -0.1309
  402.1     4.34  42.376  -0.1298
  402.3     4.37  42.404  -0.1295
  402.6     4.33  42.432  -0.1287
  402.9     4.34  42.460  -0.1286
  403.2     4.35  42.487  -0.1278
  403.4     4.38  42.515  -0.1303
  403.8     4.37  42.542  -0.1303
  404.1     4.39  42.570  -0.1295
  404.3     4.36  42.598  -0.1289
  404.7     4.39  42.626  -0.1324
  404.9     4.36  42.654  -0.1334
  405.2     4.34  42.682  -0.1327
  405.4     4.33  42.710  -0.1309
  405.7     4.34  42.738  -0.1311
  406.0     4.35  42.766  -0.1311
  406.4     4.33  42.793  -0.1293
  406.7     4.34  42.820  -0.1270
  406.9     4.38  42.848  -0.1267
  407.2     4.34  42.875  -0.1302
  407.6     4.36  42.903  -0.1297
  407.9     4.34  42.930  -0.1288
  408.1     4.34  42.958  -0.1293
  408.4     4.37  42.985  -0.1283
  408.7     4.30  43.013  -0.1271
  408.9     4.30  43.041  -0.1269
  409.2     4.32  43.069  -0.1283
  409.5     4.29  43.096  -0.1307
  409.7     4.26  43.124  -0.1300
  410.1     4.34  43.151  -0.1362
  410.4     4.30  43.180  -0.1326
  410.6     4.34  43.208  -0.1344
  410.9     4.31  43.235  -0.1386
  411.3     4.35  43.264  -0.1396
  411.6     4.34  43.292  -0.1385
  411.9     4.32  43.321  -0.1353
  412.1     4.35  43.349  -0.1329
  412.4     4.34  43.377  -0.1343
  412.7     4.25  43.405  -0.1323
  413.0     4.32  43.433  -0.1395
  413.2     4.32  43.460  -0.1365
  413.5     4.33  43.487  -0.1355
  413.7     4.29  43.514  -0.1320
  414.1     4.31  43.542  -0.1301
  414.4     4.32  43.569  -0.1337
  414.6     4.32  43.596  -0.1341
  415.0     4.32  43.624  -0.1370
  415.2     4.30  43.653  -0.1377
  415.5     4.30  43.680  -0.1373
  415.9     4.29  43.708  -0.1368
  416.1     4.32  43.735  -0.1365
  416.4     4.28  43.763  -0.1344
  416.6     4.29  43.790  -0.1365
  417.0     4.31  43.819  -0.1363
  417.2     4.29  43.846  -0.1344
  417.5     4.27  43.874  -0.1322
  417.8     4.26  43.901  -0.1329
  418.1     4.28  43.929  -0.1330
  418.3     4.27  43.957  -0.1326
  418.7     4.23  43.985  -0.1325
  419.0     4.22  44.013  -0.1316
  419.3     4.22  44.041  -0.1339
  419.5     4.26  44.068  -0.1333
  419.9     4.24  44.096  -0.1300
  420.1     4.25  44.124  -0.1326
  420.3     4.27  44.152  -0.1339
  420.6     4.25  44.179  -0.1345
  420.9     4.22  44.207  -0.1373
  421.2     4.31  44.235  -0.1365
  421.5     4.26  44.263  -0.1383
  421.9     4.25  44.291  -0.1423
  422.2     4.23  44.320  -0.1433
  422.4     4.23  44.349  -0.1413
  422.7     4.25  44.377  -0.1381
  423.0     4.21  44.405  -0.1419
  423.3     4.20  44.432  -0.1378
  423.6     4.25  44.461  -0.1336
  423.8     4.14  44.489  -0.1367
  424.1     4.23  44.517  -0.1331
  424.5     4.21  44.545  -0.1345
  424.7     4.20  44.572  -0.1323
  424.9     4.25  44.600  -0.1328
  425.3     4.25  44.628  -0.1386
  425.5     4.24  44.655  -0.1362
  425.8     4.25  44.682  -0.1409
  426.1     4.26  44.710  -0.1394
  426.4     4.24  44.737  -0.1388
  426.8     4.25  44.764  -0.1372
  427.0     4.22  44.792  -0.1385
  427.2     4.25  44.821  -0.1347
  427.5     4.22  44.849  -0.1343
  427.8     4.26  44.876  -0.1334
  428.2     4.26  44.904  -0.1346
  428.4     4.23  44.932  -0.1338
  428.7     4.34  44.960  -0.1354
  429.0     4.23  44.988  -0.1376
  429.2     4.23  45.016  -0.1330
  429.5     4.26  45.044  -0.1335
  430.0     4.23  45.071  -0.1360
  430.2     4.24  45.100  -0.1344
  430.4     4.12  45.128  -0.1330
  430.7     4.23  45.156  -0.1309
  431.0     4.24  45.184  -0.1306
  431.2     4.20  45.212  -0.1335
  431.4     4.21  45.239  -0.1406
  431.9     4.19  45.267  -0.1319
  432.0     4.21  45.294  -0.1343
  432.4     4.20  45.323  -0.1309
  432.6     4.23  45.351  -0.1328
  433.0     4.25  45.379  -0.1336
  433.2     4.22  45.408  -0.1351
  433.5     4.19  45.435  -0.1385
  433.8     4.25  45.464  -0.1343
  434.1     4.24  45.492  -0.1334
  434.5     4.23  45.519  -0.1360
  434.6     4.19  45.547  -0.1338
  434.9     4.22  45.575  -0.1312
  435.2     4.17  45.605  -0.1319
  435.5     4.17  45.632  -0.1364
  435.8     4.21  45.660  -0.1355
  436.0     4.17  45.688  -0.1339
  436.4     4.20  45.716  -0.1355
  436.7     4.22  45.743  -0.1358
  436.9     4.20  45.771  -0.1374
  437.2     4.26  45.799  -0.1344
  437.6     4.18  45.827  -0.1325
  437.8     4.21  45.855  -0.1342
  438.1     4.19  45.884  -0.1352
  438.3     4.18  45.912  -0.1359
  438.6     4.16  45.941  -0.1382
  438.9     4.16  45.969  -0.1366
  439.2     4.15  45.996  -0.1359
  439.5     4.10  46.024  -0.1374
  439.8     4.16  46.053  -0.1369
  439.9     4.14  46.080  -0.1349
  440.3     4.15  46.109  -0.1341
  440.6     4.16  46.137  -0.1357
  440.8     4.18  46.165  -0.1352
  441.2     4.14  46.193  -0.1347
  441.5     4.16  46.221  -0.1382
  441.8     4.17  46.249  -0.1359
  442.1     4.16  46.277  -0.1361
  442.3     4.15  46.304  -0.1389
  442.6     4.13  46.333  -0.1374
  442.8     4.10  46.361  -0.1355
  443.2     4.18  46.389  -0.1363
  443.4     4.13  46.416  -0.1406
  443.7     4.13  46.444  -0.1395
  444.0     4.09  46.472  -0.1398
  444.3     4.13  46.501  -0.1377
  444.6     4.13  46.528  -0.1388
  444.9     4.12  46.556  -0.1380
  445.2     4.08  46.584  -0.1386
  445.4     4.08  46.611  -0.1372
  445.8     4.09  46.640  -0.1402
  446.0     4.12  46.669  -0.1407
  446.3     4.09  46.697  -0.1416
  446.7     4.12  46.724  -0.1366
  446.9     4.12  46.752  -0.1411
  447.2     4.15  46.780  -0.1408
  447.4     4.08  46.808  -0.1398
  447.7     4.07  46.837  -0.1416
  448.0     4.09  46.865  -0.1415
  448.4     4.09  46.892  -0.1423
  448.6     4.09  46.919  -0.1398
  449.0     4.11  46.947  -0.1405
  449.2     4.12  46.976  -0.1375
  449.5     4.12  47.003  -0.1398
  449.8     4.10  47.032  -0.1422
  450.1     4.11  47.059  -0.1510
  450.3     4.11  47.087  -0.1459
  450.7     4.14  47.115  -0.1476
  450.9     4.12  47.144  -0.1455
  451.2     4.11  47.171  -0.1441
  451.4     4.08  47.199  -0.1439
  451.6     3.96  47.226  -0.1496
  451.9     4.06  47.255  -0.1448
  452.4     4.11  47.283  -0.1465
  452.5     3.97  47.311  -0.1466
  452.8     3.97  47.339  -0.1453
  453.2     4.05  47.367  -0.1416
  453.5     4.08  47.395  -0.1420
  453.7     4.04  47.423  -0.1450
  454.0     4.06  47.451  -0.1429
  454.2     4.02  47.478  -0.1422
  454.4     3.97  47.506  -0.1442
  454.6     3.99  47.533  -0.1431
  455.1     4.02  47.561  -0.1431
  455.4     4.08  47.590  -0.1444
  455.6     3.97  47.618  -0.1456
  455.9     3.98  47.646  -0.1451
  456.3     4.05  47.674  -0.1447
  456.5     4.05  47.702  -0.1455
  456.8     4.08  47.729  -0.1419
  457.0     4.03  47.758  -0.1415
  457.4     4.05  47.786  -0.1402
  457.6     4.08  47.814  -0.1446
  457.8     4.05  47.842  -0.1448
  458.2     4.05  47.870  -0.1421
  458.4     4.06  47.898  -0.1386
  458.8     4.07  47.926  -0.1400
  459.0     4.04  47.954  -0.1412
  459.4     4.08  47.982  -0.1405
  459.5     4.09  48.009  -0.1412
  459.8     4.03  48.037  -0.1395
  460.0     4.02  48.065  -0.1396
  460.5     4.03  48.093  -0.1408
  460.6     4.00  48.121  -0.1400
  460.9     4.04  48.149  -0.1391
  461.2     4.04  48.176  -0.1404
  461.4     4.02  48.205  -0.1412
  461.8     4.01  48.232  -0.1416
  462.0     4.02  48.259  -0.1375
  462.2     4.03  48.286  -0.1378
  462.6     4.02  48.314  -0.1415
  462.8     4.02  48.342  -0.1423
  463.1     4.01  48.369  -0.1429
  463.3     4.03  48.396  -0.1432
  463.7     4.05  48.424  -0.1418
  464.0     4.03  48.453  -0.1432
  464.2     4.00  48.480  -0.1401
  464.5     4.00  48.507  -0.1419
  464.7     4.00  48.535  -0.1419
  465.0     3.97  48.562  -0.1436
  465.3     3.97  48.590  -0.1451
  465.7     3.96  48.618  -0.1489
  465.8     3.99  48.646  -0.1468
  466.1     4.05  48.673  -0.1469
  466.4     4.03  48.701  -0.1443
  466.6     3.99  48.728  -0.1427
  466.9     3.95  48.757  -0.1421
  467.2     3.97  48.784  -0.1432
  467.5     3.99  48.811  -0.1414
  467.9     4.02  48.839  -0.1402
  467.9     3.95  48.867  -0.1419
  468.3     4.01  48.895  -0.1439
  468.6     3.97  48.923  -0.1439
  468.9     3.95  48.952  -0.1455
  469.2     3.96  48.979  -0.1453
  469.5     4.02  49.007  -0.1447
  469.7     3.99  49.035  -0.1444
  469.9     3.96  49.062  -0.1454
  470.2     4.02  49.090  -0.1437
  470.6     3.99  49.118  -0.1435
  470.8     3.98  49.146  -0.1426
  471.1     4.02  49.174  -0.1422
  471.3     3.92  49.201  -0.1437
  471.6     3.96  49.229  -0.1432
  471.9     4.00  49.258  -0.1432
  472.3     3.97  49.285  -0.1455
  472.4     3.96  49.314  -0.1446
  472.7     3.98  49.342  -0.1483
  473.0     3.97  49.370  -0.1482
  473.4     3.99  49.398  -0.1445
  473.6     3.98  49.427  -0.1463
  473.8     3.99  49.454  -0.1447
  474.0     3.95  49.482  -0.1450
  474.4     3.90  49.510  -0.1489
  474.7     3.96  49.538  -0.1464
  474.9     3.95  49.566  -0.1457
  475.2     3.90  49.594  -0.1460
  475.5     3.95  49.622  -0.1439
  475.8     3.93  49.650  -0.1475
  476.1     3.89  49.678  -0.1459
  476.2     3.90  49.706  -0.1455
  476.5     3.91  49.734  -0.1451
  476.8     3.89  49.761  -0.1446
  477.1     3.90  49.789  -0.1456
  477.4     3.91  49.817  -0.1464
  477.7     3.92  49.845  -0.1447
  478.0     3.88  49.872  -0.1461
  478.2     3.81  49.900  -0.1464
  478.6     3.88  49.928  -0.1458
  478.7     3.88  49.956  -0.1496
  479.0     3.89  49.984  -0.1494
  479.3     3.92  50.013  -0.1491
  479.6     3.92  50.040  -0.1487
  479.9     3.86  50.068  -0.1495
  480.1     3.89  50.097  -0.1501
  480.5     3.89  50.124  -0.1512
  480.8     3.88  50.152  -0.1497
  480.9     3.92  50.180  -0.1492
  481.3     3.89  50.207  -0.1503
  481.5     3.87  50.235  -0.1512
  481.9     3.91  50.264  -0.1490
  482.1     3.96  50.292  -0.1481
  482.4     3.88  50.320  -0.1488
  482.7     3.88  50.349  -0.1485
  483.1     3.86  50.379  -0.1469
  483.3     3.83  50.407  -0.1488
  483.4     3.71  50.435  -0.1461
  483.8     3.76  50.464  -0.1482
  484.0     3.79  50.492  -0.1488
  484.3     3.75  50.522  -0.1461
  484.6     3.73  50.550  -0.1484
  485.0     3.82  50.579  -0.1502
  485.2     3.76  50.607  -0.1488
  485.4     3.73  50.635  -0.1511
  485.8     3.74  50.662  -0.1505
  486.0     3.61  50.691  -0.1515
  486.4     3.71  50.720  -0.1502
  486.6     3.72  50.748  -0.1497
  487.0     3.79  50.776  -0.1485
  487.3     3.74  50.804  -0.1497
  487.5     3.75  50.832  -0.1495
  487.8     3.80  50.860  -0.1522
  488.2     3.85  50.888  -0.1495
  488.5     3.87  50.915  -0.1506
  488.7     3.78  50.944  -0.1505
  488.9     3.79  50.971  -0.1496
  489.3     3.83  50.999  -0.1568
  489.5     3.85  51.027  -0.1592
  489.9     3.77  51.054  -0.1529
  490.0     3.78  51.082  -0.1553
  490.3     3.81  51.109  -0.1549
  490.6     3.80  51.138  -0.1567
  490.9     3.79  51.165  -0.1556
  491.2     3.77  51.193  -0.1569
  491.5     3.78  51.221  -0.1558
  491.8     3.80  51.249  -0.1563
  492.0     3.74  51.279  -0.1520
  492.3     3.73  51.308  -0.1501
  492.7     3.78  51.336  -0.1505
  492.9     3.75  51.363  -0.1512
  493.1     3.54  51.391  -0.1490
  493.4     3.74  51.419  -0.1474
  493.7     3.70  51.447  -0.1459
  493.9     3.70  51.474  -0.1474
  494.3     3.66  51.503  -0.1483
  494.5     3.65  51.531  -0.1518
  494.7     3.55  51.559  -0.1481
  495.0     3.61  51.588  -0.1527
  495.4     3.67  51.616  -0.1506
  495.7     3.73  51.643  -0.1529
  496.0     3.75  51.671  -0.1540
  496.3     3.76  51.698  -0.1531
  496.6     3.73  51.726  -0.1542
  496.8     3.77  51.754  -0.1569
  497.1     3.73  51.782  -0.1533
  497.5     3.79  51.809  -0.1557
  497.7     3.82  51.837  -0.1569
  498.0     3.85  51.864  -0.1565
  498.3     3.84  51.892  -0.1551
  498.6     3.83  51.920  -0.1545
  498.9     3.86  51.948  -0.1578
  499.1     3.81  51.977  -0.1551
  499.5     3.80  52.004  -0.1572
  499.6     3.77  52.032  -0.1589
  499.8     3.79  52.060  -0.1596
  500.2     3.77  52.089  -0.1582
  500.6     3.69  52.118  -0.1616
  500.7     3.75  52.146  -0.1592
  501.1     3.79  52.174  -0.1547
  501.4     3.82  52.201  -0.1604
  501.7     3.75  52.229  -0.1552
  501.8     3.69  52.257  -0.1542
  502.1     3.68  52.285  -0.1565
  502.2     3.72  52.313  -0.1553
  502.7     3.70  52.341  -0.1553
  502.9     3.68  52.368  -0.1616
  503.2     3.70  52.396  -0.1558
  503.6     3.73  52.425  -0.1559
  503.8     3.72  52.453  -0.1577
  504.1     3.70  52.481  -0.1559
  504.4     3.73  52.508  -0.1590
  504.8     3.84  52.536  -0.1576
  505.0     3.80  52.565  -0.1541
  505.3     3.78  52.592  -0.1499
  505.7     3.82  52.620  -0.1553
  506.0     3.78  52.648  -0.1600
  506.2     3.80  52.675  -0.1596
  506.5     3.78  52.704  -0.1568
  506.8     3.78  52.732  -0.1572
  507.2     3.74  52.760  -0.1563
  507.4     3.84  52.788  -0.1570
  507.8     3.86  52.816  -0.1619
  507.9     3.78  52.843  -0.1624
  508.1     3.72  52.871  -0.1573
  508.2     3.66  52.898  -0.1560
  508.7     3.64  52.927  -0.1557
  508.9     3.71  52.956  -0.1556
  509.2     3.72  52.985  -0.1563
  509.6     3.83  53.013  -0.1574
  509.9     3.81  53.041  -0.1587
  510.2     3.84  53.069  -0.1560
  510.5     3.82  53.097  -0.1561
  510.8     3.84  53.125  -0.1535
  511.1     3.79  53.153  -0.1557
  511.3     3.78  53.180  -0.1556
  511.6     3.76  53.208  -0.1551
  512.0     3.78  53.236  -0.1580
  512.2     3.83  53.265  -0.1572
  512.6     3.79  53.292  -0.1571
  512.8     3.86  53.320  -0.1561
  513.1     3.79  53.348  -0.1570
  513.4     3.76  53.377  -0.1603
  513.7     3.86  53.405  -0.1620
  513.9     3.81  53.433  -0.1622
  514.2     3.82  53.462  -0.1594
  514.6     3.81  53.490  -0.1599
  514.7     3.79  53.518  -0.1667
  515.1     3.81  53.546  -0.1641
  515.4     3.78  53.574  -0.1628
  515.6     3.82  53.603  -0.1639
  515.9     3.77  53.630  -0.1646
  516.2     3.73  53.657  -0.1663
  516.5     3.79  53.685  -0.1670
  516.8     3.86  53.713  -0.1651
  517.1     3.80  53.740  -0.1679
  517.5     3.88  53.768  -0.1610
  517.7     3.81  53.796  -0.1629
  518.1     3.87  53.823  -0.1646
  518.4     3.88  53.852  -0.1647
  518.7     3.91  53.880  -0.1648
  519.0     3.87  53.908  -0.1695
  519.3     3.91  53.936  -0.1673
  519.6     3.91  53.964  -0.1658
  519.7     3.83  53.991  -0.1640
  520.0     3.81  54.019  -0.1627
  520.3     3.84  54.046  -0.1571
  520.5     3.73  54.074  -0.1561
  520.9     3.89  54.102  -0.1575
  521.1     3.89  54.130  -0.1563
  521.5     3.86  54.158  -0.1543
  521.8     3.87  54.185  -0.1554
  522.0     3.84  54.213  -0.1535
  522.2     3.86  54.241  -0.1488
  522.6     3.86  54.269  -0.1536
  522.8     3.88  54.296  -0.1523
  523.0     3.82  54.325  -0.1564
  523.4     3.79  54.352  -0.1583
  523.8     3.90  54.379  -0.1630
  524.0     3.83  54.407  -0.1586
  524.2     3.79  54.435  -0.1550
  524.6     3.83  54.463  -0.1475
  524.8     3.94  54.491  -0.1491
  525.1     3.82  54.519  -0.1547
  525.4     3.87  54.549  -0.1587
  525.6     3.87  54.578  -0.1598
  525.9     3.79  54.605  -0.1620
  526.2     3.80  54.633  -0.1596
  526.4     3.82  54.661  -0.1672
  526.8     3.84  54.689  -0.1709
  527.0     3.83  54.718  -0.1693
  527.2     3.76  54.746  -0.1635
  527.5     3.83  54.774  -0.1559
  527.8     3.87  54.802  -0.1585
  528.2     3.77  54.832  -0.1578
  528.5     3.85  54.859  -0.1600
  528.7     3.84  54.887  -0.1570
  529.0     3.79  54.915  -0.1600
  529.3     3.85  54.943  -0.1675
  529.7     3.84  54.970  -0.1678
  529.9     3.85  54.998  -0.1682
  530.2     3.82  55.026  -0.1687
  530.4     3.83  55.054  -0.1683
  530.7     3.81  55.081  -0.1658
  531.0     3.82  55.109  -0.1630
  531.3     3.80  55.137  -0.1634
  531.5     3.82  55.164  -0.1672
  531.7     3.80  55.192  -0.1646
  532.1     3.81  55.220  -0.1664
  532.3     3.77  55.248  -0.1672
  532.7     3.78  55.276  -0.1666
  533.0     3.80  55.303  -0.1708
  533.3     3.80  55.332  -0.1727
  533.4     3.77  55.360  -0.1767
  533.7     3.75  55.389  -0.1705
  534.1     3.77  55.417  -0.1681
  534.4     3.79  55.445  -0.1673
  534.6     3.73  55.473  -0.1651
  535.0     3.75  55.500  -0.1655
  535.3     3.78  55.528  -0.1660
  535.4     3.75  55.555  -0.1666
  535.7     3.74  55.584  -0.1684
  536.0     3.76  55.612  -0.1672
  536.3     3.79  55.639  -0.1687
  536.6     3.79  55.668  -0.1641
  536.9     3.77  55.696  -0.1616
  537.3     3.79  55.724  -0.1631
  537.6     3.77  55.752  -0.1641
  537.9     3.75  55.780  -0.1642
  538.0     3.75  55.808  -0.1647
  538.4     3.75  55.835  -0.1602
  538.7     3.76  55.863  -0.1590
  539.0     3.74  55.891  -0.1581
  539.3     3.78  55.919  -0.1582
  539.4     3.77  55.947  -0.1566
  540.0     3.76  55.976  -0.1550
  540.1     3.80  56.003  -0.1552
  540.4     3.75  56.031  -0.1595
  540.7     3.77  56.059  -0.1577
  540.9     3.79  56.087  -0.1573
  541.3     3.79  56.115  -0.1564
  541.5     3.75  56.142  -0.1558
  541.8     3.75  56.171  -0.1615
  542.2     3.78  56.200  -0.1633
  542.4     3.78  56.227  -0.1621
  542.6     3.76  56.255  -0.1629
  543.0     3.77  56.284  -0.1644
  543.2     3.78  56.311  -0.1664
  543.5     3.76  56.340  -0.1653
  543.8     3.80  56.367  -0.1624
  544.1     3.84  56.395  -0.1644
  544.4     3.78  56.422  -0.1645
  544.6     3.81  56.449  -0.1650
  544.9     3.82  56.477  -0.1666
  545.3     3.80  56.504  -0.1688
  545.6     3.80  56.532  -0.1666
  545.9     3.79  56.559  -0.1673
  546.1     3.75  56.588  -0.1686
  546.3     3.80  56.615  -0.1646
  546.7     3.81  56.642  -0.1640
  547.0     3.76  56.670  -0.1664
  547.2     3.76  56.699  -0.1651
  547.4     3.78  56.728  -0.1681
  547.8     3.77  56.757  -0.1688
  548.1     3.78  56.785  -0.1664
  548.4     3.72  56.813  -0.1655
  548.7     3.72  56.840  -0.1670
  548.9     3.76  56.867  -0.1659
  549.3     3.78  56.895  -0.1650
  549.5     3.73  56.923  -0.1648
  549.7     3.75  56.952  -0.1657
  550.1     3.71  56.980  -0.1659
  550.3     3.72  57.009  -0.1644
  550.6     3.75  57.037  -0.1661
  551.1     3.79  57.064  -0.1656
  551.3     3.76  57.093  -0.1659
  551.5     3.77  57.120  -0.1686
  551.7     3.77  57.148  -0.1715
  552.1     3.73  57.176  -0.1679
  552.4     3.74  57.203  -0.1648
  552.6     3.77  57.231  -0.1653
  552.9     3.78  57.259  -0.1681
  553.2     3.74  57.287  -0.1644
  553.5     3.70  57.315  -0.1644
  553.8     3.75  57.344  -0.1668
  554.1     3.74  57.372  -0.1668
  554.3     3.73  57.400  -0.1688
  554.6     3.77  57.428  -0.1699
  554.9     3.73  57.455  -0.1740
  555.1     3.71  57.483  -0.1676
  555.5     3.71  57.511  -0.1690
  555.8     3.72  57.539  -0.1708
  555.9     3.72  57.566  -0.1718
  556.3     3.73  57.594  -0.1677
  556.5     3.73  57.622  -0.1682
  556.8     3.77  57.650  -0.1666
  557.1     3.73  57.678  -0.1696
  557.3     3.68  57.706  -0.1710
  557.6     3.69  57.733  -0.1712
  558.0     3.74  57.761  -0.1703
  558.2     3.72  57.790  -0.1729
  558.5     3.70  57.818  -0.1728
  558.7     3.74  57.846  -0.1727
  559.0     3.71  57.874  -0.1726
  559.2     3.69  57.901  -0.1736
  559.5     3.76  57.929  -0.1709
  559.8     3.76  57.957  -0.1704
  560.3     3.76  57.984  -0.1719
  560.4     3.76  58.012  -0.1715
  560.7     3.77  58.040  -0.1721
  560.9     3.76  58.068  -0.1742
  561.4     3.76  58.095  -0.1760
  561.5     3.73  58.124  -0.1753
  561.8     3.70  58.151  -0.1748
  562.0     3.73  58.179  -0.1763
  562.3     3.71  58.208  -0.1745
  562.6     3.68  58.236  -0.1767
  562.8     3.74  58.264  -0.1761
  563.1     3.68  58.292  -0.1728
  563.4     3.68  58.320  -0.1761
  563.7     3.69  58.348  -0.1733
  563.9     3.71  58.376  -0.1737
  564.1     3.65  58.405  -0.1759
  564.4     3.70  58.433  -0.1791
  564.7     3.66  58.461  -0.1792
  565.0     3.65  58.489  -0.1724
  565.3     3.65  58.516  -0.1775
  565.6     3.67  58.545  -0.1764
  565.7     3.69  58.573  -0.1726
  566.1     3.67  58.601  -0.1753
  566.3     3.61  58.629  -0.1739
  566.6     3.65  58.657  -0.1733
  566.9     3.61  58.684  -0.1726
  567.0     3.61  58.712  -0.1747
  567.4     3.64  58.740  -0.1759
  567.6     3.58  58.767  -0.1754
  568.0     3.62  58.795  -0.1737
  568.2     3.65  58.823  -0.1741
  568.6     3.65  58.852  -0.1742
  568.7     3.65  58.879  -0.1752
  569.2     3.59  58.907  -0.1782
  569.5     3.63  58.934  -0.1771
  569.7     3.67  58.962  -0.1743
  569.9     3.60  58.989  -0.1776
  570.3     3.61  59.017  -0.1753
  570.5     3.64  59.045  -0.1732
  570.7     3.59  59.073  -0.1752
  571.0     3.57  59.101  -0.1783
  571.3     3.59  59.130  -0.1819
  571.7     3.63  59.158  -0.1818
  571.8     3.64  59.186  -0.1812
  572.1     3.60  59.213  -0.1810
  572.3     3.66  59.241  -0.1790
  572.6     3.66  59.269  -0.1825
  573.0     3.66  59.297  -0.1844
  573.2     3.66  59.326  -0.1811
  573.6     3.68  59.355  -0.1832
  573.9     3.70  59.383  -0.1799
  574.2     3.67  59.410  -0.1858
  574.3     3.70  59.439  -0.1851
  574.6     3.66  59.467  -0.1853
  575.0     3.68  59.497  -0.1871
  575.2     3.63  59.524  -0.1849
  575.5     3.65  59.551  -0.1905
  575.7     3.65  59.580  -0.1881
  576.1     3.66  59.608  -0.1879
  576.4     3.67  59.636  -0.1848
  576.6     3.64  59.665  -0.1818
  576.9     3.67  59.693  -0.1809
  577.2     3.72  59.721  -0.1854
  577.4     3.61  59.749  -0.1842
  577.8     3.67  59.778  -0.1827
  578.0     3.72  59.806  -0.1823
  578.3     3.70  59.835  -0.1808
  578.7     3.66  59.862  -0.1826
  578.9     3.74  59.890  -0.1872
  579.3     3.71  59.917  -0.1854
  579.4     3.69  59.946  -0.1864
  579.5     3.67  59.975  -0.1844
  580.0     3.66  60.002  -0.1842
  580.3     3.70  60.030  -0.1843
  580.6     3.78  60.058  -0.1839
  580.9     3.79  60.085  -0.1825
  581.1     3.76  60.113  -0.1832
  581.3     3.79  60.141  -0.1825
  581.7     3.78  60.170  -0.1864
  582.0     3.81  60.197  -0.1798
  582.1     3.79  60.225  -0.1858
  582.4     3.74  60.254  -0.1871
  582.7     3.74  60.282  -0.1849
  583.0     3.80  60.310  -0.1845
  583.2     3.79  60.339  -0.1878
  583.5     3.78  60.366  -0.1883
  583.8     3.75  60.394  -0.1910
  584.0     3.76  60.422  -0.1891
  584.3     3.73  60.450  -0.1874
  584.5     3.77  60.477  -0.1897
  584.8     3.77  60.507  -0.1918
  585.1     3.76  60.535  -0.1885
  585.4     3.72  60.563  -0.1914
  585.6     3.74  60.592  -0.1902
  585.9     3.75  60.620  -0.1874
  586.2     3.71  60.648  -0.1892
  586.5     3.74  60.676  -0.1864
  586.7     3.71  60.704  -0.1838
  586.9     3.69  60.731  -0.1829
  587.3     3.71  60.759  -0.1844
  587.6     3.73  60.788  -0.1846
  587.7     3.74  60.816  -0.1838
  588.1     3.73  60.844  -0.1861
  588.3     3.70  60.872  -0.1850
  588.6     3.70  60.900  -0.1858
  589.0     3.68  60.929  -0.1840
  589.2     3.67  60.958  -0.1835
  589.5     3.70  60.986  -0.1842
  589.9     3.75  61.014  -0.1844
  590.1     3.65  61.042  -0.1855
  590.4     3.66  61.071  -0.1820
  590.6     3.68  61.098  -0.1821
  590.9     3.71  61.126  -0.1841
  591.2     3.71  61.154  -0.1854
  591.5     3.70  61.181  -0.1849
  591.7     3.70  61.209  -0.1816
  592.0     3.68  61.237  -0.1817
  592.3     3.73  61.266  -0.1837
  592.5     3.67  61.293  -0.1844
  592.8     3.72  61.322  -0.1834
  593.1     3.73  61.350  -0.1783
  593.5     3.73  61.378  -0.1777
  593.7     3.75  61.405  -0.1789
  594.0     3.79  61.434  -0.1754
  594.3     3.73  61.462  -0.1788
  594.5     3.75  61.490  -0.1798
  594.9     3.77  61.517  -0.1805
  595.2     3.81  61.545  -0.1815
  595.4     3.76  61.574  -0.1814
  595.7     3.81  61.601  -0.1824
  596.0     3.78  61.630  -0.1823
  596.2     3.69  61.663  -0.1844
  596.5     3.66  61.692  -0.1862
  596.8     3.67  61.719  -0.1889
  597.2     3.70  61.753  -0.1881
  597.4     3.72  61.781  -0.1850
  597.6     3.72  61.808  -0.1863
  598.0     3.69  61.846  -0.1903
  598.3     3.67  61.873  -0.1892
  598.5     3.70  61.900  -0.1925
  598.9     3.66  61.928  -0.1886
  599.2     3.78  61.955  -0.1891
  599.6     3.86  61.982  -0.1879
  599.7     3.77  62.009  -0.1888
  600.0     3.83  62.037  -0.1860
  600.3     3.71  62.065  -0.1897
