   15.5     7.72   0.027   0.0016
   15.7     7.71   0.054   0.0010
   15.8     7.68   0.081   0.0065
   15.7     7.64   0.107   0.0042
   15.7     7.56   0.134   0.0048
   15.7     7.50   0.160   0.0004
   15.8     7.38   0.187   0.0004
   15.7     7.30   0.213   0.0013
   15.6     7.23   0.240   0.0024
   15.6     7.19   0.267   0.0014
   15.7     7.16   0.293   0.0046
   15.7     7.04   0.320   0.0026
   15.7     6.96   0.346  -0.0011
   15.8     6.96   0.372  -0.0035
   15.7     6.97   0.399  -0.0007
   15.7     6.86   0.425  -0.0004
   15.7     6.76   0.452  -0.0037
   15.7     6.76   0.478   0.0008
   15.8     6.72   0.505   0.0025
   15.7     6.62   0.532   0.0072
   15.8     6.62   0.559   0.0084
   15.9     6.57   0.585   0.0103
   15.8     6.53   0.612   0.0112
   15.7     6.49   0.638   0.0109
   15.8     6.42   0.665   0.0109
   15.8     6.38   0.691   0.0088
   15.8     6.25   0.718   0.0102
   15.6     6.19   0.744   0.0091
   15.7     6.18   0.771   0.0092
   15.9     6.19   0.798   0.0086
   15.8     6.20   0.824   0.0099
   15.8     6.12   0.851   0.0099
   15.9     6.08   0.877   0.0083
   15.9     6.04   0.904   0.0082
   15.9     5.99   0.931   0.0086
   15.9     5.96   0.957   0.0070
   15.9     5.88   0.984   0.0089
   15.8     5.78   1.010   0.0061
   15.8     5.80   1.037   0.0086
   15.9     5.76   1.064   0.0062
   15.8     5.70   1.091   0.0041
   15.8     5.62   1.117   0.0057
   16.0     5.57   1.144   0.0067
   15.9     5.54   1.170   0.0033
   15.9     5.52   1.197   0.0049
   15.9     5.45   1.224   0.0065
   15.9     5.35   1.251   0.0048
   15.9     5.39   1.277   0.0089
   15.8     5.34   1.304   0.0091
   15.9     5.27   1.330   0.0123
   15.9     5.27   1.357   0.0152
   15.9     5.22   1.383   0.0156
   15.8     5.19   1.410   0.0155
   15.9     5.16   1.437   0.0142
   15.9     5.11   1.463   0.0105
   15.9     5.06   1.490   0.0107
   15.9     5.07   1.517   0.0091
   15.9     5.04   1.544   0.0099
   15.9     5.00   1.571   0.0079
   15.8     4.89   1.597   0.0089
   15.9     4.91   1.624   0.0084
   15.9     4.81   1.650   0.0085
   15.9     4.75   1.677   0.0098
   15.9     4.79   1.703   0.0095
   15.9     4.73   1.730   0.0106
   15.9     4.70   1.757   0.0119
   15.9     4.62   1.783   0.0104
   15.9     4.62   1.810   0.0069
   15.8     4.52   1.836   0.0040
   15.9     4.50   1.863   0.0070
   15.8     4.51   1.889   0.0075
   15.9     4.43   1.915   0.0035
   15.8     4.50   1.942   0.0024
   15.9     4.42   1.969   0.0057
   15.9     4.35   1.995   0.0037
   15.9     4.34   2.022   0.0011
   15.9     4.37   2.049   0.0016
   15.9     4.24   2.076   0.0020
   15.9     4.27   2.103   0.0015
   16.0     4.27   2.129   0.0032
   15.9     4.20   2.155   0.0040
   15.8     4.06   2.182   0.0012
   16.0     4.21   2.209   0.0038
   15.9     4.11   2.235   0.0017
   15.9     4.12   2.262   0.0047
   16.0     4.11   2.289   0.0030
   15.9     4.15   2.315   0.0025
   16.1     4.02   2.342   0.0008
   16.0     3.91   2.369   0.0008
   15.9     3.94   2.396   0.0036
   16.0     4.01   2.423   0.0060
   16.1     3.95   2.449   0.0065
   16.0     3.88   2.476   0.0058
   15.9     3.91   2.502   0.0047
   16.1     3.94   2.529   0.0054
   16.1     3.93   2.556   0.0056
   16.1     3.93   2.583   0.0054
   16.2     3.92   2.609   0.0037
   16.1     3.86   2.636   0.0060
   16.1     3.84   2.662   0.0084
   16.2     3.82   2.689   0.0078
   16.1     3.81   2.716   0.0026
   16.1     3.82   2.742   0.0048
   16.2     3.80   2.770   0.0045
   16.2     3.75   2.796   0.0043
   16.2     3.77   2.823   0.0054
   16.2     3.74   2.850   0.0070
   16.2     3.75   2.877   0.0066
   16.3     3.73   2.904   0.0086
   16.4     3.72   2.930   0.0082
   16.4     3.71   2.956   0.0065
   16.4     3.68   2.983   0.0046
   16.3     3.63   3.009   0.0041
   16.4     3.64   3.036   0.0051
   16.5     3.72   3.064   0.0085
   16.5     3.68   3.091   0.0056
   16.4     3.61   3.117   0.0049
   16.5     3.58   3.144   0.0020
   16.5     3.57   3.171   0.0014
   16.5     3.60   3.198   0.0040
   16.6     3.54   3.225   0.0060
   16.6     3.56   3.252   0.0055
   16.6     3.55   3.279   0.0010
   16.8     3.55   3.306   0.0012
   16.8     3.53   3.333   0.0047
   16.8     3.54   3.359   0.0043
   16.8     3.55   3.386   0.0038
   16.9     3.54   3.413   0.0043
   17.0     3.55   3.439   0.0048
   16.9     3.49   3.466   0.0041
   16.9     3.45   3.493   0.0021
   17.1     3.48   3.520   0.0044
   17.1     3.54   3.547   0.0043
   17.2     3.58   3.573   0.0049
   17.2     3.43   3.600   0.0097
   17.2     3.42   3.627   0.0066
   17.3     3.46   3.654   0.0044
   17.3     3.50   3.681   0.0102
   17.3     3.48   3.708   0.0130
   17.5     3.44   3.735   0.0140
   17.5     3.44   3.762   0.0140
   17.6     3.42   3.789   0.0117
   17.6     3.40   3.815   0.0126
   17.7     3.44   3.842   0.0100
   17.9     3.45   3.869   0.0087
   18.0     3.42   3.895   0.0098
   18.0     3.46   3.922   0.0113
   18.1     3.38   3.949   0.0096
   17.9     3.37   3.975   0.0094
   18.1     3.39   4.002   0.0104
   18.2     3.40   4.029   0.0124
   18.3     3.45   4.055   0.0142
   18.4     3.41   4.082   0.0091
   18.6     3.43   4.109   0.0085
   18.6     3.46   4.137   0.0071
   18.7     3.44   4.164   0.0119
   18.8     3.41   4.191   0.0147
   19.0     3.47   4.217   0.0119
   19.0     3.43   4.245   0.0150
   19.1     3.48   4.272   0.0130
   19.2     3.43   4.299   0.0109
   19.3     3.44   4.326   0.0121
   19.5     3.49   4.353   0.0125
   19.6     3.49   4.379   0.0148
   19.6     3.45   4.406   0.0140
   19.8     3.50   4.433   0.0155
   19.9     3.52   4.460   0.0130
   20.1     3.49   4.486   0.0151
   20.1     3.45   4.514   0.0113
   20.3     3.46   4.541   0.0128
   20.5     3.54   4.567   0.0144
   20.5     3.55   4.594   0.0143
   20.6     3.50   4.621   0.0132
   20.8     3.42   4.648   0.0140
   20.9     3.52   4.676   0.0156
   21.0     3.54   4.703   0.0170
   21.2     3.53   4.730   0.0146
   21.3     3.55   4.757   0.0174
   21.4     3.52   4.786   0.0208
   21.6     3.52   4.813   0.0170
   21.7     3.57   4.839   0.0170
   21.9     3.59   4.866   0.0185
   22.0     3.59   4.892   0.0159
   22.1     3.52   4.920   0.0150
   22.3     3.53   4.947   0.0127
   22.4     3.58   4.974   0.0134
   22.5     3.61   5.001   0.0122
   22.8     3.58   5.028   0.0163
   22.9     3.61   5.054   0.0148
   23.0     3.63   5.082   0.0151
   23.2     3.59   5.109   0.0162
   23.4     3.60   5.136   0.0149
   23.5     3.58   5.162   0.0153
   23.7     3.63   5.189   0.0144
   23.8     3.59   5.216   0.0173
   24.0     3.60   5.242   0.0177
   24.1     3.63   5.270   0.0187
   24.3     3.71   5.296   0.0167
   24.5     3.71   5.323   0.0177
   24.7     3.66   5.349   0.0210
   24.8     3.62   5.376   0.0183
   24.9     3.60   5.403   0.0193
   25.1     3.56   5.429   0.0205
   25.3     3.57   5.456   0.0201
   25.5     3.63   5.483   0.0190
   25.7     3.67   5.509   0.0182
   25.9     3.71   5.536   0.0178
   26.0     3.65   5.563   0.0191
   26.1     3.65   5.590   0.0173
   26.3     3.62   5.617   0.0164
   26.5     3.65   5.644   0.0181
   26.8     3.75   5.671   0.0164
   27.1     3.70   5.697   0.0180
   27.2     3.73   5.723   0.0130
   27.4     3.72   5.750   0.0131
   27.6     3.77   5.777   0.0133
   27.7     3.71   5.804   0.0126
   27.9     3.67   5.831   0.0140
   28.1     3.75   5.858   0.0135
   28.3     3.81   5.885   0.0174
   28.6     3.86   5.912   0.0171
   28.8     3.84   5.939   0.0166
   29.0     3.85   5.966   0.0191
   29.2     3.86   5.993   0.0156
   29.2     3.73   6.020   0.0161
   29.7     3.78   6.047   0.0242
   29.9     3.83   6.074   0.0192
   29.9     3.64   6.101   0.0317
   29.9     3.56   6.127   0.0195
   30.2     3.64   6.154   0.0164
   30.5     3.66   6.181   0.0167
   30.6     3.70   6.208   0.0215
   31.0     3.79   6.235   0.0176
   31.2     3.79   6.262   0.0132
   31.4     3.82   6.289   0.0150
   31.5     3.82   6.316   0.0170
   31.8     3.82   6.342   0.0148
   32.1     3.88   6.369   0.0115
   32.3     3.88   6.396   0.0096
   32.5     3.84   6.422   0.0126
   32.7     3.82   6.450   0.0150
   32.8     3.80   6.477   0.0087
   33.1     3.82   6.504   0.0124
   33.4     3.82   6.531   0.0168
   33.6     3.86   6.558   0.0182
   33.8     3.87   6.585   0.0200
   34.1     3.83   6.612   0.0174
   34.1     3.81   6.639   0.0150
   34.3     3.83   6.666   0.0175
   34.6     3.92   6.693   0.0256
   35.0     3.88   6.720   0.0227
   35.1     3.90   6.747   0.0202
   35.4     3.95   6.774   0.0196
   35.6     3.93   6.801   0.0231
   35.7     3.91   6.827   0.0203
   35.9     3.84   6.854   0.0225
   36.2     3.92   6.882   0.0243
   36.5     3.85   6.909   0.0243
   36.7     3.93   6.936   0.0237
   37.0     3.96   6.963   0.0178
   37.1     3.94   6.990   0.0153
   37.3     3.94   7.017   0.0179
   37.5     3.80   7.044   0.0194
   37.8     3.88   7.071   0.0195
   37.9     3.78   7.098   0.0183
   38.3     3.84   7.125   0.0207
   38.5     3.84   7.152   0.0195
   38.8     3.87   7.179   0.0214
   39.0     3.89   7.205   0.0170
   39.1     3.80   7.232   0.0191
   39.4     3.86   7.259   0.0203
   39.8     3.95   7.286   0.0215
   40.0     3.99   7.313   0.0215
   40.3     3.99   7.340   0.0196
   40.6     4.04   7.367   0.0215
   40.7     4.06   7.394   0.0249
   41.1     4.02   7.421   0.0239
   41.2     4.10   7.448   0.0208
   41.5     4.10   7.475   0.0235
   41.8     4.11   7.502   0.0230
   42.0     4.12   7.529   0.0223
   42.2     4.09   7.556   0.0286
   42.3     4.07   7.583   0.0248
   42.7     4.03   7.610   0.0251
   42.9     4.07   7.637   0.0239
   43.2     4.08   7.664   0.0238
   43.5     4.11   7.691   0.0258
   43.7     4.15   7.718   0.0245
   44.0     4.12   7.745   0.0255
   44.3     4.20   7.772   0.0292
   44.5     4.25   7.799   0.0298
   44.8     4.19   7.826   0.0284
   45.0     4.19   7.853   0.0260
   45.2     4.21   7.879   0.0260
   45.5     4.21   7.906   0.0257
   45.8     4.29   7.933   0.0264
   45.9     4.26   7.960   0.0307
   46.2     4.25   7.987   0.0313
   46.4     4.30   8.014   0.0330
   46.7     4.25   8.040   0.0303
   47.0     4.30   8.067   0.0279
   47.4     4.34   8.094   0.0256
   47.5     4.27   8.121   0.0256
   47.7     4.32   8.147   0.0290
   48.0     4.26   8.174   0.0283
   48.2     4.30   8.201   0.0307
   48.3     4.27   8.228   0.0275
   48.6     4.26   8.255   0.0278
   48.9     4.31   8.282   0.0291
   49.2     4.32   8.308   0.0226
   49.4     4.29   8.335   0.0224
   49.5     4.31   8.362   0.0236
   49.9     4.37   8.389   0.0250
   50.1     4.33   8.416   0.0239
   50.5     4.35   8.442   0.0269
   50.8     4.42   8.469   0.0280
   51.1     4.41   8.496   0.0279
   51.2     4.39   8.524   0.0285
   51.3     4.28   8.551   0.0298
   51.7     4.40   8.577   0.0269
   51.9     4.36   8.604   0.0267
   52.2     4.41   8.632   0.0276
   52.5     4.42   8.658   0.0280
   52.8     4.48   8.685   0.0280
   53.1     4.47   8.712   0.0307
   53.2     4.36   8.739   0.0270
   53.5     4.32   8.766   0.0289
   53.7     4.43   8.793   0.0246
   54.0     4.48   8.820   0.0232
   54.2     4.41   8.847   0.0261
   54.5     4.47   8.873   0.0237
   54.7     4.53   8.900   0.0256
   55.0     4.54   8.927   0.0263
   55.3     4.58   8.954   0.0293
   55.5     4.51   8.981   0.0322
   55.8     4.59   9.008   0.0321
   56.2     4.64   9.035   0.0296
   56.5     4.66   9.062   0.0296
   56.7     4.66   9.089   0.0282
   56.9     4.68   9.115   0.0272
   57.2     4.68   9.142   0.0277
   57.5     4.74   9.169   0.0275
   57.7     4.67   9.196   0.0294
   58.0     4.67   9.223   0.0281
   58.2     4.60   9.250   0.0289
   58.4     4.67   9.277   0.0302
   58.7     4.70   9.304   0.0324
   59.1     4.74   9.331   0.0361
   59.4     4.70   9.358   0.0343
   59.6     4.71   9.385   0.0346
   59.7     4.71   9.412   0.0333
   60.1     4.65   9.439   0.0346
   60.3     4.67   9.465   0.0343
   60.6     4.74   9.492   0.0307
   60.8     4.71   9.520   0.0317
   61.1     4.69   9.547   0.0295
   61.3     4.71   9.573   0.0324
   61.5     4.75   9.601   0.0290
   61.8     4.73   9.628   0.0282
   62.1     4.73   9.655   0.0289
   62.3     4.69   9.682   0.0281
   62.6     4.71   9.709   0.0290
   62.8     4.73   9.735   0.0312
   63.1     4.79   9.762   0.0346
   63.4     4.78   9.789   0.0326
   63.7     4.72   9.816   0.0327
   63.9     4.74   9.843   0.0316
   64.1     4.75   9.870   0.0321
   64.5     4.76   9.897   0.0317
   64.7     4.76   9.925   0.0329
   65.0     4.77   9.952   0.0307
   65.3     4.82   9.979   0.0306
   65.6     4.81  10.006   0.0355
   65.9     4.81  10.033   0.0329
   66.1     4.80  10.060   0.0326
   66.4     4.86  10.086   0.0322
   66.6     4.89  10.113   0.0313
   66.8     4.87  10.139   0.0335
   67.2     4.86  10.166   0.0308
   67.4     4.81  10.192   0.0301
   67.6     4.88  10.219   0.0305
   67.9     4.89  10.246   0.0318
   68.2     4.93  10.273   0.0314
   68.5     4.88  10.299   0.0282
   68.7     4.89  10.326   0.0273
   68.9     4.91  10.353   0.0308
   69.2     4.92  10.380   0.0328
   69.5     4.89  10.406   0.0305
   69.7     4.91  10.433   0.0291
   70.0     4.92  10.460   0.0266
   70.1     4.93  10.486   0.0263
   70.6     4.94  10.514   0.0248
   70.9     4.89  10.540   0.0280
   71.1     4.90  10.567   0.0298
   71.2     4.90  10.594   0.0287
   71.8     4.98  10.620   0.0317
   71.8     4.98  10.647   0.0344
   72.2     4.99  10.673   0.0313
   72.4     4.96  10.700   0.0314
   72.6     4.90  10.727   0.0315
   72.8     4.95  10.754   0.0309
   73.1     4.90  10.781   0.0307
   73.4     4.89  10.807   0.0303
   73.7     4.91  10.834   0.0296
   73.9     4.90  10.860   0.0300
   74.1     4.94  10.887   0.0302
   74.5     4.99  10.914   0.0293
   74.7     4.89  10.941   0.0297
   75.0     4.96  10.967   0.0313
   75.3     4.96  10.994   0.0295
   75.6     4.95  11.021   0.0298
   75.8     4.91  11.048   0.0309
   75.9     4.92  11.075   0.0297
   76.3     4.89  11.102   0.0340
   76.5     4.89  11.128   0.0335
   76.8     4.92  11.155   0.0330
   77.0     4.94  11.182   0.0330
   77.4     4.94  11.209   0.0303
   77.6     4.93  11.236   0.0318
   77.8     4.93  11.262   0.0321
   78.0     4.88  11.289   0.0259
   78.3     4.89  11.316   0.0318
   78.6     4.85  11.342   0.0341
   78.9     4.89  11.369   0.0359
   79.2     4.93  11.396   0.0344
   79.6     4.97  11.423   0.0318
   79.7     4.92  11.450   0.0309
   79.9     4.94  11.477   0.0313
   80.2     4.92  11.503   0.0325
   80.5     4.92  11.530   0.0343
   80.8     4.92  11.557   0.0346
   81.0     4.88  11.584   0.0326
   81.2     4.90  11.611   0.0347
   81.6     4.89  11.637   0.0347
   81.8     4.94  11.664   0.0330
   82.1     4.94  11.691   0.0342
   82.2     4.95  11.717   0.0352
   82.6     4.97  11.745   0.0337
   82.9     4.92  11.772   0.0319
   83.2     4.91  11.798   0.0329
   83.4     4.90  11.825   0.0340
   83.7     4.92  11.852   0.0333
   83.9     4.85  11.879   0.0338
   84.3     4.93  11.905   0.0330
   84.4     4.90  11.933   0.0320
   84.7     4.88  11.960   0.0332
   84.9     4.88  11.986   0.0352
   85.3     4.91  12.013   0.0369
   85.6     4.94  12.040   0.0385
   85.8     4.88  12.067   0.0350
   86.0     4.84  12.094   0.0358
   86.4     4.85  12.121   0.0338
   86.5     4.85  12.148   0.0356
   86.8     4.90  12.174   0.0353
   87.1     4.84  12.201   0.0345
   87.5     4.87  12.228   0.0398
   87.6     4.84  12.255   0.0387
   87.9     4.87  12.282   0.0408
   88.1     4.84  12.308   0.0373
   88.4     4.84  12.335   0.0378
   88.7     4.86  12.363   0.0366
   89.0     4.85  12.389   0.0328
   89.2     4.87  12.416   0.0321
   89.5     4.85  12.443   0.0344
   89.7     4.86  12.470   0.0302
   90.1     4.86  12.497   0.0288
   90.3     4.81  12.524   0.0288
   90.4     4.75  12.551   0.0258
   90.8     4.78  12.578   0.0286
   91.1     4.86  12.605   0.0263
   91.4     4.88  12.632   0.0277
   91.6     4.82  12.659   0.0303
   91.9     4.76  12.686   0.0333
   92.1     4.75  12.713   0.0312
   92.4     4.78  12.740   0.0357
   92.6     4.76  12.767   0.0316
   92.9     4.79  12.794   0.0311
   93.2     4.73  12.821   0.0332
   93.5     4.77  12.847   0.0303
   93.7     4.77  12.874   0.0339
   94.1     4.76  12.901   0.0351
   94.3     4.72  12.928   0.0244
   94.6     4.74  12.955   0.0299
   95.0     4.81  12.982   0.0338
   95.2     4.75  13.008   0.0345
   95.5     4.73  13.035   0.0364
   95.7     4.84  13.062   0.0392
   96.0     4.78  13.089   0.0348
   96.3     4.75  13.115   0.0328
   96.4     4.67  13.142   0.0338
   96.6     4.71  13.169   0.0337
   97.1     4.72  13.196   0.0330
   97.3     4.74  13.223   0.0343
   97.5     4.72  13.249   0.0347
   97.8     4.71  13.276   0.0333
   98.0     4.76  13.303   0.0332
   98.4     4.78  13.330   0.0339
   98.7     4.75  13.357   0.0311
   98.9     4.74  13.383   0.0314
   99.1     4.67  13.410   0.0342
   99.4     4.64  13.437   0.0324
   99.6     4.66  13.464   0.0367
   99.9     4.64  13.491   0.0368
  100.2     4.61  13.518   0.0336
  100.5     4.57  13.545   0.0361
  100.7     4.62  13.572   0.0364
  101.0     4.64  13.599   0.0341
  101.3     4.60  13.626   0.0348
  101.5     4.64  13.652   0.0345
  101.8     4.61  13.679   0.0356
  102.1     4.62  13.706   0.0346
  102.3     4.57  13.733   0.0333
  102.6     4.60  13.760   0.0321
  102.9     4.59  13.787   0.0347
  103.2     4.61  13.814   0.0376
  103.5     4.67  13.840   0.0353
  103.9     4.67  13.867   0.0354
  104.1     4.64  13.894   0.0351
  104.3     4.61  13.921   0.0337
  104.5     4.63  13.948   0.0335
  104.9     4.57  13.975   0.0303
  105.2     4.56  14.002   0.0300
  105.4     4.61  14.028   0.0343
  105.7     4.55  14.055   0.0306
  105.9     4.55  14.082   0.0326
  106.0     4.50  14.109   0.0322
  106.4     4.51  14.136   0.0332
  106.7     4.52  14.163   0.0350
  106.9     4.44  14.189   0.0356
  107.1     4.44  14.216   0.0330
  107.5     4.44  14.243   0.0329
  107.7     4.51  14.270   0.0306
  108.1     4.47  14.297   0.0288
  108.3     4.46  14.323   0.0283
  108.6     4.27  14.350   0.0295
  108.8     4.35  14.377   0.0301
  109.0     4.39  14.404   0.0269
  109.3     4.38  14.430   0.0302
  109.5     4.32  14.457   0.0317
  109.7     4.29  14.484   0.0318
  110.1     4.26  14.512   0.0319
  110.3     4.29  14.539   0.0329
  110.6     4.29  14.565   0.0331
  111.0     4.32  14.592   0.0360
  111.1     4.24  14.619   0.0364
  111.4     4.27  14.646   0.0336
  111.6     4.28  14.673   0.0322
  112.0     4.32  14.699   0.0328
  112.2     4.28  14.726   0.0335
  112.4     4.26  14.753   0.0339
  112.8     4.29  14.780   0.0337
  113.1     4.22  14.807   0.0303
  113.3     4.15  14.834   0.0294
  113.6     4.19  14.860   0.0318
  113.7     4.14  14.887   0.0331
  114.0     4.13  14.914   0.0327
  114.4     4.12  14.941   0.0328
  114.6     4.16  14.968   0.0304
  114.8     4.06  14.999   0.0311
  115.3     4.14  15.034   0.0339
  115.4     4.03  15.065   0.0360
  115.7     4.10  15.092   0.0341
  116.1     4.02  15.120   0.0364
  116.3     4.05  15.147   0.0370
  116.5     4.02  15.174   0.0373
  116.8     3.99  15.202   0.0408
  117.1     4.00  15.229   0.0416
  117.4     4.04  15.256   0.0380
  117.6     4.05  15.284   0.0376
  118.0     4.03  15.315   0.0408
  118.3     3.98  15.346   0.0391
  118.6     4.01  15.373   0.0375
  118.8     3.90  15.400   0.0397
  119.2     3.95  15.427   0.0426
  119.4     3.93  15.454   0.0380
  119.6     3.96  15.481   0.0369
  119.9     3.89  15.508   0.0371
  120.3     3.89  15.535   0.0360
  120.5     3.92  15.563   0.0365
  120.7     3.81  15.590   0.0369
  121.0     3.84  15.617   0.0363
  121.4     3.90  15.644   0.0370
  121.6     3.77  15.672   0.0349
  121.8     3.82  15.698   0.0338
  122.0     3.83  15.726   0.0330
  122.2     3.85  15.753   0.0341
  122.5     3.73  15.780   0.0363
  122.9     3.72  15.806   0.0401
  123.1     3.74  15.833   0.0392
  123.4     3.79  15.859   0.0396
  123.7     3.79  15.886   0.0349
  123.9     3.79  15.913   0.0361
  124.3     3.81  15.940   0.0342
  124.6     3.84  15.967   0.0343
  124.8     3.82  15.994   0.0338
  125.1     3.83  16.021   0.0339
  125.4     3.79  16.047   0.0332
  125.7     3.78  16.075   0.0350
  125.9     3.78  16.102   0.0311
  126.0     3.71  16.129   0.0308
  126.3     3.75  16.156   0.0316
  126.7     3.71  16.183   0.0321
  127.0     3.75  16.209   0.0313
  127.2     3.60  16.236   0.0304
  127.4     3.65  16.264   0.0312
  127.8     3.63  16.290   0.0276
  127.9     3.55  16.317   0.0296
  128.3     3.55  16.344   0.0285
  128.4     3.56  16.371   0.0283
  128.7     3.54  16.398   0.0283
  129.1     3.56  16.425   0.0287
  129.2     3.54  16.451   0.0295
  129.5     3.63  16.478   0.0278
  129.9     3.57  16.506   0.0292
  130.1     3.54  16.533   0.0294
  130.4     3.52  16.560   0.0313
  130.6     3.48  16.586   0.0308
  130.8     3.42  16.613   0.0287
  131.1     3.46  16.640   0.0333
  131.4     3.41  16.667   0.0282
  131.7     3.44  16.693   0.0283
  131.9     3.43  16.721   0.0282
  132.2     3.44  16.747   0.0322
  132.5     3.41  16.774   0.0326
  132.7     3.30  16.801   0.0328
  133.0     3.35  16.828   0.0324
  133.4     3.46  16.855   0.0354
  133.7     3.42  16.882   0.0339
  133.9     3.42  16.909   0.0340
  134.1     3.35  16.935   0.0344
  134.4     3.36  16.962   0.0323
  134.7     3.38  16.989   0.0353
  135.0     3.36  17.016   0.0385
  135.2     3.32  17.042   0.0381
  135.5     3.36  17.069   0.0372
  135.6     3.31  17.096   0.0404
  136.0     3.38  17.123   0.0393
  136.3     3.36  17.150   0.0362
  136.5     3.32  17.177   0.0357
  136.9     3.29  17.204   0.0387
  137.2     3.36  17.231   0.0362
  137.4     3.33  17.259   0.0358
  137.7     3.36  17.285   0.0345
  137.9     3.33  17.312   0.0347
  138.3     3.34  17.339   0.0327
  138.5     3.38  17.366   0.0325
  138.7     3.27  17.393   0.0339
  139.0     3.28  17.420   0.0350
  139.2     3.23  17.447   0.0334
  139.5     3.28  17.474   0.0332
  139.8     3.22  17.501   0.0271
  140.0     3.24  17.529   0.0272
  140.4     3.30  17.555   0.0281
  140.5     3.29  17.582   0.0299
  140.9     3.27  17.609   0.0326
  141.2     3.25  17.636   0.0338
  141.4     3.22  17.663   0.0330
  141.6     3.16  17.690   0.0315
  141.9     3.23  17.716   0.0323
  142.1     3.20  17.743   0.0344
  142.6     3.24  17.771   0.0315
  142.8     3.23  17.797   0.0306
  143.1     3.24  17.824   0.0321
  143.3     3.23  17.851   0.0326
  143.6     3.26  17.877   0.0327
  144.0     3.26  17.905   0.0309
  144.3     3.18  17.932   0.0351
  144.5     3.26  17.959   0.0351
  144.7     3.20  17.986   0.0383
  144.9     3.19  18.013   0.0354
  145.2     3.19  18.039   0.0331
  145.6     3.26  18.066   0.0344
  145.8     3.26  18.093   0.0335
  146.1     3.19  18.120   0.0350
  146.3     3.22  18.147   0.0354
  146.6     3.25  18.174   0.0331
  147.0     3.24  18.201   0.0340
  147.4     3.31  18.228   0.0342
  147.5     3.20  18.254   0.0371
  147.8     3.26  18.282   0.0356
  148.2     3.33  18.309   0.0321
  148.5     3.37  18.335   0.0308
  148.6     3.25  18.362   0.0295
  148.9     3.29  18.389   0.0327
  149.1     3.27  18.416   0.0307
  149.5     3.30  18.443   0.0312
  149.7     3.32  18.470   0.0298
  150.0     3.33  18.497   0.0298
  150.4     3.37  18.525   0.0287
  150.6     3.39  18.552   0.0262
  151.0     3.36  18.579   0.0297
  151.2     3.43  18.606   0.0337
  151.4     3.33  18.632   0.0298
  151.6     3.30  18.659   0.0311
  151.9     3.29  18.686   0.0267
  152.3     3.36  18.712   0.0232
  152.5     3.42  18.739   0.0240
  152.9     3.38  18.767   0.0270
  153.0     3.39  18.793   0.0240
  153.4     3.32  18.820   0.0234
  153.6     3.38  18.847   0.0245
  153.9     3.39  18.873   0.0205
  154.3     3.41  18.900   0.0166
  154.5     3.41  18.927   0.0202
  154.8     3.42  18.954   0.0233
  155.1     3.37  18.980   0.0253
  155.2     3.35  19.007   0.0296
  155.5     3.35  19.034   0.0244
  155.9     3.41  19.060   0.0231
  156.1     3.40  19.087   0.0220
  156.4     3.39  19.115   0.0207
  156.4     3.31  19.142   0.0227
  156.9     3.35  19.168   0.0247
  157.1     3.38  19.195   0.0240
  157.5     3.35  19.222   0.0240
  157.8     3.35  19.249   0.0262
  158.0     3.30  19.276   0.0247
  158.2     3.29  19.303   0.0266
  158.5     3.25  19.330   0.0256
  158.8     3.29  19.357   0.0240
  158.9     3.25  19.383   0.0251
  159.3     3.19  19.410   0.0251
  159.5     3.24  19.437   0.0242
  159.8     3.24  19.464   0.0261
  160.1     3.30  19.491   0.0277
  160.6     3.38  19.518   0.0283
  160.8     3.32  19.546   0.0283
  161.0     3.32  19.572   0.0293
  161.3     3.38  19.599   0.0252
  161.6     3.37  19.626   0.0270
  161.9     3.35  19.653   0.0305
  162.2     3.39  19.680   0.0265
  162.5     3.37  19.707   0.0250
  162.8     3.33  19.733   0.0246
  163.1     3.44  19.760   0.0249
  163.3     3.34  19.787   0.0255
  163.6     3.29  19.814   0.0252
  163.8     3.29  19.840   0.0250
  164.2     3.38  19.867   0.0242
  164.5     3.42  19.894   0.0258
  164.7     3.41  19.923   0.0279
  165.1     3.42  19.950   0.0225
  165.2     3.46  19.977   0.0221
  165.6     3.47  20.004   0.0207
  165.8     3.46  20.031   0.0208
  166.2     3.36  20.058   0.0153
  166.4     3.37  20.085   0.0205
  166.6     3.43  20.113   0.0194
  167.0     3.42  20.140   0.0232
  167.2     3.36  20.167   0.0223
  167.6     3.45  20.194   0.0205
  167.9     3.45  20.221   0.0229
  168.2     3.52  20.248   0.0223
  168.5     3.53  20.275   0.0234
  168.8     3.55  20.302   0.0228
  169.0     3.59  20.329   0.0250
  169.2     3.47  20.356   0.0266
  169.6     3.52  20.383   0.0254
  169.9     3.55  20.410   0.0241
  170.2     3.57  20.437   0.0252
  170.4     3.55  20.464   0.0248
  170.7     3.60  20.491   0.0271
  171.1     3.65  20.518   0.0241
  171.2     3.61  20.545   0.0281
  171.5     3.56  20.572   0.0286
  171.9     3.65  20.599   0.0283
  172.3     3.66  20.627   0.0293
  172.5     3.61  20.654   0.0287
  172.7     3.68  20.681   0.0281
  173.0     3.56  20.708   0.0277
  173.2     3.65  20.734   0.0276
  173.6     3.48  20.761   0.0279
  173.8     3.48  20.788   0.0307
  174.0     3.49  20.815   0.0295
  174.3     3.55  20.842   0.0305
  174.5     3.60  20.868   0.0300
  174.9     3.54  20.895   0.0314
  175.3     3.58  20.922   0.0348
  175.5     3.53  20.949   0.0338
  175.8     3.60  20.976   0.0349
  176.1     3.57  21.003   0.0338
  176.3     3.59  21.030   0.0324
  176.6     3.62  21.058   0.0327
  176.8     3.55  21.085   0.0310
  177.1     3.53  21.112   0.0294
  177.5     3.60  21.139   0.0299
  177.9     3.73  21.166   0.0292
  178.0     3.62  21.193   0.0277
  178.4     3.64  21.221   0.0277
  178.6     3.63  21.247   0.0309
  178.9     3.66  21.274   0.0307
  179.1     3.62  21.301   0.0269
  179.5     3.64  21.328   0.0271
  179.7     3.71  21.355   0.0328
  180.0     3.70  21.382   0.0327
  180.3     3.74  21.409   0.0304
  180.6     3.74  21.436   0.0308
  180.9     3.69  21.463   0.0315
  181.2     3.72  21.490   0.0292
  181.5     3.66  21.518   0.0318
  181.8     3.73  21.545   0.0329
  182.1     3.78  21.572   0.0328
  182.3     3.75  21.600   0.0335
  182.7     3.75  21.627   0.0346
  183.0     3.76  21.654   0.0323
  183.2     3.82  21.682   0.0327
  183.6     3.79  21.708   0.0297
  183.7     3.78  21.735   0.0300
  183.9     3.72  21.762   0.0277
  184.3     3.79  21.789   0.0282
  184.7     3.80  21.817   0.0240
  184.9     3.80  21.845   0.0269
  185.2     3.80  21.872   0.0257
  185.4     3.75  21.899   0.0258
  185.8     3.82  21.926   0.0268
  186.1     3.77  21.953   0.0270
  186.3     3.86  21.979   0.0273
  186.7     3.92  22.007   0.0294
  186.9     4.01  22.034   0.0303
  187.3     3.91  22.060   0.0320
  187.5     3.93  22.087   0.0281
  187.8     3.99  22.115   0.0271
  188.1     3.98  22.142   0.0320
  188.4     3.99  22.168   0.0324
  188.6     3.95  22.196   0.0323
  189.0     3.94  22.223   0.0299
  189.2     3.96  22.249   0.0333
  189.5     4.00  22.277   0.0348
  189.8     4.00  22.303   0.0319
  190.0     4.03  22.330   0.0336
  190.4     4.15  22.357   0.0326
  190.7     4.13  22.384   0.0291
  190.9     4.12  22.410   0.0352
  191.2     4.09  22.438   0.0362
  191.5     4.12  22.465   0.0368
  191.8     4.10  22.492   0.0333
  192.0     4.11  22.520   0.0316
  192.3     4.12  22.547   0.0314
  192.4     4.12  22.574   0.0333
  192.8     4.13  22.601   0.0340
  193.1     4.19  22.628   0.0312
  193.5     4.19  22.655   0.0305
  193.8     4.26  22.683   0.0289
  194.0     4.25  22.709   0.0294
  194.3     4.23  22.736   0.0300
  194.6     4.26  22.763   0.0303
  194.9     4.22  22.791   0.0290
  195.1     4.23  22.818   0.0315
  195.5     4.31  22.845   0.0330
  195.7     4.34  22.872   0.0325
  196.1     4.37  22.898   0.0332
  196.4     4.39  22.925   0.0317
  196.6     4.37  22.953   0.0312
  196.9     4.35  22.980   0.0289
  197.1     4.30  23.007   0.0275
  197.4     4.30  23.034   0.0270
  197.7     4.36  23.061   0.0276
  197.9     4.41  23.087   0.0159
  198.2     4.39  23.115   0.0278
  198.5     4.39  23.142   0.0251
  198.8     4.43  23.169   0.0238
  199.1     4.47  23.196   0.0255
  199.5     4.49  23.223   0.0255
  199.7     4.52  23.250   0.0257
  200.0     4.54  23.277   0.0255
  200.3     4.58  23.304   0.0253
  200.6     4.60  23.332   0.0254
  200.8     4.57  23.358   0.0257
  201.0     4.59  23.385   0.0247
  201.4     4.65  23.413   0.0288
  201.7     4.69  23.440   0.0273
  202.0     4.70  23.467   0.0263
  202.3     4.73  23.494   0.0242
  202.6     4.73  23.522   0.0230
  202.8     4.80  23.548   0.0239
  203.1     4.78  23.575   0.0251
  203.5     4.81  23.603   0.0243
  203.7     4.85  23.629   0.0244
  204.0     4.88  23.657   0.0236
  204.1     4.91  23.684   0.0221
  204.5     4.94  23.711   0.0246
  204.8     4.95  23.737   0.0236
  205.1     4.96  23.765   0.0218
  205.4     4.95  23.792   0.0212
  205.6     4.97  23.820   0.0217
  206.0     4.99  23.847   0.0233
  206.1     4.99  23.873   0.0237
  206.5     5.02  23.900   0.0248
  206.9     5.07  23.927   0.0204
  207.2     5.10  23.954   0.0195
  207.3     5.08  23.981   0.0212
  207.6     5.08  24.009   0.0181
  207.9     5.10  24.036   0.0205
  208.2     5.14  24.062   0.0224
  208.4     5.18  24.089   0.0204
  208.8     5.23  24.116   0.0222
  209.0     5.17  24.143   0.0233
  209.2     5.23  24.171   0.0240
  209.6     5.24  24.198   0.0261
  209.9     5.24  24.224   0.0248
  210.2     5.26  24.252   0.0230
  210.4     5.27  24.280   0.0257
  210.7     5.31  24.307   0.0229
  210.9     5.32  24.334   0.0211
  211.3     5.34  24.361   0.0221
  211.5     5.37  24.388   0.0250
  211.8     5.46  24.415   0.0273
  212.2     5.52  24.442   0.0262
  212.2     5.46  24.469   0.0235
  212.7     5.43  24.497   0.0244
  213.0     5.49  24.524   0.0287
  213.3     5.53  24.551   0.0241
  213.6     5.53  24.578   0.0227
  213.9     5.59  24.605   0.0218
  214.1     5.56  24.632   0.0239
  214.4     5.67  24.659   0.0233
  214.8     5.70  24.686   0.0196
  215.1     5.73  24.713   0.0192
  215.2     5.66  24.740   0.0189
  215.5     5.68  24.767   0.0214
  215.7     5.71  24.795   0.0257
  216.2     5.74  24.821   0.0182
  216.4     5.77  24.849   0.0187
  216.6     5.79  24.876   0.0185
  217.0     5.81  24.903   0.0170
  217.3     5.86  24.930   0.0200
  217.6     5.85  24.957   0.0196
  217.8     5.89  24.983   0.0199
  218.1     5.95  25.010   0.0201
  218.4     5.96  25.037   0.0249
  218.5     5.99  25.064   0.0223
  218.9     5.99  25.091   0.0195
  219.3     6.04  25.118   0.0193
  219.5     6.02  25.145   0.0168
  219.8     6.02  25.171   0.0189
  220.2     6.02  25.199   0.0207
  220.4     6.07  25.226   0.0193
  220.7     6.17  25.252   0.0197
  221.0     6.20  25.279   0.0208
  221.2     6.25  25.306   0.0146
  221.5     6.22  25.333   0.0135
  221.8     6.20  25.360   0.0135
  222.0     6.20  25.387   0.0108
  222.3     6.20  25.414   0.0033
  222.7     6.31  25.441   0.0106
  223.0     6.30  25.468   0.0153
  223.2     6.34  25.495   0.0128
  223.5     6.31  25.522   0.0145
  223.7     6.29  25.549   0.0122
  224.1     6.38  25.576   0.0137
  224.3     6.36  25.603   0.0112
  224.7     6.39  25.630   0.0092
  225.0     6.41  25.657   0.0118
  225.2     6.45  25.684   0.0127
  225.5     6.51  25.711   0.0120
  225.7     6.47  25.738   0.0076
  226.0     6.48  25.766   0.0085
  226.3     6.53  25.792   0.0089
  226.6     6.54  25.819   0.0082
  226.9     6.54  25.846   0.0082
  227.1     6.51  25.873   0.0056
  227.4     6.60  25.900   0.0081
  227.7     6.59  25.927   0.0070
  228.0     6.65  25.954   0.0042
  228.3     6.65  25.981   0.0046
  228.6     6.71  26.008   0.0059
  228.9     6.69  26.035   0.0074
  229.2     6.72  26.063   0.0059
  229.5     6.75  26.090   0.0064
  229.8     6.77  26.117   0.0037
  230.1     6.79  26.144   0.0018
  230.4     6.83  26.171   0.0020
  230.7     6.84  26.198   0.0034
  230.9     6.84  26.225   0.0031
  231.2     6.89  26.252   0.0064
  231.5     6.89  26.280   0.0052
  231.7     7.03  26.307   0.0041
  232.1     7.06  26.334   0.0029
  232.3     7.10  26.361   0.0022
  232.6     7.09  26.388  -0.0001
  232.8     7.08  26.415  -0.0014
  233.1     7.15  26.442   0.0004
  233.3     7.09  26.469   0.0005
  233.6     7.17  26.496   0.0021
  233.9     7.20  26.524   0.0041
  234.3     7.24  26.551   0.0036
  234.5     7.22  26.578   0.0009
  234.9     7.26  26.605   0.0019
  235.1     7.25  26.632   0.0004
  235.4     7.29  26.659  -0.0005
  235.7     7.28  26.686  -0.0017
  236.0     7.31  26.714  -0.0018
  236.3     7.42  26.741  -0.0035
  236.6     7.38  26.768  -0.0019
  236.9     7.41  26.795  -0.0017
  237.2     7.40  26.822  -0.0022
  237.4     7.45  26.848  -0.0003
  237.7     7.39  26.877  -0.0013
  238.0     7.48  26.904  -0.0022
  238.2     7.44  26.931  -0.0000
  238.5     7.50  26.958  -0.0009
  238.7     7.47  26.984  -0.0029
  238.9     7.44  27.011  -0.0010
  239.3     7.56  27.038  -0.0026
  239.6     7.56  27.065  -0.0016
  240.0     7.62  27.092   0.0009
  240.2     7.61  27.119  -0.0009
  240.5     7.67  27.146  -0.0032
  240.9     7.70  27.173  -0.0019
  241.2     7.69  27.201  -0.0044
  241.5     7.70  27.228  -0.0024
  241.7     7.77  27.255  -0.0035
  242.0     7.73  27.282  -0.0031
  242.3     7.86  27.309  -0.0056
  242.6     7.84  27.336  -0.0030
  243.0     7.88  27.363  -0.0076
  243.2     7.92  27.391  -0.0069
  243.5     7.95  27.418  -0.0187
  243.8     7.97  27.445  -0.0111
  244.0     8.00  27.472  -0.0117
  244.4     8.04  27.499  -0.0085
  244.7     8.08  27.527  -0.0072
  245.0     8.07  27.554  -0.0076
  245.3     8.09  27.581  -0.0079
  245.5     8.14  27.608  -0.0094
  245.8     8.11  27.635  -0.0134
  246.1     8.25  27.662  -0.0111
  246.5     8.16  27.690  -0.0128
  246.6     8.20  27.717  -0.0158
  247.0     8.22  27.744  -0.0142
  247.2     8.25  27.771  -0.0152
  247.6     8.30  27.798  -0.0147
  248.0     8.33  27.824  -0.0168
  248.1     8.40  27.851  -0.0142
  248.5     8.35  27.878  -0.0134
  248.7     8.42  27.905  -0.0156
  249.0     8.39  27.933  -0.0147
  249.4     8.48  27.959  -0.0122
  249.6     8.45  27.986  -0.0158
  249.9     8.50  28.013  -0.0151
  250.2     8.48  28.040  -0.0187
  250.3     8.52  28.068  -0.0158
  250.7     8.54  28.095  -0.0171
  250.9     8.61  28.122  -0.0201
  251.3     8.56  28.148  -0.0205
  251.6     8.62  28.175  -0.0193
  251.8     8.67  28.202  -0.0224
  252.1     8.63  28.229  -0.0220
  252.5     8.63  28.257  -0.0206
  252.7     8.67  28.284  -0.0232
  252.9     8.67  28.311  -0.0271
  253.2     8.67  28.338  -0.0240
  253.5     8.69  28.365  -0.0268
  253.8     8.71  28.392  -0.0270
  254.1     8.70  28.419  -0.0237
  254.3     8.76  28.447  -0.0244
  254.6     8.69  28.473  -0.0248
  255.0     8.77  28.501  -0.0251
  255.3     8.83  28.528  -0.0239
  255.6     8.86  28.555  -0.0240
  255.9     8.87  28.583  -0.0245
  256.0     8.88  28.610  -0.0250
  256.4     8.90  28.637  -0.0257
  256.7     8.91  28.664  -0.0255
  257.0     8.92  28.690  -0.0231
  257.2     8.95  28.717  -0.0251
  257.5     8.94  28.745  -0.0251
  257.8     8.94  28.772  -0.0260
  258.1     8.96  28.799  -0.0248
  258.4     8.98  28.826  -0.0247
  258.8     9.02  28.853  -0.0252
  259.0     9.04  28.881  -0.0254
  259.3     9.06  28.908  -0.0230
  259.6     9.06  28.935  -0.0275
  259.9     9.05  28.961  -0.0287
  260.1     9.08  28.989  -0.0264
  260.4     9.11  29.015  -0.0305
  260.7     9.08  29.042  -0.0341
  261.1     9.18  29.070  -0.0306
  261.2     9.12  29.096  -0.0291
  261.6     9.19  29.123  -0.0358
  261.9     9.22  29.150  -0.0327
  262.2     9.20  29.177  -0.0309
  262.5     9.23  29.205  -0.0281
  262.7     9.20  29.232  -0.0292
  263.0     9.30  29.259  -0.0328
  263.3     9.29  29.286  -0.0316
  263.5     9.34  29.313  -0.0312
  263.9     9.31  29.340  -0.0325
  264.2     9.36  29.366  -0.0302
  264.4     9.38  29.394  -0.0338
  264.8     9.40  29.421  -0.0315
  265.1     9.36  29.448  -0.0338
  265.4     9.39  29.474  -0.0321
  265.6     9.41  29.501  -0.0328
  266.0     9.44  29.529  -0.0337
  266.3     9.42  29.555  -0.0363
  266.4     9.44  29.583  -0.0353
  266.7     9.40  29.610  -0.0343
  267.0     9.39  29.637  -0.0327
  267.3     9.49  29.664  -0.0365
  267.6     9.42  29.691  -0.0325
  267.9     9.48  29.718  -0.0330
  268.2     9.50  29.745  -0.0364
  268.5     9.51  29.772  -0.0371
  268.8     9.46  29.799  -0.0350
  269.0     9.45  29.827  -0.0386
  269.3     9.46  29.854  -0.0376
  269.7     9.52  29.881  -0.0394
  269.9     9.48  29.908  -0.0378
  270.2     9.52  29.936  -0.0374
  270.5     9.59  29.963  -0.0366
  270.8     9.58  29.990  -0.0381
  270.9     9.53  30.017  -0.0411
  271.4     9.60  30.044  -0.0426
  271.6     9.57  30.072  -0.0406
  271.9     9.58  30.099  -0.0408
  272.2     9.59  30.126  -0.0398
  272.5     9.58  30.152  -0.0362
  272.8     9.55  30.179  -0.0414
  273.0     9.59  30.207  -0.0422
  273.2     9.50  30.234  -0.0414
  273.7     9.57  30.261  -0.0429
  273.9     9.59  30.288  -0.0485
  274.2     9.62  30.315  -0.0499
  274.4     9.54  30.342  -0.0486
  274.7     9.58  30.369  -0.0482
  275.0     9.60  30.396  -0.0449
  275.4     9.54  30.423  -0.0438
  275.6     9.61  30.450  -0.0439
  275.9     9.54  30.477  -0.0458
  276.1     9.51  30.505  -0.0415
  276.5     9.55  30.532  -0.0463
  276.7     9.58  30.559  -0.0415
  277.1     9.55  30.586  -0.0437
  277.3     9.53  30.613  -0.0471
  277.6     9.53  30.640  -0.0466
  277.9     9.51  30.667  -0.0471
  278.1     9.49  30.695  -0.0491
  278.4     9.54  30.721  -0.0510
  278.7     9.52  30.748  -0.0528
  279.1     9.52  30.776  -0.0515
  279.4     9.46  30.803  -0.0505
  279.6     9.41  30.830  -0.0498
  279.8     9.42  30.857  -0.0472
  280.1     9.40  30.884  -0.0527
  280.4     9.36  30.911  -0.0506
  280.7     9.42  30.938  -0.0517
  281.0     9.43  30.965  -0.0534
  281.3     9.46  30.992  -0.0549
  281.6     9.45  31.019  -0.0497
  281.9     9.44  31.047  -0.0533
  282.1     9.42  31.074  -0.0530
  282.4     9.40  31.101  -0.0506
  282.6     9.36  31.128  -0.0485
  283.1     9.37  31.155  -0.0517
  283.3     9.32  31.182  -0.0495
  283.5     9.27  31.209  -0.0502
  283.8     9.31  31.237  -0.0471
  284.1     9.31  31.265  -0.0504
  284.5     9.29  31.291  -0.0507
  284.7     9.31  31.318  -0.0531
  285.0     9.33  31.346  -0.0541
  285.2     9.23  31.373  -0.0536
  285.4     9.16  31.400  -0.0548
  285.8     9.14  31.427  -0.0540
  286.0     9.12  31.455  -0.0542
  286.3     9.14  31.482  -0.0543
  286.6     9.10  31.510  -0.0570
  287.0     9.12  31.537  -0.0573
  287.1     9.09  31.564  -0.0601
  287.5     9.12  31.591  -0.0589
  287.8     9.06  31.618  -0.0565
  288.0     9.09  31.645  -0.0539
  288.3     9.11  31.672  -0.0554
  288.6     9.02  31.699  -0.0541
  289.0     9.06  31.726  -0.0546
  289.1     8.99  31.754  -0.0554
  289.5     8.99  31.781  -0.0571
  289.7     8.96  31.808  -0.0574
  290.0     8.93  31.834  -0.0565
  290.3     8.91  31.861  -0.0565
  290.5     8.92  31.888  -0.0551
  290.7     8.91  31.915  -0.0560
  291.1     8.80  31.943  -0.0590
  291.3     8.86  31.970  -0.0598
  291.6     8.81  31.997  -0.0578
  291.8     8.83  32.024  -0.0575
  292.1     8.72  32.051  -0.0590
  292.4     8.77  32.078  -0.0607
  292.7     8.74  32.105  -0.0620
  293.0     8.75  32.133  -0.0601
  293.2     8.69  32.160  -0.0537
  293.4     8.62  32.187  -0.0552
  293.7     8.62  32.214  -0.0589
  294.1     8.67  32.240  -0.0578
  294.3     8.67  32.268  -0.0580
  294.7     8.69  32.295  -0.0579
  294.8     8.64  32.322  -0.0628
  295.0     8.68  32.349  -0.0596
  295.5     8.65  32.376  -0.0612
  295.7     8.60  32.403  -0.0592
  295.8     8.54  32.430  -0.0585
  296.2     8.50  32.457  -0.0582
  296.6     8.57  32.484  -0.0586
  296.8     8.51  32.512  -0.0591
  297.0     8.53  32.539  -0.0628
  297.4     8.47  32.566  -0.0655
  297.7     8.38  32.593  -0.0622
  297.9     8.42  32.620  -0.0648
  298.1     8.45  32.647  -0.0612
  298.4     8.43  32.674  -0.0643
  298.7     8.43  32.701  -0.0603
  298.9     8.40  32.728  -0.0588
  299.2     8.36  32.755  -0.0618
  299.4     8.33  32.783  -0.0615
  299.7     8.31  32.809  -0.0602
  300.1     8.30  32.836  -0.0617
  300.4     8.29  32.863  -0.0605
  300.6     8.22  32.890  -0.0612
  300.9     8.28  32.917  -0.0633
  301.1     8.26  32.945  -0.0638
  301.5     8.32  32.971  -0.0655
  301.7     8.26  32.998  -0.0670
  302.0     8.28  33.026  -0.0700
  302.3     8.23  33.052  -0.0735
  302.6     8.22  33.080  -0.0705
  302.9     8.24  33.107  -0.0704
  303.2     8.24  33.134  -0.0698
  303.4     8.29  33.161  -0.0695
  303.7     8.19  33.188  -0.0769
  303.9     8.20  33.215  -0.0648
  304.2     8.20  33.242  -0.0677
  304.5     8.13  33.270  -0.0675
  304.8     8.12  33.297  -0.0637
  305.2     8.17  33.324  -0.0624
  305.4     8.11  33.351  -0.0609
  305.6     8.07  33.378  -0.0621
  305.9     8.01  33.405  -0.0627
  306.2     8.07  33.432  -0.0654
  306.5     8.05  33.459  -0.0631
  306.8     8.07  33.486  -0.0618
  307.1     8.08  33.514  -0.0645
  307.5     8.06  33.541  -0.0654
  307.6     8.06  33.568  -0.0717
  307.8     7.99  33.595  -0.0670
  308.2     7.99  33.622  -0.0676
  308.5     8.06  33.649  -0.0655
  308.8     8.05  33.677  -0.0648
  309.1     8.09  33.704  -0.0695
  309.3     8.02  33.731  -0.0716
  309.6     7.99  33.758  -0.0694
  310.0     7.92  33.785  -0.0734
  310.3     7.95  33.813  -0.0713
  310.5     7.95  33.839  -0.0718
  310.8     8.00  33.866  -0.0690
  311.1     7.93  33.893  -0.0727
  311.3     7.95  33.920  -0.0757
  311.7     7.89  33.947  -0.0751
  311.9     7.94  33.974  -0.0756
  312.1     7.93  34.002  -0.0728
  312.5     7.94  34.029  -0.0759
  312.8     7.90  34.056  -0.0741
  313.1     7.87  34.083  -0.0746
  313.3     7.84  34.110  -0.0736
  313.7     7.88  34.138  -0.0757
  314.0     7.89  34.164  -0.0776
  314.3     7.87  34.191  -0.0803
  314.6     7.94  34.218  -0.0816
  314.8     7.88  34.245  -0.0830
  315.2     7.91  34.273  -0.0819
  315.3     7.85  34.300  -0.0804
  315.7     7.82  34.327  -0.0813
  315.9     7.85  34.354  -0.0794
  316.2     7.86  34.381  -0.0783
  316.7     7.83  34.408  -0.0789
  316.9     7.84  34.436  -0.0797
  317.1     7.82  34.463  -0.0777
  317.5     7.84  34.489  -0.0768
  317.7     7.83  34.517  -0.0783
  318.0     7.82  34.544  -0.0818
  318.4     7.77  34.571  -0.0814
  318.7     7.83  34.598  -0.0838
  319.0     7.82  34.627  -0.0853
  319.2     7.82  34.654  -0.0822
  319.4     7.77  34.681  -0.0817
  319.9     7.79  34.708  -0.0857
  320.2     7.74  34.736  -0.0870
  320.4     7.76  34.764  -0.0874
  320.7     7.75  34.791  -0.0874
  321.0     7.75  34.818  -0.0858
  321.3     7.77  34.846  -0.0863
  321.6     7.72  34.872  -0.0845
  322.0     7.66  34.900  -0.0839
  322.2     7.68  34.927  -0.0826
  322.5     7.68  34.955  -0.0871
  322.8     7.73  34.983  -0.0863
  323.0     7.69  35.010  -0.0829
  323.3     7.66  35.037  -0.0862
  323.6     7.66  35.064  -0.0864
  324.0     7.65  35.091  -0.0852
  324.3     7.63  35.118  -0.0868
  324.6     7.68  35.145  -0.0889
  324.9     7.63  35.172  -0.0893
  325.2     7.60  35.199  -0.0895
  325.4     7.63  35.226  -0.0866
  325.7     7.57  35.253  -0.0847
  326.1     7.61  35.280  -0.0849
  326.3     7.57  35.307  -0.0867
  326.5     7.57  35.334  -0.0869
  326.9     7.51  35.361  -0.0857
  327.2     7.53  35.388  -0.0859
  327.5     7.50  35.415  -0.0890
  327.8     7.54  35.442  -0.0898
  328.1     7.50  35.469  -0.0903
  328.3     7.43  35.496  -0.0898
  328.6     7.42  35.523  -0.0920
  328.8     7.41  35.551  -0.0942
  329.2     7.41  35.577  -0.0923
  329.5     7.42  35.605  -0.0929
  329.8     7.41  35.632  -0.0941
  330.0     7.35  35.659  -0.0956
  330.2     7.34  35.686  -0.0957
  330.7     7.35  35.713  -0.0934
  331.0     7.30  35.740  -0.0937
  331.2     7.25  35.767  -0.0927
  331.4     7.27  35.793  -0.0930
  331.8     7.27  35.821  -0.0909
  331.9     7.27  35.848  -0.0911
  332.4     7.25  35.875  -0.0927
  332.7     7.26  35.902  -0.0932
  333.0     7.29  35.929  -0.0916
  333.3     7.20  35.956  -0.0924
  333.6     7.26  35.984  -0.0917
  333.9     7.23  36.011  -0.0905
  334.1     7.23  36.038  -0.0903
  334.4     7.15  36.065  -0.0906
  334.7     7.16  36.093  -0.0890
  335.0     7.13  36.121  -0.0883
  335.2     7.02  36.147  -0.0880
  335.5     7.06  36.174  -0.0892
  335.9     7.12  36.201  -0.0908
  336.1     7.08  36.228  -0.0924
  336.3     7.00  36.255  -0.0955
  336.7     6.98  36.282  -0.0942
  337.1     7.12  36.309  -0.0948
  337.2     7.01  36.336  -0.0957
  337.6     6.98  36.363  -0.0955
  337.9     7.09  36.390  -0.0925
  338.1     7.01  36.417  -0.0919
  338.5     7.00  36.445  -0.0920
  338.8     7.03  36.472  -0.0936
  339.0     6.95  36.500  -0.0949
  339.4     7.05  36.528  -0.0940
  339.7     7.03  36.555  -0.0907
  340.0     7.01  36.582  -0.0937
  340.3     6.97  36.609  -0.0954
  340.4     6.99  36.635  -0.0933
  340.9     6.98  36.662  -0.0947
  341.1     7.02  36.690  -0.0955
  341.6     7.07  36.717  -0.0992
  341.8     7.02  36.744  -0.0990
  342.1     7.00  36.771  -0.0974
  342.3     6.99  36.798  -0.0973
  342.5     6.93  36.825  -0.0959
  342.8     6.92  36.852  -0.0975
  343.2     6.91  36.879  -0.0952
  343.3     6.89  36.906  -0.0983
  343.6     6.86  36.933  -0.1017
  344.0     6.85  36.960  -0.1107
  344.2     6.85  36.988  -0.1027
  344.6     6.86  37.015  -0.1010
  344.9     6.82  37.042  -0.1028
  345.1     6.80  37.069  -0.1058
  345.4     6.84  37.096  -0.1032
  345.7     6.79  37.123  -0.0992
  345.9     6.77  37.151  -0.0974
  346.2     6.69  37.178  -0.1004
  346.5     6.74  37.205  -0.0987
  346.7     6.70  37.232  -0.0967
  346.9     6.70  37.259  -0.0993
  347.4     6.78  37.286  -0.1010
  347.6     6.73  37.313  -0.0994
  348.0     6.72  37.340  -0.0983
  348.3     6.68  37.367  -0.0963
  348.5     6.68  37.394  -0.0965
  348.8     6.68  37.422  -0.0964
  349.1     6.73  37.448  -0.0994
  349.4     6.68  37.476  -0.0973
  349.7     6.69  37.503  -0.1007
  349.9     6.66  37.531  -0.0994
  350.2     6.65  37.558  -0.1027
  350.4     6.64  37.585  -0.1029
  350.8     6.63  37.612  -0.1052
  351.0     6.63  37.639  -0.1048
  351.3     6.57  37.666  -0.1042
  351.6     6.60  37.694  -0.1050
  351.8     6.56  37.721  -0.1001
  352.2     6.55  37.748  -0.1026
  352.5     6.62  37.775  -0.1027
  352.8     6.62  37.802  -0.1043
  353.1     6.56  37.829  -0.1051
  353.4     6.58  37.856  -0.1026
  353.6     6.57  37.883  -0.1037
  354.0     6.54  37.911  -0.1034
  354.3     6.57  37.938  -0.1025
  354.5     6.56  37.965  -0.1029
  354.8     6.56  37.992  -0.1066
  355.0     6.53  38.019  -0.1045
  355.2     6.54  38.046  -0.0988
  355.6     6.53  38.074  -0.1115
  355.9     6.49  38.101  -0.1028
  356.1     6.53  38.128  -0.1051
  356.5     6.58  38.155  -0.1042
  356.9     6.52  38.182  -0.1057
  357.1     6.50  38.209  -0.1042
  357.4     6.52  38.235  -0.1020
  357.6     6.54  38.263  -0.1056
  357.8     6.50  38.289  -0.1007
  358.1     6.46  38.317  -0.1021
  358.4     6.46  38.344  -0.1038
  358.9     6.54  38.371  -0.1022
  359.1     6.58  38.398  -0.1048
  359.5     6.62  38.426  -0.1064
  359.7     6.64  38.453  -0.1072
  359.9     6.61  38.480  -0.1074
  360.3     6.64  38.508  -0.1065
  360.6     6.52  38.535  -0.1079
  361.0     6.64  38.562  -0.1072
  361.2     6.60  38.589  -0.1070
  361.4     6.62  38.616  -0.1079
  361.7     6.57  38.643  -0.1089
  362.0     6.60  38.671  -0.1078
  362.3     6.60  38.697  -0.1101
  362.7     6.60  38.724  -0.1115
  362.9     6.59  38.752  -0.1111
  363.3     6.58  38.779  -0.1106
  363.4     6.60  38.806  -0.1119
  363.8     6.55  38.833  -0.1132
  364.0     6.56  38.860  -0.1119
  364.3     6.61  38.887  -0.1127
  364.6     6.56  38.914  -0.1155
  365.0     6.54  38.941  -0.1116
  365.3     6.57  38.968  -0.1080
  365.5     6.56  38.995  -0.1062
  365.7     6.59  39.023  -0.1062
  366.0     6.54  39.050  -0.1064
  366.2     6.52  39.077  -0.1060
  366.6     6.53  39.105  -0.1087
  366.9     6.57  39.132  -0.1083
  367.2     6.55  39.159  -0.1061
  367.5     6.54  39.186  -0.1080
  367.7     6.50  39.213  -0.1097
  368.0     6.48  39.240  -0.1107
  368.3     6.51  39.267  -0.1094
  368.6     6.51  39.294  -0.1090
  368.9     6.51  39.322  -0.1074
  369.2     6.50  39.349  -0.1057
  369.5     6.55  39.376  -0.1129
  369.7     6.46  39.403  -0.1074
  370.0     6.46  39.430  -0.1075
  370.2     6.47  39.458  -0.1081
  370.6     6.48  39.485  -0.1066
  370.9     6.48  39.512  -0.1013
  371.0     6.50  39.539  -0.1008
  371.3     6.44  39.566  -0.1027
  371.6     6.45  39.594  -0.1013
  371.9     6.50  39.621  -0.1028
  372.1     6.44  39.648  -0.1042
  372.4     6.45  39.676  -0.1067
  372.6     6.45  39.703  -0.1075
  372.9     6.40  39.730  -0.1056
  373.2     6.41  39.757  -0.1039
  373.5     6.40  39.784  -0.1045
  373.9     6.42  39.811  -0.1012
  374.1     6.38  39.838  -0.0998
  374.3     6.37  39.866  -0.1005
  374.6     6.38  39.892  -0.1033
  374.9     6.40  39.919  -0.1050
  375.2     6.38  39.946  -0.1046
  375.5     6.40  39.973  -0.1058
  375.8     6.41  40.000  -0.1072
  376.1     6.41  40.027  -0.1083
  376.3     6.28  40.055  -0.1095
  376.5     6.31  40.082  -0.1071
  376.7     6.33  40.110  -0.1098
  377.2     6.36  40.137  -0.1108
  377.3     6.32  40.164  -0.1119
  377.6     6.40  40.191  -0.1082
  378.0     6.37  40.219  -0.1073
  378.2     6.35  40.246  -0.1082
  378.6     6.40  40.274  -0.1099
  378.8     6.39  40.301  -0.1147
  379.1     6.37  40.328  -0.1101
  379.3     6.39  40.355  -0.1104
  379.7     6.38  40.382  -0.1106
  379.9     6.29  40.409  -0.1145
  380.0     6.19  40.437  -0.1096
  380.3     6.15  40.464  -0.1073
  380.7     6.20  40.490  -0.1093
  380.9     6.20  40.518  -0.1059
  381.2     6.09  40.545  -0.1077
  381.5     6.13  40.572  -0.1066
  381.7     6.17  40.599  -0.1127
  382.0     6.15  40.626  -0.1086
  382.2     6.20  40.653  -0.1112
  382.6     6.27  40.680  -0.1152
  382.8     6.16  40.708  -0.1167
  383.2     6.18  40.734  -0.1141
  383.5     6.21  40.761  -0.1086
  383.7     6.18  40.789  -0.1056
  384.0     6.31  40.816  -0.1070
  384.3     6.28  40.843  -0.1077
  384.6     6.26  40.870  -0.1098
  384.7     6.23  40.897  -0.1093
  385.0     6.17  40.924  -0.1104
  385.3     6.13  40.951  -0.1123
  385.5     6.20  40.978  -0.1097
  386.0     6.13  41.005  -0.1120
  386.1     6.20  41.033  -0.1105
  386.4     6.16  41.060  -0.1110
  386.6     6.13  41.087  -0.1103
  387.0     6.11  41.114  -0.1105
  387.3     6.14  41.142  -0.1064
  387.6     6.19  41.169  -0.1052
  387.9     6.13  41.196  -0.1091
  388.1     6.19  41.223  -0.1093
  388.5     6.19  41.251  -0.1116
  388.8     6.18  41.277  -0.1109
  388.9     6.17  41.304  -0.1107
  389.2     6.18  41.331  -0.1075
  389.5     6.17  41.358  -0.1096
  389.8     6.18  41.385  -0.1108
  390.1     6.14  41.412  -0.1096
  390.3     6.13  41.439  -0.1086
  390.5     6.15  41.466  -0.1028
  390.9     6.14  41.494  -0.1051
  391.1     6.12  41.522  -0.1085
  391.4     6.14  41.549  -0.1072
  391.7     6.13  41.576  -0.1048
  391.9     6.15  41.604  -0.1058
  392.3     6.16  41.632  -0.1069
  392.6     6.11  41.659  -0.1056
  392.8     6.12  41.686  -0.1047
  393.1     6.12  41.714  -0.1084
  393.4     6.10  41.741  -0.1048
  393.7     6.10  41.768  -0.1045
  394.0     6.13  41.796  -0.1056
  394.4     6.12  41.823  -0.1057
  394.5     6.13  41.850  -0.1083
  394.9     6.15  41.878  -0.1066
  395.1     6.14  41.905  -0.1039
  395.3     6.14  41.932  -0.1084
  395.6     6.12  41.959  -0.1098
  395.9     6.14  41.986  -0.1089
  396.3     6.18  42.014  -0.1095
  396.6     6.16  42.041  -0.1076
  396.8     6.12  42.069  -0.1098
  397.2     6.09  42.096  -0.1095
  397.3     6.03  42.122  -0.1111
  397.7     6.08  42.150  -0.1124
  397.9     6.07  42.177  -0.1134
  398.1     6.04  42.204  -0.1129
  398.4     6.09  42.231  -0.1231
  398.8     6.13  42.258  -0.1169
  399.0     6.05  42.285  -0.1144
  399.3     6.06  42.312  -0.1163
  399.7     6.11  42.339  -0.1162
  399.8     6.09  42.366  -0.1167
  400.2     6.07  42.393  -0.1165
  400.4     6.09  42.420  -0.1182
  400.7     6.12  42.447  -0.1175
  401.0     6.05  42.474  -0.1166
  401.3     6.08  42.501  -0.1203
  401.5     6.08  42.529  -0.1195
  401.8     6.06  42.557  -0.1176
  402.1     6.09  42.583  -0.1201
  402.4     6.06  42.611  -0.1195
  402.7     6.07  42.638  -0.1174
  403.0     6.04  42.665  -0.1180
  403.2     6.05  42.692  -0.1194
  403.6     6.03  42.720  -0.1132
  403.7     6.00  42.747  -0.1155
  404.1     6.02  42.774  -0.1197
  404.3     6.05  42.801  -0.1165
  404.7     6.02  42.828  -0.1170
  404.9     6.03  42.855  -0.1182
  405.3     6.05  42.883  -0.1230
  405.5     6.07  42.910  -0.1216
  405.7     6.06  42.938  -0.1233
  406.2     6.06  42.965  -0.1201
  406.4     6.05  42.992  -0.1200
  406.7     6.05  43.019  -0.1197
  407.0     6.06  43.046  -0.1154
  407.2     6.01  43.073  -0.1169
  407.4     6.03  43.100  -0.1209
  407.7     6.04  43.127  -0.1230
  408.0     6.03  43.154  -0.1231
  408.2     6.02  43.182  -0.1223
  408.5     6.03  43.208  -0.1196
  408.9     5.99  43.235  -0.1190
  409.1     6.02  43.263  -0.1167
  409.4     6.03  43.290  -0.1165
  409.6     5.99  43.317  -0.1171
  410.0     6.03  43.344  -0.1155
  410.2     6.02  43.371  -0.1183
  410.5     5.99  43.398  -0.1231
  410.8     6.02  43.426  -0.1200
  411.1     6.03  43.453  -0.1191
  411.4     6.07  43.480  -0.1201
  411.7     6.02  43.507  -0.1207
  411.9     6.06  43.534  -0.1218
  412.2     6.04  43.562  -0.1222
  412.4     6.00  43.589  -0.1188
  412.8     5.98  43.617  -0.1183
  413.0     6.01  43.644  -0.1186
  413.3     5.99  43.672  -0.1170
  413.6     5.95  43.698  -0.1196
  413.8     6.07  43.726  -0.1349
  414.2     5.97  43.754  -0.1230
  414.4     5.94  43.781  -0.1233
  414.6     5.97  43.808  -0.1237
  415.0     5.94  43.835  -0.1228
  415.2     5.95  43.862  -0.1220
  415.5     5.95  43.890  -0.1216
  415.8     5.95  43.918  -0.1245
  416.2     5.96  43.945  -0.1251
  416.4     5.96  43.972  -0.1252
  416.7     5.98  43.999  -0.1266
  417.0     5.96  44.026  -0.1277
  417.2     5.99  44.054  -0.1274
  417.6     6.00  44.081  -0.1262
  417.8     5.98  44.108  -0.1264
  418.1     5.99  44.136  -0.1257
  418.3     5.98  44.163  -0.1269
  418.6     5.98  44.190  -0.1236
  419.0     5.99  44.217  -0.1273
  419.2     5.98  44.244  -0.1269
  419.5     5.96  44.271  -0.1253
  419.8     5.95  44.298  -0.1282
  420.1     6.02  44.325  -0.1252
  420.3     6.01  44.352  -0.1265
  420.6     6.00  44.380  -0.1259
  420.9     6.02  44.407  -0.1255
  421.3     6.04  44.434  -0.1216
  421.5     5.96  44.461  -0.1218
  421.8     6.00  44.489  -0.1223
  422.0     5.98  44.516  -0.1217
  422.3     5.97  44.543  -0.1238
  422.5     6.00  44.572  -0.1261
  422.9     6.00  44.599  -0.1271
  423.1     5.95  44.627  -0.1225
  423.5     5.95  44.654  -0.1216
  423.8     5.96  44.682  -0.1200
  424.0     5.89  44.709  -0.1211
  424.3     5.93  44.736  -0.1210
  424.5     5.95  44.763  -0.1226
  424.9     6.00  44.791  -0.1198
  425.2     6.02  44.818  -0.1220
  425.5     6.01  44.845  -0.1258
  425.8     6.03  44.872  -0.1252
  426.1     6.01  44.899  -0.1234
  426.3     5.98  44.927  -0.1248
  426.5     5.97  44.954  -0.1222
  426.8     5.98  44.981  -0.1223
  427.0     5.96  45.008  -0.1272
  427.4     5.96  45.035  -0.1261
  427.7     5.99  45.062  -0.1262
  427.9     5.93  45.090  -0.1264
  428.2     5.98  45.118  -0.1260
  428.6     6.04  45.145  -0.1288
  428.8     5.99  45.172  -0.1268
  429.1     5.99  45.198  -0.1257
  429.4     5.91  45.226  -0.1272
  429.6     6.00  45.253  -0.1307
  429.9     5.94  45.282  -0.1274
  430.2     5.95  45.309  -0.1282
  430.5     5.97  45.336  -0.1263
  430.7     5.88  45.363  -0.1203
  431.0     6.00  45.390  -0.1226
  431.3     6.00  45.418  -0.1217
  431.5     5.94  45.446  -0.1210
  431.9     5.96  45.473  -0.1236
  432.1     5.98  45.501  -0.1276
  432.5     5.94  45.529  -0.1249
  432.8     5.96  45.556  -0.1245
  433.1     6.00  45.583  -0.1272
  433.4     5.97  45.611  -0.1272
  433.7     5.96  45.638  -0.1287
  434.0     6.02  45.666  -0.1294
  434.1     5.98  45.694  -0.1289
  434.4     5.98  45.722  -0.1293
  434.8     5.98  45.749  -0.1328
  435.0     5.96  45.777  -0.1279
  435.2     5.92  45.805  -0.1280
  435.4     5.93  45.832  -0.1289
  435.7     5.88  45.859  -0.1304
  436.1     5.90  45.887  -0.1313
  436.4     5.99  45.914  -0.1327
  436.6     5.87  45.942  -0.1301
  436.9     5.86  45.969  -0.1337
  437.3     5.91  45.997  -0.1330
  437.6     5.91  46.024  -0.1323
  437.7     5.84  46.051  -0.1341
  438.0     5.94  46.078  -0.1331
  438.3     5.88  46.106  -0.1322
  438.5     5.90  46.133  -0.1337
  438.9     5.92  46.160  -0.1323
  439.1     5.97  46.188  -0.1385
  439.4     5.95  46.215  -0.1355
  439.7     5.99  46.242  -0.1340
  440.0     5.91  46.269  -0.1320
  440.3     5.90  46.296  -0.1324
  440.6     5.96  46.324  -0.1310
  440.9     5.91  46.351  -0.1351
  441.1     5.96  46.378  -0.1376
  441.4     5.92  46.405  -0.1310
  441.7     5.92  46.433  -0.1340
  441.9     5.92  46.460  -0.1356
  442.1     5.92  46.487  -0.1368
  442.5     5.95  46.516  -0.1378
  442.7     5.90  46.543  -0.1347
  443.0     5.91  46.571  -0.1367
  443.3     5.86  46.598  -0.1353
  443.6     5.93  46.626  -0.1307
  444.0     5.89  46.653  -0.1286
  444.2     5.91  46.680  -0.1291
  444.4     5.90  46.707  -0.1309
  444.7     5.89  46.734  -0.1327
  444.9     5.88  46.762  -0.1316
  445.1     5.89  46.790  -0.1291
  445.6     5.87  46.817  -0.1308
  445.9     5.92  46.845  -0.1342
  446.1     5.93  46.872  -0.1316
  446.3     5.92  46.899  -0.1307
  446.7     5.88  46.926  -0.1317
  446.9     5.91  46.954  -0.1314
  447.1     5.83  46.981  -0.1302
  447.4     5.85  47.009  -0.1307
  447.7     5.87  47.036  -0.1316
  447.9     5.83  47.063  -0.1298
  448.2     5.82  47.091  -0.1314
  448.6     5.82  47.118  -0.1292
  448.8     5.83  47.145  -0.1336
  449.0     5.78  47.172  -0.1319
  449.3     5.78  47.200  -0.1310
  449.7     5.79  47.227  -0.1308
  449.9     5.85  47.254  -0.1279
  450.1     5.82  47.281  -0.1321
  450.4     5.82  47.308  -0.1319
  450.6     5.83  47.336  -0.1271
  450.9     5.81  47.363  -0.1295
  451.3     5.84  47.390  -0.1322
  451.6     5.83  47.417  -0.1302
  451.8     5.84  47.445  -0.1317
  452.1     5.88  47.472  -0.1326
  452.4     5.83  47.499  -0.1332
  452.6     5.84  47.528  -0.1342
  452.9     5.84  47.555  -0.1367
  453.1     5.83  47.582  -0.1362
  453.4     5.84  47.610  -0.1337
  453.7     5.87  47.637  -0.1347
  454.0     5.78  47.665  -0.1350
  454.4     5.82  47.692  -0.1330
  454.6     5.82  47.719  -0.1337
  454.9     5.85  47.746  -0.1342
  455.0     5.85  47.774  -0.1350
  455.5     5.90  47.801  -0.1309
  455.7     5.88  47.829  -0.1305
  456.0     5.83  47.856  -0.1301
  456.4     5.81  47.883  -0.1309
  456.5     5.77  47.910  -0.1477
  456.8     5.85  47.937  -0.1345
  457.1     5.85  47.965  -0.1382
  457.3     5.79  47.992  -0.1395
  457.6     5.86  48.019  -0.1363
  458.0     5.89  48.046  -0.1372
  458.2     5.86  48.073  -0.1421
  458.6     5.92  48.101  -0.1399
  458.8     5.92  48.128  -0.1399
  459.0     5.83  48.155  -0.1360
  459.3     5.82  48.182  -0.1409
  459.6     5.89  48.210  -0.1371
  459.8     5.92  48.237  -0.1389
  460.1     5.92  48.264  -0.1401
  460.3     5.88  48.292  -0.1383
  460.7     5.94  48.319  -0.1385
  460.9     5.88  48.346  -0.1396
  461.2     5.92  48.373  -0.1387
  461.5     5.90  48.401  -0.1383
  461.7     5.91  48.428  -0.1363
  462.0     5.87  48.456  -0.1383
  462.3     5.84  48.483  -0.1402
  462.5     5.80  48.511  -0.1404
  462.8     5.78  48.539  -0.1385
  463.1     5.79  48.566  -0.1389
  463.3     5.87  48.593  -0.1376
  463.6     5.88  48.621  -0.1397
  463.9     5.82  48.648  -0.1382
  464.2     5.83  48.676  -0.1366
  464.4     5.84  48.703  -0.1391
  464.7     5.88  48.730  -0.1411
  465.0     5.84  48.758  -0.1377
  465.3     5.82  48.785  -0.1383
  465.6     5.80  48.813  -0.1397
  465.9     5.82  48.840  -0.1388
  466.1     5.83  48.867  -0.1402
  466.4     5.86  48.895  -0.1401
  466.7     5.85  48.922  -0.1376
  466.9     5.86  48.949  -0.1385
  467.2     5.82  48.977  -0.1369
  467.5     5.80  49.005  -0.1388
  467.6     5.81  49.032  -0.1522
  467.9     5.79  49.059  -0.1443
  468.3     5.80  49.086  -0.1421
  468.5     5.82  49.114  -0.1407
  468.8     5.79  49.141  -0.1381
  469.2     5.86  49.169  -0.1375
  469.4     5.90  49.196  -0.1383
  469.7     5.88  49.223  -0.1406
  469.9     5.84  49.250  -0.1389
  470.2     5.85  49.278  -0.1365
  470.5     5.89  49.305  -0.1350
  470.8     5.86  49.333  -0.1356
  471.2     5.85  49.360  -0.1398
  471.4     5.85  49.388  -0.1392
  471.6     5.88  49.415  -0.1404
  471.9     5.85  49.443  -0.1396
  472.1     5.88  49.470  -0.1398
  472.3     5.86  49.498  -0.1393
  472.7     5.83  49.526  -0.1417
  473.0     5.85  49.553  -0.1416
  473.3     5.85  49.580  -0.1373
  473.6     5.87  49.607  -0.1379
  473.8     5.88  49.634  -0.1375
  474.1     5.91  49.661  -0.1363
  474.4     5.88  49.689  -0.1370
  474.7     5.84  49.716  -0.1355
  475.0     5.86  49.743  -0.1401
  475.3     5.89  49.770  -0.1388
  475.5     5.89  49.798  -0.1401
  475.8     5.84  49.825  -0.1396
  476.1     5.88  49.852  -0.1422
  476.3     5.90  49.879  -0.1422
  476.6     5.88  49.907  -0.1418
  476.9     5.87  49.934  -0.1439
  477.2     5.88  49.961  -0.1433
  477.4     5.88  49.989  -0.1407
  477.8     5.91  50.016  -0.1410
  478.0     5.87  50.043  -0.1409
  478.3     5.93  50.071  -0.1390
  478.6     5.94  50.098  -0.1459
  478.9     5.89  50.125  -0.1438
  479.2     5.82  50.152  -0.1451
  479.2     5.82  50.179  -0.1428
  479.6     5.84  50.207  -0.1406
  479.9     5.85  50.234  -0.1425
  480.1     5.79  50.261  -0.1398
  480.4     5.86  50.289  -0.1402
  480.8     5.83  50.316  -0.1397
  481.1     5.89  50.343  -0.1399
  481.3     5.79  50.371  -0.1387
  481.5     5.70  50.398  -0.1461
  481.8     5.84  50.426  -0.1530
  482.1     5.91  50.453  -0.1426
  482.5     5.84  50.480  -0.1434
  482.7     5.93  50.508  -0.1393
  483.1     5.93  50.536  -0.1451
  483.3     5.91  50.563  -0.1444
  483.5     5.91  50.591  -0.1478
  483.9     5.89  50.618  -0.1486
  484.1     5.88  50.646  -0.1456
  484.4     5.90  50.673  -0.1480
  484.7     5.90  50.700  -0.1443
  484.9     5.89  50.728  -0.1429
  485.2     5.85  50.755  -0.1414
  485.5     5.85  50.783  -0.1413
  485.8     5.83  50.811  -0.1391
  486.0     5.88  50.839  -0.1422
  486.3     5.88  50.866  -0.1457
  486.6     5.82  50.893  -0.1428
  486.9     5.89  50.920  -0.1441
  487.0     5.80  50.947  -0.1413
  487.5     5.78  50.975  -0.1401
  487.7     5.79  51.002  -0.1401
  488.0     5.78  51.030  -0.1422
  488.2     5.75  51.057  -0.1422
  488.5     5.92  51.084  -0.1472
  488.9     5.88  51.112  -0.1462
  489.2     5.85  51.139  -0.1414
  489.6     5.94  51.167  -0.1458
  489.7     5.91  51.194  -0.1448
  490.0     5.91  51.221  -0.1426
  490.2     5.84  51.248  -0.1418
  490.5     5.89  51.276  -0.1396
  490.8     5.89  51.303  -0.1428
  491.1     5.84  51.330  -0.1458
  491.4     5.85  51.358  -0.1453
  491.6     5.93  51.386  -0.1452
  491.9     5.92  51.413  -0.1601
  492.2     5.83  51.441  -0.1449
  492.5     5.88  51.468  -0.1476
  492.8     5.88  51.496  -0.1443
  493.0     5.76  51.524  -0.1422
  493.1     5.78  51.551  -0.1446
  493.5     5.86  51.578  -0.1405
  494.0     5.92  51.605  -0.1432
  494.1     5.83  51.633  -0.1390
  494.5     5.89  51.660  -0.1416
  494.8     5.90  51.688  -0.1406
  495.0     5.88  51.715  -0.1436
  495.3     5.79  51.743  -0.1440
  495.4     5.75  51.771  -0.1447
  495.7     5.75  51.799  -0.1447
  496.0     5.81  51.826  -0.1437
  496.4     5.87  51.854  -0.1474
  496.8     5.99  51.881  -0.1462
  497.2     6.01  51.908  -0.1453
  497.4     6.05  51.935  -0.1441
  497.7     6.01  51.963  -0.1434
  498.0     6.03  51.991  -0.1466
  498.2     5.88  52.018  -0.1468
  498.5     5.91  52.045  -0.1448
  498.7     5.93  52.072  -0.1450
  499.0     5.88  52.099  -0.1411
  499.3     5.94  52.127  -0.1407
  499.5     5.92  52.154  -0.1404
  499.8     5.96  52.182  -0.1413
  500.1     5.99  52.210  -0.1428
  500.5     5.95  52.237  -0.1458
  500.6     5.89  52.264  -0.1435
  500.9     5.90  52.292  -0.1447
  501.2     5.93  52.319  -0.1444
  501.4     5.89  52.347  -0.1435
  501.7     5.86  52.374  -0.1418
  502.0     5.87  52.402  -0.1429
  502.3     5.98  52.429  -0.1442
  502.5     5.90  52.457  -0.1419
  502.8     5.91  52.484  -0.1414
  503.0     5.87  52.511  -0.1497
  503.5     5.90  52.539  -0.1529
  503.7     5.93  52.566  -0.1383
  504.0     5.91  52.593  -0.1387
  504.2     5.89  52.621  -0.1402
  504.5     5.91  52.648  -0.1418
  504.8     5.87  52.675  -0.1418
  505.0     5.90  52.703  -0.1439
  505.3     5.87  52.730  -0.1400
  505.6     5.86  52.758  -0.1409
  505.8     5.89  52.785  -0.1410
  506.2     5.90  52.813  -0.1431
  506.5     5.92  52.841  -0.1421
  506.8     5.95  52.868  -0.1406
  507.0     5.90  52.896  -0.1389
  507.3     5.82  52.924  -0.1409
  507.5     5.82  52.951  -0.1405
  507.8     5.82  52.979  -0.1402
  508.2     5.95  53.006  -0.1389
  508.3     5.90  53.033  -0.1387
  508.7     5.87  53.060  -0.1408
  508.9     5.89  53.088  -0.1402
  509.3     5.87  53.116  -0.1444
  509.5     5.90  53.143  -0.1425
  509.7     5.93  53.171  -0.1413
  510.0     5.93  53.198  -0.1392
  510.4     5.97  53.226  -0.1411
  510.6     5.92  53.253  -0.1400
  510.9     5.88  53.280  -0.1399
  511.2     5.89  53.308  -0.1414
  511.4     5.91  53.335  -0.1438
  511.6     5.87  53.362  -0.1424
  512.0     5.88  53.390  -0.1449
  512.3     5.89  53.417  -0.1435
  512.5     5.92  53.444  -0.1434
  512.9     5.94  53.471  -0.1447
  513.1     5.97  53.499  -0.1463
  513.4     5.93  53.527  -0.1446
  513.6     5.93  53.554  -0.1444
  514.0     5.99  53.581  -0.1446
  514.2     5.94  53.608  -0.1430
  514.5     5.98  53.636  -0.1598
  514.8     5.96  53.663  -0.1463
  515.0     5.95  53.690  -0.1513
  515.3     5.98  53.717  -0.1478
  515.6     5.89  53.745  -0.1484
  515.8     5.89  53.772  -0.1483
  516.1     5.89  53.799  -0.1484
  516.4     5.91  53.827  -0.1450
  516.6     5.80  53.854  -0.1458
  517.0     5.88  53.882  -0.1535
  517.2     5.84  53.909  -0.1506
  517.4     5.85  53.936  -0.1485
  517.6     5.75  53.964  -0.1449
  517.8     5.67  53.991  -0.1434
  518.1     5.70  54.018  -0.1438
  518.4     5.77  54.045  -0.1426
  518.7     5.72  54.072  -0.1452
  519.0     5.66  54.100  -0.1481
  519.2     5.74  54.127  -0.1493
  519.5     5.67  54.154  -0.1477
  519.9     5.71  54.182  -0.1465
  520.1     5.77  54.211  -0.1521
  520.4     5.85  54.238  -0.1479
  520.8     5.79  54.266  -0.1501
  521.1     5.82  54.293  -0.1508
  521.4     5.82  54.320  -0.1510
  521.7     5.92  54.348  -0.1444
  521.9     5.95  54.375  -0.1461
  522.2     5.89  54.402  -0.1464
  522.5     5.95  54.430  -0.1466
  522.8     5.91  54.457  -0.1496
  523.0     5.90  54.484  -0.1477
  523.2     5.86  54.512  -0.1448
  523.5     5.86  54.540  -0.1460
  523.7     5.84  54.567  -0.1441
  524.1     5.82  54.595  -0.1437
  524.3     5.86  54.622  -0.1469
  524.5     5.83  54.650  -0.1476
  524.8     5.84  54.677  -0.1481
  525.2     5.90  54.705  -0.1486
  525.4     5.81  54.733  -0.1465
  525.7     5.76  54.760  -0.1446
  526.0     5.84  54.787  -0.1469
  526.1     5.79  54.815  -0.1523
  526.5     5.78  54.842  -0.1546
  526.9     5.85  54.870  -0.1538
  527.1     5.88  54.897  -0.1510
  527.5     5.91  54.924  -0.1492
  527.7     5.90  54.952  -0.1510
  528.0     5.85  54.979  -0.1521
  528.2     5.92  55.006  -0.1498
  528.6     5.94  55.034  -0.1527
  528.7     5.91  55.061  -0.1567
  529.2     5.93  55.089  -0.1572
  529.4     5.86  55.117  -0.1556
  529.7     5.94  55.144  -0.1542
  529.8     5.90  55.171  -0.1551
  530.1     5.83  55.198  -0.1552
  530.4     5.91  55.226  -0.1581
  530.7     5.93  55.253  -0.1539
  531.0     5.91  55.280  -0.1534
  531.2     5.91  55.307  -0.1539
  531.6     5.95  55.334  -0.1526
  531.9     5.92  55.362  -0.1479
  532.2     5.92  55.390  -0.1479
  532.4     5.92  55.417  -0.1478
  532.6     6.03  55.444  -0.1490
  532.9     5.89  55.471  -0.1521
  533.1     5.93  55.498  -0.1558
  533.4     5.88  55.527  -0.1541
  533.8     5.87  55.554  -0.1521
  533.9     5.87  55.582  -0.1557
  534.2     5.85  55.609  -0.1518
  534.6     5.84  55.636  -0.1525
  534.8     5.84  55.663  -0.1515
  535.1     5.86  55.691  -0.1556
  535.4     5.82  55.718  -0.1536
  535.7     5.87  55.745  -0.1534
  535.8     5.80  55.772  -0.1569
  536.2     5.82  55.799  -0.1500
  536.4     5.77  55.827  -0.1498
  536.8     5.89  55.854  -0.1525
  537.0     5.83  55.882  -0.1549
  537.2     5.90  55.909  -0.1553
  537.5     5.81  55.936  -0.1569
  537.9     5.90  55.964  -0.1531
  538.1     5.92  55.991  -0.1545
  538.3     5.73  56.018  -0.1497
  538.5     5.78  56.045  -0.1542
  538.9     5.75  56.073  -0.1523
  539.2     5.83  56.100  -0.1485
  539.2     5.67  56.128  -0.1556
  539.7     5.82  56.155  -0.1548
  539.8     5.73  56.182  -0.1536
  540.1     5.78  56.209  -0.1496
  540.3     5.87  56.237  -0.1597
  540.7     5.86  56.264  -0.1578
  540.9     5.77  56.292  -0.1542
  541.3     5.75  56.320  -0.1546
  541.5     5.80  56.347  -0.1501
  541.8     5.81  56.374  -0.1503
  542.1     5.85  56.401  -0.1557
  542.4     5.83  56.429  -0.1549
  542.6     5.84  56.456  -0.1496
  542.7     5.76  56.483  -0.1586
  543.1     5.84  56.511  -0.1546
  543.3     5.75  56.538  -0.1516
  543.6     5.82  56.566  -0.1526
  543.9     5.82  56.593  -0.1516
  544.2     5.87  56.621  -0.1488
  544.6     5.89  56.648  -0.1528
  544.7     5.81  56.675  -0.1515
  544.9     5.78  56.703  -0.1579
  545.3     5.77  56.731  -0.1581
  545.4     5.77  56.758  -0.1563
  545.8     5.78  56.786  -0.1568
  546.1     5.79  56.813  -0.1571
  546.3     5.70  56.841  -0.1564
  546.6     5.80  56.868  -0.1554
  546.9     5.81  56.896  -0.1533
  547.2     5.71  56.923  -0.1539
  547.5     5.88  56.950  -0.1549
  547.8     5.90  56.978  -0.1549
  548.1     5.89  57.005  -0.1579
  548.4     5.84  57.032  -0.1578
  548.7     5.89  57.060  -0.1551
  548.9     5.88  57.088  -0.1559
  549.2     5.89  57.115  -0.1617
  549.6     5.89  57.142  -0.1584
  549.8     5.88  57.170  -0.1589
  550.1     5.86  57.197  -0.1600
  550.3     5.86  57.225  -0.1560
  550.6     5.90  57.252  -0.1588
  550.8     5.79  57.280  -0.1560
  551.1     5.80  57.308  -0.1579
  551.3     5.77  57.335  -0.1566
  551.7     5.80  57.363  -0.1546
  551.9     5.82  57.390  -0.1547
  552.3     5.84  57.418  -0.1562
  552.5     5.86  57.445  -0.1557
  552.8     5.89  57.472  -0.1573
  553.2     5.86  57.500  -0.1554
  553.4     5.93  57.528  -0.1581
  553.7     5.89  57.555  -0.1589
  554.1     5.85  57.583  -0.1610
  554.2     5.95  57.610  -0.1589
  554.7     5.84  57.638  -0.1578
  554.9     5.92  57.665  -0.1585
  555.1     5.95  57.692  -0.1551
  555.4     5.84  57.720  -0.1584
  555.6     5.91  57.747  -0.1529
  555.9     5.89  57.775  -0.1589
  556.3     5.83  57.802  -0.1661
  556.6     5.81  57.829  -0.1578
  556.7     5.82  57.857  -0.1548
  556.9     5.84  57.884  -0.1554
  557.3     5.80  57.912  -0.1540
  557.6     5.82  57.939  -0.1544
  557.9     5.84  57.966  -0.1538
  558.1     5.84  57.993  -0.1541
  558.4     5.90  58.021  -0.1553
  558.6     5.83  58.048  -0.1569
  559.0     5.84  58.076  -0.1558
  559.3     5.89  58.103  -0.1542
  559.6     5.86  58.130  -0.1529
  559.7     5.82  58.158  -0.1567
  560.0     5.84  58.185  -0.1551
  560.3     5.81  58.212  -0.1557
  560.7     5.81  58.240  -0.1541
  560.8     5.82  58.268  -0.1547
  561.1     5.77  58.295  -0.1599
  561.5     5.86  58.322  -0.1581
  561.7     5.82  58.349  -0.1601
  562.0     5.84  58.377  -0.1572
  562.2     5.77  58.405  -0.1570
  562.3     5.78  58.432  -0.1542
  562.5     5.69  58.459  -0.1584
  562.9     5.74  58.486  -0.1578
  563.2     5.77  58.514  -0.1559
  563.5     5.82  58.541  -0.1547
  563.8     5.78  58.568  -0.1536
  564.0     5.73  58.596  -0.1534
  564.3     5.76  58.624  -0.1543
  564.6     5.78  58.651  -0.1542
  564.9     5.85  58.679  -0.1555
  565.3     5.79  58.706  -0.1537
  565.5     5.85  58.733  -0.1572
  565.7     5.81  58.761  -0.1586
  565.9     5.80  58.789  -0.1554
  566.3     5.77  58.816  -0.1572
  566.5     5.79  58.843  -0.1574
  566.8     5.80  58.871  -0.1557
  567.1     5.78  58.898  -0.1579
  567.4     5.77  58.926  -0.1591
  567.7     5.84  58.953  -0.1601
  567.9     5.79  58.981  -0.1647
  568.1     5.75  59.008  -0.1637
  568.3     5.73  59.035  -0.1637
  568.5     5.66  59.063  -0.1640
  569.0     5.78  59.090  -0.1636
  569.1     5.74  59.118  -0.1647
  569.4     5.76  59.145  -0.1603
  569.8     5.82  59.172  -0.1623
  570.1     5.85  59.200  -0.1639
  570.3     5.79  59.227  -0.1606
  570.5     5.76  59.254  -0.1624
  570.8     5.77  59.282  -0.1652
  571.1     5.82  59.309  -0.1621
  571.3     5.77  59.336  -0.1626
  571.6     5.70  59.364  -0.1614
  572.0     5.84  59.391  -0.1667
  572.3     5.81  59.418  -0.1620
  572.4     5.85  59.446  -0.1625
  572.8     5.89  59.473  -0.1643
  573.2     5.89  59.500  -0.1646
  573.4     5.86  59.528  -0.1660
  573.6     5.86  59.556  -0.1666
  573.8     5.78  59.584  -0.1656
  574.2     5.82  59.611  -0.1693
  574.4     5.93  59.639  -0.1661
  574.5     5.84  59.666  -0.1668
  574.8     5.80  59.694  -0.1667
  575.2     5.86  59.721  -0.1678
  575.4     5.91  59.748  -0.1655
  575.8     5.89  59.777  -0.1657
  576.1     5.86  59.804  -0.1635
  576.4     5.91  59.831  -0.1663
  576.6     5.88  59.858  -0.1670
  576.7     5.76  59.885  -0.1664
  577.1     5.80  59.912  -0.1641
  577.4     5.83  59.940  -0.1668
  577.6     5.93  59.967  -0.1718
  577.9     5.87  59.995  -0.1679
  578.2     5.94  60.022  -0.1672
  578.4     5.90  60.049  -0.1706
  578.6     5.89  60.077  -0.1714
  579.0     5.97  60.104  -0.1702
  579.3     5.96  60.132  -0.1699
  579.6     5.96  60.160  -0.1691
  579.8     5.99  60.187  -0.1670
  580.1     6.01  60.214  -0.1647
  580.4     5.97  60.242  -0.1649
  580.6     5.96  60.269  -0.1635
  580.9     6.03  60.297  -0.1655
  581.2     6.00  60.324  -0.1668
  581.5     5.99  60.351  -0.1659
  581.7     5.96  60.379  -0.1688
  582.1     5.98  60.407  -0.1685
  582.3     6.01  60.434  -0.1689
  582.5     5.99  60.462  -0.1689
  582.7     5.99  60.489  -0.1688
  583.1     6.01  60.517  -0.1648
  583.4     6.01  60.544  -0.1664
  583.6     6.01  60.571  -0.1635
  583.8     6.01  60.598  -0.1654
  584.1     6.01  60.626  -0.1676
  584.4     6.02  60.653  -0.1691
  584.7     6.02  60.680  -0.1681
  584.9     6.02  60.708  -0.1675
  585.2     5.98  60.735  -0.1664
  585.5     6.01  60.763  -0.1660
  585.8     6.04  60.790  -0.1656
  585.9     5.88  60.817  -0.1687
  586.2     5.94  60.845  -0.1667
  586.6     5.91  60.872  -0.1687
  586.8     6.03  60.900  -0.1670
  587.1     6.05  60.927  -0.1689
  587.4     5.96  60.955  -0.1677
  587.6     6.00  60.982  -0.1682
  587.9     6.05  61.010  -0.1683
  588.2     6.01  61.037  -0.1663
  588.5     6.03  61.064  -0.1690
  588.7     6.02  61.092  -0.1674
  589.0     5.99  61.119  -0.1671
  589.3     6.01  61.146  -0.1680
  589.5     6.05  61.174  -0.1676
  589.9     6.01  61.201  -0.1685
  590.0     6.01  61.228  -0.1681
  590.3     5.99  61.256  -0.1648
  590.6     5.99  61.284  -0.1633
  590.8     6.01  61.311  -0.1635
  591.2     6.00  61.339  -0.1651
  591.4     6.00  61.366  -0.1635
  591.7     6.03  61.394  -0.1629
  592.0     6.00  61.421  -0.1638
  592.3     6.04  61.449  -0.1629
  592.5     6.13  61.477  -0.1674
  592.7     6.06  61.505  -0.1688
  593.1     6.02  61.533  -0.1722
  593.4     6.04  61.560  -0.1727
  593.6     6.01  61.587  -0.1737
  593.9     5.98  61.615  -0.1722
  594.1     5.93  61.643  -0.1714
  594.4     6.02  61.671  -0.1700
  594.7     6.06  61.698  -0.1719
  595.0     5.91  61.726  -0.1759
  595.2     5.84  61.753  -0.1737
  595.5     6.02  61.781  -0.1709
  595.8     6.03  61.809  -0.1714
  596.1     6.03  61.836  -0.1683
  596.3     5.98  61.864  -0.1673
  596.6     6.01  61.891  -0.1661
  597.0     6.00  61.918  -0.1665
  597.2     6.01  61.946  -0.1608
  597.5     6.00  61.974  -0.1670
  597.8     6.00  62.001  -0.1688
  597.9     5.99  62.029  -0.1705
  598.2     6.05  62.056  -0.1679
  598.5     6.00  62.083  -0.1683
  598.8     6.02  62.111  -0.1642
  599.1     6.03  62.139  -0.1673
  599.4     6.03  62.166  -0.1661
  599.7     6.02  62.193  -0.1633
  599.9     6.02  62.221  -0.1641
  600.3     6.06  62.248  -0.1649
