   18.1     6.30   0.026  -0.0022
   18.4     6.38   0.053  -0.0005
   18.4     6.28   0.079   0.0026
   18.5     6.23   0.106   0.0052
   18.6     6.26   0.132   0.0018
   19.0     6.34   0.159   0.0006
   19.1     6.34   0.186   0.0040
   19.2     6.28   0.213   0.0031
   19.4     6.25   0.239   0.0033
   19.5     6.24   0.265   0.0054
   19.9     6.38   0.292   0.0070
   19.9     6.27   0.318   0.0096
   20.1     6.30   0.345   0.0066
   20.3     6.26   0.371   0.0035
   20.5     6.35   0.398   0.0023
   20.6     6.32   0.425   0.0007
   20.9     6.31   0.452   0.0001
   21.1     6.32   0.478  -0.0018
   21.3     6.26   0.505   0.0020
   21.5     6.25   0.532   0.0044
   21.8     6.30   0.558   0.0043
   21.9     6.28   0.585   0.0023
   22.1     6.31   0.611   0.0033
   22.3     6.23   0.638   0.0018
   22.5     6.26   0.664   0.0016
   22.6     6.22   0.691   0.0028
   22.9     6.21   0.718  -0.0016
   23.1     6.22   0.745   0.0004
   23.3     6.22   0.771   0.0003
   23.5     6.17   0.798   0.0009
   23.7     6.18   0.825   0.0038
   23.8     6.11   0.852   0.0048
   24.0     6.11   0.878   0.0078
   24.3     6.12   0.905   0.0049
   24.5     6.13   0.931   0.0018
   24.7     6.07   0.958   0.0036
   24.8     6.07   0.985   0.0038
   25.1     6.07   1.012   0.0020
   25.3     6.00   1.039   0.0028
   25.4     6.02   1.065   0.0029
   25.7     6.01   1.092   0.0013
   25.8     5.96   1.118   0.0020
   26.2     5.95   1.146   0.0016
   26.2     5.94   1.173   0.0002
   26.3     5.90   1.199   0.0036
   26.6     5.88   1.226   0.0030
   26.8     5.88   1.253   0.0044
   27.1     5.79   1.279   0.0054
   27.2     5.81   1.305   0.0058
   27.4     5.74   1.332   0.0029
   27.5     5.75   1.359   0.0040
   27.9     5.76   1.386   0.0009
   27.9     5.64   1.413   0.0018
   28.1     5.66   1.439   0.0068
   28.2     5.63   1.466   0.0047
   28.5     5.62   1.493   0.0049
   28.5     5.51   1.519   0.0068
   28.7     5.47   1.546   0.0023
   28.9     5.48   1.573   0.0049
   29.1     5.38   1.599   0.0041
   29.1     5.34   1.626   0.0054
   29.5     5.34   1.652   0.0040
   29.8     5.34   1.679   0.0020
   29.7     5.24   1.705   0.0049
   29.9     5.16   1.732   0.0035
   30.1     5.28   1.758   0.0044
   30.3     5.23   1.785   0.0041
   30.5     5.25   1.812   0.0079
   30.7     5.22   1.839   0.0070
   30.9     5.20   1.865   0.0111
   31.0     5.14   1.892   0.0072
   31.1     5.16   1.918   0.0095
   31.3     5.09   1.945   0.0060
   31.5     5.18   1.972   0.0053
   31.7     5.13   1.999   0.0046
   31.9     5.09   2.025   0.0073
   32.0     5.10   2.052   0.0070
   32.2     5.09   2.079   0.0067
   32.3     5.05   2.105   0.0054
   32.4     4.96   2.132   0.0056
   32.6     4.99   2.158   0.0082
   32.8     4.92   2.185   0.0044
   32.9     4.93   2.212   0.0066
   33.1     4.92   2.238   0.0040
   33.2     4.86   2.265   0.0089
   33.4     4.84   2.292   0.0084
   33.6     4.83   2.319   0.0100
   33.7     4.78   2.346   0.0105
   33.9     4.80   2.372   0.0097
   34.0     4.74   2.399   0.0113
   34.1     4.73   2.426   0.0093
   34.2     4.70   2.453   0.0058
   34.5     4.71   2.479   0.0043
   34.7     4.70   2.507   0.0047
   34.7     4.60   2.533   0.0022
   34.8     4.62   2.560   0.0062
   34.9     4.64   2.587   0.0090
   35.2     4.64   2.614   0.0125
   35.3     4.54   2.640   0.0119
   35.5     4.55   2.667   0.0150
   35.6     4.57   2.693   0.0112
   35.6     4.53   2.720   0.0096
   35.9     4.53   2.747   0.0111
   35.9     4.48   2.773   0.0097
   36.1     4.42   2.800   0.0106
   36.1     4.42   2.827   0.0145
   36.3     4.39   2.854   0.0163
   36.5     4.38   2.881   0.0134
   36.5     4.36   2.907   0.0141
   36.7     4.31   2.934   0.0118
   36.8     4.34   2.961   0.0112
   36.9     4.27   2.988   0.0084
   37.0     4.27   3.014   0.0093
   37.1     4.25   3.041   0.0082
   37.2     4.25   3.068   0.0043
   37.4     4.16   3.095   0.0066
   37.5     4.17   3.121   0.0083
   37.6     4.14   3.148   0.0067
   37.7     4.17   3.175   0.0061
   37.8     4.10   3.201   0.0071
   38.0     4.12   3.228   0.0092
   38.2     4.14   3.255   0.0087
   38.2     4.10   3.282   0.0078
   38.3     4.07   3.308   0.0065
   38.5     4.08   3.335   0.0067
   38.6     4.02   3.362   0.0085
   38.6     4.05   3.389   0.0102
   38.8     3.97   3.416   0.0048
   38.9     3.98   3.443   0.0054
   38.9     3.95   3.470   0.0062
   39.0     3.91   3.497   0.0069
   39.2     3.91   3.523   0.0104
   39.2     3.87   3.550   0.0087
   39.2     3.80   3.577   0.0060
   39.4     3.83   3.604   0.0085
   39.6     3.87   3.631   0.0089
   39.7     3.81   3.658   0.0122
   39.7     3.78   3.684   0.0110
   39.9     3.81   3.711   0.0110
   40.0     3.77   3.738   0.0133
   40.0     3.75   3.765   0.0085
   40.2     3.75   3.791   0.0100
   40.1     3.69   3.818   0.0120
   40.4     3.72   3.845   0.0130
   40.5     3.75   3.872   0.0110
   40.5     3.65   3.898   0.0094
   40.6     3.71   3.926   0.0101
   40.7     3.62   3.952   0.0072
   40.8     3.61   3.979   0.0088
   40.8     3.66   4.006   0.0120
   41.0     3.63   4.033   0.0114
   41.1     3.59   4.060   0.0150
   41.2     3.58   4.087   0.0158
   41.2     3.54   4.114   0.0109
   41.4     3.56   4.141   0.0106
   41.4     3.55   4.168   0.0117
   41.5     3.55   4.194   0.0130
   41.5     3.55   4.221   0.0111
   41.6     3.49   4.248   0.0130
   41.7     3.50   4.275   0.0078
   41.8     3.52   4.302   0.0094
   41.9     3.44   4.329   0.0111
   42.0     3.49   4.356   0.0121
   42.0     3.43   4.383   0.0149
   42.1     3.39   4.410   0.0136
   42.2     3.39   4.437   0.0131
   42.1     3.27   4.464   0.0166
   42.3     3.31   4.490   0.0148
   42.3     3.29   4.517   0.0137
   42.4     3.36   4.544   0.0143
   42.5     3.35   4.571   0.0130
   42.6     3.29   4.598   0.0169
   42.7     3.31   4.624   0.0135
   42.8     3.38   4.651   0.0227
   42.9     3.28   4.678   0.0183
   42.9     3.31   4.705   0.0202
   43.0     3.30   4.732   0.0206
   43.1     3.25   4.758   0.0211
   43.1     3.19   4.785   0.0150
   43.2     3.21   4.812   0.0179
   43.2     3.18   4.839   0.0160
   43.3     3.18   4.866   0.0175
   43.3     3.17   4.893   0.0193
   43.4     3.17   4.920   0.0204
   43.5     3.16   4.947   0.0203
   43.6     3.13   4.974   0.0255
   43.7     3.10   5.001   0.0223
   43.7     3.13   5.028   0.0209
   43.8     3.15   5.055   0.0208
   43.8     3.11   5.081   0.0213
   43.8     3.08   5.108   0.0217
   43.8     3.04   5.135   0.0238
   43.9     3.06   5.162   0.0211
   44.0     3.09   5.189   0.0208
   44.1     3.05   5.215   0.0229
   44.2     3.03   5.242   0.0206
   44.3     3.06   5.268   0.0239
   44.2     3.00   5.295   0.0229
   44.2     2.99   5.322   0.0240
   44.3     2.96   5.349   0.0247
   44.4     3.02   5.376   0.0269
   44.6     3.01   5.403   0.0281
   44.6     2.94   5.429   0.0237
   44.6     2.88   5.456   0.0231
   44.6     2.91   5.483   0.0255
   44.7     2.88   5.510   0.0258
   44.6     2.73   5.538   0.0231
   44.6     2.71   5.564   0.0254
   44.8     2.78   5.591   0.0253
   44.9     2.88   5.617   0.0278
   44.8     2.76   5.644   0.0283
   45.1     2.85   5.671   0.0245
   45.1     2.88   5.698   0.0297
   45.1     2.83   5.725   0.0260
   45.0     2.75   5.752   0.0277
   45.2     2.78   5.778   0.0286
   45.2     2.78   5.806   0.0279
   45.2     2.71   5.833   0.0257
   45.3     2.75   5.860   0.0241
   45.3     2.79   5.886   0.0273
   45.4     2.78   5.913   0.0244
   45.4     2.76   5.940   0.0255
   45.4     2.72   5.967   0.0284
   45.4     2.71   5.994   0.0269
   45.5     2.80   6.021   0.0257
   45.6     2.71   6.048   0.0194
   45.7     2.78   6.075   0.0249
   45.8     2.79   6.102   0.0238
   45.7     2.71   6.129   0.0232
   45.9     2.74   6.156   0.0228
   45.9     2.80   6.183   0.0212
   46.0     2.70   6.209   0.0274
   46.0     2.73   6.235   0.0293
   46.0     2.59   6.262   0.0330
   46.0     2.64   6.289   0.0274
   46.0     2.61   6.316   0.0328
   46.1     2.66   6.343   0.0296
   46.1     2.67   6.369   0.0304
   46.2     2.64   6.397   0.0337
   46.2     2.68   6.423   0.0299
   46.2     2.66   6.451   0.0320
   46.2     2.58   6.478   0.0322
   46.4     2.65   6.505   0.0279
   46.5     2.67   6.532   0.0279
   46.3     2.59   6.559   0.0241
   46.3     2.52   6.586   0.0248
   46.5     2.54   6.613   0.0249
   46.5     2.50   6.640   0.0231
   46.6     2.52   6.666   0.0274
   46.5     2.49   6.693   0.0290
   46.6     2.49   6.720   0.0289
   46.7     2.49   6.747   0.0305
   46.7     2.54   6.774   0.0311
   46.8     2.51   6.801   0.0300
   46.7     2.52   6.829   0.0286
   46.8     2.51   6.855   0.0300
   46.9     2.46   6.882   0.0313
   46.7     2.46   6.909   0.0287
   46.9     2.47   6.936   0.0270
   46.8     2.46   6.963   0.0307
   46.9     2.44   6.990   0.0299
   47.0     2.45   7.016   0.0312
   47.0     2.42   7.043   0.0278
   47.1     2.41   7.070   0.0260
   47.1     2.43   7.097   0.0277
   47.2     2.43   7.123   0.0226
   47.1     2.39   7.150   0.0225
   47.1     2.44   7.177   0.0256
   47.3     2.42   7.204   0.0233
   47.3     2.40   7.231   0.0261
   47.3     2.41   7.258   0.0287
   47.3     2.46   7.285   0.0306
   47.5     2.48   7.312   0.0275
   47.5     2.48   7.339   0.0252
   47.6     2.48   7.366   0.0255
   47.5     2.42   7.393   0.0285
   47.6     2.41   7.420   0.0337
   47.7     2.44   7.447   0.0301
   47.7     2.52   7.474   0.0271
   47.7     2.42   7.501   0.0255
   47.8     2.45   7.528   0.0239
   47.9     2.51   7.555   0.0173
   47.8     2.46   7.582   0.0222
   47.8     2.41   7.609   0.0237
   48.0     2.50   7.636   0.0254
   48.1     2.53   7.663   0.0279
   48.0     2.52   7.690   0.0288
   48.1     2.44   7.717   0.0271
   48.2     2.47   7.744   0.0301
   48.3     2.58   7.771   0.0286
   48.3     2.54   7.798   0.0278
   48.3     2.48   7.824   0.0269
   48.4     2.52   7.851   0.0263
   48.5     2.53   7.878   0.0256
   48.5     2.54   7.905   0.0259
   48.7     2.54   7.932   0.0226
   48.8     2.59   7.958   0.0192
   48.8     2.60   7.985   0.0196
   48.9     2.59   8.012   0.0200
   49.0     2.63   8.039   0.0233
   49.0     2.59   8.066   0.0238
   49.1     2.63   8.093   0.0279
   49.1     2.64   8.120   0.0305
   49.2     2.66   8.147   0.0296
   49.4     2.66   8.174   0.0269
   49.3     2.64   8.201   0.0275
   49.5     2.65   8.229   0.0267
   49.5     2.66   8.255   0.0278
   49.6     2.69   8.282   0.0289
   49.7     2.70   8.309   0.0263
   49.9     2.72   8.336   0.0267
   49.9     2.76   8.364   0.0256
   50.0     2.72   8.391   0.0226
   50.1     2.79   8.417   0.0197
   50.1     2.66   8.444   0.0201
   50.2     2.75   8.471   0.0232
   50.4     2.78   8.498   0.0232
   50.4     2.81   8.526   0.0225
   50.6     2.82   8.553   0.0241
   50.7     2.87   8.579   0.0240
   50.7     2.85   8.606   0.0215
   50.9     2.90   8.633   0.0232
   51.1     2.98   8.660   0.0251
   51.1     2.90   8.687   0.0287
   51.3     2.98   8.714   0.0245
   51.5     3.04   8.741   0.0232
   51.6     2.98   8.768   0.0249
   51.7     3.02   8.796   0.0218
   51.7     3.01   8.823   0.0235
   52.0     3.05   8.849   0.0245
   52.1     3.05   8.876   0.0188
   52.2     3.06   8.903   0.0232
   52.2     3.09   8.930   0.0229
   52.5     3.05   8.957   0.0217
   52.6     3.04   8.984   0.0219
   52.7     3.10   9.011   0.0238
   53.0     3.21   9.038   0.0235
   53.1     3.18   9.065   0.0263
   53.2     3.16   9.092   0.0268
   53.4     3.26   9.119   0.0283
   53.6     3.28   9.146   0.0240
   53.6     3.24   9.173   0.0278
   53.8     3.25   9.200   0.0234
   53.9     3.29   9.227   0.0229
   54.1     3.29   9.254   0.0237
   54.3     3.28   9.282   0.0200
   54.5     3.33   9.309   0.0218
   54.6     3.41   9.336   0.0213
   54.8     3.40   9.363   0.0208
   55.0     3.37   9.390   0.0213
   55.2     3.46   9.418   0.0238
   55.3     3.47   9.445   0.0217
   55.5     3.43   9.472   0.0197
   55.7     3.49   9.499   0.0206
   55.9     3.54   9.526   0.0204
   56.2     3.54   9.553   0.0207
   56.3     3.50   9.580   0.0202
   56.4     3.52   9.607   0.0218
   56.7     3.63   9.634   0.0262
   56.8     3.57   9.661   0.0199
   56.9     3.54   9.688   0.0244
   57.2     3.57   9.715   0.0235
   57.3     3.63   9.742   0.0257
   57.6     3.68   9.769   0.0249
   57.8     3.63   9.796   0.0242
   58.0     3.67   9.823   0.0278
   58.1     3.60   9.850   0.0229
   58.4     3.70   9.877   0.0238
   58.5     3.70   9.905   0.0245
   58.8     3.72   9.932   0.0282
   59.0     3.71   9.958   0.0284
   59.2     3.78   9.985   0.0229
   59.4     3.80  10.012   0.0218
   59.7     3.83  10.039   0.0268
   59.9     3.87  10.065   0.0273
   60.0     3.81  10.092   0.0258
   60.3     3.81  10.119   0.0262
   60.5     3.80  10.146   0.0286
   60.7     3.76  10.173   0.0276
   60.9     3.80  10.200   0.0246
   61.2     3.71  10.227   0.0231
   61.4     3.85  10.254   0.0239
   61.6     3.88  10.281   0.0227
   61.9     3.91  10.308   0.0200
   62.1     3.82  10.334   0.0209
   62.3     3.93  10.360   0.0221
   62.5     3.96  10.387   0.0229
   62.8     3.90  10.414   0.0216
   63.0     3.89  10.441   0.0249
   63.2     3.95  10.468   0.0260
   63.4     3.99  10.495   0.0276
   63.8     4.02  10.522   0.0242
   63.9     4.08  10.549   0.0262
   64.2     4.02  10.575   0.0222
   64.4     3.96  10.602   0.0205
   64.6     3.90  10.629   0.0202
   65.0     4.04  10.655   0.0250
   65.2     4.06  10.682   0.0271
   65.4     4.01  10.709   0.0252
   65.6     4.09  10.735   0.0300
   65.9     4.00  10.762   0.0274
   66.2     4.07  10.789   0.0265
   66.3     4.01  10.816   0.0209
   66.5     4.00  10.843   0.0248
   66.8     4.04  10.870   0.0255
   67.0     4.03  10.897   0.0233
   67.3     4.06  10.923   0.0230
   67.7     4.10  10.950   0.0241
   67.9     4.11  10.977   0.0238
   68.0     4.05  11.003   0.0274
   68.4     4.14  11.030   0.0255
   68.8     4.18  11.057   0.0256
   69.0     4.16  11.083   0.0267
   69.1     4.17  11.110   0.0255
   69.4     4.11  11.136   0.0213
   69.6     4.09  11.163   0.0208
   69.8     4.07  11.190   0.0165
   70.1     4.11  11.217   0.0176
   70.4     4.08  11.244   0.0185
   70.6     4.15  11.271   0.0184
   70.9     4.15  11.298   0.0201
   71.2     4.20  11.326   0.0205
   71.5     4.16  11.352   0.0219
   71.8     4.20  11.379   0.0239
   72.2     4.24  11.407   0.0230
   72.4     4.27  11.434   0.0217
   72.7     4.25  11.460   0.0212
   72.8     4.28  11.488   0.0204
   73.1     4.27  11.514   0.0177
   73.4     4.21  11.541   0.0168
   73.6     4.25  11.567   0.0197
   74.1     4.33  11.594   0.0213
   74.3     4.34  11.621   0.0191
   74.7     4.30  11.647   0.0205
   74.9     4.31  11.674   0.0219
   75.2     4.41  11.701   0.0210
   75.4     4.38  11.728   0.0187
   75.7     4.38  11.755   0.0170
   76.0     4.36  11.782   0.0183
   76.2     4.37  11.808   0.0217
   76.5     4.37  11.835   0.0225
   76.7     4.32  11.862   0.0201
   77.0     4.36  11.889   0.0234
   77.4     4.35  11.916   0.0210
   77.7     4.34  11.942   0.0232
   78.0     4.38  11.969   0.0225
   78.2     4.35  11.996   0.0151
   78.5     4.38  12.023   0.0207
   78.8     4.39  12.050   0.0231
   79.1     4.40  12.077   0.0204
   79.3     4.37  12.104   0.0215
   79.6     4.35  12.130   0.0217
   79.9     4.38  12.157   0.0258
   80.1     4.38  12.184   0.0192
   80.4     4.36  12.211   0.0199
   80.7     4.34  12.238   0.0179
   80.9     4.31  12.265   0.0201
   81.3     4.42  12.291   0.0174
   81.7     4.41  12.318   0.0185
   81.8     4.38  12.345   0.0184
   82.1     4.39  12.372   0.0197
   82.5     4.40  12.399   0.0197
   82.7     4.38  12.426   0.0184
   82.9     4.44  12.453   0.0164
   83.4     4.38  12.480   0.0159
   83.6     4.42  12.507   0.0214
   83.8     4.36  12.534   0.0216
   84.2     4.39  12.561   0.0169
   84.5     4.39  12.588   0.0180
   84.7     4.35  12.615   0.0216
   85.0     4.39  12.641   0.0232
   85.4     4.38  12.669   0.0229
   85.6     4.41  12.695   0.0194
   85.8     4.41  12.722   0.0194
   86.1     4.32  12.749   0.0191
   86.5     4.34  12.776   0.0183
   86.7     4.35  12.802   0.0205
   86.9     4.34  12.830   0.0192
   87.2     4.35  12.857   0.0198
   87.6     4.34  12.883   0.0208
   87.9     4.37  12.910   0.0184
   88.1     4.39  12.937   0.0230
   88.5     4.42  12.964   0.0198
   88.8     4.36  12.991   0.0201
   89.0     4.36  13.018   0.0192
   89.3     4.34  13.045   0.0215
   89.7     4.38  13.071   0.0180
   89.9     4.34  13.098   0.0167
   90.2     4.35  13.125   0.0210
   90.6     4.39  13.152   0.0164
   90.8     4.38  13.179   0.0160
   91.0     4.38  13.206   0.0148
   91.5     4.40  13.233   0.0184
   91.7     4.37  13.259   0.0178
   92.0     4.39  13.286   0.0175
   92.3     4.39  13.313   0.0193
   92.6     4.41  13.340   0.0190
   93.0     4.39  13.367   0.0202
   93.2     4.39  13.394   0.0216
   93.4     4.34  13.421   0.0193
   93.7     4.32  13.448   0.0191
   94.1     4.35  13.474   0.0164
   94.2     4.30  13.501   0.0152
   94.6     4.31  13.528   0.0174
   94.9     4.31  13.555   0.0120
   95.1     4.23  13.582   0.0158
   95.2     4.13  13.609   0.0198
   95.6     4.11  13.636   0.0169
   96.0     4.13  13.663   0.0138
   96.2     4.18  13.690   0.0192
   96.6     4.15  13.717   0.0189
   96.8     4.13  13.743   0.0223
   97.2     4.16  13.771   0.0208
   97.5     4.14  13.797   0.0185
   97.6     4.20  13.824   0.0226
   98.0     4.13  13.851   0.0226
   98.3     4.09  13.878   0.0200
   98.7     4.12  13.905   0.0216
   99.0     4.09  13.932   0.0234
   99.1     4.06  13.959   0.0290
   99.4     4.12  13.985   0.0241
   99.8     4.16  14.013   0.0258
  100.2     4.03  14.039   0.0254
  100.4     4.03  14.066   0.0201
  100.6     4.02  14.093   0.0204
  100.9     4.06  14.120   0.0229
  101.3     4.04  14.147   0.0268
  101.4     3.96  14.174   0.0234
  101.8     3.97  14.201   0.0194
  102.1     3.95  14.228   0.0213
  102.3     3.94  14.254   0.0235
  102.6     3.90  14.281   0.0206
  102.9     3.90  14.308   0.0165
  103.1     3.84  14.335   0.0159
  103.4     3.85  14.362   0.0199
  103.7     3.86  14.389   0.0148
  104.1     3.89  14.416   0.0131
  104.3     3.89  14.443   0.0182
  104.6     3.84  14.470   0.0179
  104.9     3.84  14.497   0.0139
  105.2     3.84  14.524   0.0193
  105.5     3.86  14.551   0.0161
  105.9     3.89  14.578   0.0229
  106.2     3.89  14.604   0.0250
  106.5     3.89  14.631   0.0245
  106.8     3.87  14.658   0.0263
  107.1     3.88  14.685   0.0224
  107.4     3.89  14.712   0.0205
  107.7     3.88  14.739   0.0190
  107.9     3.80  14.765   0.0151
  108.3     3.81  14.792   0.0175
  108.6     3.87  14.819   0.0217
  108.8     3.86  14.846   0.0222
  109.1     3.79  14.873   0.0242
  109.5     3.81  14.899   0.0230
  109.7     3.83  14.926   0.0240
  110.0     3.79  14.953   0.0222
  110.2     3.72  14.980   0.0242
  110.5     3.74  15.007   0.0216
  110.8     3.71  15.034   0.0210
  111.2     3.82  15.060   0.0186
  111.5     3.76  15.087   0.0215
  111.8     3.84  15.114   0.0229
  112.0     3.83  15.141   0.0224
  112.3     3.76  15.168   0.0211
  112.5     3.73  15.195   0.0219
  112.9     3.72  15.221   0.0188
  113.2     3.73  15.248   0.0189
  113.5     3.71  15.275   0.0190
  113.7     3.76  15.302   0.0222
  114.2     3.68  15.329   0.0230
  114.4     3.63  15.355   0.0230
  114.7     3.62  15.382   0.0214
  114.9     3.65  15.410   0.0238
  115.2     3.67  15.437   0.0210
  115.5     3.63  15.464   0.0236
  115.8     3.59  15.491   0.0230
  116.1     3.58  15.517   0.0229
  116.4     3.59  15.544   0.0234
  116.6     3.60  15.571   0.0222
  117.0     3.54  15.598   0.0214
  117.2     3.60  15.626   0.0223
  117.5     3.52  15.652   0.0232
  117.8     3.55  15.679   0.0243
  118.0     3.53  15.706   0.0238
  118.4     3.55  15.733   0.0228
  118.7     3.55  15.760   0.0183
  119.0     3.50  15.787   0.0251
  119.3     3.49  15.814   0.0203
  119.5     3.45  15.841   0.0237
  119.9     3.46  15.868   0.0244
  120.2     3.48  15.895   0.0262
  120.5     3.48  15.921   0.0251
  120.7     3.44  15.948   0.0239
  121.0     3.42  15.975   0.0218
  121.2     3.41  16.002   0.0209
  121.6     3.41  16.029   0.0210
  121.9     3.43  16.056   0.0193
  122.3     3.41  16.083   0.0179
  122.5     3.34  16.110   0.0213
  122.8     3.33  16.137   0.0216
  123.0     3.35  16.164   0.0181
  123.3     3.34  16.191   0.0150
  123.6     3.34  16.218   0.0156
  123.9     3.29  16.245   0.0162
  124.1     3.30  16.272   0.0152
  124.5     3.30  16.299   0.0173
  124.8     3.34  16.326   0.0155
  124.9     3.29  16.353   0.0144
  125.3     3.26  16.380   0.0167
  125.6     3.21  16.408   0.0098
  125.9     3.26  16.434   0.0075
  126.2     3.20  16.461   0.0109
  126.3     3.20  16.489   0.0129
  126.7     3.15  16.516   0.0150
  127.0     3.24  16.543   0.0184
  127.4     3.19  16.570   0.0152
  127.6     3.20  16.597   0.0132
  128.0     3.19  16.624   0.0165
  128.1     3.20  16.651   0.0193
  128.5     3.12  16.678   0.0185
  128.8     3.14  16.705   0.0146
  129.0     3.16  16.732   0.0152
  129.3     3.14  16.758   0.0156
  129.5     3.16  16.785   0.0157
  129.8     3.10  16.812   0.0142
  130.2     3.12  16.840   0.0154
  130.5     3.09  16.866   0.0135
  130.7     3.04  16.893   0.0169
  131.0     3.02  16.920   0.0128
  131.3     3.12  16.947   0.0152
  131.5     3.03  16.974   0.0167
  131.9     3.03  17.001   0.0135
  132.1     3.11  17.028   0.0160
  132.4     3.04  17.055   0.0115
  132.7     3.07  17.082   0.0102
  133.0     3.02  17.108   0.0127
  133.2     2.99  17.135   0.0152
  133.6     2.99  17.163   0.0142
  133.8     3.02  17.189   0.0105
  134.1     3.00  17.216   0.0140
  134.5     3.04  17.243   0.0160
  134.7     3.01  17.270   0.0138
  135.1     2.98  17.297   0.0148
  135.3     3.02  17.324   0.0149
  135.7     3.03  17.351   0.0142
  135.8     3.01  17.377   0.0114
  136.1     2.96  17.405   0.0132
  136.3     2.93  17.432   0.0104
  136.6     2.96  17.459   0.0152
  137.0     2.95  17.486   0.0174
  137.3     2.90  17.513   0.0187
  137.5     2.87  17.540   0.0193
  137.8     2.90  17.566   0.0187
  138.0     2.90  17.593   0.0180
  138.4     2.91  17.620   0.0218
  138.6     2.90  17.647   0.0174
  138.9     2.93  17.674   0.0184
  139.2     2.88  17.701   0.0181
  139.5     2.88  17.727   0.0175
  139.8     2.90  17.754   0.0192
  140.1     2.86  17.781   0.0173
  140.4     2.92  17.808   0.0163
  140.8     2.89  17.835   0.0156
  140.9     2.91  17.862   0.0140
  141.1     2.78  17.889   0.0139
  141.6     2.86  17.915   0.0171
  141.8     2.90  17.942   0.0155
  142.2     2.86  17.969   0.0169
  142.5     2.87  17.996   0.0188
  142.6     2.85  18.023   0.0177
  142.9     2.81  18.049   0.0170
  143.2     2.86  18.077   0.0182
  143.5     2.86  18.104   0.0191
  143.9     2.90  18.130   0.0174
  144.1     2.88  18.158   0.0166
  144.4     2.87  18.185   0.0165
  144.7     2.87  18.212   0.0185
  145.0     2.79  18.239   0.0201
  145.2     2.87  18.266   0.0171
  145.6     2.90  18.292   0.0159
  145.8     2.88  18.319   0.0176
  146.0     2.90  18.346   0.0161
  146.5     2.86  18.373   0.0173
  146.8     2.88  18.401   0.0179
  147.0     2.88  18.427   0.0180
  147.2     2.88  18.454   0.0168
  147.6     2.92  18.481   0.0159
  147.8     2.88  18.508   0.0114
  148.0     2.91  18.535   0.0157
  148.4     2.88  18.562   0.0130
  148.7     2.89  18.589   0.0122
  149.0     2.88  18.616   0.0118
  149.3     2.89  18.642   0.0136
  149.6     2.94  18.669   0.0133
  150.0     2.91  18.696   0.0127
  150.2     2.91  18.723   0.0118
  150.4     2.95  18.749   0.0141
  150.8     2.92  18.776   0.0109
  151.0     2.92  18.803   0.0082
  151.3     2.88  18.830   0.0065
  151.6     2.87  18.857   0.0066
  151.9     2.91  18.883   0.0126
  152.1     2.82  18.910   0.0134
  152.4     2.83  18.937   0.0126
  152.7     2.89  18.964   0.0129
  153.0     2.90  18.991   0.0163
  153.3     2.87  19.017   0.0135
  153.5     2.84  19.044   0.0151
  153.8     2.75  19.071   0.0121
  154.1     2.85  19.098   0.0094
  154.4     2.96  19.125   0.0086
  154.7     2.90  19.152   0.0079
  155.0     2.90  19.180   0.0051
  155.3     2.93  19.207   0.0069
  155.7     2.95  19.233   0.0111
  156.0     2.96  19.260   0.0066
  156.2     2.94  19.287   0.0066
  156.5     2.88  19.314   0.0082
  156.7     2.94  19.341   0.0064
  157.0     2.86  19.368   0.0061
  157.3     2.94  19.395   0.0087
  157.5     2.89  19.422   0.0081
  157.8     2.89  19.448   0.0060
  158.1     2.95  19.475   0.0074
  158.3     2.81  19.502   0.0098
  158.7     2.87  19.529   0.0087
  159.0     2.89  19.555   0.0077
  159.2     2.88  19.582   0.0058
  159.5     2.87  19.609   0.0054
  159.8     2.88  19.636   0.0041
  160.1     2.86  19.663   0.0034
  160.4     2.91  19.690   0.0045
  160.7     2.92  19.716   0.0061
  161.0     2.96  19.743   0.0041
  161.4     3.03  19.770   0.0054
  161.6     2.96  19.796   0.0038
  161.9     3.00  19.823   0.0057
  162.1     3.02  19.850   0.0099
  162.5     3.01  19.877   0.0102
  162.7     3.05  19.905   0.0104
  163.1     3.05  19.932   0.0137
  163.4     3.02  19.958   0.0080
  163.7     3.02  19.985   0.0064
  163.9     2.94  20.013   0.0060
  164.1     2.95  20.040   0.0049
  164.4     3.00  20.067   0.0061
  164.6     2.93  20.094   0.0093
  164.8     2.97  20.121   0.0061
  165.3     2.92  20.148   0.0075
  165.6     2.99  20.175   0.0091
  165.9     3.02  20.202   0.0056
  166.2     3.03  20.229   0.0020
  166.5     3.03  20.256   0.0051
  166.8     3.04  20.283   0.0049
  167.1     3.05  20.310   0.0046
  167.4     3.02  20.337   0.0052
  167.7     3.05  20.364   0.0040
  167.9     3.04  20.391   0.0062
  168.1     3.03  20.418   0.0061
  168.4     3.05  20.445   0.0038
  168.8     3.06  20.472   0.0045
  169.0     3.02  20.499   0.0054
  169.4     3.07  20.526   0.0069
  169.6     3.15  20.553   0.0076
  169.9     3.14  20.580   0.0056
  170.2     3.15  20.607   0.0074
  170.6     3.17  20.633   0.0103
  170.8     3.13  20.661   0.0109
  171.0     3.05  20.688   0.0122
  171.3     3.18  20.715   0.0113
  171.6     3.20  20.742   0.0110
  172.0     3.16  20.769   0.0105
  172.2     3.16  20.796   0.0122
  172.4     3.17  20.823   0.0117
  172.7     3.16  20.849   0.0111
  173.0     3.17  20.877   0.0131
  173.4     3.13  20.904   0.0092
  173.6     3.12  20.930   0.0060
  173.9     3.16  20.958   0.0101
  174.2     3.18  20.985   0.0079
  174.5     3.20  21.012   0.0061
  174.7     3.21  21.040   0.0062
  175.0     3.19  21.067   0.0056
  175.4     3.21  21.094   0.0031
  175.5     3.22  21.121   0.0059
  175.9     3.22  21.148   0.0040
  176.2     3.22  21.175   0.0057
  176.6     3.27  21.202   0.0074
  176.8     3.30  21.230   0.0067
  177.1     3.32  21.257   0.0053
  177.4     3.35  21.284   0.0031
  177.7     3.32  21.310   0.0024
  178.0     3.35  21.338   0.0031
  178.3     3.38  21.365   0.0033
  178.6     3.37  21.392   0.0049
  178.8     3.38  21.419   0.0039
  179.1     3.40  21.447   0.0002
  179.4     3.41  21.474   0.0013
  179.7     3.38  21.501   0.0009
  179.8     3.33  21.528   0.0006
  180.2     3.34  21.555   0.0008
  180.5     3.39  21.582   0.0011
  180.7     3.37  21.609   0.0014
  181.1     3.43  21.636  -0.0005
  181.4     3.39  21.663   0.0006
  181.7     3.43  21.690  -0.0001
  181.9     3.43  21.717   0.0004
  182.2     3.42  21.743   0.0006
  182.6     3.44  21.771  -0.0012
  182.7     3.48  21.797  -0.0009
  183.1     3.47  21.824   0.0009
  183.4     3.47  21.851  -0.0022
  183.6     3.51  21.878  -0.0030
  183.7     3.41  21.905  -0.0033
  184.2     3.49  21.932  -0.0023
  184.4     3.47  21.959  -0.0018
  184.7     3.54  21.985  -0.0024
  185.0     3.58  22.013   0.0001
  185.2     3.56  22.039  -0.0012
  185.6     3.54  22.066  -0.0007
  185.7     3.50  22.093  -0.0026
  186.1     3.60  22.120   0.0030
  186.4     3.60  22.147   0.0013
  186.7     3.65  22.174   0.0021
  187.0     3.71  22.201   0.0007
  187.3     3.71  22.227  -0.0001
  187.6     3.71  22.254  -0.0014
  187.8     3.74  22.281  -0.0026
  188.1     3.75  22.308  -0.0022
  188.4     3.79  22.335  -0.0025
  188.7     3.71  22.362  -0.0007
  188.9     3.74  22.389   0.0041
  189.2     3.77  22.416   0.0018
  189.5     3.76  22.443  -0.0008
  189.7     3.80  22.470   0.0016
  190.0     3.77  22.498  -0.0010
  190.3     3.85  22.525  -0.0009
  190.6     3.85  22.552  -0.0003
  190.9     3.90  22.579   0.0013
  191.2     3.93  22.605   0.0030
  191.6     3.94  22.632   0.0001
  191.7     3.90  22.659   0.0018
  192.1     4.00  22.686   0.0052
  192.4     3.99  22.714   0.0007
  192.6     3.97  22.741   0.0028
  192.9     3.98  22.767   0.0046
  193.2     3.97  22.794   0.0040
  193.4     3.97  22.821  -0.0004
  193.7     3.97  22.848   0.0022
  194.0     4.06  22.875   0.0030
  194.4     4.11  22.902  -0.0004
  194.5     4.09  22.929   0.0025
  194.8     4.01  22.956   0.0034
  195.2     4.09  22.983   0.0064
  195.3     4.06  23.010   0.0085
  195.7     4.17  23.036   0.0070
  196.0     4.20  23.063   0.0063
  196.3     4.19  23.090   0.0018
  196.6     4.23  23.117   0.0044
  196.7     4.23  23.144   0.0084
  197.1     4.29  23.171   0.0053
  197.5     4.27  23.197   0.0035
  197.6     4.29  23.224   0.0064
  198.0     4.34  23.251   0.0058
  198.3     4.34  23.278   0.0098
  198.5     4.34  23.305   0.0082
  198.9     4.40  23.332   0.0055
  199.1     4.43  23.360   0.0063
  199.3     4.41  23.386   0.0055
  199.7     4.48  23.414   0.0052
  200.0     4.44  23.441   0.0030
  200.3     4.51  23.467   0.0012
  200.6     4.53  23.495   0.0021
  200.9     4.51  23.522   0.0039
  201.1     4.60  23.549   0.0033
  201.4     4.62  23.576   0.0031
  201.6     4.60  23.602   0.0026
  201.9     4.63  23.629   0.0003
  202.2     4.64  23.656   0.0014
  202.5     4.68  23.683   0.0035
  202.8     4.70  23.710   0.0021
  203.1     4.73  23.738   0.0028
  203.4     4.77  23.764   0.0013
  203.6     4.81  23.791   0.0031
  204.0     4.81  23.818   0.0019
  204.3     4.77  23.846   0.0022
  204.5     4.81  23.872   0.0026
  204.8     4.92  23.899   0.0026
  205.2     4.90  23.926   0.0037
  205.4     4.91  23.953   0.0067
  205.7     4.96  23.980   0.0034
  206.1     5.01  24.007   0.0067
  206.3     5.01  24.034   0.0017
  206.6     5.03  24.061   0.0034
  206.8     5.02  24.088   0.0033
  207.1     5.10  24.114   0.0037
  207.4     5.08  24.141   0.0055
  207.8     5.14  24.168   0.0049
  207.9     5.14  24.195   0.0047
  208.2     5.18  24.222   0.0022
  208.6     5.17  24.249   0.0039
  208.8     5.07  24.276   0.0019
  209.2     5.19  24.302   0.0010
  209.4     5.20  24.329   0.0022
  209.6     5.27  24.356   0.0019
  209.9     5.30  24.383   0.0039
  210.2     5.28  24.411   0.0028
  210.3     5.24  24.438   0.0017
  210.7     5.27  24.465   0.0027
  211.0     5.39  24.492  -0.0011
  211.3     5.42  24.520   0.0030
  211.6     5.49  24.547   0.0029
  212.0     5.39  24.574  -0.0001
  212.1     5.45  24.600   0.0025
  212.5     5.40  24.628  -0.0019
  212.7     5.47  24.655  -0.0032
  213.0     5.52  24.682  -0.0021
  213.3     5.66  24.709  -0.0036
  213.6     5.58  24.736  -0.0069
  214.0     5.65  24.763  -0.0036
  214.2     5.68  24.790  -0.0013
  214.6     5.72  24.817   0.0006
  214.8     5.64  24.844  -0.0006
  214.9     5.70  24.871  -0.0026
  215.3     5.64  24.898  -0.0001
  215.5     5.69  24.925   0.0008
  215.8     5.68  24.952   0.0032
  216.1     5.76  24.979   0.0000
  216.4     5.68  25.006   0.0002
  216.7     5.71  25.033   0.0006
  217.0     5.79  25.060   0.0015
  217.3     5.78  25.086   0.0001
  217.6     5.82  25.114   0.0016
  217.8     5.93  25.140   0.0023
  218.0     5.82  25.167  -0.0015
  218.3     5.87  25.195  -0.0012
  218.8     5.98  25.222   0.0021
  219.0     6.00  25.248   0.0020
  219.2     6.06  25.275  -0.0009
  219.5     5.99  25.302  -0.0004
  219.9     6.06  25.329  -0.0020
  220.2     6.08  25.356  -0.0043
  220.4     6.13  25.383  -0.0025
  220.7     6.14  25.411  -0.0015
  221.0     6.12  25.438   0.0017
  221.3     6.15  25.465   0.0003
  221.5     6.16  25.492   0.0002
  221.9     6.18  25.520  -0.0036
  222.2     6.20  25.547  -0.0031
  222.5     6.19  25.573  -0.0033
  222.7     6.27  25.601   0.0003
  223.0     6.31  25.628  -0.0017
  223.3     6.33  25.654  -0.0004
  223.6     6.34  25.682  -0.0027
  223.8     6.33  25.708  -0.0054
  224.1     6.39  25.735  -0.0081
  224.3     6.38  25.762  -0.0109
  224.7     6.43  25.790  -0.0091
  225.0     6.45  25.817  -0.0106
  225.4     6.48  25.845  -0.0101
  225.5     6.51  25.871  -0.0131
  226.0     6.53  25.898  -0.0086
  226.1     6.56  25.925  -0.0067
  226.5     6.58  25.952  -0.0074
  226.8     6.56  25.979  -0.0079
  227.1     6.63  26.006  -0.0098
  227.3     6.69  26.033  -0.0099
  227.6     6.63  26.060  -0.0104
  228.0     6.70  26.087  -0.0091
  228.1     6.69  26.114  -0.0134
  228.5     6.72  26.141  -0.0097
  228.7     6.75  26.169  -0.0139
  229.0     6.76  26.196  -0.0120
  229.3     6.77  26.223  -0.0139
  229.6     6.75  26.251  -0.0137
  229.9     6.79  26.278  -0.0132
  230.2     6.80  26.305  -0.0156
  230.5     6.81  26.333  -0.0168
  230.8     6.83  26.360  -0.0161
  231.1     6.90  26.387  -0.0166
  231.3     6.85  26.415  -0.0172
  231.7     6.90  26.442  -0.0168
  232.0     6.90  26.469  -0.0151
  232.1     6.97  26.496  -0.0148
  232.5     6.95  26.523  -0.0134
  232.8     7.03  26.550  -0.0148
  233.1     6.97  26.578  -0.0146
  233.3     7.01  26.605  -0.0164
  233.7     7.02  26.632  -0.0141
  234.0     7.07  26.659  -0.0160
  234.3     7.16  26.686  -0.0130
  234.7     7.12  26.713  -0.0157
  234.8     7.13  26.740  -0.0197
  235.1     7.18  26.767  -0.0213
  235.4     7.20  26.793  -0.0215
  235.6     7.19  26.820  -0.0168
  236.0     7.22  26.847  -0.0167
  236.1     7.17  26.874  -0.0144
  236.5     7.25  26.902  -0.0169
  236.7     7.28  26.929  -0.0182
  237.1     7.30  26.956  -0.0201
  237.4     7.32  26.983  -0.0192
  237.6     7.30  27.010  -0.0196
  237.9     7.24  27.037  -0.0211
  238.2     7.32  27.064  -0.0215
  238.6     7.42  27.091  -0.0231
  238.7     7.41  27.118  -0.0253
  239.0     7.44  27.145  -0.0240
  239.4     7.52  27.172  -0.0223
  239.6     7.51  27.198  -0.0247
  239.9     7.54  27.225  -0.0243
  240.2     7.55  27.252  -0.0244
  240.5     7.61  27.279  -0.0259
  240.7     7.61  27.306  -0.0253
  240.9     7.61  27.333  -0.0279
  241.2     7.66  27.360  -0.0308
  241.5     7.67  27.387  -0.0325
  241.8     7.73  27.415  -0.0290
  242.2     7.77  27.441  -0.0322
  242.4     7.75  27.468  -0.0351
  242.8     7.81  27.496  -0.0320
  243.0     7.85  27.523  -0.0263
  243.3     7.87  27.550  -0.0294
  243.6     7.89  27.577  -0.0313
  243.9     7.88  27.604  -0.0320
  244.1     7.88  27.631  -0.0336
  244.6     7.89  27.658  -0.0335
  244.8     7.93  27.685  -0.0346
  245.2     8.01  27.713  -0.0353
  245.4     8.02  27.740  -0.0374
  245.7     8.02  27.767  -0.0343
  245.9     8.07  27.794  -0.0333
  246.2     8.11  27.821  -0.0356
  246.5     8.10  27.848  -0.0356
  246.9     8.17  27.875  -0.0398
  247.1     8.18  27.902  -0.0445
  247.3     8.22  27.929  -0.0426
  247.6     8.22  27.956  -0.0430
  247.8     8.21  27.983  -0.0456
  248.3     8.27  28.010  -0.0442
  248.5     8.27  28.037  -0.0447
  248.6     8.20  28.065  -0.0458
  249.1     8.23  28.092  -0.0448
  249.3     8.29  28.118  -0.0460
  249.6     8.30  28.146  -0.0471
  249.9     8.37  28.173  -0.0490
  250.2     8.43  28.199  -0.0496
  250.5     8.36  28.227  -0.0520
  250.8     8.38  28.254  -0.0545
  251.0     8.37  28.281  -0.0550
  251.3     8.45  28.308  -0.0485
  251.6     8.48  28.335  -0.0495
  251.9     8.53  28.362  -0.0494
  252.2     8.54  28.389  -0.0530
  252.6     8.55  28.417  -0.0522
  252.9     8.59  28.444  -0.0514
  253.1     8.62  28.471  -0.0523
  253.3     8.60  28.498  -0.0486
  253.5     8.63  28.525  -0.0503
  253.9     8.64  28.552  -0.0516
  254.2     8.63  28.579  -0.0542
  254.6     8.67  28.606  -0.0551
  254.7     8.68  28.633  -0.0567
  255.1     8.71  28.660  -0.0538
  255.4     8.71  28.687  -0.0578
  255.7     8.68  28.714  -0.0551
  255.8     8.75  28.741  -0.0553
  256.3     8.75  28.768  -0.0529
  256.5     8.80  28.795  -0.0539
  256.8     8.80  28.821  -0.0549
  257.1     8.79  28.849  -0.0553
  257.4     8.82  28.876  -0.0571
  257.7     8.85  28.903  -0.0561
  257.9     8.82  28.930  -0.0567
  258.4     8.87  28.957  -0.0576
  258.5     8.92  28.984  -0.0592
  258.9     8.91  29.011  -0.0628
  259.1     8.82  29.038  -0.0609
  259.5     8.93  29.065  -0.0630
  259.7     8.92  29.092  -0.0614
  260.0     8.92  29.118  -0.0630
  260.3     8.93  29.146  -0.0644
  260.6     8.95  29.173  -0.0637
  260.8     8.93  29.200  -0.0640
  261.2     8.95  29.227  -0.0657
  261.4     8.96  29.254  -0.0666
  261.7     9.00  29.281  -0.0635
  261.9     8.95  29.308  -0.0662
  262.3     8.94  29.335  -0.0639
  262.5     8.89  29.363  -0.0676
  262.8     8.98  29.390  -0.0689
  263.1     8.99  29.417  -0.0700
  263.5     9.07  29.444  -0.0657
  263.6     9.01  29.471  -0.0685
  264.0     8.98  29.498  -0.0678
  264.2     9.04  29.525  -0.0690
  264.7     9.06  29.552  -0.0731
  264.8     9.06  29.579  -0.0712
  265.2     9.07  29.606  -0.0682
  265.5     9.10  29.633  -0.0670
  265.8     9.13  29.660  -0.0715
  266.0     9.08  29.687  -0.0728
  266.3     9.08  29.714  -0.0750
  266.7     9.11  29.741  -0.0771
  266.8     9.08  29.768  -0.0737
  267.1     9.10  29.795  -0.0739
  267.5     9.09  29.822  -0.0760
  267.7     9.10  29.849  -0.0766
  268.0     9.12  29.876  -0.0754
  268.2     9.12  29.903  -0.0732
  268.5     9.08  29.929  -0.0752
  268.9     9.13  29.956  -0.0752
  269.1     9.18  29.983  -0.0764
  269.5     9.14  30.010  -0.0771
  269.8     9.11  30.037  -0.0773
  270.0     9.08  30.064  -0.0779
  270.3     9.12  30.092  -0.0765
  270.6     9.06  30.119  -0.0772
  270.9     9.08  30.146  -0.0770
  271.1     9.08  30.173  -0.0769
  271.4     9.08  30.200  -0.0801
  271.7     9.11  30.227  -0.0773
  272.0     9.09  30.254  -0.0800
  272.2     9.09  30.281  -0.0813
  272.6     9.10  30.309  -0.0789
  272.9     9.11  30.336  -0.0801
  273.1     9.10  30.363  -0.0801
  273.3     9.04  30.391  -0.0825
  273.7     9.06  30.418  -0.0835
  274.0     9.08  30.445  -0.0807
  274.4     9.08  30.472  -0.0816
  274.6     9.04  30.500  -0.0803
  274.9     9.02  30.527  -0.0792
  275.2     9.03  30.554  -0.0780
  275.5     9.03  30.581  -0.0831
  275.9     9.03  30.608  -0.0828
  276.1     8.99  30.635  -0.0847
  276.3     8.98  30.662  -0.0879
  276.6     9.00  30.689  -0.0890
  276.9     8.97  30.716  -0.0894
  277.1     8.95  30.743  -0.0898
  277.6     8.93  30.770  -0.0884
  277.8     8.94  30.797  -0.0863
  278.1     8.95  30.824  -0.0855
  278.3     8.93  30.852  -0.0875
  278.7     8.89  30.879  -0.0854
  279.0     8.93  30.905  -0.0872
  279.1     8.88  30.933  -0.0876
  279.6     8.89  30.960  -0.0874
  279.8     8.91  30.986  -0.0889
  280.0     8.81  31.014  -0.0855
  280.4     8.86  31.041  -0.0881
  280.7     8.85  31.068  -0.0864
  280.8     8.72  31.095  -0.0890
  281.2     8.77  31.122  -0.0876
  281.5     8.78  31.148  -0.0888
  281.8     8.73  31.176  -0.0862
  282.0     8.73  31.203  -0.0865
  282.2     8.71  31.231  -0.0901
  282.7     8.77  31.259  -0.0903
  283.0     8.79  31.287  -0.0889
  283.3     8.73  31.314  -0.0859
  283.6     8.67  31.342  -0.0900
  283.8     8.71  31.369  -0.0943
  284.2     8.67  31.398  -0.0934
  284.4     8.67  31.425  -0.0965
  284.9     8.69  31.452  -0.0995
  285.0     8.65  31.480  -0.0980
  285.4     8.62  31.507  -0.0955
  285.7     8.68  31.534  -0.0950
  285.8     8.64  31.562  -0.0927
  286.3     8.64  31.590  -0.0935
  286.5     8.62  31.617  -0.0981
  286.8     8.58  31.646  -0.0974
  287.1     8.59  31.673  -0.0960
  287.4     8.59  31.701  -0.0949
  287.7     8.55  31.728  -0.0935
  288.1     8.50  31.755  -0.0938
  288.3     8.53  31.782  -0.0945
  288.6     8.48  31.809  -0.0942
  288.9     8.48  31.836  -0.0975
  289.1     8.43  31.863  -0.0996
  289.4     8.43  31.890  -0.0985
  289.6     8.40  31.917  -0.0966
  289.9     8.38  31.944  -0.0981
  290.3     8.37  31.971  -0.1008
  290.5     8.39  31.999  -0.1001
  290.8     8.33  32.026  -0.0968
  291.0     8.30  32.052  -0.0966
  291.2     8.34  32.079  -0.0999
  291.7     8.30  32.106  -0.0989
  292.0     8.30  32.133  -0.0941
  292.2     8.30  32.160  -0.0954
  292.5     8.31  32.187  -0.0975
  292.8     8.32  32.214  -0.0991
  293.1     8.28  32.241  -0.0948
  293.3     8.29  32.268  -0.0980
  293.7     8.19  32.296  -0.1005
  293.9     8.16  32.322  -0.1024
  294.2     8.19  32.350  -0.1028
  294.5     8.17  32.377  -0.1037
  294.8     8.13  32.404  -0.1029
  294.9     8.12  32.431  -0.1040
  295.3     8.05  32.458  -0.1022
  295.6     8.12  32.485  -0.1055
  295.9     8.13  32.512  -0.1027
  296.2     8.08  32.539  -0.1033
  296.5     8.05  32.566  -0.1022
  296.7     8.05  32.593  -0.1040
  297.0     8.04  32.620  -0.1065
  297.3     8.02  32.647  -0.1046
  297.6     8.02  32.674  -0.1042
  297.8     7.98  32.701  -0.1058
  298.2     7.98  32.729  -0.1073
  298.5     8.01  32.755  -0.1064
  298.8     8.00  32.783  -0.1068
  299.0     7.94  32.810  -0.1049
  299.4     7.96  32.837  -0.1050
  299.6     7.96  32.864  -0.1055
  299.9     7.90  32.891  -0.1052
  300.2     7.96  32.918  -0.1063
  300.5     7.91  32.945  -0.1072
  300.8     7.96  32.972  -0.1041
  301.0     7.91  32.999  -0.1024
  301.3     7.85  33.026  -0.1049
  301.6     7.86  33.053  -0.1080
  301.8     7.90  33.080  -0.1069
  302.3     7.89  33.107  -0.1026
  302.6     7.84  33.134  -0.1029
  302.7     7.84  33.161  -0.1038
  303.1     7.82  33.188  -0.1047
  303.4     7.84  33.215  -0.1073
  303.6     7.83  33.242  -0.1074
  303.9     7.83  33.269  -0.1064
  304.2     7.79  33.296  -0.1053
  304.5     7.77  33.323  -0.1062
  304.7     7.82  33.350  -0.1032
  305.1     7.75  33.377  -0.1042
  305.4     7.72  33.404  -0.1056
  305.6     7.72  33.431  -0.1056
  305.9     7.72  33.458  -0.1062
  306.2     7.70  33.485  -0.1042
  306.5     7.69  33.512  -0.1054
  306.7     7.70  33.539  -0.1094
  307.2     7.73  33.567  -0.1084
  307.4     7.72  33.594  -0.1089
  307.7     7.69  33.621  -0.1090
  308.0     7.70  33.648  -0.1102
  308.2     7.73  33.676  -0.1129
  308.6     7.67  33.703  -0.1149
  308.9     7.62  33.730  -0.1155
  309.1     7.61  33.757  -0.1175
  309.5     7.63  33.784  -0.1146
  309.7     7.63  33.811  -0.1153
  310.0     7.63  33.838  -0.1178
  310.3     7.57  33.865  -0.1196
  310.6     7.61  33.892  -0.1190
  310.8     7.61  33.919  -0.1199
  311.1     7.58  33.946  -0.1193
  311.4     7.55  33.973  -0.1183
  311.8     7.57  34.000  -0.1195
  312.1     7.59  34.027  -0.1192
  312.3     7.56  34.054  -0.1175
  312.6     7.58  34.081  -0.1181
  312.8     7.56  34.108  -0.1219
  313.3     7.58  34.135  -0.1228
  313.5     7.56  34.162  -0.1218
  313.9     7.57  34.189  -0.1221
  314.2     7.54  34.216  -0.1243
  314.5     7.53  34.243  -0.1221
  314.8     7.52  34.271  -0.1230
  315.1     7.55  34.297  -0.1234
  315.3     7.47  34.325  -0.1224
  315.6     7.54  34.352  -0.1192
  315.9     7.52  34.378  -0.1221
  316.3     7.58  34.406  -0.1221
  316.4     7.47  34.433  -0.1225
  316.7     7.47  34.460  -0.1234
  317.0     7.41  34.487  -0.1234
  317.3     7.34  34.514  -0.1252
  317.6     7.38  34.541  -0.1252
  317.9     7.38  34.569  -0.1289
  318.1     7.35  34.596  -0.1280
  318.5     7.37  34.623  -0.1298
  318.7     7.34  34.650  -0.1258
  319.0     7.29  34.677  -0.1251
  319.3     7.32  34.705  -0.1260
  319.6     7.27  34.732  -0.1197
  319.9     7.27  34.759  -0.1215
  320.3     7.33  34.786  -0.1210
  320.6     7.34  34.813  -0.1256
  320.9     7.31  34.840  -0.1238
  321.2     7.27  34.867  -0.1253
  321.4     7.37  34.894  -0.1267
  321.7     7.30  34.921  -0.1276
  322.0     7.26  34.948  -0.1263
  322.3     7.19  34.975  -0.1263
  322.6     7.27  35.003  -0.1238
  323.0     7.21  35.030  -0.1273
  323.2     7.23  35.057  -0.1256
  323.4     7.21  35.084  -0.1251
  323.7     7.15  35.111  -0.1238
  324.0     7.13  35.138  -0.1210
  324.3     7.14  35.165  -0.1207
  324.6     7.04  35.192  -0.1259
  324.8     7.04  35.218  -0.1238
  325.1     7.05  35.246  -0.1212
  325.5     7.08  35.272  -0.1274
  325.7     7.10  35.299  -0.1269
  326.0     7.04  35.327  -0.1282
  326.4     7.16  35.354  -0.1246
  326.6     7.13  35.381  -0.1264
  327.0     7.14  35.409  -0.1251
  327.4     7.14  35.437  -0.1223
  327.7     7.17  35.464  -0.1216
  328.0     7.17  35.491  -0.1215
  328.2     7.09  35.518  -0.1198
  328.4     7.14  35.545  -0.1209
  328.8     7.11  35.572  -0.1227
  329.0     7.09  35.599  -0.1213
  329.4     7.07  35.626  -0.1160
  329.7     7.08  35.653  -0.1190
  330.0     6.98  35.680  -0.1193
  330.2     6.97  35.707  -0.1153
  330.6     7.00  35.734  -0.1147
  330.8     7.02  35.761  -0.1176
  331.1     6.96  35.788  -0.1180
  331.4     6.99  35.815  -0.1211
  331.7     6.99  35.843  -0.1179
  332.0     6.96  35.870  -0.1168
  332.2     6.90  35.896  -0.1162
  332.4     6.85  35.924  -0.1161
  332.8     6.88  35.951  -0.1211
  333.2     6.95  35.977  -0.1205
  333.4     6.93  36.004  -0.1188
  333.6     6.86  36.032  -0.1201
  334.0     6.88  36.059  -0.1206
  334.3     6.86  36.086  -0.1145
  334.6     6.86  36.113  -0.1183
  334.9     6.83  36.139  -0.1209
  335.1     6.82  36.166  -0.1212
  335.3     6.82  36.193  -0.1248
  335.7     6.80  36.221  -0.1250
  336.0     6.77  36.247  -0.1225
  336.2     6.79  36.274  -0.1255
  336.5     6.77  36.301  -0.1216
  336.8     6.72  36.329  -0.1230
  337.1     6.73  36.356  -0.1254
  337.4     6.78  36.384  -0.1235
  337.8     6.73  36.412  -0.1240
  338.0     6.74  36.439  -0.1233
  338.3     6.72  36.466  -0.1257
  338.6     6.74  36.493  -0.1262
  338.9     6.69  36.521  -0.1241
  339.2     6.62  36.548  -0.1244
  339.4     6.66  36.576  -0.1265
  339.7     6.55  36.603  -0.1240
  340.0     6.58  36.630  -0.1228
  340.2     6.54  36.657  -0.1181
  340.6     6.58  36.685  -0.1208
  340.9     6.59  36.711  -0.1233
  341.1     6.64  36.739  -0.1220
  341.5     6.57  36.766  -0.1218
  341.8     6.50  36.793  -0.1234
  341.9     6.55  36.820  -0.1207
  342.2     6.53  36.847  -0.1209
  342.5     6.48  36.875  -0.1208
  342.9     6.53  36.902  -0.1212
  343.1     6.50  36.929  -0.1222
  343.5     6.49  36.956  -0.1259
  343.7     6.49  36.983  -0.1245
  344.0     6.46  37.010  -0.1238
  344.3     6.44  37.037  -0.1295
  344.6     6.44  37.064  -0.1298
  345.0     6.45  37.091  -0.1311
  345.2     6.41  37.118  -0.1318
  345.4     6.40  37.145  -0.1288
  345.8     6.39  37.172  -0.1328
  346.0     6.38  37.199  -0.1270
  346.3     6.39  37.226  -0.1291
  346.6     6.35  37.253  -0.1284
  346.8     6.31  37.279  -0.1308
  347.1     6.29  37.307  -0.1305
  347.5     6.32  37.334  -0.1274
  347.7     6.29  37.361  -0.1286
  348.1     6.26  37.388  -0.1297
  348.3     6.25  37.415  -0.1326
  348.5     6.20  37.442  -0.1304
  348.8     6.27  37.469  -0.1292
  349.2     6.32  37.496  -0.1294
  349.4     6.28  37.523  -0.1286
  349.7     6.30  37.550  -0.1297
  350.0     6.30  37.577  -0.1289
  350.3     6.22  37.604  -0.1335
  350.7     6.33  37.632  -0.1321
  350.9     6.26  37.658  -0.1309
  351.2     6.24  37.686  -0.1328
  351.5     6.24  37.713  -0.1346
  351.7     6.38  37.740  -0.1355
  352.0     6.24  37.766  -0.1340
  352.2     6.21  37.793  -0.1322
  352.5     6.21  37.820  -0.1314
  352.8     6.13  37.847  -0.1371
  353.1     6.15  37.874  -0.1351
  353.4     6.14  37.901  -0.1381
  353.7     6.16  37.929  -0.1384
  354.0     6.17  37.956  -0.1379
  354.1     5.99  37.983  -0.1355
  354.5     6.15  38.010  -0.1379
  354.8     6.08  38.038  -0.1366
  355.0     6.10  38.065  -0.1375
  355.3     6.08  38.092  -0.1390
  355.7     6.16  38.119  -0.1418
  355.9     6.04  38.146  -0.1391
  356.2     6.03  38.173  -0.1379
  356.4     6.05  38.199  -0.1389
  356.8     6.04  38.226  -0.1393
  357.1     6.14  38.253  -0.1379
  357.3     6.12  38.280  -0.1365
  357.6     6.07  38.307  -0.1384
  357.9     6.03  38.334  -0.1354
  358.2     5.99  38.361  -0.1369
  358.4     5.95  38.388  -0.1407
  358.7     5.97  38.417  -0.1413
  359.1     6.03  38.443  -0.1398
  359.3     5.94  38.471  -0.1407
  359.7     6.00  38.498  -0.1387
  360.0     6.11  38.525  -0.1412
  360.2     6.09  38.552  -0.1407
  360.5     6.16  38.579  -0.1419
  360.9     6.06  38.607  -0.1479
  361.2     6.03  38.634  -0.1437
  361.4     6.07  38.662  -0.1466
  361.7     6.07  38.689  -0.1447
  362.1     6.07  38.716  -0.1477
  362.4     6.07  38.743  -0.1457
  362.5     6.04  38.770  -0.1441
  362.8     6.02  38.797  -0.1420
  363.1     6.00  38.824  -0.1460
  363.4     6.00  38.852  -0.1445
  363.5     5.96  38.879  -0.1431
  363.9     5.97  38.906  -0.1420
  364.2     5.96  38.933  -0.1427
  364.4     5.92  38.960  -0.1451
  364.6     5.91  38.987  -0.1410
  365.0     5.88  39.014  -0.1428
  365.3     5.91  39.041  -0.1423
  365.5     5.88  39.068  -0.1417
  365.9     5.90  39.095  -0.1462
  366.2     5.92  39.122  -0.1474
  366.5     5.94  39.149  -0.1450
  366.7     5.96  39.177  -0.1421
  367.0     5.94  39.204  -0.1424
  367.2     5.89  39.231  -0.1423
  367.5     5.87  39.258  -0.1419
  367.8     5.86  39.285  -0.1381
  368.1     5.91  39.313  -0.1392
  368.5     5.84  39.340  -0.1397
  368.7     5.86  39.367  -0.1420
  369.0     5.86  39.394  -0.1389
  369.3     5.85  39.421  -0.1372
  369.5     5.86  39.448  -0.1383
  369.7     5.82  39.475  -0.1398
  370.1     5.85  39.503  -0.1418
  370.4     5.91  39.529  -0.1437
  370.7     5.90  39.557  -0.1410
  371.1     5.89  39.584  -0.1409
  371.3     5.90  39.611  -0.1401
  371.7     5.89  39.640  -0.1371
  372.0     5.91  39.677  -0.1416
  372.3     5.89  39.707  -0.1397
  372.6     5.88  39.735  -0.1435
  372.9     5.88  39.763  -0.1428
  373.1     5.87  39.790  -0.1447
  373.5     5.94  39.817  -0.1445
  373.8     5.89  39.845  -0.1402
  374.0     5.87  39.872  -0.1380
  374.3     5.83  39.902  -0.1441
  374.6     5.82  39.929  -0.1410
  374.9     5.88  39.960  -0.1403
  375.2     5.87  39.993  -0.1413
  375.5     5.84  40.020  -0.1401
  375.9     5.89  40.047  -0.1426
  376.2     5.85  40.075  -0.1420
  376.4     5.84  40.102  -0.1388
  376.7     5.87  40.128  -0.1435
  377.0     5.81  40.156  -0.1460
  377.3     5.89  40.183  -0.1429
  377.6     5.93  40.210  -0.1463
  377.8     5.92  40.238  -0.1458
  378.3     5.88  40.266  -0.1445
  378.5     5.92  40.293  -0.1426
  378.8     5.86  40.320  -0.1442
  379.1     5.89  40.348  -0.1436
  379.3     5.85  40.375  -0.1453
  379.6     5.82  40.402  -0.1457
  379.8     5.83  40.430  -0.1471
  380.1     5.81  40.457  -0.1445
  380.3     5.75  40.484  -0.1439
  380.7     5.82  40.511  -0.1458
  380.9     5.77  40.538  -0.1400
  381.2     5.77  40.565  -0.1412
  381.4     5.80  40.592  -0.1435
  381.8     5.80  40.619  -0.1471
  382.1     5.81  40.646  -0.1464
  382.3     5.74  40.673  -0.1477
  382.6     5.73  40.701  -0.1446
  382.8     5.73  40.728  -0.1460
  383.1     5.76  40.754  -0.1496
  383.4     5.74  40.782  -0.1527
  383.7     5.73  40.809  -0.1509
  384.0     5.70  40.837  -0.1512
  384.3     5.76  40.864  -0.1478
  384.5     5.77  40.891  -0.1498
  384.9     5.75  40.919  -0.1515
  385.1     5.72  40.946  -0.1511
  385.5     5.72  40.973  -0.1493
  385.8     5.72  41.000  -0.1517
  385.9     5.76  41.027  -0.1505
  386.2     5.66  41.054  -0.1484
  386.6     5.67  41.082  -0.1460
  386.7     5.68  41.109  -0.1468
  387.0     5.61  41.136  -0.1458
  387.4     5.71  41.163  -0.1480
  387.7     5.70  41.191  -0.1413
  387.9     5.70  41.218  -0.1430
  388.2     5.67  41.246  -0.1429
  388.4     5.67  41.273  -0.1466
  388.8     5.65  41.300  -0.1444
  389.1     5.69  41.328  -0.1447
  389.4     5.71  41.355  -0.1468
  389.7     5.65  41.382  -0.1461
  390.0     5.64  41.411  -0.1461
  390.2     5.61  41.439  -0.1448
  390.5     5.61  41.466  -0.1455
  390.8     5.58  41.494  -0.1432
  391.0     5.59  41.521  -0.1416
  391.3     5.61  41.548  -0.1438
  391.6     5.63  41.576  -0.1415
  391.9     5.67  41.603  -0.1448
  392.1     5.59  41.631  -0.1452
  392.4     5.59  41.659  -0.1471
  392.7     5.58  41.686  -0.1469
  393.0     5.60  41.714  -0.1447
  393.4     5.59  41.741  -0.1446
  393.7     5.60  41.768  -0.1440
  393.9     5.56  41.796  -0.1425
  394.2     5.54  41.823  -0.1411
  394.5     5.59  41.851  -0.1428
  394.9     5.59  41.878  -0.1450
  395.1     5.54  41.906  -0.1456
  395.3     5.56  41.933  -0.1454
  395.7     5.55  41.960  -0.1475
  395.9     5.58  41.988  -0.1471
  396.2     5.55  42.015  -0.1486
  396.6     5.55  42.042  -0.1478
  396.9     5.54  42.069  -0.1487
  397.2     5.53  42.096  -0.1495
  397.4     5.55  42.123  -0.1498
  397.7     5.67  42.150  -0.1495
  398.0     5.53  42.178  -0.1517
  398.3     5.55  42.205  -0.1519
  398.7     5.53  42.232  -0.1511
  398.9     5.55  42.259  -0.1502
  399.3     5.57  42.287  -0.1503
  399.5     5.58  42.314  -0.1531
  399.8     5.59  42.342  -0.1514
  400.1     5.58  42.369  -0.1539
  400.4     5.58  42.397  -0.1561
  400.7     5.56  42.424  -0.1529
  401.0     5.55  42.452  -0.1541
  401.3     5.56  42.479  -0.1562
  401.6     5.62  42.507  -0.1581
  401.8     5.56  42.534  -0.1569
  402.1     5.51  42.561  -0.1561
  402.5     5.53  42.588  -0.1557
  402.7     5.56  42.615  -0.1570
  403.0     5.57  42.642  -0.1563
  403.3     5.53  42.670  -0.1571
  403.6     5.58  42.697  -0.1605
  403.8     5.55  42.724  -0.1535
  404.1     5.50  42.751  -0.1546
  404.4     5.52  42.779  -0.1567
  404.8     5.53  42.806  -0.1572
  404.9     5.48  42.833  -0.1549
  405.3     5.49  42.860  -0.1548
  405.5     5.46  42.887  -0.1529
  405.8     5.48  42.914  -0.1565
  406.1     5.48  42.941  -0.1530
  406.4     5.46  42.968  -0.1514
  406.6     5.44  42.996  -0.1505
  406.9     5.39  43.023  -0.1504
  407.2     5.47  43.051  -0.1493
  407.5     5.48  43.078  -0.1501
  407.8     5.49  43.105  -0.1520
  408.0     5.41  43.132  -0.1510
  408.3     5.46  43.159  -0.1516
  408.7     5.45  43.186  -0.1483
  408.9     5.46  43.214  -0.1645
  409.2     5.48  43.241  -0.1530
  409.5     5.47  43.268  -0.1550
  409.7     5.43  43.295  -0.1561
  410.0     5.43  43.323  -0.1524
  410.3     5.40  43.350  -0.1543
  410.5     5.45  43.377  -0.1498
  410.9     5.38  43.405  -0.1509
  411.1     5.36  43.432  -0.1573
  411.4     5.44  43.459  -0.1574
  411.7     5.40  43.486  -0.1575
  411.9     5.40  43.514  -0.1554
  412.4     5.37  43.541  -0.1561
  412.5     5.38  43.568  -0.1506
  412.8     5.38  43.596  -0.1543
  413.0     5.33  43.623  -0.1557
  413.4     5.41  43.650  -0.1551
  413.7     5.41  43.677  -0.1549
  414.0     5.36  43.705  -0.1568
  414.2     5.32  43.732  -0.1589
  414.5     5.39  43.759  -0.1560
  414.8     5.42  43.786  -0.1560
  415.2     5.44  43.813  -0.1570
  415.2     5.36  43.841  -0.1571
  415.7     5.48  43.868  -0.1567
  416.0     5.35  43.895  -0.1627
  416.2     5.39  43.922  -0.1646
  416.5     5.41  43.949  -0.1628
  416.8     5.39  43.976  -0.1637
  417.0     5.35  44.004  -0.1635
  417.3     5.39  44.031  -0.1633
  417.6     5.39  44.058  -0.1607
  417.9     5.39  44.085  -0.1605
  418.3     5.39  44.112  -0.1601
  418.5     5.41  44.140  -0.1592
  418.8     5.39  44.167  -0.1581
  418.9     5.38  44.195  -0.1566
  419.3     5.41  44.222  -0.1578
  419.5     5.37  44.249  -0.1600
  419.8     5.26  44.277  -0.1604
  419.9     5.20  44.303  -0.1654
  420.3     5.19  44.331  -0.1592
  420.7     5.21  44.358  -0.1602
  420.9     5.23  44.385  -0.1646
  421.1     5.16  44.413  -0.1688
  421.4     5.23  44.439  -0.1652
  421.7     5.28  44.466  -0.1653
  422.0     5.26  44.493  -0.1662
  422.3     5.22  44.521  -0.1619
  422.5     5.24  44.549  -0.1660
  423.0     5.40  44.576  -0.1728
  423.0     5.28  44.603  -0.1677
  423.2     5.20  44.630  -0.1676
  423.6     5.17  44.658  -0.1671
  423.8     5.14  44.685  -0.1649
  424.1     5.16  44.712  -0.1646
  424.4     5.20  44.739  -0.1635
  424.7     5.24  44.766  -0.1642
  424.9     5.10  44.794  -0.1623
  425.2     5.15  44.821  -0.1627
  425.5     5.14  44.848  -0.1604
  425.8     5.17  44.875  -0.1645
  426.0     5.07  44.902  -0.1613
  426.4     5.20  44.929  -0.1599
  426.5     5.19  44.957  -0.1627
  426.9     5.09  44.983  -0.1612
  427.1     5.07  45.011  -0.1612
  427.5     5.14  45.038  -0.1596
  427.7     5.16  45.065  -0.1613
  428.0     5.14  45.092  -0.1627
  428.2     5.14  45.119  -0.1599
  428.6     5.11  45.147  -0.1609
  428.8     5.12  45.174  -0.1626
  428.9     5.06  45.202  -0.1631
  429.3     5.15  45.229  -0.1638
  429.7     5.14  45.256  -0.1624
  430.0     5.13  45.283  -0.1617
  430.2     5.08  45.311  -0.1609
  430.5     5.08  45.338  -0.1639
  430.7     5.05  45.365  -0.1654
  431.0     5.00  45.393  -0.1611
  431.3     5.06  45.421  -0.1589
  431.6     5.09  45.448  -0.1596
  431.8     5.04  45.476  -0.1620
  432.1     5.07  45.503  -0.1610
  432.4     5.07  45.530  -0.1582
  432.7     5.07  45.558  -0.1568
  432.9     5.05  45.585  -0.1594
  433.2     5.04  45.612  -0.1594
  433.5     5.03  45.640  -0.1622
  433.8     5.05  45.667  -0.1610
  434.1     5.08  45.695  -0.1617
  434.4     5.11  45.722  -0.1613
  434.7     5.11  45.749  -0.1626
  435.0     5.10  45.776  -0.1631
  435.2     5.10  45.804  -0.1628
  435.4     5.05  45.831  -0.1650
  435.8     5.07  45.858  -0.1649
  436.1     5.07  45.885  -0.1623
  436.3     5.08  45.913  -0.1581
  436.6     5.10  45.940  -0.1581
  436.8     5.06  45.967  -0.1602
  437.1     5.05  45.994  -0.1578
  437.5     5.07  46.021  -0.1595
  437.7     5.03  46.049  -0.1622
  437.9     5.06  46.076  -0.1605
  438.1     5.00  46.103  -0.1577
  438.4     5.05  46.131  -0.1588
  438.6     4.96  46.159  -0.1581
  439.0     4.96  46.186  -0.1574
  439.3     4.98  46.213  -0.1606
  439.5     5.03  46.241  -0.1632
  439.9     5.04  46.268  -0.1610
  440.2     5.02  46.296  -0.1571
  440.5     5.04  46.323  -0.1585
  440.6     5.00  46.350  -0.1586
  440.9     5.03  46.377  -0.1612
  441.2     5.04  46.405  -0.1615
  441.4     5.05  46.432  -0.1625
  441.7     4.99  46.460  -0.1663
  442.0     5.00  46.488  -0.1663
  442.3     4.95  46.515  -0.1661
  442.6     4.97  46.543  -0.1643
  442.8     5.00  46.571  -0.1628
  443.2     5.02  46.598  -0.1662
  443.4     5.04  46.626  -0.1660
  443.7     5.02  46.653  -0.1654
  443.9     4.97  46.681  -0.1643
  444.3     4.96  46.708  -0.1615
  444.6     4.97  46.736  -0.1592
  444.8     5.01  46.763  -0.1608
  445.2     4.97  46.790  -0.1578
  445.3     5.02  46.818  -0.1607
  445.6     4.98  46.845  -0.1607
  445.8     4.99  46.872  -0.1589
  446.2     4.95  46.899  -0.1583
  446.5     4.95  46.927  -0.1563
  446.7     4.97  46.954  -0.1583
  447.0     5.00  46.982  -0.1608
  447.3     5.00  47.009  -0.1637
  447.7     4.96  47.036  -0.1637
  447.8     4.94  47.064  -0.1622
  448.1     4.88  47.091  -0.1644
  448.3     4.94  47.118  -0.1617
  448.7     4.90  47.145  -0.1619
  448.9     4.96  47.172  -0.1628
  449.1     4.99  47.200  -0.1610
  449.4     4.99  47.227  -0.1616
  449.8     4.97  47.254  -0.1661
  450.1     4.94  47.282  -0.1660
  450.3     4.93  47.309  -0.1672
  450.6     4.92  47.336  -0.1698
  450.8     4.86  47.363  -0.1679
  451.2     4.91  47.391  -0.1654
  451.4     4.98  47.418  -0.1655
  451.6     4.88  47.446  -0.1626
  452.0     4.89  47.473  -0.1654
  452.2     4.89  47.501  -0.1646
  452.4     4.88  47.528  -0.1669
  452.8     4.87  47.555  -0.1687
  453.0     4.87  47.582  -0.1697
  453.2     4.84  47.609  -0.1708
  453.6     4.82  47.636  -0.1709
  453.9     4.91  47.664  -0.1731
  454.1     4.89  47.691  -0.1702
  454.4     4.91  47.718  -0.1717
  454.8     5.01  47.746  -0.1724
  455.0     4.97  47.773  -0.1718
  455.4     4.92  47.800  -0.1709
  455.5     4.92  47.827  -0.1696
  456.0     4.98  47.855  -0.1711
  456.1     5.00  47.882  -0.1684
  456.4     4.91  47.909  -0.1697
  456.6     4.96  47.936  -0.1668
  457.0     4.98  47.963  -0.1687
  457.3     5.04  47.990  -0.1661
  457.6     5.02  48.018  -0.1695
  457.7     5.03  48.045  -0.1697
  458.1     5.01  48.072  -0.1649
  458.3     4.98  48.099  -0.1671
  458.7     5.00  48.126  -0.1716
  458.8     5.00  48.154  -0.1713
  459.1     4.96  48.181  -0.1754
  459.4     4.99  48.208  -0.1708
  459.7     4.94  48.235  -0.1693
  460.0     4.91  48.263  -0.1688
  460.2     4.91  48.290  -0.1659
  460.4     4.88  48.317  -0.1661
  460.7     4.92  48.344  -0.1675
  461.0     4.91  48.371  -0.1692
  461.3     4.96  48.399  -0.1712
  461.6     4.97  48.427  -0.1698
  461.9     4.94  48.454  -0.1707
  462.1     4.97  48.481  -0.1727
  462.4     4.89  48.509  -0.1713
  462.7     4.92  48.536  -0.1731
  462.9     4.88  48.563  -0.1713
  463.2     4.89  48.591  -0.1713
  463.5     4.93  48.618  -0.1682
  463.9     4.97  48.646  -0.1652
  464.1     4.91  48.673  -0.1633
  464.4     4.99  48.701  -0.1657
  464.6     4.98  48.728  -0.1671
  464.9     4.95  48.755  -0.1682
  465.1     4.90  48.782  -0.1675
  465.5     4.93  48.809  -0.1682
  465.7     4.91  48.837  -0.1678
  466.0     4.89  48.864  -0.1729
  466.2     4.89  48.891  -0.1744
  466.6     4.88  48.918  -0.1762
  466.7     4.86  48.946  -0.1747
  467.2     4.93  48.973  -0.1747
  467.4     4.89  49.000  -0.1735
  467.5     4.86  49.027  -0.1706
  467.9     4.86  49.054  -0.1701
  468.3     4.94  49.082  -0.1701
  468.6     4.95  49.109  -0.1711
  468.9     4.93  49.137  -0.1744
  469.0     4.96  49.164  -0.1754
  469.3     4.92  49.191  -0.1753
  469.6     4.97  49.218  -0.1738
  469.9     4.92  49.246  -0.1755
  470.2     4.92  49.273  -0.1803
  470.4     4.88  49.301  -0.1782
  470.7     4.91  49.328  -0.1788
  470.9     4.91  49.355  -0.1798
  471.3     4.89  49.382  -0.1790
  471.6     4.93  49.410  -0.1787
  471.8     4.92  49.437  -0.1778
  472.2     4.91  49.465  -0.1777
  472.4     4.92  49.492  -0.1729
  472.6     4.92  49.520  -0.1762
  473.1     5.01  49.547  -0.1777
  473.4     4.98  49.574  -0.1796
  473.6     4.95  49.602  -0.1807
  474.0     4.98  49.629  -0.1788
  474.2     4.96  49.656  -0.1804
  474.4     4.95  49.683  -0.1809
  474.7     4.94  49.710  -0.1772
  474.9     4.91  49.738  -0.1751
  475.2     4.95  49.765  -0.1765
  475.5     4.98  49.792  -0.1780
  475.8     4.91  49.820  -0.1785
  476.0     4.93  49.847  -0.1791
  476.3     5.02  49.874  -0.1778
  476.7     5.01  49.901  -0.1764
  476.9     4.94  49.929  -0.1778
  477.1     4.97  49.956  -0.1778
  477.4     4.96  49.983  -0.1768
  477.7     4.98  50.011  -0.1794
  477.9     4.97  50.038  -0.1778
  478.3     4.92  50.065  -0.1826
  478.5     4.97  50.092  -0.1794
  478.8     4.97  50.120  -0.1802
  479.1     4.90  50.147  -0.1817
  479.3     4.88  50.174  -0.1807
  479.7     4.88  50.202  -0.1812
  479.9     4.88  50.229  -0.1817
  480.0     4.80  50.256  -0.1852
  480.4     4.89  50.284  -0.1837
  480.6     4.88  50.311  -0.1826
  480.8     4.85  50.338  -0.1831
  481.1     4.86  50.365  -0.1823
  481.5     4.91  50.393  -0.1814
  481.8     4.89  50.421  -0.1828
  482.0     4.91  50.448  -0.1803
  482.3     4.87  50.476  -0.1820
  482.6     4.89  50.503  -0.1827
  482.9     4.90  50.530  -0.1836
  483.1     4.86  50.558  -0.1802
  483.4     4.89  50.585  -0.1798
  483.7     4.86  50.612  -0.1783
  483.9     4.87  50.639  -0.1787
  484.2     4.86  50.667  -0.1802
  484.5     4.86  50.694  -0.1825
  484.8     4.81  50.722  -0.1805
  485.0     4.82  50.749  -0.1791
  485.3     4.85  50.776  -0.1813
  485.7     4.84  50.804  -0.1845
  485.8     4.89  50.831  -0.1845
  486.1     4.84  50.858  -0.1841
  486.4     4.86  50.885  -0.1826
  486.8     4.85  50.913  -0.1825
  487.0     4.90  50.940  -0.1789
  487.2     4.86  50.967  -0.1748
  487.5     4.92  50.994  -0.1783
  487.7     4.90  51.021  -0.1799
  488.1     4.87  51.048  -0.1810
  488.4     4.84  51.076  -0.1813
  488.6     4.84  51.103  -0.1820
  488.8     4.85  51.130  -0.1840
  489.2     4.84  51.158  -0.1854
  489.5     4.86  51.185  -0.1870
  489.7     4.81  51.212  -0.1847
  490.0     4.85  51.240  -0.1831
  490.3     4.83  51.267  -0.1822
  490.5     4.80  51.294  -0.1858
  490.8     4.84  51.321  -0.1864
  491.1     4.82  51.349  -0.1854
  491.4     4.83  51.376  -0.1862
  491.6     4.82  51.404  -0.1872
  492.0     4.83  51.431  -0.1866
  492.2     4.84  51.458  -0.1856
  492.7     4.82  51.486  -0.1836
  492.8     4.86  51.513  -0.1805
  493.0     4.88  51.540  -0.1808
  493.3     4.90  51.568  -0.1812
  493.6     4.89  51.595  -0.1787
  493.9     4.90  51.623  -0.1799
  494.3     4.89  51.650  -0.1820
  494.4     4.86  51.678  -0.1810
  494.8     4.88  51.705  -0.1812
  495.1     4.95  51.732  -0.1831
  495.4     4.90  51.760  -0.1838
  495.7     4.88  51.788  -0.1815
  495.9     4.86  51.816  -0.1795
  496.3     4.86  51.843  -0.1818
  496.4     4.88  51.871  -0.1777
  496.8     4.90  51.898  -0.1748
  497.0     4.90  51.926  -0.1789
  497.3     4.87  51.953  -0.1817
  497.6     4.90  51.980  -0.1808
  497.9     4.91  52.008  -0.1829
  498.2     4.89  52.035  -0.1858
  498.4     4.84  52.062  -0.1821
  498.7     4.88  52.089  -0.1847
  498.9     4.94  52.116  -0.1856
  499.3     4.86  52.143  -0.1827
  499.4     4.83  52.171  -0.1861
  499.7     4.86  52.198  -0.1836
  500.1     4.87  52.226  -0.1823
  500.2     4.87  52.253  -0.1861
  500.4     4.85  52.280  -0.1884
  500.9     4.84  52.307  -0.1853
  501.1     4.85  52.335  -0.1872
  501.5     4.87  52.362  -0.1853
  501.7     4.83  52.389  -0.1814
  501.8     4.86  52.417  -0.1858
  502.2     4.79  52.444  -0.1849
  502.6     4.84  52.471  -0.1838
  502.7     4.84  52.499  -0.1846
  503.0     4.86  52.526  -0.1844
  503.3     4.83  52.553  -0.1849
  503.5     4.84  52.580  -0.1841
  503.8     4.82  52.608  -0.1829
  504.1     4.81  52.635  -0.1793
  504.3     4.78  52.663  -0.1793
  504.7     4.77  52.690  -0.1802
  504.8     4.78  52.717  -0.1843
  505.2     4.77  52.745  -0.1849
  505.6     4.81  52.772  -0.1864
  505.7     4.77  52.800  -0.1862
  506.0     4.70  52.827  -0.1839
  506.2     4.72  52.854  -0.1810
  506.6     4.77  52.882  -0.1815
  506.8     4.77  52.909  -0.1817
  507.2     4.77  52.937  -0.1844
  507.5     4.81  52.964  -0.1852
  507.8     4.84  52.991  -0.1890
  508.0     4.79  53.018  -0.1862
  508.3     4.80  53.046  -0.1874
  508.6     4.76  53.073  -0.1892
  508.9     4.81  53.101  -0.1901
  509.1     4.77  53.128  -0.1907
  509.4     4.78  53.155  -0.1891
  509.7     4.78  53.182  -0.1882
  510.0     4.78  53.210  -0.1869
  510.3     4.78  53.237  -0.1853
  510.4     4.73  53.264  -0.1860
  510.8     4.79  53.291  -0.1852
  511.1     4.79  53.318  -0.1855
  511.3     4.82  53.346  -0.1811
  511.7     4.83  53.373  -0.1817
  511.9     4.87  53.401  -0.1806
  512.3     4.85  53.428  -0.1805
  512.5     4.84  53.455  -0.1801
  512.8     4.84  53.483  -0.1818
  513.0     4.85  53.510  -0.1838
  513.5     4.82  53.538  -0.1846
  513.7     4.82  53.565  -0.1871
  513.9     4.85  53.592  -0.1868
  514.1     4.88  53.619  -0.1862
  514.6     4.88  53.647  -0.1860
  514.8     4.84  53.675  -0.1861
  515.1     4.83  53.702  -0.1860
  515.3     4.83  53.729  -0.1858
  515.6     4.84  53.757  -0.1862
  515.9     4.79  53.784  -0.1859
  516.2     4.82  53.811  -0.1869
  516.5     4.84  53.838  -0.1876
  516.8     4.84  53.865  -0.1861
  517.1     4.82  53.892  -0.1825
  517.3     4.85  53.920  -0.1851
  517.5     4.80  53.947  -0.1861
  517.8     4.80  53.974  -0.1850
  518.2     4.85  54.002  -0.1880
  518.3     4.82  54.029  -0.1882
  518.6     4.86  54.057  -0.1866
  518.9     4.82  54.084  -0.1883
  519.3     4.82  54.112  -0.1892
  519.5     4.85  54.139  -0.1885
  519.7     4.86  54.167  -0.1914
  520.2     4.83  54.194  -0.1913
  520.5     4.84  54.221  -0.1891
  520.6     4.85  54.248  -0.1857
  520.9     4.84  54.276  -0.1871
  521.2     4.75  54.303  -0.1902
  521.5     4.84  54.330  -0.1926
  521.8     4.82  54.358  -0.1921
  521.9     4.81  54.385  -0.1921
  522.2     4.77  54.413  -0.1886
  522.5     4.82  54.441  -0.1898
  522.7     4.78  54.468  -0.1897
  523.0     4.77  54.495  -0.1922
  523.2     4.79  54.523  -0.1947
  523.6     4.72  54.550  -0.1958
  523.8     4.77  54.577  -0.1925
  524.1     4.76  54.604  -0.1915
  524.4     4.77  54.632  -0.1910
  524.7     4.79  54.659  -0.1915
  524.9     4.76  54.686  -0.1931
  525.3     4.75  54.713  -0.1939
  525.6     4.73  54.740  -0.1933
  525.8     4.78  54.768  -0.1942
  526.1     4.74  54.795  -0.1950
  526.4     4.74  54.822  -0.1947
  526.6     4.77  54.849  -0.1941
  526.9     4.76  54.877  -0.1956
  527.2     4.73  54.904  -0.1951
  527.4     4.73  54.931  -0.1927
  527.7     4.77  54.959  -0.1917
  527.9     4.73  54.986  -0.1893
  528.2     4.78  55.013  -0.1885
  528.6     4.78  55.040  -0.1921
  528.9     4.75  55.068  -0.1920
  529.1     4.76  55.095  -0.1939
  529.3     4.74  55.122  -0.1892
  529.6     4.71  55.149  -0.1898
  529.9     4.72  55.177  -0.1927
  530.1     4.76  55.204  -0.1934
  530.4     4.72  55.232  -0.1933
  530.8     4.75  55.259  -0.1939
  531.0     4.70  55.286  -0.1935
  531.3     4.71  55.313  -0.1949
  531.6     4.75  55.341  -0.1928
  531.9     4.75  55.368  -0.1986
  532.0     4.73  55.396  -0.1949
  532.4     4.71  55.424  -0.1931
  532.6     4.73  55.451  -0.1926
  533.0     4.74  55.478  -0.1935
  533.2     4.75  55.506  -0.1936
  533.5     4.73  55.533  -0.1925
  533.8     4.78  55.560  -0.1923
  534.1     4.75  55.588  -0.1981
  534.3     4.74  55.615  -0.1966
  534.6     4.75  55.643  -0.1937
  534.8     4.75  55.670  -0.1918
  535.3     4.78  55.697  -0.1913
  535.5     4.76  55.724  -0.1961
  535.7     4.76  55.752  -0.1939
  536.0     4.77  55.779  -0.1921
  536.3     4.81  55.806  -0.1931
  536.5     4.77  55.833  -0.1920
  536.9     4.80  55.860  -0.1944
  537.1     4.77  55.888  -0.1927
  537.5     4.79  55.915  -0.1942
  537.7     4.81  55.942  -0.1917
  538.0     4.78  55.970  -0.1947
  538.2     4.78  55.997  -0.1953
  538.5     4.79  56.025  -0.1963
  538.7     4.75  56.052  -0.1961
  539.0     4.71  56.079  -0.1972
  539.3     4.74  56.107  -0.1956
  539.5     4.72  56.134  -0.1952
  539.7     4.70  56.161  -0.1939
  540.0     4.71  56.188  -0.1948
  540.2     4.71  56.215  -0.1924
  540.6     4.69  56.243  -0.1959
  540.8     4.71  56.271  -0.1947
  541.2     4.74  56.298  -0.1972
  541.4     4.73  56.327  -0.1961
  541.6     4.74  56.354  -0.1921
  542.0     4.73  56.381  -0.1908
  542.3     4.74  56.409  -0.1887
  542.5     4.69  56.436  -0.1916
  542.8     4.70  56.464  -0.1926
  543.1     4.70  56.492  -0.1922
  543.3     4.70  56.519  -0.1902
  543.6     4.71  56.546  -0.1898
  543.9     4.70  56.574  -0.1882
  544.3     4.76  56.602  -0.1947
  544.4     4.72  56.629  -0.1935
  544.7     4.74  56.657  -0.1909
  545.0     4.73  56.685  -0.1940
  545.3     4.74  56.713  -0.1949
  545.5     4.70  56.741  -0.1922
  545.9     4.70  56.768  -0.1973
  546.1     4.73  56.795  -0.1968
  546.5     4.68  56.822  -0.1960
  546.7     4.74  56.850  -0.1947
  546.9     4.68  56.878  -0.1902
  547.2     4.67  56.905  -0.1932
  547.4     4.66  56.932  -0.1957
  547.8     4.71  56.959  -0.1927
  548.0     4.69  56.986  -0.1916
  548.3     4.68  57.014  -0.1920
  548.5     4.69  57.041  -0.1937
  548.8     4.68  57.068  -0.1915
  549.1     4.71  57.096  -0.1930
  549.5     4.71  57.123  -0.1891
  549.6     4.74  57.151  -0.1891
  550.0     4.69  57.178  -0.1928
  550.1     4.69  57.205  -0.1921
  550.4     4.68  57.233  -0.1887
  550.7     4.67  57.260  -0.1905
  551.0     4.71  57.287  -0.1888
  551.3     4.69  57.314  -0.1887
  551.6     4.69  57.342  -0.1884
  552.0     4.70  57.370  -0.1886
  552.2     4.68  57.397  -0.1881
  552.5     4.66  57.425  -0.1874
  552.8     4.71  57.452  -0.1906
  553.1     4.71  57.479  -0.1909
  553.3     4.71  57.507  -0.1871
  553.7     4.70  57.534  -0.1870
  553.9     4.69  57.561  -0.1876
  554.1     4.71  57.589  -0.1860
  554.5     4.70  57.616  -0.1877
  554.8     4.70  57.643  -0.1887
  555.1     4.73  57.671  -0.1888
  555.3     4.70  57.698  -0.1892
  555.6     4.69  57.725  -0.1906
  555.9     4.67  57.752  -0.1899
  556.1     4.72  57.779  -0.1962
  556.3     4.72  57.807  -0.1967
  556.8     4.70  57.835  -0.1957
  557.0     4.71  57.863  -0.1935
  557.3     4.74  57.890  -0.1941
  557.7     4.71  57.917  -0.1921
  557.8     4.74  57.944  -0.1939
  558.1     4.76  57.971  -0.1966
  558.5     4.69  57.998  -0.1961
  558.7     4.73  58.025  -0.1945
  559.1     4.72  58.053  -0.1965
  559.4     4.72  58.081  -0.1978
  559.6     4.73  58.108  -0.1984
  559.8     4.76  58.135  -0.1965
  560.2     4.75  58.162  -0.1967
  560.3     4.77  58.190  -0.1927
  560.7     4.76  58.217  -0.1980
  561.0     4.78  58.245  -0.1996
  561.1     4.75  58.272  -0.2003
  561.6     4.75  58.299  -0.1964
  561.8     4.76  58.327  -0.1966
  562.1     4.76  58.354  -0.1941
  562.3     4.73  58.381  -0.1958
  562.6     4.74  58.410  -0.1938
  562.8     4.77  58.438  -0.1967
  563.1     4.73  58.465  -0.1940
  563.3     4.71  58.492  -0.1935
  563.7     4.72  58.520  -0.1940
  564.0     4.73  58.547  -0.1939
  564.2     4.78  58.574  -0.1948
  564.5     4.77  58.602  -0.1933
  564.8     4.75  58.629  -0.1941
  565.2     4.75  58.656  -0.1956
  565.4     4.78  58.683  -0.1953
  565.6     4.77  58.711  -0.1954
  565.9     4.78  58.738  -0.1931
  566.2     4.73  58.765  -0.1979
  566.4     4.72  58.793  -0.1968
  566.7     4.76  58.820  -0.1964
  567.0     4.75  58.848  -0.1960
  567.3     4.76  58.875  -0.1937
  567.6     4.76  58.902  -0.1946
  567.8     4.75  58.929  -0.1953
  568.0     4.68  58.957  -0.1957
  568.4     4.71  58.984  -0.1935
  568.6     4.74  59.012  -0.1950
  568.9     4.75  59.039  -0.1971
  569.2     4.77  59.066  -0.1986
  569.5     4.76  59.093  -0.1978
  569.7     4.70  59.121  -0.1957
  569.9     4.78  59.148  -0.1974
  570.2     4.69  59.177  -0.1980
  570.5     4.73  59.204  -0.1976
  570.8     4.75  59.231  -0.1944
  571.0     4.68  59.258  -0.1970
  571.4     4.73  59.285  -0.1968
  571.6     4.74  59.313  -0.1963
  571.9     4.73  59.340  -0.1981
  572.2     4.76  59.368  -0.1962
  572.4     4.69  59.396  -0.1952
  572.8     4.77  59.423  -0.1949
  573.0     4.80  59.451  -0.1954
  573.4     4.74  59.479  -0.1944
  573.5     4.77  59.507  -0.1921
  573.9     4.76  59.534  -0.1945
  574.2     4.76  59.561  -0.1988
  574.5     4.74  59.589  -0.2002
  574.7     4.77  59.616  -0.2010
  575.0     4.73  59.643  -0.1986
  575.2     4.74  59.671  -0.1977
  575.4     4.79  59.698  -0.2018
  575.7     4.76  59.725  -0.2004
  576.0     4.77  59.753  -0.2021
  576.3     4.72  59.780  -0.1977
  576.6     4.72  59.807  -0.1962
  576.9     4.77  59.834  -0.1979
  577.1     4.79  59.862  -0.1992
  577.3     4.77  59.889  -0.1975
  577.7     4.81  59.916  -0.1960
  578.0     4.80  59.944  -0.1993
  578.2     4.78  59.971  -0.1944
  578.6     4.77  59.999  -0.1941
  578.7     4.77  60.026  -0.1996
  579.1     4.75  60.054  -0.2027
  579.4     4.79  60.081  -0.1989
  579.7     4.77  60.108  -0.1989
  579.9     4.79  60.135  -0.1918
  580.1     4.77  60.162  -0.1944
  580.5     4.78  60.190  -0.1939
  580.7     4.82  60.217  -0.1912
  581.0     4.81  60.244  -0.1930
  581.2     4.83  60.271  -0.1939
  581.7     4.84  60.299  -0.1944
  581.9     4.85  60.326  -0.1956
  582.0     4.79  60.353  -0.1942
  582.3     4.83  60.381  -0.1989
  582.6     4.77  60.409  -0.1979
  582.9     4.79  60.436  -0.1969
  583.2     4.82  60.464  -0.1955
  583.4     4.78  60.491  -0.1943
  583.7     4.79  60.518  -0.1977
  583.9     4.77  60.545  -0.1995
  584.3     4.83  60.573  -0.1974
  584.5     4.83  60.600  -0.1965
  584.8     4.83  60.627  -0.2023
  585.1     4.81  60.654  -0.2028
  585.3     4.78  60.682  -0.1981
  585.6     4.86  60.709  -0.1987
  585.8     4.81  60.736  -0.1973
  586.0     4.77  60.763  -0.1981
  586.6     4.90  60.790  -0.1980
  586.8     4.74  60.818  -0.2003
  587.1     4.84  60.846  -0.1982
  587.2     4.82  60.873  -0.1980
  587.6     4.81  60.901  -0.1970
  587.8     4.78  60.928  -0.1985
  588.1     4.88  60.955  -0.2016
  588.3     4.90  60.982  -0.1999
  588.8     4.88  61.010  -0.2013
  588.9     4.89  61.037  -0.1992
  589.2     4.85  61.065  -0.1998
  589.5     4.83  61.092  -0.2006
  589.8     4.83  61.120  -0.1987
  590.0     4.86  61.147  -0.1951
  590.4     4.83  61.174  -0.1954
  590.5     4.88  61.202  -0.1937
  590.9     4.87  61.229  -0.1943
  591.2     4.84  61.257  -0.1920
  591.5     4.84  61.284  -0.1938
  591.7     4.80  61.312  -0.1940
  592.0     4.84  61.340  -0.1995
  592.3     4.83  61.368  -0.1943
  592.5     4.79  61.396  -0.1930
  592.9     4.82  61.423  -0.1946
  593.1     4.84  61.450  -0.1943
  593.4     4.82  61.478  -0.1964
  593.7     4.83  61.505  -0.1946
  594.0     4.80  61.534  -0.1933
  594.2     4.83  61.561  -0.1928
  594.5     4.84  61.589  -0.1911
  594.8     4.81  61.616  -0.1928
  595.0     4.88  61.644  -0.1925
  595.3     4.82  61.672  -0.1968
  595.6     4.79  61.700  -0.2013
  595.8     4.79  61.728  -0.2000
  596.1     4.83  61.755  -0.1985
  596.4     4.79  61.783  -0.2000
  596.6     4.84  61.810  -0.2015
  596.9     4.83  61.838  -0.1996
  597.2     4.84  61.865  -0.1983
  597.4     4.71  61.893  -0.1936
  597.7     4.73  61.920  -0.1980
  597.9     4.77  61.948  -0.1951
  598.2     4.74  61.975  -0.1947
  598.6     4.70  62.003  -0.1958
  598.8     4.80  62.030  -0.1930
  598.9     4.76  62.058  -0.1964
  599.2     4.62  62.090  -0.1987
  599.5     4.65  62.119  -0.1997
  599.9     4.66  62.151  -0.1980
  600.3     4.75  62.180  -0.1930
