   15.5     6.78   0.027   0.0046
   15.5     6.75   0.053  -0.0011
   15.5     6.70   0.080   0.0007
   15.4     6.64   0.106   0.0013
   15.4     6.59   0.133   0.0007
   15.5     6.58   0.159   0.0055
   15.6     6.57   0.186   0.0035
   15.6     6.52   0.212   0.0056
   15.7     6.50   0.239   0.0014
   15.6     6.48   0.265   0.0001
   15.6     6.45   0.292   0.0024
   15.6     6.32   0.318   0.0056
   15.6     6.27   0.345   0.0037
   15.5     6.22   0.373   0.0056
   15.5     6.17   0.400   0.0034
   15.7     6.17   0.427   0.0063
   15.5     6.13   0.453   0.0048
   15.5     6.02   0.480   0.0034
   15.6     5.95   0.507   0.0053
   15.5     5.88   0.533   0.0044
   15.4     5.81   0.560   0.0054
   15.4     5.81   0.587   0.0065
   15.6     5.82   0.614   0.0071
   15.6     5.76   0.640   0.0059
   15.5     5.77   0.667   0.0075
   15.5     5.73   0.693   0.0055
   15.6     5.65   0.720   0.0044
   15.5     5.55   0.746   0.0026
   15.6     5.57   0.773   0.0044
   15.6     5.63   0.799   0.0064
   15.7     5.52   0.826   0.0067
   15.6     5.44   0.853   0.0060
   15.5     5.43   0.879   0.0058
   15.7     5.49   0.906   0.0065
   15.6     5.39   0.933   0.0081
   15.7     5.33   0.959   0.0031
   15.7     5.30   0.986   0.0038
   15.6     5.26   1.013   0.0051
   15.6     5.18   1.039   0.0031
   15.6     5.17   1.065   0.0039
   15.7     5.19   1.092   0.0029
   15.7     5.14   1.119   0.0102
   15.6     5.07   1.145   0.0085
   15.6     5.01   1.172   0.0045
   15.6     4.95   1.199   0.0047
   15.6     4.97   1.226   0.0012
   15.7     4.96   1.252  -0.0012
   15.7     4.94   1.278   0.0004
   15.6     4.77   1.305   0.0043
   15.6     4.80   1.332   0.0044
   15.6     4.78   1.360   0.0062
   15.6     4.76   1.386   0.0071
   15.7     4.68   1.413   0.0059
   15.6     4.67   1.440   0.0033
   15.7     4.66   1.466   0.0032
   15.7     4.66   1.493   0.0034
   15.6     4.62   1.519   0.0007
   15.7     4.52   1.546  -0.0002
   15.6     4.51   1.572  -0.0021
   15.7     4.44   1.599   0.0013
   15.6     4.51   1.626   0.0018
   15.7     4.39   1.652  -0.0038
   15.6     4.33   1.679  -0.0001
   15.6     4.40   1.705   0.0026
   15.6     4.33   1.731   0.0001
   15.6     4.32   1.758   0.0028
   15.6     4.30   1.784   0.0015
   15.7     4.31   1.811   0.0027
   15.8     4.32   1.838   0.0022
   15.8     4.29   1.864   0.0032
   15.6     4.21   1.891   0.0069
   15.5     4.02   1.918   0.0113
   15.5     3.99   1.946   0.0123
   15.7     4.08   1.973   0.0054
   15.7     4.03   1.999   0.0043
   15.7     4.04   2.026   0.0045
   15.7     4.06   2.052   0.0048
   15.7     4.04   2.078   0.0036
   15.6     4.01   2.105   0.0047
   15.7     3.99   2.132   0.0073
   15.7     3.88   2.159   0.0054
   15.7     3.85   2.185   0.0025
   15.7     3.81   2.212   0.0035
   15.5     3.74   2.239   0.0037
   15.6     3.72   2.265   0.0056
   15.6     3.71   2.292   0.0088
   15.7     3.73   2.319   0.0104
   15.6     3.66   2.346   0.0127
   15.7     3.65   2.373   0.0135
   15.7     3.70   2.399   0.0175
   15.8     3.68   2.426   0.0167
   15.8     3.75   2.453   0.0099
   15.7     3.63   2.479   0.0120
   15.7     3.59   2.506   0.0085
   15.8     3.60   2.532   0.0066
   15.8     3.62   2.559   0.0077
   15.7     3.60   2.586   0.0076
   15.7     3.47   2.612   0.0050
   15.8     3.55   2.639   0.0059
   15.8     3.54   2.666   0.0068
   15.9     3.53   2.692   0.0020
   15.8     3.52   2.719   0.0044
   15.8     3.43   2.745   0.0070
   15.7     3.49   2.772   0.0114
   15.7     3.48   2.798   0.0089
   15.8     3.37   2.825   0.0093
   15.8     3.43   2.852   0.0103
   15.9     3.41   2.878   0.0093
   16.0     3.45   2.905   0.0098
   16.0     3.45   2.932   0.0094
   15.9     3.42   2.958   0.0069
   16.0     3.38   2.985   0.0100
   16.0     3.36   3.011   0.0141
   16.1     3.39   3.038   0.0126
   16.2     3.41   3.065   0.0095
   16.2     3.37   3.091   0.0110
   16.2     3.35   3.118   0.0071
   16.2     3.37   3.145   0.0132
   16.3     3.46   3.172   0.0158
   16.3     3.46   3.198   0.0171
   16.4     3.38   3.225   0.0147
   16.3     3.32   3.252   0.0113
   16.3     3.30   3.279   0.0095
   16.4     3.33   3.306   0.0116
   16.5     3.38   3.333   0.0114
   16.6     3.37   3.361   0.0097
   16.6     3.36   3.387   0.0133
   16.7     3.36   3.414   0.0124
   16.8     3.42   3.441   0.0122
   16.8     3.40   3.468   0.0080
   16.8     3.36   3.494   0.0096
   17.0     3.41   3.521   0.0088
   16.9     3.37   3.548   0.0093
   17.1     3.40   3.574   0.0091
   17.0     3.36   3.601   0.0110
   17.1     3.40   3.628   0.0129
   17.1     3.27   3.654   0.0113
   17.2     3.30   3.680   0.0134
   17.3     3.34   3.707   0.0159
   17.3     3.32   3.733   0.0111
   17.4     3.32   3.760   0.0141
   17.5     3.34   3.787   0.0144
   17.6     3.27   3.814   0.0139
   17.6     3.26   3.840   0.0134
   17.6     3.24   3.867   0.0138
   17.7     3.27   3.894   0.0113
   17.9     3.36   3.921   0.0154
   18.0     3.37   3.948   0.0129
   18.0     3.37   3.974   0.0156
   18.0     3.32   4.001   0.0137
   18.2     3.32   4.028   0.0139
   18.2     3.31   4.054   0.0180
   18.3     3.24   4.082   0.0133
   18.4     3.29   4.109   0.0178
   18.6     3.43   4.135   0.0162
   18.6     3.32   4.162   0.0186
   18.8     3.37   4.189   0.0142
   18.9     3.36   4.215   0.0161
   19.0     3.38   4.242   0.0157
   19.1     3.40   4.269   0.0168
   19.3     3.37   4.296   0.0173
   19.3     3.36   4.323   0.0161
   19.4     3.30   4.351   0.0174
   19.5     3.36   4.377   0.0173
   19.7     3.37   4.404   0.0179
   19.9     3.36   4.431   0.0142
   19.9     3.39   4.458   0.0166
   20.0     3.41   4.484   0.0157
   20.2     3.40   4.511   0.0177
   20.2     3.37   4.538   0.0164
   20.4     3.31   4.565   0.0168
   20.3     3.31   4.591   0.0182
   20.6     3.39   4.618   0.0159
   20.8     3.45   4.646   0.0170
   21.0     3.42   4.672   0.0169
   21.1     3.43   4.699   0.0149
   21.3     3.39   4.726   0.0136
   21.3     3.44   4.753   0.0145
   21.5     3.44   4.780   0.0148
   21.6     3.42   4.807   0.0087
   21.9     3.44   4.834   0.0099
   22.0     3.47   4.860   0.0104
   22.1     3.42   4.887   0.0118
   22.1     3.42   4.914   0.0141
   22.3     3.51   4.941   0.0119
   22.5     3.45   4.968   0.0133
   22.7     3.53   4.995   0.0164
   23.1     3.57   5.022   0.0162
   23.0     3.54   5.048   0.0167
   23.1     3.49   5.075   0.0191
   23.3     3.57   5.102   0.0173
   23.6     3.58   5.129   0.0193
   23.7     3.56   5.156   0.0201
   23.9     3.52   5.183   0.0179
   24.0     3.56   5.210   0.0163
   24.2     3.51   5.236   0.0183
   24.3     3.53   5.263   0.0196
   24.5     3.55   5.291   0.0170
   24.7     3.56   5.317   0.0186
   24.9     3.57   5.344   0.0208
   25.0     3.50   5.372   0.0218
   25.2     3.59   5.399   0.0200
   25.4     3.51   5.426   0.0202
   25.5     3.52   5.453   0.0200
   25.8     3.56   5.480   0.0214
   26.0     3.56   5.506   0.0196
   26.1     3.54   5.534   0.0217
   26.4     3.59   5.560   0.0219
   26.5     3.68   5.587   0.0215
   26.8     3.63   5.614   0.0187
   26.8     3.58   5.641   0.0198
   27.0     3.55   5.668   0.0218
   27.4     3.60   5.695   0.0216
   27.6     3.66   5.722   0.0199
   27.7     3.65   5.749   0.0240
   28.0     3.70   5.777   0.0241
   28.1     3.70   5.804   0.0299
   28.3     3.66   5.831   0.0295
   28.4     3.63   5.858   0.0281
   28.7     3.70   5.885   0.0281
   29.0     3.69   5.912   0.0243
   29.2     3.58   5.939   0.0244
   29.3     3.60   5.967   0.0239
   29.5     3.57   5.993   0.0225
   29.8     3.57   6.021   0.0217
   29.9     3.64   6.048   0.0215
   30.1     3.64   6.075   0.0198
   30.3     3.56   6.102   0.0213
   30.5     3.55   6.128   0.0204
   30.7     3.64   6.155   0.0184
   31.0     3.56   6.182   0.0187
   31.1     3.55   6.209   0.0171
   31.5     3.62   6.236   0.0209
   31.5     3.61   6.262   0.0184
   31.8     3.65   6.290   0.0216
   32.1     3.66   6.317   0.0221
   32.3     3.66   6.343   0.0175
   32.6     3.69   6.371   0.0195
   32.8     3.71   6.398   0.0182
   33.0     3.70   6.425   0.0209
   33.2     3.71   6.452   0.0222
   33.4     3.73   6.479   0.0218
   33.6     3.66   6.506   0.0211
   33.8     3.69   6.533   0.0222
   34.2     3.83   6.560   0.0228
   34.4     3.72   6.586   0.0232
   34.5     3.72   6.613   0.0219
   34.7     3.73   6.640   0.0207
   35.1     3.70   6.667   0.0222
   35.3     3.74   6.693   0.0202
   35.5     3.80   6.721   0.0227
   35.8     3.75   6.747   0.0251
   36.0     3.80   6.774   0.0247
   36.3     3.85   6.801   0.0214
   36.5     3.83   6.828   0.0215
   36.8     3.78   6.855   0.0236
   37.0     3.81   6.882   0.0243
   37.2     3.74   6.909   0.0221
   37.4     3.69   6.936   0.0216
   37.7     3.74   6.963   0.0243
   37.9     3.82   6.989   0.0249
   38.1     3.79   7.016   0.0267
   38.3     3.75   7.043   0.0263
   38.5     3.79   7.070   0.0281
   38.8     3.82   7.097   0.0312
   39.1     3.83   7.124   0.0300
   39.3     3.86   7.151   0.0300
   39.6     3.83   7.178   0.0267
   39.9     3.83   7.205   0.0290
   40.1     3.83   7.232   0.0314
   40.2     3.80   7.259   0.0303
   40.5     3.86   7.285   0.0273
   40.8     3.83   7.312   0.0245
   41.1     3.84   7.339   0.0236
   41.2     3.73   7.367   0.0230
   41.5     3.83   7.393   0.0227
   41.7     3.83   7.420   0.0242
   42.0     3.83   7.447   0.0276
   42.2     3.79   7.474   0.0271
   42.3     3.83   7.500   0.0233
   42.7     3.80   7.527   0.0242
   42.9     3.84   7.554   0.0254
   43.2     3.86   7.581   0.0242
   43.5     3.85   7.608   0.0242
   43.7     3.90   7.635   0.0244
   43.9     3.84   7.662   0.0266
   44.1     3.82   7.689   0.0269
   44.5     3.82   7.715   0.0232
   44.7     3.81   7.742   0.0262
   44.9     3.86   7.769   0.0244
   45.3     3.89   7.796   0.0227
   45.5     3.92   7.823   0.0231
   45.6     3.86   7.850   0.0230
   46.0     3.84   7.877   0.0240
   46.2     3.89   7.904   0.0237
   46.4     3.88   7.931   0.0210
   46.8     3.93   7.958   0.0201
   47.0     3.90   7.985   0.0193
   47.2     3.94   8.011   0.0187
   47.4     3.94   8.038   0.0197
   47.7     3.91   8.065   0.0237
   48.1     4.00   8.092   0.0239
   48.2     3.99   8.119   0.0270
   48.5     3.95   8.146   0.0313
   48.6     3.80   8.173   0.0286
   48.9     3.90   8.200   0.0283
   49.2     3.92   8.227   0.0280
   49.6     3.98   8.254   0.0268
   49.8     4.02   8.281   0.0270
   49.9     3.82   8.308   0.0275
   50.0     3.84   8.334   0.0249
   50.5     3.98   8.362   0.0253
   50.8     4.06   8.389   0.0285
   51.0     3.94   8.416   0.0233
   51.4     4.07   8.443   0.0207
   51.5     3.93   8.470   0.0245
   51.7     3.97   8.497   0.0257
   52.1     4.05   8.523   0.0220
   52.3     3.99   8.550   0.0225
   52.6     4.03   8.577   0.0232
   52.8     4.00   8.604   0.0249
   53.0     3.91   8.631   0.0239
   53.3     4.03   8.658   0.0245
   53.8     4.15   8.684   0.0220
   54.0     4.16   8.711   0.0229
   54.2     4.16   8.738   0.0196
   54.4     4.17   8.764   0.0216
   54.7     4.12   8.791   0.0201
   54.8     4.15   8.818   0.0226
   55.1     4.11   8.845   0.0189
   55.5     4.08   8.872   0.0206
   55.8     4.14   8.899   0.0224
   55.9     4.06   8.926   0.0228
   56.2     4.11   8.953   0.0183
   56.5     4.16   8.980   0.0239
   56.8     4.14   9.007   0.0252
   57.0     4.15   9.034   0.0264
   57.3     4.12   9.061   0.0254
   57.5     4.13   9.088   0.0227
   57.9     4.21   9.115   0.0241
   58.3     4.26   9.141   0.0221
   58.4     4.26   9.168   0.0232
   58.6     4.09   9.195   0.0246
   58.8     4.13   9.222   0.0272
   59.1     4.13   9.249   0.0286
   59.3     4.20   9.277   0.0295
   59.7     4.15   9.304   0.0260
   59.9     4.11   9.330   0.0265
   60.1     4.12   9.358   0.0230
   60.5     4.20   9.385   0.0223
   60.7     4.11   9.411   0.0209
   60.9     4.15   9.439   0.0216
   61.2     4.16   9.465   0.0219
   61.5     4.22   9.492   0.0217
   61.7     4.16   9.519   0.0256
   62.0     4.16   9.546   0.0216
   62.4     4.25   9.573   0.0266
   62.7     4.33   9.601   0.0276
   62.9     4.33   9.628   0.0249
   63.2     4.39   9.654   0.0246
   63.5     4.41   9.681   0.0246
   63.8     4.38   9.708   0.0254
   64.0     4.32   9.735   0.0265
   64.4     4.43   9.762   0.0224
   64.6     4.39   9.789   0.0220
   64.9     4.38   9.816   0.0212
   65.2     4.44   9.843   0.0224
   65.4     4.54   9.870   0.0240
   65.7     4.57   9.897   0.0223
   66.0     4.53   9.925   0.0275
   66.2     4.48   9.952   0.0279
   66.5     4.47   9.979   0.0282
   66.7     4.40  10.006   0.0289
   67.0     4.44  10.032   0.0267
   67.3     4.52  10.059   0.0314
   67.5     4.52  10.086   0.0268
   67.8     4.51  10.113   0.0240
   68.1     4.53  10.139   0.0244
   68.4     4.52  10.165   0.0268
   68.5     4.61  10.192   0.0266
   68.8     4.56  10.219   0.0276
   69.2     4.55  10.246   0.0252
   69.4     4.56  10.273   0.0295
   69.7     4.54  10.299   0.0309
   70.0     4.49  10.326   0.0304
   70.2     4.48  10.353   0.0319
   70.5     4.52  10.380   0.0319
   70.6     4.46  10.407   0.0309
   70.9     4.48  10.434   0.0324
   71.3     4.48  10.461   0.0307
   71.5     4.46  10.488   0.0313
   71.8     4.48  10.515   0.0309
   72.0     4.46  10.541   0.0322
   72.3     4.50  10.568   0.0338
   72.5     4.49  10.596   0.0345
   72.8     4.47  10.623   0.0326
   73.1     4.44  10.650   0.0345
   73.4     4.47  10.677   0.0355
   73.6     4.49  10.704   0.0384
   73.9     4.44  10.730   0.0382
   74.2     4.51  10.758   0.0389
   74.5     4.49  10.785   0.0361
   74.7     4.48  10.812   0.0360
   75.0     4.51  10.839   0.0379
   75.3     4.48  10.867   0.0347
   75.5     4.49  10.893   0.0318
   75.7     4.46  10.921   0.0290
   76.1     4.45  10.948   0.0297
   76.3     4.51  10.975   0.0290
   76.6     4.44  11.002   0.0320
   76.9     4.46  11.029   0.0315
   77.1     4.52  11.056   0.0336
   77.4     4.50  11.083   0.0291
   77.7     4.51  11.110   0.0314
   77.9     4.52  11.137   0.0317
   78.3     4.54  11.164   0.0312
   78.6     4.56  11.191   0.0307
   78.8     4.54  11.217   0.0348
   79.2     4.59  11.244   0.0325
   79.3     4.55  11.271   0.0342
   79.6     4.56  11.298   0.0360
   79.8     4.49  11.325   0.0313
   80.1     4.49  11.352   0.0289
   80.4     4.53  11.379   0.0312
   80.7     4.49  11.406   0.0343
   81.0     4.49  11.433   0.0331
   81.3     4.54  11.460   0.0311
   81.5     4.51  11.487   0.0343
   81.7     4.54  11.514   0.0326
   82.0     4.55  11.540   0.0323
   82.2     4.48  11.567   0.0346
   82.6     4.55  11.594   0.0334
   82.8     4.51  11.621   0.0356
   83.2     4.46  11.648   0.0320
   83.4     4.50  11.675   0.0349
   83.6     4.49  11.702   0.0290
   84.0     4.44  11.728   0.0291
   84.2     4.49  11.755   0.0321
   84.4     4.47  11.782   0.0327
   84.7     4.47  11.809   0.0345
   84.9     4.41  11.835   0.0297
   85.2     4.42  11.863   0.0305
   85.5     4.43  11.889   0.0327
   85.7     4.43  11.916   0.0348
   86.0     4.42  11.943   0.0337
   86.2     4.38  11.970   0.0347
   86.5     4.36  11.997   0.0349
   86.8     4.42  12.023   0.0337
   87.0     4.36  12.050   0.0332
   87.4     4.33  12.077   0.0320
   87.7     4.38  12.104   0.0319
   88.0     4.41  12.131   0.0314
   88.2     4.42  12.157   0.0329
   88.3     4.41  12.184   0.0320
   88.6     4.37  12.211   0.0337
   88.9     4.34  12.238   0.0330
   89.2     4.38  12.264   0.0320
   89.6     4.45  12.291   0.0360
   89.7     4.45  12.318   0.0381
   90.0     4.40  12.345   0.0396
   90.3     4.42  12.372   0.0351
   90.7     4.41  12.399   0.0372
   90.8     4.43  12.426   0.0339
   91.2     4.40  12.453   0.0303
   91.4     4.44  12.479   0.0310
   91.7     4.46  12.506   0.0301
   92.0     4.42  12.533   0.0290
   92.2     4.41  12.559   0.0282
   92.5     4.35  12.586   0.0257
   92.9     4.35  12.614   0.0278
   93.1     4.35  12.640   0.0285
   93.4     4.36  12.667   0.0308
   93.6     4.35  12.694   0.0312
   93.9     4.32  12.721   0.0339
   94.0     4.35  12.747   0.0358
   94.3     4.26  12.775   0.0343
   94.7     4.32  12.802   0.0342
   95.0     4.37  12.828   0.0302
   95.1     4.22  12.855   0.0279
   95.4     4.13  12.882   0.0262
   95.7     4.19  12.909   0.0260
   96.0     4.25  12.936   0.0266
   96.2     4.24  12.963   0.0305
   96.4     4.18  12.989   0.0339
   96.7     4.17  13.016   0.0336
   97.0     4.16  13.043   0.0266
   97.3     4.21  13.070   0.0333
   97.5     4.20  13.096   0.0340
   97.8     4.16  13.123   0.0328
   98.1     4.23  13.150   0.0274
   98.4     4.21  13.177   0.0275
   98.7     4.22  13.203   0.0302
   98.9     4.19  13.230   0.0327
   99.2     4.21  13.257   0.0279
   99.5     4.22  13.284   0.0288
   99.7     4.21  13.311   0.0309
   99.9     4.13  13.338   0.0347
  100.2     4.07  13.366   0.0320
  100.4     4.06  13.392   0.0369
  100.8     4.07  13.419   0.0324
  101.0     4.05  13.446   0.0301
  101.3     4.01  13.473   0.0307
  101.5     4.00  13.500   0.0331
  101.8     3.96  13.527   0.0272
  102.0     4.05  13.554   0.0215
  102.3     4.02  13.581   0.0309
  102.6     4.03  13.609   0.0332
  102.9     4.03  13.636   0.0350
  103.0     3.94  13.662   0.0329
  103.4     3.92  13.689   0.0316
  103.8     3.99  13.716   0.0283
  104.0     3.95  13.743   0.0277
  104.2     3.91  13.770   0.0263
  104.5     3.96  13.797   0.0290
  104.8     4.02  13.823   0.0271
  105.2     4.10  13.850   0.0281
  105.3     3.95  13.877   0.0271
  105.6     3.95  13.904   0.0274
  105.8     3.91  13.931   0.0293
  106.1     3.90  13.958   0.0283
  106.4     3.87  13.985   0.0298
  106.6     3.88  14.012   0.0281
  106.9     3.83  14.039   0.0312
  107.1     3.84  14.065   0.0313
  107.3     3.81  14.092   0.0302
  107.7     3.84  14.118   0.0309
  108.0     3.79  14.145   0.0334
  108.3     3.86  14.172   0.0323
  108.4     3.72  14.199   0.0278
  108.8     3.70  14.226   0.0312
  109.1     3.77  14.253   0.0264
  109.3     3.72  14.280   0.0230
  109.5     3.69  14.307   0.0218
  109.8     3.70  14.334   0.0238
  110.2     3.70  14.361   0.0225
  110.3     3.70  14.388   0.0248
  110.7     3.73  14.415   0.0235
  111.1     3.72  14.442   0.0238
  111.1     3.67  14.468   0.0221
  111.4     3.65  14.495   0.0216
  111.7     3.68  14.522   0.0213
  111.9     3.60  14.549   0.0218
  112.2     3.59  14.576   0.0191
  112.6     3.64  14.603   0.0191
  112.8     3.65  14.630   0.0243
  113.1     3.64  14.657   0.0251
  113.5     3.63  14.684   0.0287
  113.6     3.56  14.711   0.0313
  113.9     3.54  14.738   0.0274
  114.1     3.57  14.764   0.0278
  114.4     3.59  14.792   0.0301
  114.7     3.57  14.818   0.0348
  115.0     3.60  14.845   0.0322
  115.2     3.59  14.872   0.0324
  115.5     3.58  14.899   0.0347
  115.8     3.50  14.926   0.0336
  116.1     3.51  14.953   0.0353
  116.2     3.44  14.979   0.0317
  116.5     3.39  15.007   0.0314
  116.8     3.47  15.033   0.0292
  117.1     3.43  15.060   0.0288
  117.3     3.39  15.087   0.0294
  117.7     3.36  15.114   0.0320
  117.9     3.33  15.141   0.0307
  118.2     3.34  15.168   0.0312
  118.4     3.37  15.195   0.0304
  118.7     3.38  15.221   0.0301
  118.9     3.34  15.248   0.0282
  119.3     3.38  15.275   0.0326
  119.6     3.37  15.302   0.0277
  119.9     3.37  15.329   0.0266
  120.2     3.42  15.356   0.0261
  120.5     3.52  15.383   0.0270
  120.7     3.49  15.410   0.0268
  121.0     3.42  15.437   0.0238
  121.2     3.38  15.464   0.0235
  121.6     3.42  15.490   0.0250
  121.8     3.44  15.517   0.0271
  122.2     3.43  15.544   0.0272
  122.5     3.48  15.571   0.0274
  122.8     3.46  15.598   0.0267
  123.0     3.43  15.625   0.0234
  123.2     3.34  15.651   0.0216
  123.4     3.33  15.678   0.0248
  123.7     3.20  15.705   0.0244
  123.9     3.17  15.733   0.0264
  124.2     3.19  15.759   0.0270
  124.5     3.20  15.786   0.0281
  124.7     3.18  15.814   0.0292
  125.0     3.14  15.842   0.0286
  125.3     3.12  15.869   0.0301
  125.4     3.10  15.896   0.0272
  125.8     3.09  15.923   0.0276
  126.1     3.09  15.950   0.0306
  126.2     2.97  15.977   0.0299
  126.5     2.96  16.004   0.0290
  126.8     3.00  16.031   0.0310
  127.2     2.99  16.059   0.0298
  127.5     3.01  16.085   0.0290
  127.6     3.03  16.112   0.0248
  127.9     2.97  16.140   0.0241
  128.2     3.01  16.166   0.0226
  128.5     2.99  16.193   0.0243
  128.7     2.96  16.220   0.0221
  129.1     2.94  16.247   0.0240
  129.3     2.96  16.274   0.0240
  129.7     3.04  16.301   0.0216
  130.0     2.99  16.327   0.0218
  130.3     3.05  16.355   0.0224
  130.5     3.00  16.382   0.0201
  130.7     3.02  16.409   0.0212
  131.1     2.98  16.436   0.0244
  131.3     2.92  16.462   0.0246
  131.6     2.95  16.490   0.0238
  131.8     2.88  16.516   0.0207
  132.0     2.91  16.543   0.0231
  132.4     2.86  16.570   0.0238
  132.6     2.88  16.597   0.0215
  132.9     2.86  16.624   0.0224
  133.1     2.88  16.651   0.0255
  133.5     2.83  16.678   0.0254
  133.6     2.78  16.704   0.0300
  134.0     2.85  16.731   0.0314
  134.2     2.81  16.758   0.0322
  134.4     2.82  16.785   0.0293
  134.7     2.73  16.812   0.0315
  135.0     2.74  16.839   0.0242
  135.2     2.77  16.865   0.0245
  135.6     2.83  16.892   0.0257
  135.9     2.77  16.919   0.0230
  136.1     2.77  16.946   0.0220
  136.5     2.82  16.973   0.0284
  136.6     2.83  16.999   0.0269
  137.0     2.78  17.026   0.0261
  137.2     2.81  17.053   0.0255
  137.5     2.80  17.080   0.0255
  137.8     2.80  17.107   0.0261
  138.1     2.78  17.134   0.0251
  138.3     2.75  17.161   0.0311
  138.5     2.67  17.188   0.0270
  138.8     2.73  17.215   0.0251
  139.1     2.76  17.241   0.0227
  139.5     2.81  17.268   0.0258
  139.8     2.82  17.295   0.0272
  139.9     2.65  17.322   0.0237
  140.2     2.68  17.350   0.0221
  140.4     2.79  17.377   0.0217
  140.8     2.79  17.403   0.0182
  140.9     2.63  17.430   0.0209
  141.4     2.69  17.457   0.0230
  141.5     2.67  17.484   0.0225
  141.9     2.74  17.511   0.0242
  142.2     2.72  17.538   0.0243
  142.4     2.71  17.565   0.0241
  142.7     2.76  17.592   0.0253
  143.0     2.75  17.618   0.0253
  143.3     2.77  17.645   0.0235
  143.5     2.69  17.672   0.0250
  143.8     2.73  17.699   0.0257
  144.1     2.71  17.726   0.0230
  144.3     2.69  17.752   0.0263
  144.6     2.66  17.779   0.0231
  144.8     2.66  17.806   0.0239
  145.2     2.69  17.833   0.0236
  145.5     2.68  17.859   0.0230
  145.7     2.60  17.886   0.0257
  145.9     2.57  17.913   0.0256
  146.3     2.62  17.940   0.0243
  146.6     2.65  17.967   0.0221
  146.7     2.59  17.994   0.0234
  147.0     2.53  18.021   0.0219
  147.4     2.68  18.047   0.0237
  147.6     2.71  18.074   0.0220
  148.0     2.64  18.101   0.0190
  148.2     2.65  18.128   0.0251
  148.5     2.67  18.155   0.0275
  148.8     2.65  18.181   0.0254
  149.0     2.66  18.208   0.0280
  149.2     2.65  18.235   0.0282
  149.6     2.65  18.261   0.0267
  149.9     2.63  18.288   0.0247
  150.1     2.70  18.315   0.0280
  150.5     2.69  18.342   0.0305
  150.7     2.64  18.370   0.0267
  150.9     2.69  18.397   0.0291
  151.2     2.69  18.423   0.0260
  151.6     2.64  18.451   0.0228
  151.7     2.65  18.477   0.0257
  152.0     2.70  18.504   0.0231
  152.4     2.69  18.531   0.0216
  152.7     2.73  18.558   0.0219
  153.0     2.75  18.585   0.0219
  153.3     2.72  18.612   0.0214
  153.4     2.70  18.639   0.0187
  153.8     2.73  18.667   0.0149
  154.0     2.66  18.694   0.0098
  154.4     2.74  18.721   0.0192
  154.5     2.70  18.747   0.0197
  154.8     2.74  18.774   0.0226
  155.2     2.71  18.801   0.0213
  155.4     2.64  18.829   0.0195
  155.7     2.67  18.856   0.0205
  155.9     2.56  18.883   0.0166
  156.2     2.59  18.909   0.0174
  156.5     2.64  18.936   0.0185
  156.7     2.60  18.964   0.0217
  157.2     2.70  18.990   0.0229
  157.3     2.61  19.017   0.0223
  157.6     2.63  19.044   0.0267
  157.8     2.62  19.071   0.0258
  158.2     2.74  19.098   0.0217
  158.4     2.74  19.125   0.0198
  158.8     2.71  19.152   0.0179
  158.9     2.71  19.178   0.0219
  159.3     2.71  19.205   0.0232
  159.6     2.68  19.232   0.0233
  159.8     2.60  19.258   0.0231
  160.1     2.64  19.285   0.0218
  160.4     2.73  19.312   0.0214
  160.7     2.71  19.339   0.0217
  160.9     2.67  19.366   0.0238
  161.3     2.68  19.393   0.0262
  161.5     2.74  19.420   0.0276
  161.8     2.70  19.447   0.0299
  161.9     2.63  19.474   0.0330
  162.3     2.61  19.501   0.0320
  162.5     2.65  19.528   0.0327
  162.9     2.68  19.554   0.0302
  163.1     2.66  19.581   0.0281
  163.3     2.61  19.608   0.0313
  163.5     2.56  19.635   0.0365
  163.9     2.64  19.662   0.0309
  164.1     2.53  19.689   0.0261
  164.4     2.55  19.715   0.0319
  164.6     2.57  19.742   0.0266
  165.0     2.59  19.769   0.0281
  165.1     2.61  19.796   0.0296
  165.4     2.49  19.823   0.0274
  165.8     2.49  19.849   0.0273
  166.1     2.53  19.876   0.0244
  166.4     2.47  19.905   0.0222
  166.5     2.56  19.932   0.0277
  166.9     2.57  19.959   0.0252
  167.0     2.52  19.985   0.0213
  167.3     2.47  20.012   0.0236
  167.7     2.48  20.039   0.0212
  167.9     2.45  20.066   0.0244
  168.2     2.52  20.092   0.0258
  168.5     2.49  20.119   0.0280
  168.7     2.47  20.146   0.0266
  169.2     2.60  20.174   0.0267
  169.4     2.65  20.201   0.0294
  169.8     2.64  20.228   0.0252
  170.0     2.62  20.255   0.0295
  170.0     2.42  20.282   0.0218
  170.3     2.49  20.309   0.0246
  170.7     2.49  20.336   0.0272
  171.0     2.48  20.363   0.0281
  171.3     2.50  20.390   0.0181
  171.5     2.47  20.417   0.0229
  171.7     2.44  20.444   0.0212
  172.2     2.57  20.471   0.0225
  172.5     2.53  20.498   0.0226
  172.7     2.57  20.526   0.0217
  173.0     2.59  20.553   0.0174
  173.2     2.52  20.580   0.0172
  173.5     2.58  20.607   0.0201
  174.0     2.78  20.634   0.0198
  174.3     2.74  20.661   0.0179
  174.5     2.79  20.689   0.0199
  174.8     2.71  20.716   0.0197
  175.0     2.75  20.742   0.0234
  175.4     2.69  20.770   0.0187
  175.7     2.74  20.797   0.0224
  175.9     2.66  20.824   0.0210
  176.2     2.63  20.851   0.0201
  176.4     2.73  20.878   0.0168
  176.9     2.73  20.905   0.0222
  177.2     2.75  20.932   0.0203
  177.3     2.75  20.959   0.0241
  177.6     2.80  20.986   0.0273
  177.9     2.77  21.013   0.0251
  178.1     2.78  21.040   0.0241
  178.5     2.84  21.067   0.0289
  178.9     2.91  21.095   0.0280
  179.0     2.86  21.122   0.0289
  179.3     2.80  21.149   0.0287
  179.7     2.77  21.176   0.0288
  179.8     2.75  21.203   0.0290
  180.1     2.77  21.230   0.0251
  180.4     2.82  21.257   0.0255
  180.7     2.79  21.284   0.0266
  180.8     2.72  21.311   0.0275
  181.1     2.71  21.338   0.0244
  181.5     2.71  21.366   0.0254
  181.8     2.75  21.393   0.0270
  182.1     2.86  21.421   0.0248
  182.3     2.77  21.448   0.0260
  182.7     2.90  21.475   0.0231
  182.8     2.80  21.502   0.0247
  183.1     2.76  21.529   0.0265
  183.5     2.80  21.556   0.0272
  183.7     2.79  21.583   0.0241
  184.0     2.78  21.610   0.0211
  184.2     2.80  21.637   0.0166
  184.6     2.95  21.664   0.0223
  184.8     2.81  21.691   0.0177
  185.2     2.92  21.718   0.0183
  185.5     3.04  21.745   0.0198
  185.8     3.08  21.772   0.0178
  185.9     2.97  21.798   0.0197
  186.3     2.95  21.825   0.0250
  186.4     2.92  21.852   0.0202
  186.7     2.89  21.879   0.0201
  187.0     2.98  21.906   0.0227
  187.3     3.01  21.933   0.0218
  187.6     2.97  21.959   0.0235
  187.9     3.12  21.986   0.0236
  188.2     3.01  22.013   0.0254
  188.5     3.06  22.040   0.0271
  188.7     3.14  22.067   0.0287
  189.0     3.13  22.094   0.0289
  189.2     3.04  22.121   0.0265
  189.6     3.06  22.148   0.0270
  189.7     3.03  22.174   0.0239
  190.1     3.16  22.201   0.0215
  190.3     3.04  22.228   0.0227
  190.6     3.07  22.255   0.0231
  191.0     3.23  22.282   0.0231
  191.1     3.15  22.309   0.0260
  191.3     3.11  22.336   0.0259
  191.7     3.15  22.363   0.0217
  192.1     3.25  22.390   0.0204
  192.3     3.22  22.417   0.0180
  192.5     3.26  22.444   0.0179
  192.7     3.21  22.471   0.0223
  193.1     3.29  22.498   0.0226
  193.5     3.31  22.525   0.0228
  193.6     3.26  22.552   0.0219
  193.8     3.21  22.579   0.0244
  194.2     3.30  22.606   0.0256
  194.6     3.34  22.633   0.0236
  194.9     3.38  22.660   0.0225
  195.1     3.37  22.687   0.0241
  195.4     3.47  22.714   0.0271
  195.7     3.48  22.741   0.0227
  196.0     3.56  22.768   0.0244
  196.3     3.57  22.795   0.0229
  196.5     3.59  22.822   0.0234
  196.8     3.59  22.848   0.0213
  197.1     3.63  22.875   0.0244
  197.3     3.69  22.902   0.0239
  197.6     3.67  22.929   0.0253
  197.9     3.64  22.956   0.0216
  198.1     3.68  22.983   0.0221
  198.4     3.72  23.010   0.0204
  198.7     3.64  23.036   0.0229
  199.0     3.73  23.063   0.0247
  199.3     3.69  23.090   0.0206
  199.6     3.72  23.117   0.0221
  199.9     3.79  23.143   0.0208
  200.1     3.80  23.170   0.0204
  200.5     3.90  23.197   0.0181
  200.7     3.87  23.224   0.0220
  200.9     3.85  23.251   0.0228
  201.3     3.94  23.278   0.0239
  201.5     3.93  23.305   0.0227
  201.8     3.91  23.332   0.0225
  202.0     3.87  23.360   0.0213
  202.3     3.95  23.386   0.0238
  202.8     4.03  23.414   0.0256
  202.9     3.97  23.441   0.0293
  203.3     4.15  23.468   0.0304
  203.5     4.11  23.494   0.0270
  203.8     4.11  23.521   0.0242
  204.1     4.24  23.548   0.0260
  204.4     4.15  23.575   0.0278
  204.6     4.14  23.602   0.0270
  204.9     4.14  23.629   0.0257
  205.1     4.09  23.656   0.0258
  205.5     4.26  23.683   0.0250
  205.8     4.24  23.710   0.0224
  206.0     4.28  23.736   0.0244
  206.4     4.27  23.763   0.0239
  206.6     4.34  23.790   0.0245
  206.9     4.38  23.817   0.0243
  207.2     4.35  23.843   0.0251
  207.4     4.42  23.871   0.0246
  207.8     4.44  23.898   0.0242
  208.1     4.48  23.925   0.0241
  208.3     4.48  23.952   0.0221
  208.7     4.64  23.979   0.0190
  209.0     4.68  24.006   0.0187
  209.3     4.69  24.033   0.0228
  209.6     4.75  24.060   0.0233
  209.9     4.77  24.086   0.0225
  210.2     4.77  24.114   0.0234
  210.4     4.79  24.140   0.0231
  210.6     4.72  24.167   0.0177
  211.0     4.89  24.194   0.0196
  211.2     4.77  24.221   0.0182
  211.4     4.76  24.248   0.0164
  211.7     4.78  24.275   0.0167
  212.1     4.90  24.302   0.0164
  212.3     4.91  24.329   0.0184
  212.5     4.85  24.357   0.0205
  212.9     4.93  24.384   0.0201
  213.1     4.93  24.411   0.0242
  213.4     4.99  24.438   0.0263
  213.8     5.05  24.465   0.0231
  214.0     5.07  24.491   0.0288
  214.3     5.04  24.518   0.0258
  214.6     5.09  24.545   0.0195
  214.8     5.12  24.572   0.0209
  215.1     5.15  24.599   0.0211
  215.4     5.12  24.626   0.0198
  215.7     5.16  24.653   0.0212
  216.0     5.23  24.680   0.0219
  216.3     5.21  24.707   0.0210
  216.6     5.30  24.734   0.0179
  216.9     5.34  24.761   0.0199
  217.1     5.34  24.788   0.0159
  217.5     5.46  24.815   0.0169
  217.8     5.40  24.842   0.0175
  218.0     5.41  24.869   0.0150
  218.2     5.41  24.896   0.0169
  218.5     5.39  24.922   0.0188
  218.8     5.51  24.949   0.0187
  219.2     5.55  24.976   0.0121
  219.4     5.52  25.003   0.0118
  219.6     5.40  25.030   0.0111
  219.8     5.48  25.057   0.0122
  220.2     5.56  25.084   0.0123
  220.6     5.73  25.111   0.0117
  220.8     5.66  25.138   0.0103
  221.1     5.59  25.165   0.0132
  221.4     5.65  25.192   0.0126
  221.6     5.70  25.218   0.0123
  221.9     5.64  25.246   0.0076
  222.3     5.78  25.273   0.0074
  222.4     5.78  25.300   0.0089
  222.7     5.82  25.327   0.0073
  223.0     5.85  25.354   0.0083
  223.4     5.88  25.381   0.0103
  223.7     5.91  25.408   0.0108
  224.0     6.00  25.435   0.0084
  224.2     5.94  25.462   0.0120
  224.5     5.95  25.489   0.0111
  224.8     5.99  25.516   0.0083
  225.2     6.07  25.543   0.0102
  225.5     6.15  25.570   0.0115
  225.7     6.07  25.597   0.0104
  225.9     6.11  25.624   0.0099
  226.3     6.21  25.651   0.0100
  226.6     6.26  25.679   0.0110
  227.0     6.27  25.706   0.0091
  227.2     6.24  25.733   0.0127
  227.4     6.21  25.760   0.0082
  227.8     6.30  25.787   0.0091
  228.0     6.33  25.814   0.0049
  228.2     6.27  25.841   0.0069
  228.7     6.37  25.868   0.0072
  228.9     6.46  25.895   0.0049
  229.2     6.46  25.923   0.0030
  229.4     6.44  25.950   0.0015
  229.9     6.52  25.978   0.0025
  230.0     6.51  26.004   0.0057
  230.4     6.50  26.031   0.0021
  230.6     6.59  26.058   0.0027
  231.0     6.67  26.085   0.0036
  231.4     6.66  26.113   0.0028
  231.6     6.72  26.140   0.0006
  231.8     6.69  26.168   0.0011
  232.0     6.72  26.195   0.0020
  232.5     6.76  26.222  -0.0003
  232.7     6.82  26.249  -0.0034
  233.1     6.83  26.277  -0.0035
  233.3     6.88  26.304  -0.0041
  233.6     6.89  26.331  -0.0038
  233.9     6.91  26.359  -0.0040
  234.1     6.93  26.386  -0.0026
  234.5     6.93  26.413   0.0004
  234.7     6.88  26.441  -0.0041
  235.1     6.90  26.468  -0.0035
  235.3     6.94  26.494  -0.0043
  235.6     6.98  26.522  -0.0058
  235.8     7.00  26.548  -0.0034
  236.1     6.98  26.575  -0.0040
  236.4     7.03  26.603  -0.0028
  236.8     7.09  26.629  -0.0047
  237.0     7.09  26.656  -0.0046
  237.3     7.11  26.683  -0.0049
  237.6     7.09  26.710  -0.0091
  237.8     7.08  26.737  -0.0110
  238.1     7.22  26.764  -0.0139
  238.4     7.24  26.791  -0.0104
  238.7     7.26  26.818  -0.0125
  239.0     7.30  26.844  -0.0116
  239.3     7.35  26.871  -0.0090
  239.6     7.34  26.898  -0.0109
  239.8     7.44  26.925  -0.0098
  240.1     7.38  26.952  -0.0093
  240.4     7.39  26.979  -0.0067
  240.6     7.37  27.006  -0.0054
  240.9     7.34  27.033  -0.0086
  241.4     7.52  27.060  -0.0069
  241.7     7.56  27.087  -0.0085
  241.8     7.50  27.114  -0.0093
  242.0     7.42  27.141  -0.0071
  242.5     7.52  27.168  -0.0168
  242.6     7.45  27.195  -0.0232
  242.9     7.49  27.222  -0.0249
  243.1     7.49  27.249  -0.0195
  243.4     7.44  27.276  -0.0121
  243.7     7.49  27.303  -0.0165
  244.0     7.54  27.330  -0.0196
  244.3     7.54  27.358  -0.0227
  244.4     7.49  27.385  -0.0202
  244.8     7.54  27.412  -0.0176
  245.1     7.63  27.439  -0.0266
  245.3     7.64  27.466  -0.0256
  245.7     7.66  27.493  -0.0242
  246.1     7.78  27.521  -0.0260
  246.4     7.85  27.548  -0.0166
  246.7     7.82  27.574  -0.0195
  246.9     7.87  27.602  -0.0195
  247.1     7.75  27.628  -0.0214
  247.4     7.78  27.655  -0.0219
  247.5     7.74  27.682  -0.0163
  248.0     7.78  27.709  -0.0191
  248.3     7.89  27.736  -0.0227
  248.6     7.88  27.763  -0.0236
  248.8     7.87  27.790  -0.0249
  249.2     7.97  27.817  -0.0203
  249.4     7.88  27.845  -0.0257
  249.7     7.92  27.872  -0.0295
  249.9     7.97  27.899  -0.0271
  250.2     7.90  27.926  -0.0273
  250.6     7.98  27.953  -0.0245
  250.8     7.91  27.980  -0.0283
  251.1     7.92  28.008  -0.0263
  251.4     7.96  28.035  -0.0322
  251.7     8.00  28.062  -0.0323
  252.0     7.97  28.089  -0.0239
  252.3     8.05  28.116  -0.0267
  252.4     8.10  28.143  -0.0263
  252.9     8.11  28.170  -0.0293
  253.2     8.12  28.197  -0.0279
  253.4     8.07  28.224  -0.0339
  253.7     8.00  28.251  -0.0362
  254.0     8.15  28.278  -0.0368
  254.4     8.20  28.305  -0.0374
  254.6     8.15  28.333  -0.0334
  254.9     8.19  28.360  -0.0366
  255.1     8.17  28.387  -0.0372
  255.6     8.21  28.415  -0.0390
  255.9     8.27  28.442  -0.0396
  256.0     8.29  28.469  -0.0374
  256.3     8.21  28.496  -0.0387
  256.6     8.22  28.523  -0.0377
  256.9     8.33  28.550  -0.0439
  257.3     8.27  28.577  -0.0415
  257.5     8.29  28.604  -0.0425
  257.8     8.33  28.631  -0.0443
  258.1     8.33  28.658  -0.0426
  258.4     8.35  28.685  -0.0396
  258.6     8.29  28.712  -0.0394
  258.9     8.33  28.739  -0.0369
  259.2     8.32  28.766  -0.0393
  259.5     8.35  28.793  -0.0407
  259.7     8.35  28.820  -0.0413
  260.0     8.33  28.847  -0.0446
  260.4     8.40  28.875  -0.0397
  260.7     8.43  28.902  -0.0416
  260.9     8.37  28.929  -0.0449
  261.1     8.42  28.956  -0.0458
  261.5     8.45  28.983  -0.0452
  261.7     8.34  29.010  -0.0438
  262.1     8.40  29.036  -0.0414
  262.3     8.40  29.063  -0.0438
  262.6     8.35  29.090  -0.0441
  262.9     8.32  29.117  -0.0461
  263.0     8.33  29.145  -0.0476
  263.4     8.38  29.171  -0.0457
  263.7     8.44  29.198  -0.0485
  264.0     8.41  29.225  -0.0467
  264.2     8.39  29.252  -0.0440
  264.6     8.44  29.279  -0.0448
  264.9     8.42  29.306  -0.0467
  265.1     8.50  29.333  -0.0478
  265.3     8.46  29.361  -0.0472
  265.7     8.48  29.388  -0.0473
  266.0     8.48  29.415  -0.0478
  266.3     8.56  29.442  -0.0472
  266.6     8.55  29.469  -0.0458
  266.8     8.55  29.496  -0.0470
  267.1     8.53  29.523  -0.0499
  267.4     8.50  29.549  -0.0484
  267.7     8.53  29.576  -0.0479
  268.0     8.52  29.604  -0.0497
  268.3     8.54  29.631  -0.0487
  268.6     8.58  29.658  -0.0493
  268.7     8.48  29.685  -0.0482
  269.1     8.52  29.712  -0.0486
  269.4     8.48  29.739  -0.0505
  269.7     8.49  29.766  -0.0539
  270.0     8.53  29.793  -0.0549
  270.2     8.55  29.820  -0.0562
  270.4     8.47  29.847  -0.0543
  270.7     8.53  29.874  -0.0533
  271.0     8.51  29.901  -0.0497
  271.3     8.55  29.928  -0.0491
  271.5     8.57  29.955  -0.0525
  272.0     8.55  29.982  -0.0521
  272.1     8.57  30.009  -0.0546
  272.4     8.58  30.036  -0.0556
  272.8     8.52  30.063  -0.0504
  273.0     8.50  30.089  -0.0552
  273.2     8.49  30.117  -0.0541
  273.6     8.50  30.143  -0.0521
  273.8     8.47  30.170  -0.0535
  274.1     8.40  30.197  -0.0547
  274.3     8.42  30.224  -0.0556
  274.8     8.52  30.251  -0.0563
  275.1     8.46  30.279  -0.0553
  275.2     8.52  30.306  -0.0557
  275.5     8.44  30.333  -0.0599
  275.7     8.43  30.361  -0.0579
  276.1     8.49  30.388  -0.0543
  276.3     8.46  30.415  -0.0511
  276.6     8.40  30.442  -0.0497
  276.9     8.36  30.470  -0.0503
  277.2     8.37  30.497  -0.0529
  277.5     8.43  30.524  -0.0534
  277.7     8.36  30.551  -0.0557
  278.1     8.44  30.578  -0.0530
  278.4     8.41  30.605  -0.0555
  278.7     8.49  30.632  -0.0549
  278.8     8.34  30.659  -0.0550
  279.1     8.36  30.686  -0.0538
  279.4     8.37  30.713  -0.0523
  279.7     8.34  30.740  -0.0540
  279.9     8.33  30.767  -0.0547
  280.3     8.32  30.794  -0.0562
  280.6     8.38  30.821  -0.0555
  280.9     8.34  30.849  -0.0559
  281.2     8.33  30.876  -0.0597
  281.5     8.38  30.903  -0.0569
  281.7     8.32  30.930  -0.0539
  281.9     8.34  30.958  -0.0598
  282.3     8.32  30.985  -0.0595
  282.5     8.26  31.012  -0.0576
  282.7     8.17  31.040  -0.0582
  283.1     8.23  31.067  -0.0550
  283.4     8.27  31.094  -0.0557
  283.6     8.22  31.122  -0.0549
  284.0     8.20  31.149  -0.0590
  284.3     8.23  31.176  -0.0623
  284.5     8.21  31.203  -0.0634
  284.8     8.20  31.230  -0.0609
  285.1     8.18  31.258  -0.0609
  285.4     8.19  31.285  -0.0616
  285.7     8.18  31.312  -0.0598
  285.9     8.19  31.339  -0.0607
  286.3     8.20  31.367  -0.0568
  286.6     8.20  31.395  -0.0585
  286.8     8.16  31.422  -0.0570
  287.1     8.20  31.449  -0.0583
  287.3     8.04  31.476  -0.0579
  287.7     8.10  31.503  -0.0595
  287.9     8.11  31.530  -0.0584
  288.2     8.08  31.557  -0.0566
  288.4     7.92  31.584  -0.0550
  288.6     7.84  31.611  -0.0621
  288.9     7.91  31.638  -0.0597
  289.3     7.96  31.665  -0.0598
  289.6     7.95  31.692  -0.0621
  289.7     7.91  31.719  -0.0603
  290.1     7.91  31.746  -0.0618
  290.4     7.93  31.773  -0.0629
  290.7     7.93  31.800  -0.0634
  290.8     7.82  31.827  -0.0645
  291.0     7.77  31.854  -0.0638
  291.5     7.85  31.881  -0.0636
  291.8     7.86  31.908  -0.0650
  292.0     7.88  31.935  -0.0657
  292.5     7.92  31.962  -0.0649
  292.6     7.84  31.989  -0.0637
  292.9     7.91  32.016  -0.0657
  293.2     7.89  32.043  -0.0645
  293.5     7.82  32.070  -0.0625
  293.8     7.81  32.097  -0.0651
  294.0     7.83  32.124  -0.0658
  294.3     7.81  32.151  -0.0656
  294.5     7.83  32.178  -0.0680
  294.9     7.80  32.204  -0.0691
  295.1     7.75  32.231  -0.0669
  295.4     7.73  32.258  -0.0664
  295.6     7.70  32.285  -0.0693
  296.0     7.74  32.312  -0.0703
  296.3     7.71  32.339  -0.0674
  296.5     7.76  32.367  -0.0683
  296.9     7.75  32.394  -0.0675
  297.1     7.74  32.421  -0.0678
  297.4     7.74  32.448  -0.0653
  297.6     7.67  32.475  -0.0674
  297.9     7.71  32.502  -0.0613
  298.1     7.57  32.529  -0.0636
  298.5     7.58  32.556  -0.0649
  298.6     7.57  32.583  -0.0641
  299.0     7.58  32.610  -0.0668
  299.2     7.48  32.637  -0.0690
  299.5     7.48  32.664  -0.0693
  299.8     7.52  32.691  -0.0715
  300.0     7.43  32.718  -0.0744
  300.3     7.56  32.745  -0.0741
  300.7     7.44  32.772  -0.0739
  300.7     7.32  32.799  -0.0773
  301.2     7.42  32.826  -0.0775
  301.4     7.46  32.853  -0.0767
  301.6     7.33  32.880  -0.0742
  301.9     7.30  32.907  -0.0772
  302.2     7.35  32.935  -0.0764
  302.4     7.38  32.962  -0.0762
  302.7     7.22  32.989  -0.0780
  303.1     7.33  33.015  -0.0761
  303.4     7.38  33.042  -0.0797
  303.5     7.17  33.070  -0.0798
  303.9     7.24  33.097  -0.0783
  304.2     7.26  33.123  -0.0783
  304.5     7.23  33.150  -0.0811
  304.7     7.16  33.177  -0.0824
  305.0     7.20  33.204  -0.0827
  305.3     7.19  33.231  -0.0830
  305.6     7.28  33.258  -0.0825
  305.9     7.28  33.285  -0.0822
  306.1     7.25  33.312  -0.0805
  306.5     7.23  33.339  -0.0832
  306.7     7.16  33.367  -0.0819
  307.1     7.25  33.395  -0.0832
  307.5     7.36  33.422  -0.0825
  307.7     7.25  33.449  -0.0822
  308.1     7.20  33.476  -0.0807
  308.3     7.25  33.503  -0.0804
  308.6     7.24  33.530  -0.0858
  308.9     7.25  33.558  -0.0798
  309.2     7.33  33.585  -0.0813
  309.5     7.27  33.612  -0.0820
  309.8     7.27  33.639  -0.0820
  310.0     7.17  33.665  -0.0791
  310.3     7.15  33.692  -0.0819
  310.5     7.16  33.720  -0.0782
  310.8     7.13  33.747  -0.0800
  311.1     7.10  33.774  -0.0792
  311.3     7.09  33.801  -0.0780
  311.6     7.14  33.829  -0.0808
  311.9     7.05  33.855  -0.0835
  312.2     7.08  33.883  -0.0827
  312.5     7.06  33.909  -0.0807
  312.7     7.00  33.937  -0.0800
  313.1     7.06  33.964  -0.0807
  313.4     7.04  33.991  -0.0808
  313.6     7.07  34.018  -0.0752
  313.9     7.00  34.045  -0.0791
  314.1     7.03  34.072  -0.0803
  314.4     7.00  34.099  -0.0817
  314.6     6.85  34.126  -0.0824
  315.1     6.98  34.153  -0.0791
  315.3     6.98  34.180  -0.0774
  315.4     6.76  34.207  -0.0801
  315.7     6.73  34.234  -0.0795
  316.1     6.83  34.261  -0.0804
  316.3     6.73  34.288  -0.0857
  316.6     6.77  34.315  -0.0891
  316.9     6.79  34.342  -0.0898
  317.2     6.84  34.370  -0.0856
  317.5     6.79  34.397  -0.0859
  317.7     6.70  34.424  -0.0867
  317.9     6.71  34.451  -0.0855
  318.3     6.72  34.478  -0.0847
  318.5     6.73  34.505  -0.0901
  318.9     6.74  34.532  -0.0857
  319.2     6.68  34.559  -0.0905
  319.5     6.78  34.586  -0.0909
  319.9     6.90  34.614  -0.0904
  320.2     6.79  34.640  -0.0901
  320.3     6.71  34.667  -0.0941
  320.7     6.72  34.694  -0.0901
  321.0     6.79  34.721  -0.0965
  321.4     6.89  34.749  -0.0894
  321.6     6.87  34.776  -0.0887
  321.9     6.83  34.803  -0.0944
  322.2     6.78  34.830  -0.0988
  322.5     6.82  34.857  -0.0960
  322.8     6.93  34.884  -0.0953
  323.1     6.81  34.910  -0.0929
  323.4     6.79  34.938  -0.0922
  323.7     6.85  34.965  -0.0936
  324.0     6.86  34.991  -0.0935
  324.3     6.79  35.018  -0.0913
  324.6     6.78  35.046  -0.0937
  324.8     6.79  35.072  -0.0952
  325.2     6.78  35.099  -0.0958
  325.4     6.76  35.127  -0.0947
  325.8     6.83  35.153  -0.0933
  326.0     6.80  35.180  -0.0939
  326.3     6.76  35.208  -0.0962
  326.6     6.71  35.234  -0.0949
  326.8     6.71  35.262  -0.0931
  327.1     6.72  35.289  -0.0924
  327.4     6.70  35.316  -0.0935
  327.8     6.70  35.343  -0.0954
  328.0     6.71  35.371  -0.0962
  328.4     6.70  35.398  -0.0941
  328.6     6.70  35.425  -0.0912
  328.8     6.62  35.452  -0.0946
  329.2     6.62  35.480  -0.0953
  329.4     6.58  35.507  -0.0934
  329.6     6.52  35.534  -0.0908
  329.8     6.48  35.561  -0.0905
  330.2     6.57  35.589  -0.0897
  330.5     6.52  35.617  -0.0892
  330.8     6.57  35.644  -0.0942
  331.2     6.57  35.671  -0.0956
  331.4     6.54  35.698  -0.0959
  331.6     6.51  35.725  -0.0962
  332.0     6.51  35.752  -0.0922
  332.3     6.53  35.780  -0.0919
  332.5     6.46  35.807  -0.0917
  332.8     6.45  35.834  -0.0939
  333.1     6.42  35.861  -0.0951
  333.3     6.36  35.889  -0.0949
  333.6     6.40  35.916  -0.0945
  333.9     6.39  35.943  -0.0938
  334.3     6.40  35.970  -0.0941
  334.5     6.37  35.998  -0.0903
  334.8     6.37  36.025  -0.0960
  335.1     6.41  36.052  -0.0946
  335.3     6.39  36.078  -0.0986
  335.7     6.35  36.106  -0.0970
  335.9     6.31  36.133  -0.0954
  336.2     6.34  36.160  -0.0978
  336.5     6.30  36.188  -0.0978
  336.7     6.33  36.215  -0.1018
  337.0     6.23  36.242  -0.1001
  337.3     6.21  36.269  -0.0960
  337.6     6.20  36.296  -0.0997
  337.8     6.16  36.323  -0.0974
  338.2     6.22  36.351  -0.0958
  338.4     6.14  36.378  -0.0952
  338.7     6.19  36.405  -0.0983
  339.1     6.28  36.432  -0.1022
  339.2     6.13  36.459  -0.1014
  339.6     6.13  36.486  -0.1029
  339.9     6.10  36.513  -0.1035
  340.0     6.04  36.540  -0.1012
  340.4     6.09  36.567  -0.1021
  340.8     6.10  36.594  -0.1024
  341.1     6.13  36.622  -0.1036
  341.4     6.16  36.648  -0.1001
  341.8     6.15  36.675  -0.1003
  342.0     6.15  36.702  -0.1019
  342.1     6.09  36.729  -0.1028
  342.3     6.09  36.756  -0.0997
  342.8     6.09  36.783  -0.1010
  343.0     6.01  36.810  -0.1044
  343.3     6.00  36.838  -0.1045
  343.7     6.02  36.865  -0.1021
  343.9     5.94  36.891  -0.1028
  344.2     5.99  36.918  -0.1021
  344.5     6.01  36.945  -0.0992
  344.8     5.89  36.972  -0.0982
  345.1     5.92  36.999  -0.1009
  345.4     5.94  37.026  -0.1054
  345.6     5.92  37.053  -0.1029
  345.9     5.93  37.080  -0.1022
  346.2     5.94  37.107  -0.0986
  346.5     5.94  37.134  -0.1007
  346.9     5.89  37.162  -0.0993
  347.1     5.91  37.189  -0.1033
  347.4     5.95  37.216  -0.1050
  347.6     5.94  37.243  -0.1028
  347.9     5.90  37.270  -0.1015
  348.2     5.87  37.297  -0.1027
  348.5     5.87  37.324  -0.1041
  348.8     5.85  37.352  -0.1046
  349.1     5.85  37.379  -0.1046
  349.3     5.89  37.405  -0.1028
  349.6     5.86  37.432  -0.1010
  349.9     5.83  37.460  -0.1038
  350.1     5.85  37.486  -0.1040
  350.5     5.90  37.514  -0.1032
  350.7     5.80  37.540  -0.1032
  351.0     5.78  37.567  -0.1063
  351.3     5.88  37.594  -0.1041
  351.6     5.81  37.622  -0.1058
  351.9     5.82  37.649  -0.1067
  352.2     5.82  37.676  -0.1042
  352.4     5.78  37.702  -0.1015
  352.8     5.85  37.729  -0.1060
  352.9     5.73  37.756  -0.1060
  353.2     5.77  37.783  -0.1031
  353.7     5.78  37.810  -0.1029
  353.9     5.71  37.837  -0.1060
  354.2     5.76  37.864  -0.1011
  354.5     5.78  37.892  -0.1025
  354.7     5.75  37.918  -0.1045
  355.1     5.73  37.946  -0.1067
  355.3     5.70  37.972  -0.1072
  355.6     5.66  37.999  -0.1060
  355.9     5.66  38.027  -0.1050
  356.2     5.67  38.054  -0.1034
  356.4     5.69  38.081  -0.1013
  356.7     5.67  38.108  -0.1043
  356.9     5.66  38.135  -0.1025
  357.3     5.63  38.162  -0.1033
  357.6     5.70  38.189  -0.1039
  357.9     5.67  38.216  -0.1054
  358.1     5.66  38.243  -0.1049
  358.4     5.61  38.270  -0.1031
  358.8     5.65  38.297  -0.1064
  359.1     5.67  38.324  -0.1016
  359.3     5.64  38.352  -0.1015
  359.6     5.66  38.379  -0.1027
  359.8     5.62  38.406  -0.1011
  360.1     5.60  38.433  -0.1024
  360.3     5.52  38.460  -0.1029
  360.6     5.61  38.487  -0.1014
  360.9     5.57  38.514  -0.1032
  361.3     5.58  38.541  -0.1013
  361.5     5.65  38.568  -0.0968
  361.8     5.65  38.595  -0.0980
  362.1     5.61  38.623  -0.0992
  362.4     5.63  38.650  -0.0968
  362.6     5.59  38.677  -0.0953
  363.0     5.63  38.704  -0.0971
  363.3     5.60  38.731  -0.1022
  363.5     5.59  38.758  -0.1019
  363.8     5.60  38.785  -0.1031
  364.1     5.60  38.812  -0.1037
  364.3     5.52  38.840  -0.1015
  364.6     5.61  38.867  -0.1017
  364.9     5.51  38.894  -0.1034
  365.1     5.50  38.922  -0.0991
  365.5     5.55  38.949  -0.1039
  365.8     5.46  38.976  -0.1037
  366.0     5.51  39.003  -0.1018
  366.4     5.54  39.031  -0.1038
  366.6     5.41  39.058  -0.1029
  366.9     5.49  39.085  -0.1046
  367.2     5.58  39.112  -0.1110
  367.3     5.43  39.139  -0.1053
  367.5     5.34  39.166  -0.1050
  368.0     5.47  39.193  -0.1080
  368.4     5.47  39.220  -0.1062
  368.6     5.54  39.247  -0.1046
  368.9     5.42  39.274  -0.1052
  369.2     5.50  39.301  -0.1018
  369.4     5.53  39.328  -0.1001
  369.8     5.55  39.356  -0.0990
  370.0     5.54  39.383  -0.1011
  370.3     5.53  39.410  -0.1029
  370.6     5.47  39.437  -0.1014
  370.8     5.47  39.464  -0.1020
  371.0     5.41  39.491  -0.1031
  371.4     5.45  39.518  -0.0996
  371.7     5.51  39.546  -0.1006
  372.0     5.50  39.573  -0.1040
  372.2     5.49  39.600  -0.1056
  372.4     5.44  39.627  -0.1048
  372.8     5.47  39.654  -0.1039
  373.1     5.41  39.681  -0.1044
  373.3     5.39  39.708  -0.1035
  373.5     5.38  39.735  -0.1013
  373.9     5.45  39.762  -0.0990
  374.3     5.45  39.790  -0.1046
  374.5     5.54  39.817  -0.1110
  374.8     5.54  39.844  -0.1081
  375.1     5.57  39.871  -0.1123
  375.3     5.55  39.898  -0.1146
  375.6     5.43  39.925  -0.1157
  375.8     5.43  39.952  -0.1142
  376.1     5.42  39.979  -0.1147
  376.5     5.43  40.007  -0.1131
  376.7     5.37  40.034  -0.1141
  377.0     5.41  40.061  -0.1130
  377.3     5.41  40.088  -0.1101
  377.6     5.46  40.115  -0.1104
  377.9     5.41  40.141  -0.1102
  378.1     5.42  40.168  -0.1062
  378.3     5.40  40.195  -0.1087
  378.7     5.41  40.222  -0.1111
  378.9     5.45  40.249  -0.1109
  379.1     5.38  40.277  -0.1101
  379.5     5.38  40.303  -0.1110
  379.8     5.38  40.330  -0.1103
  380.1     5.37  40.359  -0.1107
  380.3     5.37  40.385  -0.1087
  380.7     5.37  40.413  -0.1089
  380.8     5.43  40.440  -0.1083
  381.1     5.38  40.467  -0.1110
  381.4     5.27  40.493  -0.1107
  381.7     5.44  40.521  -0.1094
  381.9     5.36  40.547  -0.1064
  382.3     5.39  40.574  -0.1055
  382.6     5.32  40.602  -0.1061
  382.9     5.29  40.629  -0.1052
  383.0     5.30  40.655  -0.1021
  383.3     5.29  40.683  -0.1075
  383.6     5.31  40.710  -0.1089
  383.9     5.26  40.737  -0.1067
  384.1     5.21  40.765  -0.1078
  384.4     5.24  40.793  -0.1111
  384.7     5.25  40.820  -0.1102
  385.0     5.27  40.847  -0.1066
  385.2     5.25  40.874  -0.1077
  385.6     5.29  40.901  -0.1078
  385.8     5.25  40.928  -0.1129
  386.1     5.16  40.956  -0.1089
  386.2     5.09  40.983  -0.1142
  386.5     5.11  41.010  -0.1166
  386.8     5.15  41.037  -0.1201
  387.1     5.24  41.064  -0.1183
  387.5     5.21  41.092  -0.1175
  387.7     5.13  41.119  -0.1162
  387.9     5.10  41.147  -0.1147
  388.2     5.15  41.174  -0.1114
  388.6     5.26  41.201  -0.1053
  388.8     5.20  41.228  -0.1066
  389.0     5.18  41.255  -0.1065
  389.4     5.15  41.283  -0.1104
  389.7     5.07  41.310  -0.1089
  389.9     5.13  41.338  -0.1070
  390.3     5.11  41.366  -0.1076
  390.5     5.13  41.393  -0.1078
  390.7     5.01  41.421  -0.1063
  391.0     5.06  41.448  -0.1134
  391.4     5.17  41.475  -0.1067
  391.6     5.16  41.503  -0.1081
  391.9     5.26  41.531  -0.1125
  392.2     5.17  41.558  -0.1176
  392.3     4.95  41.585  -0.1182
  392.6     5.06  41.613  -0.1160
  393.1     5.13  41.640  -0.1129
  393.2     5.06  41.668  -0.1125
  393.6     5.08  41.695  -0.1106
  393.9     5.13  41.723  -0.1138
  394.2     5.11  41.750  -0.1149
  394.6     5.13  41.777  -0.1131
  394.7     5.02  41.805  -0.1100
  394.9     5.04  41.832  -0.1092
  395.2     5.05  41.859  -0.1052
  395.6     5.10  41.886  -0.1063
  395.8     5.04  41.913  -0.1016
  396.1     4.98  41.940  -0.1041
  396.3     5.11  41.967  -0.1122
  396.7     5.05  41.995  -0.1092
  396.9     5.04  42.022  -0.1114
  397.2     5.09  42.049  -0.1104
  397.5     5.05  42.076  -0.1117
  397.7     5.02  42.103  -0.1103
  398.1     5.12  42.130  -0.1137
  398.4     5.12  42.157  -0.1126
  398.7     5.18  42.184  -0.1156
  398.9     5.08  42.211  -0.1159
  399.2     5.04  42.239  -0.1156
  399.7     5.10  42.266  -0.1115
  399.9     5.07  42.294  -0.1122
  400.2     5.09  42.321  -0.1154
  400.3     5.03  42.349  -0.1171
  400.6     5.07  42.376  -0.1192
  400.9     5.07  42.403  -0.1185
  401.0     5.05  42.430  -0.1174
  401.5     5.11  42.457  -0.1162
  401.6     4.99  42.484  -0.1189
  402.1     5.04  42.511  -0.1181
  402.3     5.03  42.538  -0.1200
  402.6     4.97  42.566  -0.1164
  402.8     4.98  42.593  -0.1163
  403.2     4.96  42.621  -0.1191
  403.4     4.96  42.648  -0.1205
  403.6     4.96  42.675  -0.1203
  404.0     5.09  42.702  -0.1158
  404.3     5.07  42.729  -0.1180
  404.4     5.02  42.757  -0.1211
  404.8     5.00  42.785  -0.1258
  405.2     5.08  42.812  -0.1244
  405.3     4.97  42.839  -0.1260
  405.5     4.98  42.866  -0.1229
  405.9     5.00  42.893  -0.1192
  406.2     4.97  42.920  -0.1170
  406.4     4.98  42.947  -0.1163
  406.6     4.90  42.974  -0.1192
  407.1     5.01  43.001  -0.1227
  407.4     5.03  43.028  -0.1223
  407.6     5.01  43.055  -0.1233
  407.9     4.98  43.082  -0.1252
  408.1     5.01  43.110  -0.1207
  408.4     5.06  43.137  -0.1161
  408.7     5.02  43.164  -0.1188
  408.8     4.96  43.191  -0.1184
  409.1     4.96  43.218  -0.1248
  409.5     5.03  43.245  -0.1295
  409.8     4.96  43.273  -0.1261
  410.1     5.01  43.300  -0.1263
  410.1     4.83  43.327  -0.1236
  410.5     4.94  43.355  -0.1250
  410.9     4.98  43.383  -0.1214
  411.1     4.91  43.410  -0.1226
  411.2     4.77  43.438  -0.1269
  411.7     5.01  43.465  -0.1204
  412.0     5.02  43.492  -0.1230
  412.2     5.00  43.519  -0.1289
  412.5     4.95  43.546  -0.1274
  412.7     4.99  43.573  -0.1263
  413.2     4.98  43.601  -0.1248
  413.3     4.92  43.628  -0.1272
  413.6     5.01  43.655  -0.1264
  413.9     4.96  43.683  -0.1346
  414.2     4.96  43.710  -0.1288
  414.4     4.87  43.737  -0.1263
  414.7     4.88  43.764  -0.1269
  415.0     4.93  43.791  -0.1230
  415.2     4.93  43.818  -0.1240
  415.5     4.95  43.846  -0.1210
  415.9     4.99  43.873  -0.1194
  416.1     4.95  43.901  -0.1193
  416.3     4.92  43.928  -0.1169
  416.7     4.87  43.955  -0.1167
  416.9     4.90  43.982  -0.1162
  417.3     4.97  44.009  -0.1164
  417.6     4.90  44.036  -0.1250
  417.7     4.76  44.064  -0.1251
  418.2     4.88  44.090  -0.1189
  418.3     4.81  44.118  -0.1191
  418.5     4.77  44.145  -0.1193
  418.8     4.82  44.172  -0.1197
  419.1     4.82  44.199  -0.1328
  419.4     4.87  44.226  -0.1296
  419.7     4.88  44.253  -0.1206
  420.2     4.95  44.280  -0.1224
  420.2     4.91  44.307  -0.1198
  420.6     4.87  44.334  -0.1203
  420.9     4.91  44.362  -0.1211
  421.4     5.07  44.389  -0.1197
  421.5     4.98  44.417  -0.1206
  421.7     4.92  44.445  -0.1217
  422.0     5.02  44.472  -0.1193
  422.4     5.04  44.499  -0.1202
  422.6     4.96  44.527  -0.1232
  422.9     4.88  44.554  -0.1344
  423.2     4.91  44.581  -0.1276
  423.3     4.78  44.609  -0.1294
  423.6     4.87  44.636  -0.1340
  423.9     4.85  44.664  -0.1295
  424.2     4.82  44.691  -0.1291
  424.4     4.88  44.718  -0.1289
  424.7     4.83  44.746  -0.1308
  424.9     4.73  44.773  -0.1298
  425.3     4.82  44.801  -0.1321
  425.7     4.90  44.827  -0.1304
  425.8     4.82  44.854  -0.1315
  426.0     4.83  44.882  -0.1297
  426.4     4.82  44.909  -0.1324
  426.7     4.85  44.937  -0.1325
  427.0     4.81  44.964  -0.1303
  427.3     4.86  44.991  -0.1302
  427.5     4.82  45.018  -0.1306
  427.9     4.89  45.045  -0.1299
  428.1     4.90  45.072  -0.1241
  428.4     4.85  45.100  -0.1254
  428.7     4.94  45.127  -0.1249
  428.9     4.79  45.154  -0.1278
  429.2     4.85  45.181  -0.1310
  429.7     4.96  45.209  -0.1326
  429.9     4.95  45.236  -0.1315
  430.1     4.89  45.263  -0.1312
  430.4     4.81  45.291  -0.1322
  430.6     4.78  45.318  -0.1290
  430.9     4.85  45.345  -0.1285
  431.1     4.90  45.373  -0.1264
  431.4     4.87  45.400  -0.1240
  431.8     4.90  45.427  -0.1233
  432.1     4.84  45.455  -0.1211
  432.4     4.89  45.482  -0.1217
  432.8     5.03  45.509  -0.1253
  432.9     4.91  45.537  -0.1263
  433.2     4.95  45.564  -0.1273
  433.6     4.95  45.592  -0.1253
  433.7     4.97  45.620  -0.1258
  434.1     4.97  45.647  -0.1252
  434.3     4.85  45.674  -0.1269
  434.6     4.91  45.702  -0.1272
  434.8     4.88  45.729  -0.1271
  435.2     4.85  45.757  -0.1309
  435.4     4.84  45.784  -0.1292
  435.7     4.86  45.811  -0.1298
  435.9     4.90  45.838  -0.1298
  436.2     4.77  45.865  -0.1319
  436.4     4.81  45.893  -0.1338
  436.8     4.88  45.920  -0.1326
  437.1     4.87  45.948  -0.1311
  437.4     4.89  45.975  -0.1321
  437.7     4.88  46.002  -0.1310
  438.0     4.89  46.030  -0.1308
  438.3     4.89  46.057  -0.1316
  438.5     4.88  46.085  -0.1307
  438.7     4.87  46.112  -0.1301
  439.0     4.90  46.140  -0.1299
  439.2     4.88  46.168  -0.1319
  439.6     4.90  46.195  -0.1329
  439.8     4.84  46.222  -0.1348
  440.1     4.85  46.249  -0.1340
  440.5     4.91  46.277  -0.1300
  440.8     4.84  46.305  -0.1300
  441.0     4.78  46.332  -0.1284
  441.3     4.86  46.360  -0.1325
  441.6     4.85  46.387  -0.1361
  441.8     4.84  46.415  -0.1353
  442.1     4.85  46.442  -0.1373
  442.3     4.88  46.470  -0.1361
  442.7     4.91  46.497  -0.1338
  442.9     4.91  46.525  -0.1344
  443.3     4.86  46.552  -0.1345
  443.5     4.86  46.580  -0.1320
  443.8     4.90  46.607  -0.1314
  444.2     4.87  46.634  -0.1316
  444.4     4.90  46.661  -0.1356
  444.6     4.80  46.689  -0.1363
  444.9     4.84  46.716  -0.1341
  445.2     4.86  46.743  -0.1349
  445.3     4.76  46.771  -0.1384
  445.6     4.83  46.798  -0.1408
  445.9     4.85  46.825  -0.1430
  446.2     4.79  46.853  -0.1428
  446.5     4.79  46.880  -0.1397
  446.7     4.71  46.907  -0.1403
  447.0     4.75  46.934  -0.1386
  447.3     4.80  46.961  -0.1367
  447.6     4.69  46.989  -0.1364
  447.9     4.87  47.016  -0.1384
  448.2     4.88  47.043  -0.1381
  448.4     4.92  47.070  -0.1361
  448.7     4.86  47.098  -0.1346
  449.0     4.84  47.125  -0.1337
  449.2     4.81  47.152  -0.1365
  449.5     4.79  47.179  -0.1345
  449.7     4.76  47.206  -0.1341
  450.0     4.79  47.234  -0.1369
  450.3     4.81  47.261  -0.1378
  450.5     4.75  47.288  -0.1381
  450.7     4.79  47.315  -0.1379
  451.1     4.77  47.342  -0.1380
  451.3     4.76  47.371  -0.1405
  451.6     4.77  47.398  -0.1382
  451.9     4.77  47.425  -0.1389
  452.0     4.80  47.452  -0.1377
  452.5     4.77  47.479  -0.1370
  452.7     4.76  47.507  -0.1364
  453.1     4.77  47.534  -0.1377
  453.3     4.78  47.561  -0.1367
  453.7     4.81  47.588  -0.1410
  453.8     4.81  47.616  -0.1354
  454.2     4.82  47.643  -0.1369
  454.4     4.86  47.670  -0.1370
  454.8     4.86  47.698  -0.1384
  455.0     4.81  47.725  -0.1417
  455.2     4.84  47.752  -0.1382
  455.4     4.70  47.779  -0.1390
  455.7     4.66  47.806  -0.1408
  455.9     4.70  47.833  -0.1422
  456.3     4.77  47.860  -0.1390
  456.4     4.69  47.888  -0.1395
  456.7     4.66  47.915  -0.1400
  457.1     4.76  47.943  -0.1374
  457.4     4.71  47.970  -0.1375
  457.8     4.80  47.997  -0.1348
  458.0     4.88  48.024  -0.1373
  458.1     4.73  48.052  -0.1380
  458.4     4.71  48.079  -0.1382
  458.6     4.67  48.107  -0.1407
  459.0     4.74  48.134  -0.1410
  459.4     4.79  48.162  -0.1399
  459.8     4.90  48.189  -0.1395
  459.9     4.87  48.217  -0.1399
  460.1     4.80  48.245  -0.1428
  460.5     4.84  48.273  -0.1409
  460.8     4.84  48.300  -0.1410
  461.0     4.83  48.327  -0.1405
  461.3     4.84  48.355  -0.1403
  461.6     4.86  48.382  -0.1433
  461.8     4.91  48.410  -0.1446
  462.1     4.91  48.437  -0.1455
  462.5     4.91  48.464  -0.1459
  462.7     4.89  48.491  -0.1423
  463.0     4.85  48.518  -0.1430
  463.2     4.87  48.546  -0.1464
  463.5     4.83  48.573  -0.1470
  463.6     4.83  48.600  -0.1454
  464.0     4.89  48.628  -0.1449
  464.3     4.87  48.655  -0.1462
  464.5     4.84  48.682  -0.1458
  464.7     4.79  48.709  -0.1473
  465.0     4.79  48.736  -0.1482
  465.3     4.81  48.764  -0.1476
  465.5     4.82  48.791  -0.1493
  465.7     4.77  48.819  -0.1450
  466.0     4.74  48.846  -0.1479
  466.4     4.82  48.873  -0.1481
  466.7     4.84  48.900  -0.1451
  466.9     4.85  48.927  -0.1506
  467.2     4.87  48.955  -0.1485
  467.3     4.79  48.982  -0.1497
  467.7     4.79  49.009  -0.1497
  467.8     4.71  49.036  -0.1494
  468.1     4.70  49.063  -0.1483
  468.4     4.67  49.090  -0.1488
  468.7     4.74  49.118  -0.1534
  469.1     4.78  49.146  -0.1504
  469.3     4.79  49.173  -0.1510
  469.6     4.81  49.200  -0.1479
  469.8     4.79  49.227  -0.1483
  470.2     4.79  49.254  -0.1466
  470.4     4.81  49.281  -0.1462
  470.6     4.79  49.309  -0.1479
  471.0     4.79  49.336  -0.1503
  471.2     4.75  49.364  -0.1494
  471.6     4.76  49.391  -0.1482
  471.6     4.72  49.418  -0.1454
  472.0     4.75  49.446  -0.1485
  472.3     4.71  49.473  -0.1481
  472.5     4.77  49.500  -0.1468
  472.8     4.69  49.528  -0.1482
  473.0     4.66  49.555  -0.1479
  473.4     4.77  49.582  -0.1526
  473.7     4.76  49.609  -0.1521
  473.9     4.71  49.637  -0.1511
  474.2     4.80  49.664  -0.1505
  474.5     4.81  49.691  -0.1526
  474.8     4.78  49.718  -0.1504
  475.1     4.77  49.746  -0.1491
  475.3     4.76  49.773  -0.1462
  475.6     4.71  49.801  -0.1485
  475.9     4.74  49.828  -0.1494
  476.2     4.77  49.855  -0.1471
  476.4     4.80  49.882  -0.1475
  476.8     4.77  49.909  -0.1508
  476.9     4.70  49.937  -0.1477
  477.2     4.61  49.964  -0.1500
  477.4     4.61  49.991  -0.1492
  477.8     4.66  50.019  -0.1514
  478.1     4.69  50.047  -0.1497
  478.1     4.57  50.074  -0.1522
  478.5     4.57  50.102  -0.1491
  478.8     4.57  50.129  -0.1518
  479.1     4.59  50.156  -0.1510
  479.6     4.63  50.183  -0.1507
  479.7     4.68  50.211  -0.1523
  480.0     4.63  50.239  -0.1467
  480.5     4.70  50.266  -0.1493
  480.7     4.64  50.294  -0.1463
  480.9     4.66  50.321  -0.1485
  481.2     4.68  50.349  -0.1498
  481.5     4.69  50.377  -0.1503
  481.8     4.59  50.404  -0.1535
  482.1     4.60  50.431  -0.1500
  482.4     4.59  50.458  -0.1496
  482.7     4.66  50.485  -0.1514
  483.0     4.72  50.513  -0.1526
  483.3     4.66  50.540  -0.1537
  483.5     4.65  50.567  -0.1577
  483.9     4.73  50.595  -0.1532
  484.1     4.65  50.623  -0.1577
  484.4     4.74  50.650  -0.1563
  484.8     4.88  50.677  -0.1527
  485.0     4.71  50.704  -0.1590
  485.3     4.72  50.731  -0.1609
  485.4     4.68  50.759  -0.1591
  485.8     4.79  50.786  -0.1593
  486.1     4.79  50.814  -0.1535
  486.5     4.73  50.841  -0.1497
  486.8     4.76  50.868  -0.1469
  486.9     4.70  50.895  -0.1458
  487.3     4.70  50.923  -0.1501
  487.5     4.70  50.950  -0.1486
  487.7     4.71  50.977  -0.1474
  488.0     4.71  51.005  -0.1533
  488.2     4.75  51.032  -0.1514
  488.4     4.64  51.059  -0.1485
  488.8     4.71  51.087  -0.1498
  489.1     4.69  51.114  -0.1511
  489.3     4.58  51.141  -0.1466
  489.5     4.53  51.169  -0.1495
  489.9     4.57  51.196  -0.1492
  490.2     4.70  51.223  -0.1525
  490.4     4.67  51.251  -0.1547
  490.8     4.64  51.279  -0.1576
  491.0     4.68  51.306  -0.1581
  491.3     4.66  51.334  -0.1570
  491.5     4.67  51.362  -0.1524
  491.8     4.65  51.390  -0.1520
  492.1     4.62  51.418  -0.1536
  492.4     4.69  51.445  -0.1549
  492.7     4.66  51.473  -0.1520
  492.9     4.67  51.501  -0.1510
  493.2     4.64  51.528  -0.1528
  493.4     4.60  51.555  -0.1541
  493.8     4.65  51.583  -0.1526
  493.9     4.58  51.611  -0.1507
  494.2     4.54  51.638  -0.1541
  494.4     4.49  51.666  -0.1537
  494.7     4.51  51.693  -0.1532
  494.9     4.39  51.720  -0.1579
  495.2     4.43  51.748  -0.1589
  495.5     4.48  51.776  -0.1584
  495.7     4.56  51.803  -0.1589
  496.1     4.50  51.830  -0.1558
  496.4     4.58  51.858  -0.1532
  496.7     4.52  51.885  -0.1521
  496.9     4.49  51.912  -0.1546
  497.3     4.59  51.940  -0.1564
  497.5     4.57  51.967  -0.1572
  497.8     4.61  51.994  -0.1574
  498.2     4.68  52.021  -0.1578
  498.3     4.57  52.048  -0.1582
  498.7     4.59  52.076  -0.1589
  499.0     4.61  52.103  -0.1583
  499.1     4.52  52.130  -0.1592
  499.4     4.52  52.158  -0.1595
  499.7     4.63  52.185  -0.1558
  500.1     4.62  52.212  -0.1583
  500.2     4.58  52.239  -0.1552
  500.5     4.54  52.267  -0.1535
  500.9     4.62  52.294  -0.1512
  501.2     4.64  52.321  -0.1534
  501.4     4.66  52.349  -0.1533
  501.7     4.60  52.376  -0.1529
  502.0     4.66  52.404  -0.1551
  502.4     4.68  52.431  -0.1526
  502.7     4.64  52.459  -0.1585
  503.0     4.77  52.486  -0.1644
  503.2     4.73  52.514  -0.1632
  503.6     4.77  52.541  -0.1628
  503.9     4.84  52.568  -0.1682
  504.1     4.79  52.595  -0.1637
  504.2     4.73  52.623  -0.1648
  504.7     4.77  52.650  -0.1624
  504.9     4.79  52.677  -0.1630
  505.1     4.65  52.704  -0.1646
  505.3     4.61  52.731  -0.1598
  505.6     4.55  52.759  -0.1564
  505.9     4.59  52.787  -0.1571
  506.0     4.48  52.814  -0.1552
  506.3     4.57  52.842  -0.1530
  506.5     4.47  52.870  -0.1552
  506.8     4.57  52.897  -0.1548
  507.1     4.55  52.925  -0.1558
  507.3     4.51  52.952  -0.1530
  507.7     4.54  52.980  -0.1545
  508.1     4.60  53.007  -0.1504
  508.3     4.61  53.034  -0.1492
  508.6     4.57  53.061  -0.1546
  508.9     4.57  53.089  -0.1531
  509.2     4.63  53.116  -0.1523
  509.4     4.68  53.144  -0.1537
  509.8     4.67  53.171  -0.1503
  510.1     4.71  53.198  -0.1540
  510.3     4.66  53.225  -0.1520
  510.5     4.66  53.253  -0.1540
  510.7     4.60  53.280  -0.1529
  511.1     4.65  53.307  -0.1511
  511.3     4.57  53.335  -0.1527
  511.6     4.58  53.363  -0.1545
  512.0     4.59  53.390  -0.1569
  512.1     4.59  53.417  -0.1559
  512.5     4.61  53.445  -0.1552
  512.8     4.57  53.472  -0.1582
  513.1     4.65  53.500  -0.1578
  513.3     4.73  53.527  -0.1575
  513.6     4.65  53.555  -0.1574
  513.9     4.62  53.582  -0.1579
  514.1     4.62  53.610  -0.1552
  514.4     4.55  53.637  -0.1607
  514.7     4.61  53.664  -0.1629
  515.0     4.61  53.691  -0.1578
  515.2     4.59  53.718  -0.1555
  515.6     4.68  53.746  -0.1582
  515.8     4.64  53.773  -0.1558
  516.1     4.62  53.800  -0.1577
  516.4     4.59  53.827  -0.1583
  516.7     4.62  53.854  -0.1569
  517.0     4.73  53.882  -0.1591
  517.3     4.73  53.909  -0.1600
  517.5     4.64  53.936  -0.1607
  517.9     4.68  53.963  -0.1608
  518.1     4.73  53.991  -0.1608
  518.4     4.64  54.018  -0.1603
  518.7     4.77  54.045  -0.1586
  518.8     4.65  54.073  -0.1618
  519.2     4.72  54.100  -0.1594
  519.5     4.68  54.127  -0.1572
  519.7     4.70  54.155  -0.1577
  520.0     4.66  54.182  -0.1561
  520.2     4.62  54.209  -0.1580
  520.5     4.70  54.236  -0.1586
  520.8     4.69  54.264  -0.1599
  521.2     4.74  54.292  -0.1574
  521.5     4.77  54.319  -0.1563
  521.7     4.70  54.346  -0.1556
  521.9     4.68  54.374  -0.1531
  522.2     4.72  54.401  -0.1576
  522.6     4.68  54.429  -0.1564
  522.7     4.66  54.457  -0.1554
  523.0     4.62  54.484  -0.1582
  523.2     4.63  54.511  -0.1610
  523.5     4.66  54.538  -0.1577
  523.8     4.70  54.566  -0.1553
  524.1     4.66  54.593  -0.1574
  524.4     4.69  54.621  -0.1562
  524.7     4.67  54.648  -0.1563
  524.9     4.66  54.675  -0.1576
  525.3     4.70  54.703  -0.1566
  525.5     4.76  54.730  -0.1579
  525.8     4.74  54.757  -0.1584
  526.1     4.76  54.784  -0.1600
  526.4     4.71  54.812  -0.1557
  526.6     4.65  54.839  -0.1559
  526.9     4.73  54.866  -0.1542
  527.0     4.65  54.893  -0.1577
  527.4     4.64  54.921  -0.1564
  527.7     4.66  54.948  -0.1601
  528.0     4.68  54.976  -0.1591
  528.2     4.67  55.003  -0.1598
  528.5     4.64  55.030  -0.1622
  528.7     4.64  55.057  -0.1622
  529.1     4.62  55.084  -0.1620
  529.3     4.75  55.111  -0.1662
  529.6     4.75  55.139  -0.1627
  529.9     4.64  55.166  -0.1624
  530.1     4.71  55.193  -0.1585
  530.5     4.73  55.220  -0.1605
  530.7     4.66  55.248  -0.1616
  531.0     4.71  55.275  -0.1643
  531.2     4.67  55.302  -0.1652
  531.5     4.68  55.329  -0.1658
  531.8     4.73  55.357  -0.1650
  532.1     4.75  55.385  -0.1666
  532.3     4.75  55.412  -0.1621
  532.6     4.71  55.440  -0.1616
  532.9     4.73  55.467  -0.1614
  533.1     4.70  55.494  -0.1650
  533.4     4.69  55.521  -0.1643
  533.7     4.71  55.548  -0.1652
  533.9     4.69  55.576  -0.1654
  534.2     4.69  55.603  -0.1625
  534.5     4.68  55.631  -0.1629
  534.9     4.77  55.659  -0.1608
  535.1     4.73  55.686  -0.1606
  535.4     4.72  55.713  -0.1584
  535.6     4.70  55.741  -0.1651
  535.9     4.76  55.768  -0.1643
  536.3     4.76  55.796  -0.1650
  536.5     4.73  55.823  -0.1656
  536.8     4.70  55.850  -0.1671
  536.9     4.67  55.878  -0.1656
  537.3     4.72  55.905  -0.1648
  537.5     4.70  55.933  -0.1636
  537.7     4.70  55.960  -0.1677
  538.1     4.71  55.987  -0.1670
  538.4     4.70  56.015  -0.1704
  538.5     4.74  56.042  -0.1677
  538.8     4.68  56.069  -0.1662
  539.2     4.68  56.096  -0.1698
  539.3     4.55  56.123  -0.1642
  539.5     4.57  56.151  -0.1638
  539.9     4.67  56.179  -0.1658
  540.3     4.73  56.206  -0.1642
  540.5     4.64  56.234  -0.1654
  540.7     4.61  56.262  -0.1647
  541.1     4.62  56.290  -0.1653
  541.4     4.66  56.317  -0.1666
  541.7     4.69  56.344  -0.1672
  541.9     4.64  56.372  -0.1698
  542.2     4.68  56.399  -0.1674
  542.5     4.68  56.427  -0.1690
  542.7     4.63  56.454  -0.1702
  543.0     4.65  56.482  -0.1724
  543.2     4.61  56.509  -0.1775
  543.6     4.69  56.537  -0.1747
  543.9     4.66  56.564  -0.1732
  544.1     4.64  56.592  -0.1802
  544.4     4.70  56.619  -0.1767
  544.7     4.73  56.646  -0.1732
  545.0     4.72  56.673  -0.1724
  545.3     4.75  56.701  -0.1697
  545.6     4.71  56.729  -0.1716
  545.9     4.71  56.756  -0.1717
  546.1     4.73  56.784  -0.1695
  546.4     4.74  56.811  -0.1718
  546.7     4.73  56.838  -0.1714
  547.0     4.75  56.865  -0.1680
  547.2     4.64  56.893  -0.1676
  547.5     4.64  56.921  -0.1715
  547.7     4.72  56.948  -0.1737
  548.0     4.66  56.976  -0.1709
  548.3     4.74  57.003  -0.1771
  548.6     4.71  57.031  -0.1744
  548.9     4.71  57.058  -0.1758
  549.2     4.73  57.086  -0.1711
  549.4     4.70  57.113  -0.1689
  549.6     4.69  57.140  -0.1691
  550.0     4.69  57.168  -0.1685
  550.4     4.80  57.195  -0.1672
  550.6     4.80  57.223  -0.1672
  550.9     4.81  57.250  -0.1712
  551.1     4.76  57.278  -0.1664
  551.4     4.75  57.305  -0.1700
  551.7     4.72  57.332  -0.1686
  552.0     4.77  57.360  -0.1704
  552.2     4.75  57.388  -0.1715
  552.5     4.75  57.415  -0.1713
  552.8     4.73  57.442  -0.1686
  553.1     4.78  57.470  -0.1679
  553.3     4.74  57.497  -0.1656
  553.6     4.80  57.525  -0.1654
  553.9     4.77  57.552  -0.1668
  554.2     4.74  57.579  -0.1704
  554.5     4.74  57.607  -0.1706
  554.7     4.75  57.634  -0.1688
  554.9     4.72  57.661  -0.1665
  555.1     4.66  57.688  -0.1655
  555.5     4.73  57.716  -0.1638
  555.7     4.68  57.743  -0.1676
  555.8     4.59  57.770  -0.1659
  556.1     4.61  57.798  -0.1646
  556.5     4.68  57.826  -0.1674
  556.9     4.66  57.853  -0.1641
  557.1     4.68  57.880  -0.1619
  557.3     4.68  57.908  -0.1628
  557.6     4.71  57.935  -0.1614
  557.9     4.64  57.962  -0.1607
  558.1     4.62  57.990  -0.1654
  558.5     4.83  58.017  -0.1650
  558.7     4.79  58.044  -0.1665
  559.1     4.77  58.071  -0.1681
  559.2     4.70  58.099  -0.1656
  559.5     4.77  58.127  -0.1662
  559.7     4.71  58.154  -0.1686
  560.1     4.75  58.181  -0.1690
  560.3     4.57  58.209  -0.1694
  560.5     4.58  58.236  -0.1670
  560.7     4.58  58.263  -0.1653
  561.1     4.62  58.290  -0.1648
  561.2     4.63  58.317  -0.1696
  561.5     4.62  58.345  -0.1701
  561.8     4.54  58.373  -0.1712
  562.2     4.59  58.401  -0.1723
  562.5     4.66  58.428  -0.1728
  562.5     4.53  58.456  -0.1724
  562.8     4.60  58.483  -0.1710
  563.2     4.68  58.511  -0.1707
  563.4     4.69  58.538  -0.1658
  563.7     4.64  58.565  -0.1646
  564.0     4.68  58.592  -0.1688
  564.4     4.71  58.620  -0.1711
  564.6     4.73  58.647  -0.1691
  564.7     4.59  58.675  -0.1671
  565.0     4.64  58.702  -0.1708
  565.2     4.59  58.729  -0.1735
  565.6     4.73  58.757  -0.1745
  565.9     4.64  58.784  -0.1700
  566.0     4.63  58.811  -0.1708
  566.3     4.53  58.839  -0.1703
  566.4     4.50  58.867  -0.1705
  566.8     4.59  58.894  -0.1736
  567.2     4.65  58.921  -0.1697
  567.4     4.54  58.949  -0.1684
  567.5     4.49  58.976  -0.1708
  567.9     4.55  59.004  -0.1693
  568.2     4.59  59.032  -0.1690
  568.4     4.55  59.059  -0.1715
  568.7     4.57  59.086  -0.1691
  568.9     4.61  59.114  -0.1681
  569.3     4.53  59.141  -0.1624
  569.5     4.56  59.168  -0.1623
  569.9     4.65  59.196  -0.1660
  570.1     4.65  59.223  -0.1678
  570.3     4.65  59.251  -0.1700
  570.5     4.53  59.278  -0.1700
  570.8     4.57  59.305  -0.1685
  571.2     4.57  59.333  -0.1682
  571.5     4.61  59.361  -0.1714
  571.7     4.60  59.388  -0.1666
  571.9     4.60  59.415  -0.1681
  572.3     4.59  59.443  -0.1697
  572.7     4.59  59.470  -0.1732
  572.9     4.67  59.498  -0.1697
  573.1     4.64  59.526  -0.1717
  573.3     4.58  59.553  -0.1730
  573.6     4.50  59.580  -0.1719
  573.9     4.57  59.608  -0.1686
  574.1     4.62  59.635  -0.1705
  574.3     4.52  59.662  -0.1681
  574.6     4.57  59.690  -0.1714
  575.1     4.76  59.717  -0.1761
  575.3     4.75  59.744  -0.1715
  575.6     4.62  59.771  -0.1738
  575.9     4.72  59.799  -0.1724
  576.2     4.77  59.826  -0.1742
  576.3     4.61  59.853  -0.1738
  576.7     4.62  59.880  -0.1719
  577.0     4.68  59.908  -0.1747
  577.3     4.67  59.935  -0.1711
  577.6     4.72  59.963  -0.1731
  577.8     4.75  59.990  -0.1725
  578.1     4.68  60.017  -0.1735
  578.3     4.74  60.044  -0.1740
  578.6     4.82  60.072  -0.1754
  578.9     4.79  60.099  -0.1731
  579.1     4.68  60.126  -0.1749
  579.4     4.64  60.153  -0.1761
  579.7     4.74  60.181  -0.1723
  580.0     4.71  60.208  -0.1697
  580.1     4.75  60.235  -0.1730
  580.6     4.77  60.263  -0.1735
  580.8     4.75  60.290  -0.1730
  581.0     4.79  60.317  -0.1746
  581.3     4.74  60.345  -0.1741
  581.6     4.79  60.373  -0.1765
  581.9     4.78  60.400  -0.1703
  582.2     4.80  60.428  -0.1743
  582.4     4.81  60.455  -0.1738
  582.7     4.80  60.482  -0.1714
  583.1     4.82  60.510  -0.1759
  583.2     4.72  60.537  -0.1758
  583.5     4.86  60.564  -0.1721
  583.8     4.87  60.592  -0.1740
  584.1     4.88  60.619  -0.1732
  584.2     4.75  60.647  -0.1729
  584.4     4.66  60.674  -0.1723
  584.7     4.66  60.702  -0.1702
  585.0     4.66  60.729  -0.1758
  585.3     4.73  60.757  -0.1795
  585.6     4.71  60.784  -0.1785
  585.7     4.68  60.812  -0.1736
  586.0     4.67  60.840  -0.1742
  586.3     4.60  60.867  -0.1761
  586.5     4.68  60.894  -0.1770
  586.7     4.65  60.922  -0.1720
  587.0     4.63  60.950  -0.1756
  587.3     4.69  60.977  -0.1730
  587.6     4.75  61.004  -0.1806
  587.9     4.72  61.032  -0.1803
  588.2     4.75  61.059  -0.1795
  588.4     4.74  61.086  -0.1793
  588.7     4.77  61.114  -0.1796
  589.0     4.77  61.142  -0.1786
  589.4     4.77  61.169  -0.1796
  589.5     4.74  61.197  -0.1793
  589.8     4.74  61.225  -0.1804
  590.1     4.73  61.252  -0.1793
  590.3     4.72  61.280  -0.1798
  590.7     4.75  61.307  -0.1749
  590.9     4.77  61.335  -0.1731
  591.1     4.75  61.363  -0.1767
  591.5     4.78  61.391  -0.1775
  591.9     4.81  61.419  -0.1791
  592.0     4.79  61.447  -0.1786
  592.3     4.78  61.475  -0.1829
  592.6     4.79  61.503  -0.1790
  592.8     4.79  61.530  -0.1782
  593.1     4.77  61.558  -0.1790
  593.4     4.79  61.586  -0.1794
  593.5     4.72  61.614  -0.1824
  594.0     4.76  61.642  -0.1839
  594.3     4.86  61.669  -0.1781
  594.5     4.83  61.697  -0.1818
  594.7     4.77  61.724  -0.1772
  594.9     4.81  61.752  -0.1767
  595.3     4.77  61.779  -0.1756
  595.6     4.79  61.807  -0.1759
  595.8     4.79  61.834  -0.1817
  596.0     4.77  61.862  -0.1789
  596.4     4.70  61.889  -0.1780
  596.6     4.71  61.917  -0.1829
  596.9     4.70  61.944  -0.1784
  597.1     4.68  61.972  -0.1787
  597.6     4.81  62.000  -0.1772
  597.8     4.86  62.027  -0.1792
  598.0     4.83  62.054  -0.1824
  598.3     4.87  62.082  -0.1804
  598.6     4.85  62.110  -0.1813
  598.9     4.88  62.137  -0.1826
  599.2     4.88  62.164  -0.1805
  599.4     4.85  62.192  -0.1786
  599.6     4.86  62.219  -0.1794
  599.9     4.85  62.247  -0.1767
  600.2     4.86  62.274  -0.1764
