   16.2     1.44   0.027   0.0014
   16.2     1.38   0.053   0.0014
   16.3     1.42   0.080  -0.0058
   16.2     1.43   0.106  -0.0056
   16.3     1.44   0.133  -0.0052
   16.2     1.37   0.159  -0.0008
   16.2     1.45   0.186   0.0006
   16.2     1.42   0.212  -0.0032
   16.2     1.44   0.239  -0.0040
   16.3     1.49   0.266  -0.0029
   16.4     1.48   0.292  -0.0024
   16.2     1.38   0.318   0.0018
   16.1     1.38   0.345   0.0032
   16.1     1.33   0.371   0.0052
   16.1     1.38   0.398   0.0073
   16.2     1.38   0.424   0.0062
   16.2     1.36   0.451   0.0096
   16.2     1.34   0.477   0.0069
   16.2     1.34   0.504   0.0097
   16.1     1.36   0.530   0.0087
   16.2     1.37   0.557   0.0069
   16.2     1.38   0.584   0.0062
   16.1     1.42   0.611   0.0053
   16.1     1.39   0.637   0.0066
   16.1     1.39   0.663   0.0096
   16.2     1.36   0.690   0.0089
   16.2     1.41   0.717   0.0101
   16.1     1.41   0.743   0.0068
   16.0     1.34   0.771   0.0058
   16.2     1.37   0.797   0.0049
   16.1     1.29   0.823   0.0084
   16.1     1.28   0.850   0.0057
   16.1     1.33   0.877   0.0069
   16.1     1.30   0.903   0.0067
   16.0     1.29   0.929   0.0047
   16.1     1.30   0.956   0.0037
   16.2     1.34   0.983   0.0051
   16.2     1.38   1.010   0.0070
   16.1     1.33   1.036   0.0091
   16.2     1.35   1.063   0.0054
   16.1     1.34   1.089   0.0031
   16.1     1.35   1.116   0.0035
   16.0     1.33   1.143   0.0046
   16.2     1.32   1.170   0.0027
   16.2     1.34   1.196   0.0035
   16.1     1.31   1.223   0.0010
   16.1     1.35   1.249   0.0018
   16.1     1.32   1.276  -0.0011
   16.1     1.31   1.302   0.0033
   16.2     1.34   1.328   0.0005
   16.2     1.33   1.355   0.0037
   16.2     1.34   1.381   0.0081
   16.2     1.33   1.408   0.0096
   16.2     1.37   1.434   0.0070
   16.2     1.34   1.460   0.0062
   16.1     1.35   1.487   0.0060
   16.0     1.33   1.514   0.0102
   16.1     1.35   1.540   0.0086
   16.1     1.28   1.567   0.0091
   16.2     1.32   1.593   0.0124
   16.1     1.28   1.620   0.0113
   16.2     1.32   1.647   0.0128
   16.1     1.28   1.673   0.0100
   16.1     1.28   1.700   0.0097
   16.0     1.27   1.726   0.0128
   16.1     1.32   1.753   0.0085
   16.1     1.27   1.779   0.0064
   16.1     1.29   1.806   0.0065
   16.0     1.31   1.833   0.0077
   16.2     1.31   1.859   0.0085
   16.2     1.25   1.886   0.0078
   16.1     1.33   1.912   0.0070
   16.1     1.28   1.939   0.0086
   16.1     1.25   1.965   0.0060
   16.1     1.25   1.992   0.0063
   16.2     1.27   2.019   0.0110
   16.2     1.32   2.045   0.0086
   16.1     1.32   2.071   0.0068
   16.1     1.27   2.098   0.0047
   16.1     1.30   2.125   0.0055
   16.1     1.29   2.151   0.0051
   16.2     1.28   2.178   0.0069
   16.2     1.29   2.205   0.0036
   16.1     1.27   2.231   0.0073
   16.1     1.27   2.258   0.0060
   16.1     1.30   2.285   0.0062
   16.1     1.25   2.311   0.0018
   16.2     1.21   2.337   0.0034
   16.1     1.23   2.364   0.0044
   16.1     1.27   2.391   0.0040
   16.1     1.28   2.418   0.0020
   16.1     1.27   2.444   0.0020
   16.2     1.26   2.471   0.0031
   16.1     1.25   2.497   0.0008
   16.2     1.25   2.524   0.0023
   16.3     1.30   2.550   0.0058
   16.2     1.29   2.577   0.0049
   16.2     1.29   2.603   0.0052
   16.1     1.27   2.629   0.0047
   16.2     1.29   2.656   0.0020
   16.1     1.26   2.683   0.0010
   16.1     1.28   2.710   0.0003
   16.2     1.32   2.736  -0.0011
   16.2     1.30   2.764   0.0007
   16.1     1.30   2.790  -0.0008
   16.2     1.32   2.816   0.0000
   16.2     1.29   2.843   0.0017
   16.3     1.33   2.870   0.0008
   16.2     1.30   2.896   0.0014
   16.3     1.37   2.923  -0.0001
   16.2     1.32   2.949  -0.0014
   16.3     1.36   2.976   0.0007
   16.3     1.33   3.003   0.0017
   16.2     1.33   3.029   0.0002
   16.3     1.34   3.055   0.0046
   16.2     1.30   3.082   0.0007
   16.2     1.32   3.108   0.0005
   16.4     1.35   3.134  -0.0004
   16.3     1.34   3.161  -0.0004
   16.2     1.32   3.187  -0.0011
   16.3     1.35   3.214   0.0005
   16.2     1.36   3.241  -0.0013
   16.4     1.40   3.267   0.0002
   16.2     1.35   3.294   0.0016
   16.3     1.37   3.321   0.0073
   16.3     1.36   3.348   0.0059
   16.3     1.41   3.375   0.0069
   16.3     1.37   3.401   0.0065
   16.4     1.35   3.428   0.0065
   16.3     1.41   3.454   0.0037
   16.3     1.37   3.481   0.0049
   16.3     1.35   3.507   0.0030
   16.3     1.38   3.534   0.0026
   16.4     1.36   3.561   0.0004
   16.4     1.35   3.587   0.0010
   16.4     1.35   3.614   0.0029
   16.5     1.36   3.640   0.0061
   16.4     1.37   3.667   0.0040
   16.6     1.36   3.693   0.0049
   16.5     1.33   3.720   0.0036
   16.6     1.39   3.747   0.0028
   16.6     1.47   3.774   0.0047
   16.6     1.47   3.801   0.0009
   16.6     1.41   3.828   0.0013
   16.7     1.41   3.854   0.0021
   16.7     1.45   3.881  -0.0004
   16.7     1.51   3.908   0.0013
   16.6     1.44   3.934   0.0040
   16.8     1.52   3.961   0.0064
   16.9     1.46   3.987   0.0083
   16.9     1.52   4.015   0.0041
   16.8     1.49   4.041   0.0023
   16.9     1.47   4.067  -0.0008
   16.9     1.45   4.094   0.0011
   17.0     1.53   4.120   0.0036
   17.0     1.56   4.147   0.0018
   17.1     1.58   4.174   0.0027
   17.1     1.62   4.201   0.0057
   17.1     1.61   4.227   0.0016
   17.1     1.61   4.254   0.0041
   17.2     1.62   4.281   0.0034
   17.2     1.61   4.308   0.0085
   17.2     1.63   4.334   0.0065
   17.4     1.66   4.361   0.0025
   17.4     1.63   4.388   0.0042
   17.6     1.72   4.414  -0.0009
   17.4     1.67   4.441   0.0016
   17.5     1.70   4.467   0.0025
   17.6     1.72   4.494   0.0020
   17.6     1.70   4.521   0.0057
   17.6     1.74   4.548   0.0053
   17.7     1.75   4.575   0.0041
   17.8     1.76   4.601   0.0036
   17.8     1.80   4.628   0.0044
   17.9     1.76   4.655   0.0056
   18.0     1.79   4.682   0.0043
   17.9     1.79   4.709   0.0061
   18.0     1.73   4.736   0.0041
   18.1     1.78   4.763   0.0055
   18.2     1.83   4.790   0.0036
   18.3     1.82   4.817   0.0028
   18.4     1.90   4.844   0.0054
   18.4     1.84   4.871   0.0036
   18.5     1.87   4.898   0.0054
   18.5     1.85   4.924   0.0051
   18.6     1.83   4.951   0.0088
   18.6     1.84   4.978   0.0061
   18.7     1.87   5.004   0.0038
   18.8     1.92   5.031   0.0054
   18.8     1.87   5.058   0.0047
   18.9     1.89   5.084   0.0030
   19.0     1.88   5.111   0.0045
   19.0     1.92   5.138   0.0022
   19.2     1.95   5.165   0.0024
   19.2     1.94   5.191   0.0033
   19.3     1.90   5.218   0.0041
   19.3     1.88   5.245   0.0031
   19.4     1.95   5.271   0.0030
   19.5     2.03   5.298   0.0008
   19.8     2.07   5.325   0.0052
   19.8     2.07   5.352   0.0063
   19.9     2.03   5.379   0.0052
   19.9     2.03   5.405   0.0026
   20.0     2.02   5.432   0.0037
   20.1     2.06   5.459   0.0025
   20.2     2.03   5.485   0.0017
   20.2     2.00   5.513  -0.0026
   20.3     2.05   5.539   0.0006
   20.4     2.07   5.566   0.0016
   20.6     2.07   5.593   0.0025
   20.6     2.05   5.620   0.0024
   20.7     2.06   5.646   0.0021
   20.9     2.15   5.673   0.0047
   21.0     2.11   5.700   0.0062
   21.0     2.08   5.727   0.0019
   21.3     2.16   5.754   0.0009
   21.4     2.23   5.780   0.0032
   21.4     2.18   5.807   0.0032
   21.4     2.05   5.834   0.0012
   21.6     2.17   5.862   0.0022
   21.9     2.31   5.889  -0.0008
   21.9     2.28   5.916  -0.0020
   22.0     2.26   5.942   0.0014
   22.0     2.22   5.969  -0.0022
   22.3     2.30   5.996  -0.0046
   22.3     2.31   6.022  -0.0021
   22.4     2.24   6.049  -0.0142
   22.4     2.14   6.076  -0.0102
   22.4     2.10   6.103  -0.0135
   22.6     2.18   6.130  -0.0134
   22.7     2.14   6.156  -0.0133
   22.9     2.24   6.183  -0.0063
   23.0     2.18   6.210  -0.0055
   23.2     2.28   6.236  -0.0076
   23.3     2.32   6.264  -0.0122
   23.4     2.27   6.291  -0.0059
   23.6     2.29   6.317  -0.0032
   23.6     2.27   6.344  -0.0020
   23.7     2.34   6.371   0.0004
   24.1     2.47   6.398  -0.0084
   24.2     2.52   6.424   0.0024
   24.2     2.51   6.451   0.0015
   24.4     2.47   6.477   0.0066
   24.5     2.46   6.504   0.0072
   24.7     2.46   6.530   0.0033
   24.8     2.53   6.557   0.0044
   25.0     2.53   6.584   0.0041
   25.0     2.49   6.611   0.0055
   25.3     2.60   6.638   0.0064
   25.4     2.55   6.665   0.0022
   25.4     2.55   6.692   0.0012
   25.6     2.54   6.719   0.0037
   25.8     2.64   6.746   0.0044
   25.9     2.63   6.773   0.0037
   26.0     2.64   6.800   0.0017
   26.2     2.63   6.827   0.0026
   26.3     2.64   6.854  -0.0000
   26.5     2.67   6.881  -0.0005
   26.6     2.62   6.908  -0.0022
   26.8     2.69   6.935  -0.0005
   26.9     2.70   6.961   0.0013
   27.1     2.70   6.988  -0.0000
   27.3     2.70   7.015   0.0020
   27.4     2.72   7.043   0.0021
   27.6     2.71   7.070  -0.0024
   27.8     2.77   7.096  -0.0015
   27.8     2.75   7.123  -0.0021
   28.0     2.78   7.150  -0.0018
   28.2     2.79   7.177  -0.0002
   28.3     2.86   7.204  -0.0012
   28.5     2.84   7.231  -0.0022
   28.6     2.84   7.258  -0.0021
   28.8     2.85   7.285   0.0001
   28.9     2.87   7.312   0.0034
   29.2     2.88   7.339   0.0026
   29.3     2.93   7.366  -0.0018
   29.4     2.87   7.393  -0.0002
   29.6     2.92   7.420   0.0021
   29.8     2.92   7.446   0.0051
   29.9     2.93   7.473   0.0035
   30.0     2.95   7.500   0.0032
   30.3     2.97   7.527   0.0053
   30.3     2.98   7.554   0.0065
   30.5     2.99   7.580   0.0047
   30.8     3.00   7.607   0.0011
   30.8     2.94   7.634  -0.0010
   31.0     2.96   7.661   0.0001
   31.2     3.01   7.688   0.0032
   31.4     3.00   7.714   0.0042
   31.5     3.02   7.741   0.0031
   31.7     3.04   7.768   0.0030
   31.9     3.04   7.795   0.0041
   32.1     3.08   7.822   0.0076
   32.3     3.11   7.849   0.0063
   32.4     3.11   7.876   0.0047
   32.5     3.07   7.903   0.0009
   32.7     3.07   7.929   0.0011
   32.8     3.13   7.956   0.0031
   33.0     3.12   7.983   0.0029
   33.1     3.12   8.010   0.0009
   33.4     3.13   8.037  -0.0014
   33.5     3.18   8.064  -0.0009
   33.7     3.17   8.090   0.0003
   33.9     3.18   8.117  -0.0011
   34.2     3.17   8.144   0.0006
   34.1     3.18   8.171   0.0004
   34.4     3.18   8.198   0.0008
   34.6     3.18   8.225   0.0017
   34.7     3.19   8.252   0.0026
   34.9     3.24   8.278   0.0048
   35.1     3.23   8.305   0.0045
   35.2     3.26   8.332   0.0022
   35.4     3.24   8.359   0.0043
   35.6     3.22   8.386   0.0046
   35.8     3.29   8.413   0.0057
   35.8     3.30   8.440   0.0038
   36.1     3.30   8.466   0.0034
   36.3     3.30   8.493   0.0027
   36.5     3.34   8.521   0.0055
   36.6     3.37   8.547   0.0067
   36.8     3.35   8.574   0.0049
   37.0     3.34   8.601   0.0067
   37.2     3.36   8.627   0.0021
   37.4     3.36   8.654   0.0037
   37.5     3.37   8.681   0.0013
   37.7     3.39   8.708   0.0003
   37.9     3.40   8.735   0.0060
   38.1     3.46   8.762   0.0036
   38.2     3.43   8.789   0.0028
   38.5     3.43   8.815   0.0059
   38.6     3.46   8.842   0.0053
   38.7     3.41   8.869   0.0032
   38.9     3.49   8.896   0.0030
   39.0     3.46   8.923   0.0011
   39.3     3.49   8.950   0.0049
   39.5     3.52   8.977   0.0032
   39.6     3.54   9.004   0.0022
   39.9     3.52   9.031   0.0011
   40.1     3.51   9.057   0.0016
   40.2     3.52   9.084  -0.0012
   40.5     3.52   9.111  -0.0005
   40.5     3.50   9.138   0.0022
   40.7     3.54   9.165  -0.0018
   40.9     3.61   9.192  -0.0028
   41.1     3.63   9.219  -0.0014
   41.2     3.57   9.246   0.0005
   41.4     3.63   9.272  -0.0018
   41.7     3.62   9.299   0.0000
   41.8     3.62   9.326  -0.0026
   42.0     3.66   9.353  -0.0048
   42.2     3.66   9.380  -0.0060
   42.4     3.62   9.406  -0.0046
   42.6     3.67   9.433  -0.0063
   42.7     3.65   9.460  -0.0052
   43.1     3.72   9.487  -0.0040
   43.2     3.72   9.514  -0.0027
   43.3     3.70   9.540  -0.0034
   43.5     3.68   9.567  -0.0021
   43.6     3.70   9.594  -0.0035
   43.9     3.71   9.621  -0.0027
   44.1     3.73   9.648  -0.0031
   44.3     3.76   9.675  -0.0035
   44.4     3.77   9.702  -0.0021
   44.7     3.78   9.728  -0.0029
   44.8     3.82   9.756  -0.0000
   44.9     3.81   9.783  -0.0006
   45.1     3.85   9.809  -0.0047
   45.4     3.83   9.836  -0.0058
   45.6     3.81   9.863  -0.0093
   45.6     3.69   9.890  -0.0154
   45.8     3.63   9.918  -0.0097
   46.0     3.63   9.944  -0.0135
   46.1     3.65   9.971  -0.0166
   46.3     3.62   9.998  -0.0086
   46.4     3.69  10.025  -0.0027
   46.7     3.71  10.051  -0.0126
   47.0     3.77  10.077  -0.0105
   47.1     3.73  10.104  -0.0076
   47.3     3.80  10.130  -0.0120
   47.5     3.73  10.157  -0.0095
   47.7     3.82  10.184  -0.0119
   48.0     3.99  10.211  -0.0071
   48.2     4.01  10.238   0.0000
   48.3     3.94  10.265  -0.0019
   48.5     3.96  10.291  -0.0019
   48.7     3.98  10.318  -0.0015
   48.9     4.03  10.344   0.0006
   49.1     3.99  10.371  -0.0003
   49.3     4.03  10.398   0.0032
   49.6     4.04  10.425   0.0012
   49.6     4.04  10.451   0.0026
   49.9     4.04  10.477   0.0006
   50.1     4.08  10.504   0.0028
   50.2     4.08  10.530   0.0054
   50.5     4.11  10.557   0.0038
   50.8     4.08  10.583   0.0031
   50.9     4.09  10.610   0.0026
   51.0     4.14  10.637   0.0066
   51.2     4.08  10.664   0.0007
   51.3     4.12  10.691  -0.0019
   51.4     4.09  10.717  -0.0009
   51.8     4.12  10.744   0.0006
   51.9     4.17  10.771   0.0012
   52.1     4.14  10.798   0.0002
   52.4     4.17  10.826  -0.0008
   52.5     4.13  10.853  -0.0003
   52.7     4.16  10.879  -0.0001
   52.8     4.18  10.906   0.0018
   53.1     4.14  10.933   0.0018
   53.3     4.19  10.960   0.0044
   53.5     4.21  10.986   0.0061
   53.6     4.16  11.014   0.0063
   53.9     4.22  11.040   0.0041
   54.0     4.24  11.067   0.0067
   54.3     4.20  11.093   0.0073
   54.4     4.24  11.120   0.0074
   54.7     4.25  11.146   0.0099
   54.8     4.27  11.173   0.0058
   55.0     4.21  11.200   0.0047
   55.2     4.19  11.227   0.0026
   55.3     4.21  11.253  -0.0002
   55.5     4.25  11.280   0.0003
   55.8     4.25  11.307   0.0048
   56.0     4.26  11.333   0.0032
   56.2     4.30  11.360   0.0014
   56.3     4.28  11.387   0.0017
   56.5     4.33  11.414   0.0037
   56.8     4.29  11.441   0.0044
   57.0     4.29  11.468   0.0029
   57.2     4.32  11.494   0.0036
   57.3     4.31  11.521  -0.0022
   57.5     4.33  11.548  -0.0005
   57.7     4.29  11.574   0.0017
   57.9     4.37  11.601   0.0028
   58.0     4.30  11.627   0.0030
   58.3     4.34  11.654   0.0049
   58.5     4.38  11.680   0.0043
   58.7     4.40  11.707   0.0054
   58.8     4.32  11.734   0.0066
   59.0     4.36  11.761   0.0056
   59.2     4.34  11.788   0.0043
   59.4     4.38  11.815   0.0060
   59.6     4.34  11.841   0.0048
   59.8     4.37  11.868   0.0008
   60.1     4.37  11.895   0.0031
   60.1     4.34  11.922   0.0062
   60.3     4.40  11.949   0.0043
   60.6     4.40  11.976   0.0050
   60.8     4.42  12.002   0.0043
   61.0     4.41  12.029   0.0064
   61.2     4.42  12.056   0.0051
   61.3     4.44  12.083   0.0020
   61.6     4.42  12.109   0.0030
   61.8     4.43  12.136   0.0056
   61.9     4.46  12.163   0.0080
   62.2     4.49  12.190   0.0048
   62.4     4.44  12.217   0.0054
   62.5     4.49  12.244   0.0040
   62.8     4.48  12.270   0.0053
   62.9     4.44  12.297   0.0057
   63.2     4.44  12.324   0.0050
   63.3     4.45  12.351   0.0039
   63.5     4.50  12.378   0.0097
   63.8     4.49  12.404   0.0110
   63.9     4.51  12.431   0.0087
   64.1     4.50  12.458   0.0091
   64.4     4.48  12.484   0.0065
   64.5     4.52  12.511   0.0033
   64.6     4.49  12.538   0.0032
   64.9     4.51  12.565   0.0029
   65.1     4.50  12.591   0.0032
   65.2     4.51  12.618   0.0009
   65.5     4.53  12.645   0.0035
   65.7     4.49  12.671   0.0062
   65.9     4.51  12.698   0.0091
   66.2     4.49  12.725   0.0061
   66.3     4.51  12.753   0.0078
   66.5     4.48  12.779   0.0083
   66.6     4.48  12.806   0.0082
   66.9     4.52  12.833   0.0059
   67.1     4.50  12.860   0.0060
   67.3     4.52  12.886   0.0076
   67.5     4.54  12.913   0.0094
   67.6     4.52  12.940   0.0097
   67.9     4.56  12.967   0.0094
   68.0     4.53  12.994   0.0080
   68.2     4.52  13.021   0.0113
   68.4     4.57  13.048   0.0094
   68.5     4.57  13.074   0.0055
   68.9     4.57  13.101   0.0090
   68.9     4.57  13.128   0.0085
   69.2     4.56  13.155   0.0060
   69.4     4.51  13.182   0.0080
   69.6     4.57  13.209   0.0073
   69.7     4.56  13.235   0.0076
   69.9     4.53  13.262   0.0071
   70.2     4.58  13.289   0.0068
   70.4     4.56  13.316   0.0050
   70.6     4.58  13.342   0.0080
   70.7     4.59  13.369   0.0077
   71.0     4.59  13.396   0.0081
   71.1     4.58  13.423   0.0104
   71.3     4.58  13.450   0.0111
   71.4     4.61  13.477   0.0110
   71.6     4.59  13.504   0.0125
   71.9     4.62  13.531   0.0086
   72.1     4.60  13.558   0.0075
   72.2     4.65  13.585   0.0053
   72.5     4.58  13.611   0.0095
   72.7     4.59  13.639   0.0076
   72.9     4.58  13.665   0.0048
   73.1     4.61  13.692   0.0058
   73.4     4.62  13.719   0.0073
   73.6     4.61  13.746   0.0085
   73.7     4.60  13.774   0.0088
   73.9     4.61  13.801   0.0081
   74.1     4.60  13.828   0.0052
   74.3     4.60  13.855   0.0056
   74.5     4.61  13.881   0.0104
   74.6     4.59  13.908   0.0062
   74.9     4.65  13.935   0.0039
   75.1     4.61  13.962   0.0070
   75.3     4.63  13.989   0.0044
   75.5     4.57  14.016   0.0076
   75.7     4.62  14.043   0.0054
   75.9     4.61  14.070   0.0032
   76.1     4.57  14.096   0.0054
   76.2     4.62  14.123   0.0049
   76.4     4.64  14.150   0.0033
   76.7     4.67  14.177   0.0074
   76.8     4.60  14.203   0.0076
   77.1     4.65  14.230   0.0043
   77.3     4.65  14.257   0.0018
   77.4     4.62  14.284   0.0009
   77.6     4.59  14.311   0.0007
   77.8     4.59  14.337   0.0017
   77.9     4.65  14.365   0.0051
   78.2     4.62  14.391   0.0060
   78.4     4.61  14.418   0.0035
   78.6     4.61  14.445   0.0040
   78.8     4.59  14.472   0.0032
   79.0     4.59  14.498   0.0021
   79.2     4.64  14.526   0.0048
   79.4     4.60  14.552   0.0044
   79.5     4.61  14.579   0.0041
   79.7     4.62  14.606   0.0037
   80.0     4.60  14.633   0.0041
   80.0     4.62  14.659   0.0009
   80.4     4.55  14.686   0.0008
   80.5     4.56  14.714   0.0018
   80.7     4.61  14.740   0.0044
   81.0     4.58  14.768   0.0024
   81.2     4.60  14.795   0.0014
   81.3     4.59  14.821   0.0040
   81.5     4.66  14.848   0.0026
   81.8     4.59  14.875   0.0035
   82.0     4.60  14.902   0.0057
   82.2     4.62  14.929   0.0068
   82.4     4.62  14.956   0.0091
   82.5     4.56  14.983   0.0051
   82.7     4.58  15.009   0.0050
   82.8     4.56  15.036   0.0072
   83.1     4.59  15.063   0.0057
   83.4     4.58  15.090   0.0041
   83.4     4.56  15.117   0.0040
   83.7     4.50  15.144   0.0055
   83.8     4.53  15.171   0.0037
   84.0     4.51  15.198   0.0029
   84.2     4.54  15.225   0.0054
   84.4     4.48  15.252   0.0070
   84.6     4.47  15.279   0.0061
   84.8     4.53  15.305   0.0032
   85.1     4.54  15.332   0.0012
   85.3     4.55  15.359   0.0023
   85.4     4.56  15.386   0.0008
   85.7     4.54  15.413   0.0014
   85.8     4.48  15.440   0.0027
   85.9     4.49  15.466   0.0030
   86.3     4.48  15.493   0.0021
   86.4     4.51  15.520   0.0010
   86.6     4.50  15.547   0.0015
   86.7     4.47  15.574   0.0031
   87.0     4.46  15.601   0.0029
   87.1     4.43  15.627   0.0027
   87.3     4.47  15.654   0.0007
   87.6     4.46  15.681   0.0047
   87.7     4.50  15.708   0.0061
   88.0     4.54  15.734   0.0026
   88.1     4.45  15.762   0.0040
   88.3     4.46  15.789   0.0035
   88.5     4.47  15.816   0.0023
   88.7     4.46  15.843   0.0032
   88.9     4.45  15.870   0.0063
   89.2     4.46  15.897   0.0067
   89.3     4.49  15.923   0.0058
   89.5     4.41  15.950   0.0091
   89.8     4.43  15.977   0.0093
   89.8     4.40  16.004   0.0069
   90.1     4.40  16.031   0.0078
   90.3     4.44  16.058   0.0085
   90.4     4.42  16.085   0.0105
   90.6     4.42  16.112   0.0105
   90.9     4.43  16.139   0.0082
   91.0     4.40  16.165   0.0089
   91.3     4.45  16.192   0.0089
   91.5     4.41  16.219   0.0099
   91.6     4.36  16.246   0.0105
   91.9     4.43  16.273   0.0102
   92.1     4.44  16.300   0.0068
   92.2     4.45  16.327   0.0079
   92.4     4.38  16.354   0.0071
   92.6     4.38  16.380   0.0060
   92.7     4.36  16.407   0.0080
   92.9     4.34  16.434   0.0084
   93.1     4.35  16.461   0.0091
   93.3     4.34  16.488   0.0102
   93.6     4.41  16.515   0.0069
   93.8     4.36  16.542   0.0090
   94.0     4.37  16.569   0.0108
   94.2     4.36  16.596   0.0106
   94.5     4.39  16.622   0.0125
   94.5     4.34  16.649   0.0106
   94.8     4.36  16.676   0.0144
   94.9     4.34  16.703   0.0098
   95.1     4.33  16.730   0.0122
   95.3     4.34  16.757   0.0138
   95.4     4.34  16.784   0.0125
   95.7     4.37  16.811   0.0123
   95.9     4.36  16.838   0.0087
   96.2     4.35  16.865   0.0125
   96.4     4.37  16.891   0.0123
   96.4     4.29  16.918   0.0129
   96.6     4.31  16.945   0.0093
   96.8     4.29  16.972   0.0097
   97.0     4.26  16.999   0.0117
   97.3     4.33  17.026   0.0087
   97.3     4.29  17.053   0.0109
   97.6     4.31  17.079   0.0126
   97.9     4.28  17.106   0.0156
   98.0     4.25  17.133   0.0111
   98.2     4.23  17.160   0.0068
   98.4     4.23  17.187   0.0075
   98.5     4.23  17.214   0.0080
   98.8     4.24  17.240   0.0099
   99.0     4.30  17.267   0.0105
   99.2     4.24  17.294   0.0086
   99.4     4.21  17.321   0.0056
   99.6     4.23  17.348   0.0083
   99.7     4.21  17.375   0.0077
   99.9     4.23  17.402   0.0109
  100.1     4.21  17.428   0.0113
  100.3     4.22  17.455   0.0091
  100.5     4.22  17.482   0.0072
  100.7     4.15  17.509   0.0082
  100.9     4.19  17.536   0.0106
  101.2     4.18  17.562   0.0092
  101.3     4.19  17.589   0.0094
  101.5     4.15  17.616   0.0071
  101.8     4.17  17.643   0.0039
  101.9     4.19  17.670   0.0036
  102.1     4.17  17.697   0.0044
  102.2     4.16  17.724   0.0030
  102.5     4.15  17.751   0.0067
  102.6     4.14  17.778   0.0063
  102.8     4.19  17.805   0.0068
  103.2     4.22  17.832   0.0065
  103.3     4.13  17.859   0.0070
  103.5     4.17  17.886   0.0079
  103.7     4.16  17.913   0.0085
  103.9     4.08  17.940   0.0105
  104.1     4.23  17.966   0.0079
  104.2     4.20  17.993   0.0093
  104.5     4.17  18.020   0.0098
  104.7     4.13  18.047   0.0089
  104.8     4.13  18.074   0.0115
  105.0     4.11  18.101   0.0075
  105.3     4.09  18.128   0.0088
  105.5     4.13  18.154   0.0114
  105.7     4.17  18.181   0.0124
  105.9     4.17  18.208   0.0115
  105.9     4.01  18.235   0.0106
  106.0     3.98  18.262   0.0064
  106.3     4.05  18.289   0.0065
  106.6     4.08  18.315   0.0061
  106.8     4.10  18.342   0.0104
  107.0     4.04  18.370   0.0124
  107.1     4.07  18.397   0.0120
  107.4     4.07  18.424   0.0127
  107.5     4.02  18.450   0.0095
  107.8     4.04  18.477   0.0112
  108.0     4.02  18.504   0.0110
  108.2     4.01  18.530   0.0115
  108.3     3.94  18.557   0.0076
  108.5     3.99  18.584   0.0100
  108.7     4.05  18.611   0.0120
  108.9     4.03  18.637   0.0090
  109.2     4.04  18.664   0.0095
  109.4     4.02  18.691   0.0137
  109.5     4.05  18.718   0.0134
  109.8     4.08  18.745   0.0125
  110.0     4.00  18.773   0.0086
  110.2     4.04  18.799   0.0091
  110.4     4.02  18.826   0.0073
  110.6     3.99  18.853   0.0107
  110.8     4.00  18.880   0.0103
  111.0     4.07  18.907  -0.0064
  111.1     3.92  18.934  -0.0008
  111.3     3.84  18.961  -0.0006
  111.4     3.77  18.988  -0.0023
  111.6     3.69  19.014  -0.0056
  111.9     3.84  19.041  -0.0044
  111.9     3.81  19.068  -0.0001
  112.1     3.67  19.095  -0.0149
  112.4     3.68  19.122  -0.0075
  112.5     3.66  19.149  -0.0088
  112.7     3.68  19.176  -0.0047
  112.9     3.65  19.203  -0.0028
  113.2     3.74  19.229  -0.0036
  113.5     3.78  19.256  -0.0067
  113.7     3.80  19.283   0.0089
  113.8     3.82  19.310   0.0101
  114.0     3.77  19.336   0.0086
  114.1     3.73  19.364   0.0082
  114.3     3.76  19.390   0.0067
  114.6     3.82  19.417   0.0047
  114.8     3.76  19.444   0.0067
  115.0     3.76  19.471   0.0101
  115.1     3.76  19.498   0.0088
  115.4     3.80  19.525   0.0105
  115.5     3.71  19.552   0.0093
  115.8     3.78  19.579   0.0084
  116.0     3.77  19.606   0.0112
  116.3     3.73  19.633   0.0119
  116.5     3.78  19.660   0.0108
  116.7     3.78  19.687   0.0113
  116.8     3.74  19.714   0.0097
  117.0     3.73  19.741   0.0069
  117.2     3.77  19.768   0.0073
  117.4     3.76  19.795   0.0084
  117.5     3.74  19.822   0.0105
  117.8     3.70  19.849   0.0072
  118.0     3.68  19.876   0.0085
  118.1     3.69  19.904   0.0067
  118.4     3.68  19.932   0.0076
  118.6     3.69  19.959   0.0071
  118.8     3.66  19.985   0.0143
  119.0     3.66  20.012   0.0141
  119.2     3.66  20.039   0.0115
  119.5     3.70  20.066   0.0110
  119.6     3.67  20.093   0.0097
  119.9     3.69  20.120   0.0036
  120.0     3.64  20.147   0.0053
  120.2     3.65  20.174   0.0082
  120.3     3.57  20.201   0.0060
  120.6     3.61  20.228   0.0054
  120.8     3.64  20.255   0.0050
  121.0     3.59  20.282   0.0032
  121.2     3.64  20.309   0.0034
  121.4     3.59  20.336  -0.0007
  121.4     3.59  20.363  -0.0000
  121.8     3.60  20.390  -0.0009
  122.0     3.65  20.416   0.0015
  122.2     3.61  20.443   0.0051
  122.3     3.62  20.470   0.0053
  122.6     3.61  20.497   0.0092
  122.8     3.61  20.524   0.0109
  122.9     3.59  20.551   0.0091
  123.3     3.62  20.578   0.0096
  123.5     3.59  20.604   0.0088
  123.6     3.57  20.631   0.0128
  123.8     3.57  20.658   0.0125
  124.0     3.58  20.685   0.0112
  124.2     3.57  20.712   0.0120
  124.3     3.57  20.739   0.0127
  124.6     3.58  20.767   0.0119
  124.8     3.54  20.794   0.0123
  124.9     3.54  20.821   0.0097
  125.2     3.52  20.849   0.0145
  125.3     3.50  20.876   0.0132
  125.6     3.54  20.902   0.0114
  125.8     3.48  20.929   0.0122
  125.9     3.49  20.956   0.0127
  126.1     3.50  20.983   0.0098
  126.3     3.48  21.010   0.0105
  126.6     3.48  21.037   0.0107
  126.7     3.45  21.064   0.0140
  126.9     3.45  21.091   0.0149
  127.1     3.47  21.118   0.0111
  127.5     3.48  21.145   0.0111
  127.6     3.50  21.171   0.0055
  127.7     3.50  21.198   0.0068
  128.0     3.46  21.225   0.0024
  128.2     3.49  21.252   0.0040
  128.3     3.46  21.279   0.0072
  128.6     3.48  21.306   0.0110
  128.7     3.46  21.333   0.0091
  129.0     3.48  21.360   0.0077
  129.1     3.43  21.387   0.0130
  129.3     3.41  21.414   0.0093
  129.6     3.43  21.441   0.0104
  129.8     3.47  21.468   0.0120
  130.0     3.46  21.495   0.0101
  130.1     3.44  21.522   0.0098
  130.4     3.45  21.548   0.0119
  130.6     3.43  21.575   0.0121
  130.8     3.46  21.602   0.0125
  131.0     3.48  21.629   0.0062
  131.2     3.47  21.655   0.0060
  131.3     3.47  21.683   0.0047
  131.5     3.45  21.709   0.0037
  131.9     3.48  21.736   0.0021
  131.9     3.46  21.764   0.0035
  132.1     3.46  21.791   0.0034
  132.4     3.45  21.818   0.0007
  132.6     3.44  21.845  -0.0020
  132.8     3.45  21.872  -0.0027
  133.0     3.42  21.899  -0.0025
  133.2     3.45  21.926  -0.0005
  133.5     3.41  21.953   0.0022
  133.6     3.43  21.980   0.0057
  133.8     3.44  22.007   0.0055
  134.1     3.41  22.035   0.0078
  134.3     3.44  22.061   0.0079
  134.4     3.39  22.089   0.0062
  134.6     3.36  22.115   0.0089
  134.8     3.40  22.142   0.0049
  135.1     3.38  22.169   0.0035
  135.2     3.46  22.196   0.0053
  135.4     3.43  22.223   0.0039
  135.6     3.41  22.250   0.0047
  135.8     3.39  22.277   0.0049
  136.0     3.45  22.304   0.0025
  136.2     3.43  22.331   0.0051
  136.4     3.39  22.359   0.0016
  136.6     3.42  22.385   0.0009
  136.9     3.40  22.412  -0.0010
  137.1     3.40  22.439   0.0042
  137.4     3.44  22.466   0.0031
  137.4     3.43  22.492   0.0004
  137.6     3.42  22.519   0.0038
  137.9     3.42  22.546   0.0048
  138.1     3.35  22.573   0.0028
  138.2     3.41  22.599   0.0032
  138.4     3.41  22.626   0.0038
  138.5     3.38  22.653   0.0040
  138.9     3.43  22.680   0.0031
  139.1     3.38  22.707   0.0051
  139.2     3.44  22.734   0.0044
  139.4     3.39  22.761   0.0035
  139.7     3.45  22.788   0.0046
  139.9     3.43  22.815   0.0035
  140.1     3.41  22.842   0.0010
  140.2     3.47  22.869   0.0037
  140.4     3.40  22.896   0.0040
  140.7     3.45  22.922   0.0052
  140.9     3.43  22.949   0.0051
  141.0     3.40  22.976   0.0035
  141.2     3.41  23.003   0.0036
  141.5     3.49  23.030   0.0045
  141.7     3.44  23.058   0.0041
  141.8     3.44  23.084   0.0026
  142.1     3.43  23.111   0.0038
  142.3     3.45  23.138   0.0065
  142.5     3.41  23.165   0.0034
  142.7     3.47  23.192   0.0070
  142.9     3.47  23.219   0.0068
  143.1     3.46  23.246   0.0075
  143.3     3.53  23.272   0.0081
  143.5     3.48  23.299   0.0076
  143.7     3.36  23.326   0.0064
  144.0     3.47  23.353   0.0070
  144.2     3.46  23.381   0.0075
  144.4     3.46  23.408   0.0035
  144.5     3.48  23.435   0.0070
  144.7     3.46  23.461   0.0087
  145.0     3.49  23.488   0.0093
  145.2     3.49  23.515   0.0079
  145.4     3.49  23.542   0.0047
  145.6     3.44  23.569   0.0064
  145.7     3.50  23.596   0.0073
  146.0     3.51  23.623   0.0063
  146.2     3.53  23.650   0.0078
  146.5     3.52  23.677   0.0054
  146.5     3.45  23.704   0.0029
  146.7     3.59  23.731   0.0036
  146.9     3.52  23.758   0.0046
  147.2     3.52  23.785  -0.0008
  147.5     3.52  23.812  -0.0014
  147.7     3.53  23.839   0.0012
  147.8     3.49  23.866   0.0035
  148.0     3.55  23.892   0.0054
  148.2     3.52  23.919   0.0036
  148.4     3.53  23.946   0.0032
  148.6     3.51  23.973   0.0038
  148.8     3.52  24.001   0.0032
  149.0     3.52  24.028   0.0082
  149.1     3.52  24.054   0.0075
  149.3     3.53  24.081   0.0087
  149.6     3.51  24.108   0.0068
  149.8     3.51  24.135   0.0058
  150.0     3.55  24.162   0.0071
  150.1     3.52  24.189   0.0060
  150.4     3.52  24.216   0.0080
  150.6     3.53  24.242   0.0059
  150.8     3.52  24.269   0.0066
  151.1     3.52  24.296   0.0032
  151.2     3.57  24.323   0.0023
  151.5     3.60  24.350   0.0072
  151.6     3.58  24.377   0.0036
  151.8     3.51  24.404   0.0029
  152.0     3.55  24.430   0.0038
  152.2     3.56  24.457   0.0014
  152.3     3.52  24.484   0.0026
  152.6     3.62  24.511   0.0016
  152.8     3.59  24.538   0.0016
  153.1     3.61  24.565  -0.0010
  153.2     3.56  24.592  -0.0003
  153.5     3.55  24.619   0.0019
  153.7     3.58  24.646   0.0034
  153.8     3.58  24.673   0.0044
  154.1     3.56  24.700   0.0019
  154.2     3.55  24.727   0.0032
  154.5     3.54  24.754   0.0027
  154.8     3.60  24.781   0.0003
  155.0     3.60  24.808   0.0041
  155.2     3.64  24.835   0.0069
  155.4     3.60  24.862   0.0055
  155.5     3.61  24.889   0.0060
  155.7     3.61  24.915   0.0048
  155.8     3.62  24.942   0.0050
  156.1     3.63  24.969   0.0063
  156.2     3.60  24.996   0.0076
  156.6     3.65  25.023   0.0100
  156.8     3.63  25.049   0.0054
  156.9     3.66  25.076   0.0063
  157.2     3.63  25.103   0.0086
  157.3     3.61  25.130   0.0073
  157.4     3.60  25.157   0.0047
  157.7     3.65  25.184   0.0046
  158.0     3.66  25.211   0.0013
  158.1     3.68  25.237   0.0012
  158.4     3.62  25.264   0.0010
  158.5     3.62  25.291   0.0013
  158.7     3.63  25.317   0.0022
  159.0     3.66  25.344   0.0050
  159.1     3.58  25.371   0.0031
  159.3     3.62  25.398   0.0050
  159.5     3.64  25.424   0.0014
  159.7     3.65  25.451  -0.0020
  159.9     3.66  25.478  -0.0007
  160.0     3.64  25.505   0.0009
  160.3     3.65  25.533  -0.0031
  160.5     3.67  25.559   0.0011
  160.8     3.72  25.586   0.0031
  161.0     3.69  25.613   0.0033
  161.2     3.69  25.640   0.0071
  161.4     3.68  25.667   0.0082
  161.6     3.68  25.694   0.0058
  161.7     3.66  25.721   0.0055
  162.0     3.72  25.748   0.0017
  162.2     3.70  25.775   0.0028
  162.5     3.68  25.802  -0.0021
  162.6     3.72  25.828  -0.0013
  162.9     3.69  25.855  -0.0050
  163.1     3.71  25.882  -0.0044
  163.2     3.74  25.909  -0.0050
  163.5     3.72  25.936  -0.0003
  163.6     3.68  25.963   0.0020
  163.9     3.74  25.990   0.0003
  164.0     3.70  26.017   0.0047
  164.2     3.73  26.044   0.0053
  164.4     3.74  26.071   0.0049
  164.7     3.70  26.098   0.0028
  165.0     3.75  26.125   0.0010
  165.1     3.75  26.152   0.0043
  165.2     3.73  26.179   0.0015
  165.5     3.73  26.206   0.0006
  165.6     3.72  26.233   0.0006
  165.9     3.77  26.260   0.0004
  166.1     3.77  26.286   0.0019
  166.3     3.76  26.313   0.0041
  166.5     3.76  26.340   0.0036
  166.6     3.78  26.368   0.0012
  167.0     3.78  26.395  -0.0000
  167.2     3.81  26.422  -0.0019
  167.4     3.78  26.449  -0.0002
  167.6     3.83  26.476  -0.0014
  167.8     3.84  26.502  -0.0008
  168.0     3.85  26.529  -0.0053
  168.3     3.87  26.556  -0.0021
  168.5     3.87  26.583   0.0009
  168.6     3.84  26.610  -0.0014
  168.9     3.84  26.637   0.0017
  169.1     3.85  26.664   0.0023
  169.3     3.86  26.691   0.0061
  169.5     3.86  26.718  -0.0005
  169.6     3.90  26.745   0.0000
  169.8     3.81  26.772  -0.0008
  170.1     3.86  26.799  -0.0015
  170.3     3.86  26.826  -0.0007
  170.5     3.86  26.853   0.0009
  170.6     3.87  26.880   0.0016
  170.9     3.88  26.906   0.0025
  171.1     3.89  26.933  -0.0017
  171.4     3.87  26.960   0.0029
  171.5     3.84  26.987   0.0013
  171.7     3.90  27.014   0.0017
  172.0     3.87  27.041   0.0014
  172.1     3.87  27.068  -0.0011
  172.4     3.89  27.095   0.0003
  172.5     3.98  27.122   0.0011
  172.9     3.98  27.149   0.0006
  173.1     3.99  27.176  -0.0011
  173.2     3.93  27.203  -0.0038
  173.4     3.93  27.230  -0.0040
  173.7     3.99  27.258  -0.0026
  173.9     3.94  27.284  -0.0031
  174.0     3.96  27.311   0.0018
  174.2     3.96  27.338   0.0011
  174.5     3.97  27.365   0.0034
  174.7     4.00  27.392   0.0051
  174.9     4.04  27.420   0.0061
  175.1     4.02  27.446   0.0039
  175.2     4.00  27.473   0.0017
  175.5     4.01  27.500   0.0025
  175.7     4.00  27.529   0.0050
  175.9     4.04  27.561   0.0023
  176.2     4.00  27.591   0.0021
  176.4     4.01  27.620  -0.0010
  176.6     4.02  27.649   0.0021
  177.0     4.08  27.678   0.0023
  177.0     4.06  27.708   0.0038
  177.4     4.09  27.737   0.0040
  177.6     4.03  27.768   0.0034
  177.7     4.08  27.797   0.0042
  178.1     4.07  27.826   0.0028
  178.2     4.05  27.856   0.0032
  178.4     4.09  27.885   0.0049
  178.7     4.03  27.916   0.0065
  178.9     4.08  27.948   0.0068
  179.2     4.08  27.980   0.0016
  179.5     4.14  28.013   0.0006
  179.6     4.12  28.045   0.0033
  179.9     4.12  28.077   0.0023
  180.1     4.09  28.109  -0.0007
  180.4     4.10  28.141  -0.0037
  180.6     4.09  28.173   0.0032
  180.9     4.11  28.205   0.0018
  181.1     4.09  28.239   0.0020
  181.4     4.14  28.271   0.0023
  181.7     4.11  28.305   0.0038
  181.9     4.19  28.339   0.0035
  182.1     4.20  28.372   0.0044
  182.5     4.16  28.405   0.0045
  182.6     4.18  28.437   0.0051
  182.8     4.18  28.469   0.0024
  183.1     4.20  28.502   0.0009
  183.3     4.24  28.534   0.0037
  183.5     4.16  28.566   0.0031
  183.9     4.18  28.599   0.0027
  184.1     4.19  28.632   0.0011
  184.4     4.29  28.665   0.0024
  184.7     4.29  28.695   0.0012
  184.9     4.27  28.727  -0.0011
  185.1     4.32  28.756  -0.0008
  185.4     4.33  28.785  -0.0055
  185.6     4.34  28.815  -0.0073
  185.8     4.29  28.845  -0.0056
  186.0     4.33  28.875  -0.0043
  186.3     4.36  28.905  -0.0034
  186.5     4.41  28.934  -0.0068
  186.7     4.36  28.963  -0.0040
  186.9     4.37  28.993  -0.0015
  187.1     4.37  29.024   0.0003
  187.4     4.42  29.056  -0.0024
  187.6     4.39  29.087  -0.0008
  187.8     4.43  29.118   0.0003
  188.1     4.42  29.149  -0.0026
  188.3     4.40  29.179  -0.0022
  188.6     4.42  29.210  -0.0038
  188.7     4.48  29.239  -0.0100
  189.0     4.49  29.271  -0.0041
  189.2     4.51  29.301   0.0006
  189.6     4.51  29.332  -0.0008
  189.7     4.54  29.364  -0.0027
  190.0     4.55  29.395  -0.0043
  190.3     4.57  29.428  -0.0035
  190.5     4.56  29.460  -0.0053
  190.8     4.55  29.491  -0.0063
  191.1     4.63  29.523  -0.0046
  191.3     4.63  29.554  -0.0010
  191.5     4.69  29.587   0.0003
  191.7     4.65  29.619   0.0004
  192.1     4.63  29.652  -0.0036
  192.2     4.68  29.684  -0.0058
  192.5     4.72  29.715  -0.0050
  192.8     4.72  29.746  -0.0069
  192.9     4.69  29.779  -0.0096
  193.2     4.69  29.814  -0.0103
  193.4     4.71  29.848  -0.0088
  193.7     4.69  29.880  -0.0077
  194.0     4.75  29.912  -0.0062
  194.2     4.78  29.943  -0.0033
  194.5     4.80  29.974  -0.0047
  194.7     4.83  30.007  -0.0051
  195.0     4.83  30.039  -0.0053
  195.3     4.84  30.071  -0.0026
  195.4     4.85  30.101  -0.0045
  195.6     4.84  30.132  -0.0049
  195.8     4.88  30.163  -0.0016
  196.2     4.91  30.193  -0.0032
  196.4     4.88  30.224  -0.0011
  196.5     4.86  30.255  -0.0025
  196.8     4.93  30.286  -0.0008
  197.1     4.96  30.317  -0.0003
  197.3     4.95  30.349  -0.0047
  197.5     5.02  30.379  -0.0013
  197.9     5.00  30.412  -0.0017
  198.1     5.06  30.443  -0.0052
  198.4     5.05  30.475  -0.0057
  198.6     5.07  30.507  -0.0043
  198.8     5.10  30.538  -0.0080
  199.0     5.15  30.569  -0.0109
  199.4     5.14  30.602  -0.0084
  199.6     5.17  30.633  -0.0063
  199.8     5.16  30.666  -0.0043
  200.0     5.18  30.697  -0.0042
  200.3     5.21  30.729  -0.0084
  200.6     5.20  30.762  -0.0067
  200.7     5.25  30.793  -0.0065
  201.1     5.23  30.825  -0.0075
  201.3     5.22  30.859  -0.0084
  201.6     5.29  30.892  -0.0063
  201.8     5.30  30.924  -0.0089
  202.0     5.34  30.955  -0.0063
  202.4     5.34  30.990  -0.0057
  202.6     5.40  31.022  -0.0042
  202.8     5.41  31.053  -0.0083
  203.1     5.37  31.086  -0.0074
  203.3     5.42  31.117  -0.0071
  203.6     5.43  31.149  -0.0066
  203.7     5.45  31.181  -0.0063
  204.0     5.49  31.215  -0.0057
  204.4     5.47  31.247  -0.0040
  204.5     5.51  31.276  -0.0057
  204.7     5.50  31.306  -0.0024
  205.1     5.53  31.338  -0.0012
  205.2     5.52  31.368  -0.0040
  205.4     5.53  31.396  -0.0085
  205.8     5.58  31.428  -0.0090
  205.9     5.60  31.457  -0.0081
  206.2     5.60  31.489  -0.0090
  206.4     5.63  31.520  -0.0102
  206.7     5.70  31.551  -0.0080
  207.0     5.69  31.581  -0.0062
  207.1     5.71  31.615  -0.0062
  207.4     5.69  31.646  -0.0051
  207.6     5.74  31.677  -0.0028
  207.9     5.77  31.709  -0.0039
  208.2     5.78  31.741  -0.0081
  208.4     5.79  31.775  -0.0071
  208.6     5.81  31.808  -0.0076
  208.8     5.82  31.840  -0.0059
  209.1     5.87  31.873  -0.0054
  209.4     5.90  31.905  -0.0037
  209.6     5.91  31.938  -0.0037
  210.0     5.98  31.972  -0.0085
  210.2     5.93  32.005  -0.0089
  210.5     5.95  32.037  -0.0094
  210.6     5.94  32.069  -0.0113
  211.0     5.99  32.100  -0.0079
  211.2     6.01  32.132  -0.0068
  211.4     6.00  32.163  -0.0071
  211.6     6.02  32.193  -0.0091
  211.9     6.03  32.224  -0.0069
  212.1     6.09  32.255  -0.0072
  212.4     6.10  32.287  -0.0073
  212.6     6.10  32.319  -0.0083
  212.8     6.10  32.352  -0.0103
  213.0     6.16  32.384  -0.0074
  213.4     6.19  32.417  -0.0066
  213.5     6.21  32.449  -0.0076
  213.8     6.21  32.481  -0.0056
  214.1     6.22  32.513  -0.0087
  214.2     6.20  32.545  -0.0041
  214.6     6.24  32.577  -0.0047
  214.9     6.30  32.608  -0.0074
  215.0     6.26  32.640  -0.0038
  215.4     6.32  32.672  -0.0073
  215.6     6.33  32.705  -0.0069
  215.8     6.32  32.737  -0.0062
  216.0     6.36  32.770  -0.0090
  216.3     6.35  32.801  -0.0068
  216.5     6.33  32.833  -0.0055
  216.6     6.32  32.865  -0.0079
  217.0     6.34  32.897  -0.0102
  217.3     6.35  32.929  -0.0063
  217.5     6.36  32.960  -0.0098
  217.8     6.39  32.993  -0.0126
  218.0     6.45  33.026  -0.0085
  218.2     6.43  33.059  -0.0091
  218.6     6.47  33.090  -0.0091
  218.8     6.52  33.120  -0.0076
  219.1     6.52  33.151  -0.0083
  219.2     6.55  33.181  -0.0076
  219.5     6.56  33.211  -0.0106
  219.7     6.60  33.242  -0.0099
  220.0     6.61  33.272  -0.0080
  220.2     6.62  33.301  -0.0090
  220.5     6.55  33.331  -0.0126
  220.7     6.63  33.362  -0.0122
  220.8     6.66  33.392  -0.0122
  221.3     6.63  33.425  -0.0124
  221.4     6.69  33.458  -0.0128
  221.7     6.77  33.489  -0.0132
  221.9     6.73  33.521  -0.0154
  222.2     6.76  33.552  -0.0169
  222.4     6.78  33.584  -0.0171
  222.8     6.81  33.614  -0.0145
  222.9     6.77  33.647  -0.0157
  223.2     6.84  33.678  -0.0133
  223.4     6.88  33.707  -0.0156
  223.7     6.85  33.738  -0.0146
  223.8     6.89  33.769  -0.0132
  224.2     6.89  33.800  -0.0181
  224.4     6.93  33.834  -0.0140
  224.7     6.95  33.866  -0.0168
  225.0     7.01  33.899  -0.0197
  225.3     6.97  33.931  -0.0186
  225.5     7.02  33.965  -0.0159
  225.7     7.00  33.998  -0.0172
  226.0     7.07  34.032  -0.0173
  226.3     7.07  34.065  -0.0164
  226.4     7.09  34.100  -0.0162
  226.8     7.12  34.134  -0.0153
  227.0     7.11  34.167  -0.0189
  227.3     7.13  34.199  -0.0171
  227.7     7.15  34.232  -0.0154
  227.9     7.17  34.263  -0.0183
  228.1     7.18  34.296  -0.0190
  228.4     7.21  34.329  -0.0179
  228.6     7.25  34.362  -0.0168
  228.8     7.24  34.394  -0.0204
  229.1     7.27  34.427  -0.0206
  229.3     7.32  34.459  -0.0199
  229.7     7.29  34.491  -0.0240
  229.9     7.30  34.525  -0.0210
  230.2     7.38  34.557  -0.0178
  230.4     7.36  34.590  -0.0213
  230.7     7.34  34.623  -0.0201
  231.0     7.41  34.654  -0.0227
  231.2     7.44  34.687  -0.0169
  231.5     7.44  34.721  -0.0173
  231.8     7.44  34.752  -0.0197
  231.9     7.45  34.783  -0.0230
  232.2     7.52  34.815  -0.0224
  232.4     7.53  34.847  -0.0218
  232.7     7.49  34.880  -0.0232
  233.0     7.53  34.912  -0.0246
  233.3     7.56  34.945  -0.0247
  233.6     7.62  34.975  -0.0250
  233.8     7.55  35.003  -0.0237
  233.9     7.50  35.034  -0.0279
  234.4     7.66  35.065  -0.0230
  234.5     7.60  35.093  -0.0241
  234.7     7.56  35.126  -0.0243
  235.0     7.64  35.158  -0.0202
  235.2     7.63  35.187  -0.0229
  235.4     7.68  35.219  -0.0244
  235.7     7.67  35.251  -0.0303
  235.9     7.57  35.282  -0.0326
  236.2     7.68  35.314  -0.0301
  236.5     7.67  35.344  -0.0288
  236.6     7.69  35.376  -0.0271
  236.8     7.64  35.408  -0.0290
  237.2     7.66  35.440  -0.0295
  237.4     7.77  35.472  -0.0278
  237.6     7.77  35.504  -0.0290
  237.9     7.89  35.537  -0.0301
  238.2     7.82  35.570  -0.0275
  238.4     7.82  35.603  -0.0246
  238.7     7.82  35.637  -0.0279
  239.0     7.87  35.669  -0.0304
  239.2     7.86  35.700  -0.0289
  239.5     7.85  35.730  -0.0273
  239.8     7.85  35.761  -0.0290
  239.9     7.85  35.791  -0.0286
  240.2     7.90  35.823  -0.0317
  240.3     7.85  35.855  -0.0307
  240.6     7.91  35.886  -0.0265
  240.9     7.95  35.915  -0.0266
  241.1     8.00  35.947  -0.0282
  241.4     7.99  35.978  -0.0283
  241.7     7.97  36.009  -0.0306
  241.9     7.98  36.042  -0.0304
  242.1     8.03  36.074  -0.0324
  242.5     8.03  36.106  -0.0335
  242.6     8.03  36.137  -0.0313
  243.0     8.05  36.170  -0.0327
  243.1     8.03  36.201  -0.0331
  243.3     8.07  36.232  -0.0334
  243.6     8.09  36.264  -0.0310
  243.9     8.08  36.296  -0.0348
  244.1     8.10  36.326  -0.0367
  244.4     8.07  36.358  -0.0419
  244.6     8.10  36.390  -0.0415
  244.8     8.17  36.421  -0.0412
  245.2     8.17  36.451  -0.0389
  245.4     8.20  36.482  -0.0346
  245.6     8.21  36.513  -0.0344
  245.8     8.22  36.544  -0.0354
  246.0     8.25  36.575  -0.0339
  246.2     8.29  36.605  -0.0360
  246.5     8.20  36.636  -0.0400
  246.8     8.40  36.667  -0.0408
  247.0     8.32  36.698  -0.0366
  247.3     8.32  36.728  -0.0412
  247.6     8.36  36.761  -0.0400
  247.8     8.35  36.795  -0.0408
  248.0     8.41  36.829  -0.0415
  248.3     8.37  36.861  -0.0461
  248.5     8.39  36.894  -0.0440
  248.8     8.36  36.925  -0.0438
  249.0     8.41  36.957  -0.0453
  249.3     8.45  36.989  -0.0449
  249.5     8.46  37.021  -0.0443
  249.8     8.38  37.053  -0.0486
  250.0     8.53  37.085  -0.0473
  250.3     8.53  37.118  -0.0458
  250.6     8.58  37.152  -0.0477
  250.8     8.51  37.185  -0.0462
  251.0     8.55  37.217  -0.0453
  251.3     8.51  37.249  -0.0484
  251.6     8.57  37.283  -0.0498
  251.8     8.59  37.314  -0.0550
  252.2     8.62  37.347  -0.0516
  252.4     8.65  37.378  -0.0493
  252.6     8.66  37.410  -0.0500
  252.9     8.63  37.442  -0.0499
  253.2     8.63  37.474  -0.0513
  253.4     8.64  37.506  -0.0531
  253.6     8.64  37.537  -0.0524
  253.9     8.66  37.567  -0.0583
  254.2     8.66  37.596  -0.0488
  254.5     8.71  37.626  -0.0534
  254.6     8.71  37.655  -0.0565
  254.8     8.71  37.684  -0.0540
  255.0     8.71  37.715  -0.0527
  255.3     8.71  37.743  -0.0546
  255.6     8.78  37.775  -0.0551
  255.9     8.74  37.804  -0.0579
  256.0     8.75  37.835  -0.0604
  256.3     8.78  37.867  -0.0562
  256.6     8.77  37.899  -0.0589
  256.6     8.75  37.930  -0.0579
  257.0     8.73  37.963  -0.0605
  257.3     8.83  37.996  -0.0633
  257.5     8.87  38.029  -0.0611
  257.8     8.82  38.060  -0.0604
  258.0     8.81  38.093  -0.0623
  258.3     8.87  38.125  -0.0640
  258.5     8.78  38.157  -0.0639
  258.8     8.80  38.190  -0.0624
  259.1     8.86  38.222  -0.0631
  259.3     8.87  38.256  -0.0633
  259.5     8.93  38.288  -0.0642
  259.8     8.83  38.319  -0.0638
  260.0     8.87  38.351  -0.0648
  260.2     8.85  38.381  -0.0677
  260.5     8.87  38.412  -0.0698
  260.7     8.86  38.442  -0.0700
  261.1     8.86  38.472  -0.0702
  261.2     8.84  38.503  -0.0679
  261.4     8.82  38.533  -0.0707
  261.7     8.84  38.562  -0.0698
  261.9     8.87  38.593  -0.0703
  262.2     8.84  38.625  -0.0691
  262.4     8.85  38.655  -0.0680
  262.5     8.86  38.687  -0.0692
  262.9     8.85  38.716  -0.0711
  263.1     8.84  38.745  -0.0712
  263.2     8.81  38.777  -0.0673
  263.5     8.85  38.809  -0.0679
  263.8     8.81  38.838  -0.0671
  264.0     8.81  38.866  -0.0706
  264.3     8.83  38.895  -0.0714
  264.5     8.90  38.927  -0.0678
  264.7     8.82  38.959  -0.0718
  265.0     8.79  38.990  -0.0707
  265.2     8.86  39.023  -0.0692
  265.5     8.82  39.056  -0.0687
  265.8     8.80  39.089  -0.0709
  266.0     8.80  39.121  -0.0715
  266.1     8.83  39.153  -0.0716
  266.4     8.77  39.186  -0.0754
  266.7     8.79  39.219  -0.0742
  267.0     8.81  39.253  -0.0794
  267.2     8.79  39.287  -0.0802
  267.5     8.81  39.320  -0.0771
  267.7     8.82  39.354  -0.0784
  268.0     8.75  39.388  -0.0773
  268.2     8.79  39.421  -0.0796
  268.5     8.79  39.454  -0.0784
  268.7     8.80  39.486  -0.0788
  269.1     8.85  39.518  -0.0793
  269.4     8.82  39.552  -0.0826
  269.6     8.77  39.583  -0.0808
  269.8     8.79  39.615  -0.0810
  269.9     8.77  39.647  -0.0815
  270.3     8.77  39.678  -0.0825
  270.4     8.75  39.710  -0.0836
  270.7     8.77  39.744  -0.0832
  271.0     8.77  39.777  -0.0810
  271.2     8.75  39.808  -0.0800
  271.4     8.74  39.839  -0.0809
  271.7     8.75  39.871  -0.0783
  271.9     8.70  39.901  -0.0777
  272.1     8.73  39.933  -0.0766
  272.5     8.78  39.964  -0.0784
  272.7     8.77  39.995  -0.0776
  272.9     8.73  40.026  -0.0807
  273.3     8.75  40.056  -0.0805
  273.3     8.73  40.087  -0.0814
  273.7     8.70  40.118  -0.0816
  273.9     8.67  40.149  -0.0821
  274.2     8.71  40.180  -0.0841
  274.4     8.69  40.210  -0.0859
  274.6     8.63  40.241  -0.0847
  275.0     8.71  40.272  -0.0852
  275.1     8.64  40.302  -0.0882
  275.3     8.63  40.333  -0.0877
  275.6     8.63  40.365  -0.0874
  275.7     8.58  40.397  -0.0854
  276.1     8.59  40.428  -0.0870
  276.3     8.59  40.459  -0.0896
  276.6     8.64  40.490  -0.0854
  276.7     8.66  40.520  -0.0859
  277.0     8.54  40.551  -0.0873
  277.3     8.56  40.581  -0.0845
  277.5     8.56  40.611  -0.0874
  277.9     8.53  40.641  -0.0850
  278.1     8.51  40.671  -0.0874
  278.3     8.55  40.700  -0.0895
  278.5     8.54  40.730  -0.0906
  278.8     8.51  40.761  -0.0903
  279.1     8.56  40.792  -0.0905
  279.2     8.53  40.823  -0.0876
  279.5     8.60  40.855  -0.0905
  279.8     8.48  40.885  -0.0891
  280.0     8.55  40.914  -0.0893
  280.2     8.48  40.944  -0.0873
  280.5     8.52  40.975  -0.0884
  280.7     8.48  41.006  -0.0890
  280.8     8.46  41.035  -0.0906
  281.1     8.43  41.066  -0.0894
  281.4     8.40  41.095  -0.0896
  281.6     8.41  41.126  -0.0927
  281.8     8.43  41.157  -0.0928
  282.2     8.43  41.189  -0.0928
  282.3     8.41  41.222  -0.0915
  282.6     8.37  41.255  -0.0902
  282.9     8.38  41.286  -0.0918
  283.1     8.32  41.318  -0.0877
  283.4     8.37  41.350  -0.0904
  283.6     8.31  41.381  -0.0895
  283.9     8.29  41.412  -0.0899
  284.3     8.34  41.443  -0.0871
  284.4     8.31  41.474  -0.0872
  284.6     8.28  41.504  -0.0883
  284.8     8.16  41.536  -0.1000
  284.9     8.01  41.569  -0.1019
  285.2     8.00  41.602  -0.1040
  285.4     8.00  41.633  -0.1035
  285.7     8.00  41.664  -0.0932
  286.0     8.08  41.695  -0.0953
  286.2     7.99  41.725  -0.1016
  286.4     8.01  41.756  -0.0998
  286.6     8.02  41.785  -0.1009
  286.9     7.95  41.816  -0.1009
  287.2     8.04  41.847  -0.1052
  287.6     8.14  41.879  -0.1030
  287.7     8.13  41.910  -0.0945
  287.9     8.07  41.943  -0.0943
  288.1     8.11  41.976  -0.0930
  288.4     8.15  42.010  -0.0903
  288.8     8.13  42.046  -0.0984
  289.1     8.16  42.080  -0.0969
  289.3     8.14  42.114  -0.0994
  289.7     8.15  42.146  -0.1006
  289.9     8.10  42.180  -0.1025
  290.1     8.06  42.213  -0.1021
  290.4     8.00  42.246  -0.0998
  290.7     7.97  42.281  -0.1010
  290.9     8.03  42.315  -0.1005
  291.0     7.99  42.351  -0.0999
  291.4     7.94  42.384  -0.1013
  291.6     7.93  42.418  -0.1011
  291.9     7.97  42.450  -0.1012
  292.1     7.96  42.481  -0.1022
  292.4     7.93  42.512  -0.1045
  292.6     7.93  42.545  -0.1051
  292.8     7.91  42.577  -0.1053
  293.1     7.93  42.609  -0.1074
  293.4     7.92  42.640  -0.1061
  293.7     7.84  42.672  -0.1071
  293.9     7.89  42.705  -0.1077
  294.1     7.85  42.737  -0.1087
  294.4     7.81  42.768  -0.1094
  294.6     7.86  42.799  -0.1090
  294.9     7.83  42.830  -0.1098
  295.0     7.79  42.860  -0.1082
  295.3     7.75  42.892  -0.1060
  295.6     7.83  42.922  -0.1061
  295.9     7.79  42.953  -0.1068
  296.1     7.76  42.984  -0.1122
  296.2     7.75  43.016  -0.1145
  296.6     7.76  43.045  -0.1143
  296.7     7.68  43.076  -0.1143
  297.0     7.75  43.110  -0.1128
  297.3     7.73  43.142  -0.1141
  297.5     7.74  43.173  -0.1141
  297.7     7.77  43.204  -0.1126
  298.0     7.70  43.237  -0.1123
  298.3     7.71  43.269  -0.1110
  298.6     7.70  43.301  -0.1138
  298.8     7.70  43.333  -0.1140
  299.1     7.71  43.366  -0.1121
  299.2     7.69  43.397  -0.1140
  299.4     7.64  43.430  -0.1148
  299.7     7.63  43.464  -0.1140
  299.9     7.66  43.496  -0.1126
  300.3     7.66  43.525  -0.1177
  300.6     7.66  43.557  -0.1188
  300.8     7.62  43.588  -0.1174
  301.0     7.63  43.618  -0.1165
  301.2     7.62  43.648  -0.1139
  301.4     7.59  43.679  -0.1128
  301.8     7.61  43.709  -0.1147
  302.0     7.57  43.740  -0.1163
  302.2     7.56  43.772  -0.1188
  302.5     7.61  43.802  -0.1186
  302.7     7.63  43.834  -0.1162
  303.0     7.56  43.867  -0.1161
  303.2     7.56  43.896  -0.1166
  303.4     7.56  43.927  -0.1159
  303.7     7.53  43.958  -0.1175
  304.0     7.53  43.989  -0.1185
  304.2     7.53  44.018  -0.1177
  304.4     7.55  44.050  -0.1169
  304.8     7.56  44.081  -0.1164
  305.0     7.54  44.113  -0.1159
  305.0     7.52  44.142  -0.1168
  305.4     7.55  44.173  -0.1162
  305.7     7.52  44.205  -0.1143
  305.9     7.49  44.237  -0.1150
  306.2     7.45  44.268  -0.1155
  306.4     7.45  44.299  -0.1149
  306.7     7.54  44.330  -0.1153
  307.1     7.51  44.361  -0.1149
  307.2     7.47  44.392  -0.1139
  307.4     7.49  44.422  -0.1151
  307.8     7.52  44.454  -0.1140
  308.0     7.47  44.485  -0.1118
  308.3     7.46  44.516  -0.1144
  308.6     7.47  44.545  -0.1145
  308.6     7.47  44.576  -0.1123
  309.0     7.47  44.608  -0.1143
  309.2     7.43  44.642  -0.1152
  309.5     7.39  44.673  -0.1139
  309.8     7.45  44.706  -0.1144
  310.0     7.45  44.738  -0.1162
  310.3     7.50  44.771  -0.1181
  310.6     7.51  44.802  -0.1183
  310.8     7.48  44.835  -0.1202
  311.0     7.46  44.867  -0.1197
  311.4     7.48  44.899  -0.1217
  311.6     7.45  44.931  -0.1209
  311.9     7.46  44.965  -0.1212
  312.1     7.50  44.997  -0.1228
  312.4     7.48  45.030  -0.1238
  312.7     7.41  45.061  -0.1215
  312.9     7.38  45.092  -0.1199
  313.0     7.36  45.123  -0.1176
  313.4     7.41  45.157  -0.1192
  313.6     7.37  45.189  -0.1214
  313.8     7.29  45.221  -0.1250
  314.0     7.27  45.252  -0.1249
  314.3     7.34  45.284  -0.1245
  314.7     7.36  45.315  -0.1234
  314.8     7.18  45.348  -0.1224
  315.1     7.32  45.381  -0.1216
  315.4     7.30  45.411  -0.1255
  315.7     7.27  45.441  -0.1211
  315.9     7.41  45.469  -0.1228
  316.0     7.26  45.499  -0.1264
  316.2     7.25  45.529  -0.1256
  316.6     7.23  45.559  -0.1241
  316.8     7.33  45.590  -0.1267
  317.2     7.28  45.621  -0.1288
  317.3     7.32  45.650  -0.1246
  317.6     7.36  45.681  -0.1254
  317.8     7.24  45.714  -0.1235
  318.2     7.29  45.747  -0.1244
  318.3     7.25  45.781  -0.1253
  318.7     7.24  45.815  -0.1283
  318.8     7.22  45.848  -0.1277
  319.2     7.27  45.882  -0.1270
  319.4     7.22  45.916  -0.1273
  319.7     7.25  45.948  -0.1272
  320.1     7.24  45.982  -0.1297
  320.2     7.17  46.014  -0.1272
  320.4     7.22  46.048  -0.1307
  320.8     7.17  46.081  -0.1330
  321.0     7.15  46.114  -0.1333
  321.3     7.15  46.146  -0.1300
  321.5     7.15  46.177  -0.1308
  321.8     7.16  46.208  -0.1296
  322.0     7.13  46.240  -0.1284
  322.2     7.12  46.271  -0.1283
  322.6     7.09  46.302  -0.1283
  322.8     7.15  46.334  -0.1251
  323.0     7.11  46.365  -0.1254
  323.3     7.11  46.397  -0.1276
  323.5     7.08  46.428  -0.1232
  323.7     7.09  46.461  -0.1248
  324.0     7.06  46.493  -0.1233
  324.3     7.05  46.528  -0.1248
  324.7     7.07  46.560  -0.1245
  324.9     7.03  46.594  -0.1268
  325.1     7.01  46.627  -0.1281
  325.4     7.03  46.660  -0.1261
  325.8     7.01  46.694  -0.1256
  325.9     7.00  46.728  -0.1276
  326.2     6.95  46.760  -0.1267
  326.5     6.96  46.793  -0.1237
  326.7     6.93  46.827  -0.1270
  327.0     6.92  46.864  -0.1271
  327.3     6.93  46.897  -0.1281
  327.5     6.85  46.928  -0.1257
  327.7     6.91  46.959  -0.1293
  327.9     6.89  46.993  -0.1305
  328.3     6.91  47.025  -0.1284
  328.6     6.89  47.057  -0.1279
  328.9     6.88  47.089  -0.1301
  329.1     6.86  47.120  -0.1327
  329.3     6.85  47.152  -0.1306
  329.5     6.86  47.184  -0.1288
  329.8     6.81  47.218  -0.1277
  330.2     6.82  47.251  -0.1267
  330.4     6.85  47.284  -0.1282
  330.6     6.79  47.316  -0.1293
  330.8     6.82  47.347  -0.1290
  331.2     6.77  47.380  -0.1272
  331.3     6.81  47.412  -0.1264
  331.6     6.73  47.445  -0.1281
  331.9     6.80  47.476  -0.1290
  332.1     6.72  47.509  -0.1295
  332.4     6.75  47.541  -0.1262
  332.5     6.69  47.573  -0.1294
  332.7     6.68  47.606  -0.1337
  333.0     6.65  47.638  -0.1339
  333.3     6.68  47.669  -0.1306
  333.5     6.68  47.701  -0.1287
  333.8     6.67  47.731  -0.1311
  334.1     6.69  47.763  -0.1303
  334.3     6.70  47.794  -0.1332
  334.6     6.65  47.826  -0.1357
  334.8     6.63  47.855  -0.1345
  335.0     6.61  47.886  -0.1375
  335.3     6.56  47.918  -0.1377
  335.5     6.68  47.950  -0.1349
  335.8     6.60  47.981  -0.1350
  335.9     6.59  48.012  -0.1364
  336.2     6.56  48.042  -0.1362
  336.4     6.58  48.074  -0.1394
  336.8     6.57  48.105  -0.1376
  337.0     6.60  48.135  -0.1354
  337.3     6.57  48.166  -0.1384
  337.4     6.53  48.197  -0.1373
  337.7     6.55  48.228  -0.1379
  337.9     6.58  48.257  -0.1369
  338.2     6.51  48.290  -0.1365
  338.4     6.56  48.321  -0.1385
  338.7     6.54  48.352  -0.1356
  338.9     6.55  48.385  -0.1372
  339.2     6.54  48.416  -0.1374
  339.4     6.45  48.447  -0.1393
  339.6     6.46  48.478  -0.1381
  339.9     6.43  48.510  -0.1380
  340.0     6.46  48.540  -0.1409
  340.2     6.48  48.571  -0.1369
  340.5     6.44  48.603  -0.1347
  340.8     6.44  48.635  -0.1371
  341.1     6.46  48.666  -0.1357
  341.3     6.45  48.698  -0.1374
  341.6     6.47  48.731  -0.1390
  341.9     6.48  48.764  -0.1374
  342.1     6.43  48.795  -0.1379
  342.3     6.38  48.826  -0.1357
  342.6     6.43  48.854  -0.1389
  342.8     6.40  48.886  -0.1361
  343.0     6.41  48.916  -0.1356
  343.3     6.40  48.945  -0.1381
  343.4     6.40  48.976  -0.1387
  343.6     6.42  49.003  -0.1392
  343.9     6.41  49.031  -0.1368
  344.2     6.42  49.061  -0.1378
  344.3     6.39  49.093  -0.1378
  344.7     6.40  49.126  -0.1382
  344.9     6.39  49.158  -0.1368
  345.2     6.35  49.190  -0.1351
  345.5     6.36  49.222  -0.1358
  345.7     6.37  49.254  -0.1338
  345.9     6.30  49.286  -0.1305
  346.1     6.33  49.318  -0.1314
  346.4     6.32  49.352  -0.1335
  346.7     6.38  49.384  -0.1373
  346.9     6.33  49.418  -0.1402
  347.2     6.33  49.451  -0.1411
  347.5     6.31  49.486  -0.1383
  347.8     6.31  49.517  -0.1392
  348.0     6.33  49.549  -0.1393
  348.3     6.26  49.580  -0.1371
  348.4     6.33  49.610  -0.1391
  348.7     6.30  49.641  -0.1393
  349.0     6.29  49.673  -0.1404
  349.1     6.31  49.705  -0.1396
  349.4     6.31  49.736  -0.1375
  349.6     6.29  49.768  -0.1391
  349.9     6.29  49.798  -0.1401
  350.1     6.30  49.835  -0.1406
  350.4     6.35  49.876  -0.1371
  350.7     6.27  49.912  -0.1353
  350.9     6.24  49.951  -0.1373
  351.3     6.26  49.980  -0.1373
  351.4     6.28  50.011  -0.1358
  351.7     6.26  50.042  -0.1364
  351.9     6.26  50.072  -0.1389
  352.1     6.23  50.104  -0.1370
  352.4     6.27  50.134  -0.1383
  352.7     6.22  50.165  -0.1403
  352.8     6.25  50.196  -0.1365
  353.2     6.25  50.227  -0.1386
  353.3     6.22  50.257  -0.1374
  353.6     6.21  50.289  -0.1395
  353.8     6.21  50.320  -0.1395
  354.0     6.16  50.351  -0.1380
  354.3     6.20  50.382  -0.1397
  354.5     6.23  50.412  -0.1392
  354.8     6.18  50.444  -0.1371
  355.0     6.11  50.477  -0.1376
  355.2     6.19  50.509  -0.1414
  355.5     6.18  50.539  -0.1414
  355.9     6.21  50.571  -0.1360
  356.0     6.19  50.601  -0.1400
  356.3     6.15  50.632  -0.1369
  356.5     6.16  50.664  -0.1350
  356.7     6.19  50.694  -0.1385
  356.9     6.10  50.724  -0.1371
  357.2     6.13  50.755  -0.1374
  357.4     6.16  50.786  -0.1339
  357.6     6.14  50.818  -0.1343
  358.0     6.19  50.853  -0.1352
  358.2     6.18  50.886  -0.1363
  358.5     6.16  50.919  -0.1359
  358.7     6.18  50.954  -0.1339
  358.9     6.13  50.987  -0.1327
  359.2     6.15  51.020  -0.1319
  359.5     6.12  51.053  -0.1347
  359.8     6.16  51.085  -0.1370
  360.0     6.10  51.119  -0.1365
  360.2     6.17  51.152  -0.1399
  360.5     6.04  51.186  -0.1389
  360.8     6.11  51.219  -0.1410
  361.0     6.13  51.250  -0.1388
  361.2     6.08  51.283  -0.1369
  361.5     6.11  51.316  -0.1386
  361.8     6.15  51.347  -0.1391
  361.9     6.12  51.378  -0.1410
  362.1     5.99  51.411  -0.1408
  362.4     5.96  51.443  -0.1416
  362.6     5.98  51.476  -0.1433
  362.9     5.98  51.509  -0.1414
  363.1     6.01  51.543  -0.1429
  363.4     6.04  51.577  -0.1433
  363.7     5.96  51.609  -0.1438
  364.0     6.04  51.640  -0.1436
  364.2     5.99  51.672  -0.1446
  364.5     6.05  51.704  -0.1472
  364.7     6.08  51.737  -0.1498
  365.1     6.16  51.768  -0.1491
  365.3     6.19  51.799  -0.1481
  365.4     6.01  51.830  -0.1461
  365.8     6.04  51.861  -0.1421
  366.1     6.14  51.892  -0.1416
  366.2     6.00  51.926  -0.1415
  366.4     6.00  51.960  -0.1404
  366.8     6.10  51.992  -0.1436
  367.1     6.06  52.023  -0.1395
  367.3     6.03  52.054  -0.1440
  367.5     6.09  52.085  -0.1418
  367.9     6.09  52.118  -0.1461
  368.0     6.11  52.150  -0.1434
  368.2     6.10  52.181  -0.1447
  368.5     6.03  52.213  -0.1422
  368.7     6.07  52.244  -0.1430
  369.0     6.05  52.275  -0.1358
  369.3     6.13  52.308  -0.1379
  369.4     6.02  52.341  -0.1395
  369.6     5.99  52.374  -0.1470
  369.9     5.96  52.406  -0.1463
  370.2     5.91  52.439  -0.1470
  370.4     5.96  52.471  -0.1420
  370.8     6.06  52.503  -0.1423
  370.8     5.89  52.536  -0.1424
  371.0     5.83  52.569  -0.1395
  371.4     5.83  52.601  -0.1411
  371.6     5.84  52.633  -0.1430
  371.8     5.84  52.666  -0.1403
  372.0     5.83  52.700  -0.1437
  372.3     5.82  52.732  -0.1413
  372.5     5.82  52.764  -0.1407
  372.9     5.86  52.796  -0.1375
  373.1     5.83  52.828  -0.1363
  373.3     5.79  52.859  -0.1370
  373.7     5.99  52.891  -0.1376
  373.9     6.00  52.923  -0.1376
  374.3     6.00  52.955  -0.1403
  374.5     6.00  52.987  -0.1417
  374.7     5.99  53.020  -0.1388
  375.1     6.05  53.052  -0.1387
  375.1     5.93  53.085  -0.1430
  375.5     6.03  53.117  -0.1416
  375.7     6.00  53.149  -0.1388
  376.0     5.96  53.180  -0.1394
  376.1     5.95  53.212  -0.1344
  376.4     5.97  53.242  -0.1361
  376.7     6.04  53.274  -0.1345
  376.9     5.91  53.304  -0.1388
  377.1     5.96  53.336  -0.1324
  377.5     5.98  53.367  -0.1353
  377.6     5.91  53.399  -0.1352
  377.9     5.94  53.432  -0.1344
  378.1     5.93  53.463  -0.1369
  378.3     5.93  53.492  -0.1364
  378.5     5.95  53.522  -0.1367
  378.8     5.92  53.552  -0.1393
  378.9     5.98  53.581  -0.1403
  379.2     5.96  53.611  -0.1374
  379.5     5.94  53.640  -0.1349
  379.7     5.97  53.670  -0.1345
  379.9     5.90  53.700  -0.1363
  380.1     5.93  53.731  -0.1366
  380.4     5.96  53.762  -0.1381
  380.6     5.88  53.793  -0.1408
  380.9     5.85  53.825  -0.1406
  381.1     5.91  53.857  -0.1420
  381.4     5.91  53.891  -0.1446
  381.6     5.88  53.924  -0.1427
  381.8     5.81  53.956  -0.1423
  382.1     5.86  53.988  -0.1426
  382.4     5.89  54.022  -0.1406
  382.6     5.91  54.054  -0.1413
  382.8     5.95  54.087  -0.1387
  383.1     5.91  54.119  -0.1440
  383.3     5.92  54.151  -0.1452
  383.6     5.89  54.184  -0.1440
  383.9     5.90  54.215  -0.1444
  384.1     5.91  54.246  -0.1430
  384.3     5.93  54.278  -0.1448
  384.6     5.88  54.308  -0.1452
  384.8     5.88  54.340  -0.1459
  385.0     5.90  54.372  -0.1452
  385.3     5.85  54.403  -0.1440
  385.5     5.90  54.435  -0.1430
  385.7     5.88  54.467  -0.1461
  386.0     5.90  54.498  -0.1447
  386.1     5.89  54.529  -0.1495
  386.4     5.87  54.561  -0.1473
  386.7     5.87  54.596  -0.1456
  386.9     5.87  54.631  -0.1454
  387.3     5.82  54.666  -0.1453
  387.5     5.90  54.700  -0.1486
  387.8     5.91  54.734  -0.1473
  388.1     5.89  54.768  -0.1478
  388.2     5.86  54.802  -0.1469
  388.5     5.83  54.835  -0.1486
  388.9     5.84  54.869  -0.1470
  389.0     5.84  54.902  -0.1482
  389.3     5.83  54.936  -0.1478
  389.6     5.86  54.970  -0.1494
  389.7     5.86  55.002  -0.1525
  390.0     5.88  55.035  -0.1491
  390.3     5.81  55.068  -0.1459
  390.5     5.79  55.101  -0.1452
  390.7     5.84  55.134  -0.1486
  391.1     5.81  55.166  -0.1472
  391.3     5.79  55.199  -0.1485
  391.5     5.82  55.231  -0.1474
  391.8     5.84  55.265  -0.1476
  392.0     5.83  55.299  -0.1506
  392.3     5.84  55.332  -0.1505
  392.6     5.85  55.365  -0.1543
  392.8     5.80  55.398  -0.1510
  393.1     5.74  55.432  -0.1496
  393.4     5.84  55.466  -0.1474
  393.6     5.81  55.499  -0.1512
  393.9     5.82  55.531  -0.1515
  394.1     5.78  55.565  -0.1518
  394.4     5.85  55.598  -0.1493
  394.7     5.82  55.634  -0.1528
  394.9     5.75  55.666  -0.1544
  395.1     5.76  55.698  -0.1520
  395.4     5.80  55.729  -0.1512
  395.6     5.84  55.762  -0.1487
  395.9     5.86  55.794  -0.1526
  396.1     5.79  55.825  -0.1543
  396.4     5.83  55.855  -0.1498
  396.7     5.80  55.887  -0.1539
  397.0     5.86  55.916  -0.1614
  397.3     5.79  55.948  -0.1488
  397.4     5.78  55.980  -0.1473
  397.5     5.78  56.011  -0.1477
  397.9     5.75  56.045  -0.1495
  398.2     5.77  56.073  -0.1492
  398.4     5.78  56.101  -0.1499
  398.6     5.79  56.129  -0.1493
  398.7     5.78  56.157  -0.1497
  399.0     5.81  56.185  -0.1487
  399.2     5.81  56.214  -0.1486
  399.6     5.76  56.243  -0.1486
  399.8     5.80  56.271  -0.1505
  399.9     5.85  56.299  -0.1467
  400.2     5.84  56.327  -0.1458
  400.4     5.73  56.356  -0.1465
  400.7     5.83  56.385  -0.1442
  400.9     5.80  56.415  -0.1466
  401.1     5.86  56.446  -0.1481
  401.4     5.84  56.478  -0.1450
  401.7     5.85  56.514  -0.1409
  401.9     5.80  56.546  -0.1429
  402.3     5.82  56.579  -0.1463
  402.4     5.83  56.612  -0.1462
  402.6     5.78  56.644  -0.1468
  402.9     5.80  56.677  -0.1497
  403.1     5.82  56.710  -0.1485
  403.5     5.80  56.743  -0.1456
  403.6     5.79  56.777  -0.1468
  403.9     5.80  56.810  -0.1504
  404.2     5.79  56.845  -0.1480
  404.5     5.78  56.875  -0.1514
  404.7     5.80  56.907  -0.1551
  404.9     5.77  56.938  -0.1520
  405.2     5.77  56.969  -0.1513
  405.4     5.79  57.001  -0.1518
  405.6     5.76  57.031  -0.1529
  405.9     5.72  57.061  -0.1491
  406.2     5.75  57.092  -0.1514
  406.3     5.73  57.123  -0.1498
  406.6     5.73  57.152  -0.1501
  406.8     5.76  57.184  -0.1518
  407.1     5.71  57.216  -0.1516
  407.3     5.70  57.249  -0.1509
  407.6     5.75  57.281  -0.1504
  407.8     5.71  57.311  -0.1541
  408.1     5.70  57.343  -0.1543
  408.4     5.73  57.375  -0.1540
  408.5     5.72  57.406  -0.1517
  408.8     5.69  57.436  -0.1504
  409.1     5.72  57.469  -0.1512
  409.3     5.69  57.501  -0.1526
  409.5     5.71  57.533  -0.1547
  409.7     5.73  57.565  -0.1528
  410.0     5.73  57.598  -0.1495
  410.2     5.70  57.629  -0.1491
  410.6     5.73  57.660  -0.1493
  410.7     5.71  57.691  -0.1458
  411.0     5.72  57.722  -0.1461
  411.1     5.73  57.754  -0.1474
  411.5     5.74  57.784  -0.1496
  411.6     5.70  57.816  -0.1498
  411.9     5.72  57.847  -0.1474
  412.1     5.66  57.878  -0.1471
  412.3     5.68  57.910  -0.1486
  412.6     5.73  57.942  -0.1484
  412.8     5.68  57.976  -0.1500
  413.2     5.72  58.007  -0.1527
  413.4     5.64  58.038  -0.1529
  413.5     5.66  58.070  -0.1516
  413.8     5.64  58.101  -0.1518
  414.0     5.67  58.133  -0.1486
  414.2     5.63  58.165  -0.1517
  414.5     5.65  58.197  -0.1550
  414.7     5.60  58.228  -0.1518
  414.9     5.68  58.258  -0.1521
  415.3     5.70  58.289  -0.1516
  415.4     5.65  58.322  -0.1492
  415.7     5.67  58.353  -0.1520
  415.9     5.62  58.382  -0.1528
  416.2     5.71  58.413  -0.1509
  416.3     5.63  58.441  -0.1491
  416.6     5.60  58.469  -0.1494
  416.8     5.56  58.497  -0.1518
  417.0     5.63  58.526  -0.1501
  417.2     5.63  58.554  -0.1516
  417.5     5.67  58.582  -0.1518
  417.6     5.59  58.611  -0.1515
  417.7     5.61  58.639  -0.1488
  418.1     5.60  58.667  -0.1491
  418.3     5.62  58.696  -0.1485
  418.4     5.59  58.726  -0.1501
  418.8     5.61  58.757  -0.1533
  419.0     5.63  58.789  -0.1521
  419.2     5.59  58.824  -0.1504
  419.5     5.63  58.858  -0.1467
  419.8     5.62  58.892  -0.1503
  420.1     5.56  58.925  -0.1510
  420.3     5.57  58.959  -0.1536
  420.4     5.61  58.992  -0.1502
  420.9     5.61  59.026  -0.1530
  421.1     5.59  59.060  -0.1524
  421.4     5.60  59.092  -0.1541
  421.5     5.51  59.125  -0.1523
  421.9     5.62  59.158  -0.1566
  422.1     5.62  59.191  -0.1541
  422.3     5.59  59.223  -0.1550
  422.5     5.58  59.254  -0.1542
  422.8     5.54  59.286  -0.1562
  423.1     5.63  59.317  -0.1550
  423.2     5.57  59.348  -0.1512
  423.6     5.54  59.380  -0.1508
  423.8     5.57  59.412  -0.1538
  424.1     5.54  59.444  -0.1551
  424.3     5.61  59.474  -0.1543
  424.5     5.55  59.506  -0.1524
  424.8     5.53  59.539  -0.1510
  425.0     5.60  59.572  -0.1525
  425.3     5.55  59.606  -0.1528
  425.5     5.56  59.641  -0.1534
  425.7     5.55  59.674  -0.1551
  426.0     5.62  59.706  -0.1571
  426.3     5.50  59.738  -0.1568
  426.5     5.55  59.772  -0.1582
  426.8     5.52  59.805  -0.1605
  427.0     5.55  59.839  -0.1607
  427.3     5.58  59.873  -0.1621
  427.5     5.55  59.904  -0.1642
  427.8     5.55  59.934  -0.1609
  428.0     5.53  59.962  -0.1614
  428.1     5.54  59.991  -0.1615
  428.4     5.54  60.019  -0.1633
  428.7     5.57  60.048  -0.1627
  428.9     5.47  60.078  -0.1635
  429.1     5.49  60.109  -0.1657
  429.4     5.47  60.140  -0.1662
  429.6     5.51  60.170  -0.1642
  429.8     5.54  60.200  -0.1631
  430.0     5.49  60.231  -0.1636
  430.2     5.46  60.261  -0.1665
  430.5     5.51  60.292  -0.1641
  430.7     5.49  60.323  -0.1654
  431.0     5.55  60.354  -0.1664
  431.2     5.55  60.385  -0.1665
  431.6     5.53  60.415  -0.1713
  431.6     5.51  60.446  -0.1709
  431.9     5.50  60.480  -0.1708
  432.2     5.55  60.513  -0.1686
  432.4     5.49  60.546  -0.1680
  432.5     5.42  60.579  -0.1656
  432.9     5.46  60.611  -0.1648
  433.1     5.46  60.644  -0.1657
  433.3     5.40  60.677  -0.1656
  433.6     5.36  60.709  -0.1654
  433.9     5.53  60.742  -0.1699
  434.0     5.35  60.774  -0.1693
  434.2     5.45  60.806  -0.1685
  434.6     5.48  60.840  -0.1656
  434.8     5.45  60.871  -0.1648
  435.0     5.45  60.902  -0.1680
  435.4     5.45  60.934  -0.1654
  435.6     5.42  60.964  -0.1641
  435.8     5.46  60.996  -0.1649
  436.0     5.43  61.025  -0.1657
  436.3     5.44  61.056  -0.1643
  436.5     5.40  61.085  -0.1647
  436.7     5.44  61.114  -0.1651
  436.9     5.43  61.143  -0.1671
  437.1     5.43  61.174  -0.1683
  437.4     5.43  61.207  -0.1645
  437.5     5.44  61.241  -0.1641
  437.9     5.48  61.272  -0.1642
  438.2     5.43  61.304  -0.1638
  438.3     5.45  61.336  -0.1624
  438.6     5.44  61.369  -0.1623
  438.8     5.39  61.400  -0.1651
  439.2     5.41  61.431  -0.1633
  439.2     5.42  61.464  -0.1622
  439.5     5.39  61.496  -0.1633
  439.7     5.41  61.528  -0.1627
  440.0     5.39  61.562  -0.1643
  440.3     5.36  61.595  -0.1629
  440.4     5.37  61.626  -0.1656
  440.7     5.36  61.658  -0.1630
  440.9     5.36  61.690  -0.1624
  441.3     5.38  61.724  -0.1641
  441.5     5.40  61.757  -0.1636
  441.6     5.37  61.790  -0.1667
  441.8     5.37  61.823  -0.1638
  442.2     5.37  61.857  -0.1641
  442.4     5.37  61.890  -0.1701
  442.6     5.36  61.923  -0.1721
  442.9     5.38  61.958  -0.1675
  443.2     5.39  61.990  -0.1692
  443.4     5.39  62.022  -0.1673
  443.7     5.38  62.054  -0.1666
  443.9     5.36  62.086  -0.1628
  444.1     5.35  62.118  -0.1725
  444.4     5.38  62.151  -0.1730
  444.7     5.41  62.184  -0.1721
  444.9     5.32  62.218  -0.1716
  445.1     5.35  62.251  -0.1716
  445.4     5.36  62.285  -0.1717
  445.6     5.38  62.317  -0.1743
  445.8     5.39  62.349  -0.1758
  446.1     5.36  62.380  -0.1772
  446.4     5.32  62.412  -0.1755
  446.7     5.34  62.442  -0.1733
  446.9     5.35  62.473  -0.1717
  447.2     5.37  62.503  -0.1721
  447.3     5.33  62.535  -0.1690
  447.5     5.34  62.566  -0.1697
  447.9     5.39  62.597  -0.1720
  448.1     5.39  62.628  -0.1711
  448.4     5.36  62.660  -0.1684
  448.5     5.37  62.691  -0.1699
  448.8     5.39  62.723  -0.1707
  449.0     5.36  62.754  -0.1712
  449.2     5.35  62.786  -0.1702
  449.4     5.39  62.818  -0.1670
  449.7     5.38  62.849  -0.1695
  450.0     5.37  62.881  -0.1685
  450.3     5.39  62.911  -0.1677
  450.4     5.34  62.942  -0.1685
  450.7     5.37  62.974  -0.1668
  451.0     5.36  63.005  -0.1658
  451.2     5.35  63.037  -0.1668
  451.4     5.35  63.073  -0.1688
  451.7     5.35  63.109  -0.1706
  452.1     5.33  63.145  -0.1702
  452.3     5.39  63.179  -0.1704
  452.5     5.38  63.212  -0.1704
  452.7     5.38  63.245  -0.1662
  453.0     5.33  63.279  -0.1671
  453.2     5.34  63.316  -0.1615
  453.5     5.31  63.351  -0.1635
  453.7     5.36  63.385  -0.1648
  454.1     5.38  63.421  -0.1652
  454.3     5.34  63.453  -0.1669
  454.6     5.34  63.482  -0.1683
  454.8     5.35  63.514  -0.1683
  455.0     5.33  63.545  -0.1694
  455.3     5.35  63.576  -0.1672
  455.3     5.40  63.606  -0.1670
  455.7     5.35  63.637  -0.1657
  455.9     5.38  63.668  -0.1694
  456.3     5.38  63.699  -0.1689
  456.4     5.36  63.731  -0.1741
  456.7     5.34  63.761  -0.1700
  456.9     5.30  63.795  -0.1680
  457.1     5.33  63.828  -0.1676
  457.4     5.33  63.861  -0.1677
  457.5     5.37  63.893  -0.1684
  457.7     5.30  63.926  -0.1678
  458.1     5.31  63.959  -0.1688
  458.2     5.29  63.992  -0.1732
  458.5     5.36  64.024  -0.1718
  458.8     5.27  64.056  -0.1730
  459.1     5.34  64.088  -0.1726
  459.4     5.33  64.120  -0.1737
  459.6     5.40  64.153  -0.1721
  459.7     5.32  64.185  -0.1745
  460.1     5.34  64.217  -0.1722
  460.3     5.36  64.248  -0.1767
  460.4     5.34  64.278  -0.1766
  460.8     5.34  64.311  -0.1772
  460.9     5.32  64.341  -0.1790
  461.1     5.33  64.372  -0.1787
  461.4     5.37  64.403  -0.1802
  461.6     5.25  64.434  -0.1786
  461.8     5.33  64.466  -0.1754
  462.0     5.30  64.498  -0.1753
  462.2     5.33  64.529  -0.1782
  462.6     5.32  64.562  -0.1798
  462.8     5.35  64.593  -0.1786
  463.1     5.32  64.624  -0.1792
  463.2     5.35  64.656  -0.1734
  463.5     5.30  64.685  -0.1730
  463.7     5.30  64.718  -0.1720
  464.0     5.27  64.750  -0.1731
  464.2     5.33  64.781  -0.1700
  464.4     5.27  64.812  -0.1737
  464.6     5.31  64.842  -0.1740
  464.9     5.30  64.873  -0.1706
  465.1     5.32  64.906  -0.1710
  465.3     5.27  64.939  -0.1720
  465.7     5.25  64.974  -0.1710
  465.9     5.30  65.009  -0.1673
  466.2     5.31  65.043  -0.1684
  466.4     5.26  65.077  -0.1731
  466.7     5.32  65.112  -0.1724
  466.9     5.31  65.146  -0.1735
  467.3     5.34  65.178  -0.1743
  467.4     5.32  65.211  -0.1736
  467.6     5.27  65.246  -0.1734
  467.9     5.31  65.279  -0.1747
  468.2     5.29  65.312  -0.1745
  468.3     5.29  65.344  -0.1729
  468.5     5.27  65.375  -0.1711
  468.9     5.33  65.406  -0.1752
  469.2     5.26  65.437  -0.1790
  469.4     5.22  65.467  -0.1730
  469.6     5.30  65.499  -0.1746
  469.8     5.30  65.530  -0.1763
  470.0     5.29  65.562  -0.1764
  470.3     5.32  65.593  -0.1743
  470.5     5.31  65.626  -0.1735
  470.8     5.31  65.659  -0.1708
  471.1     5.23  65.691  -0.1728
  471.2     5.32  65.722  -0.1760
  471.4     5.25  65.753  -0.1728
  471.7     5.30  65.783  -0.1742
  472.0     5.21  65.813  -0.1721
  472.2     5.28  65.843  -0.1740
  472.4     5.25  65.873  -0.1711
  472.6     5.24  65.903  -0.1733
  472.8     5.28  65.934  -0.1705
  473.2     5.18  65.963  -0.1737
  473.4     5.25  65.993  -0.1738
  473.5     5.29  66.024  -0.1709
  473.8     5.31  66.058  -0.1754
  474.1     5.26  66.093  -0.1778
  474.4     5.27  66.126  -0.1782
  474.7     5.32  66.159  -0.1828
  474.9     5.26  66.193  -0.1797
  475.2     5.29  66.227  -0.1812
  475.5     5.29  66.260  -0.1815
  475.6     5.28  66.293  -0.1779
  475.9     5.31  66.328  -0.1772
  476.2     5.24  66.361  -0.1766
  476.4     5.25  66.395  -0.1764
  476.7     5.23  66.428  -0.1752
  476.9     5.24  66.460  -0.1740
  477.2     5.30  66.490  -0.1742
  477.4     5.23  66.521  -0.1723
  477.7     5.24  66.552  -0.1752
  477.9     5.28  66.583  -0.1757
  478.1     5.17  66.614  -0.1779
  478.3     5.22  66.645  -0.1799
  478.6     5.23  66.677  -0.1799
  478.9     5.32  66.709  -0.1752
  479.0     5.27  66.740  -0.1737
  479.2     5.22  66.773  -0.1774
  479.6     5.28  66.808  -0.1784
  479.8     5.23  66.842  -0.1812
  480.1     5.26  66.876  -0.1815
  480.3     5.28  66.911  -0.1783
  480.7     5.23  66.946  -0.1779
  480.8     5.25  66.980  -0.1802
  481.2     5.30  67.014  -0.1821
  481.4     5.26  67.049  -0.1796
  481.7     5.26  67.084  -0.1856
  482.0     5.26  67.118  -0.1846
  482.2     5.22  67.152  -0.1831
  482.5     5.27  67.187  -0.1845
  482.7     5.24  67.221  -0.1871
  483.0     5.27  67.255  -0.1855
  483.1     5.20  67.289  -0.1815
  483.6     5.23  67.324  -0.1856
  483.7     5.23  67.357  -0.1854
  483.9     5.26  67.389  -0.1872
  484.3     5.21  67.422  -0.1873
  484.6     5.26  67.456  -0.1848
  484.7     5.22  67.490  -0.1851
  485.0     5.22  67.522  -0.1887
  485.2     5.26  67.554  -0.1888
  485.5     5.27  67.585  -0.1823
  485.7     5.24  67.613  -0.1814
  485.9     5.27  67.642  -0.1795
  486.2     5.26  67.670  -0.1817
  486.3     5.22  67.698  -0.1822
  486.6     5.26  67.727  -0.1802
  486.8     5.24  67.756  -0.1816
  486.9     5.20  67.784  -0.1829
  487.3     5.22  67.812  -0.1812
  487.4     5.24  67.841  -0.1808
  487.6     5.22  67.870  -0.1870
  487.8     5.25  67.900  -0.1853
  488.1     5.26  67.932  -0.1903
  488.4     5.25  67.964  -0.1918
  488.5     5.26  67.995  -0.1906
  488.8     5.26  68.028  -0.1893
  489.0     5.24  68.059  -0.1899
  489.3     5.27  68.090  -0.1870
  489.5     5.28  68.122  -0.1880
  489.9     5.23  68.153  -0.1893
  490.1     5.25  68.184  -0.1912
  490.2     5.27  68.216  -0.1917
  490.6     5.28  68.248  -0.1923
  490.7     5.24  68.280  -0.1904
  491.0     5.23  68.313  -0.1909
  491.2     5.22  68.346  -0.1896
  491.4     5.24  68.378  -0.1869
  491.6     5.17  68.408  -0.1893
  491.8     5.18  68.437  -0.1862
  492.0     5.16  68.466  -0.1869
  492.3     5.22  68.495  -0.1887
  492.4     5.19  68.523  -0.1867
  492.8     5.19  68.551  -0.1851
  492.9     5.21  68.579  -0.1858
  493.2     5.20  68.607  -0.1857
  493.2     5.20  68.636  -0.1864
  493.5     5.16  68.664  -0.1861
  493.8     5.22  68.692  -0.1871
  494.0     5.20  68.722  -0.1902
  494.2     5.21  68.753  -0.1923
  494.5     5.18  68.786  -0.1925
  494.7     5.22  68.818  -0.1909
  495.0     5.18  68.851  -0.1899
  495.2     5.19  68.883  -0.1901
  495.3     5.16  68.915  -0.1889
  495.5     5.17  68.947  -0.1923
  495.8     5.18  68.981  -0.1904
  496.0     5.22  69.014  -0.1907
  496.3     5.16  69.047  -0.1879
  496.5     5.14  69.080  -0.1881
  496.7     5.17  69.113  -0.1903
  497.1     5.14  69.148  -0.1860
  497.3     5.21  69.181  -0.1856
  497.6     5.16  69.215  -0.1877
  497.7     5.16  69.249  -0.1861
  498.1     5.17  69.284  -0.1879
  498.4     5.15  69.318  -0.1868
  498.5     5.20  69.353  -0.1873
  498.8     5.20  69.385  -0.1852
  499.1     5.21  69.420  -0.1859
  499.3     5.18  69.453  -0.1882
  499.6     5.14  69.484  -0.1864
  499.8     5.18  69.515  -0.1876
  500.1     5.17  69.546  -0.1908
  500.2     5.14  69.576  -0.1891
  500.5     5.14  69.606  -0.1878
  500.7     5.19  69.635  -0.1861
  500.9     5.16  69.666  -0.1873
  501.1     5.19  69.696  -0.1851
  501.4     5.14  69.726  -0.1868
  501.6     5.17  69.757  -0.1853
  501.9     5.11  69.786  -0.1849
  502.1     5.15  69.816  -0.1869
  502.3     5.19  69.846  -0.1852
  502.5     5.15  69.878  -0.1847
  502.8     5.16  69.912  -0.1858
  503.1     5.17  69.945  -0.1866
  503.2     5.15  69.977  -0.1875
  503.6     5.14  70.009  -0.1870
  503.8     5.18  70.041  -0.1886
  504.0     5.17  70.074  -0.1883
  504.2     5.16  70.104  -0.1841
  504.5     5.18  70.134  -0.1849
  504.7     5.20  70.164  -0.1851
  505.0     5.18  70.193  -0.1846
  505.1     5.14  70.223  -0.1857
  505.4     5.16  70.253  -0.1882
  505.6     5.19  70.283  -0.1872
  505.8     5.15  70.313  -0.1818
  506.0     5.16  70.342  -0.1835
  506.2     5.14  70.372  -0.1797
  506.5     5.14  70.401  -0.1813
  506.7     5.10  70.433  -0.1822
  506.9     5.17  70.464  -0.1854
  507.1     5.11  70.496  -0.1870
  507.4     5.16  70.528  -0.1899
  507.6     5.16  70.560  -0.1882
  507.9     5.17  70.592  -0.1863
  508.2     5.18  70.622  -0.1837
  508.4     5.19  70.651  -0.1856
  508.6     5.18  70.683  -0.1859
  508.9     5.16  70.714  -0.1875
  509.0     5.17  70.743  -0.1911
  509.2     5.16  70.775  -0.1873
  509.5     5.18  70.806  -0.1856
  509.7     5.16  70.837  -0.1909
  509.9     5.18  70.871  -0.1906
  510.1     5.17  70.902  -0.1967
  510.5     5.18  70.934  -0.1953
  510.6     5.13  70.965  -0.1938
  511.0     5.12  70.996  -0.1916
  511.2     5.18  71.028  -0.1908
  511.5     5.18  71.060  -0.1899
  511.7     5.23  71.092  -0.1870
  511.9     5.20  71.123  -0.1865
  512.1     5.20  71.155  -0.1857
  512.5     5.18  71.187  -0.1874
  512.7     5.20  71.220  -0.1873
  512.9     5.19  71.254  -0.1905
  513.1     5.18  71.288  -0.1906
  513.4     5.18  71.321  -0.1879
  513.6     5.22  71.354  -0.1907
  513.8     5.14  71.388  -0.1916
  514.1     5.23  71.423  -0.1900
  514.4     5.18  71.458  -0.1915
  514.6     5.17  71.490  -0.1926
  514.9     5.19  71.524  -0.1884
  515.2     5.24  71.558  -0.1911
  515.4     5.11  71.591  -0.1952
  515.5     5.08  71.623  -0.1914
  515.9     5.26  71.654  -0.1830
  516.2     5.25  71.685  -0.1827
  516.3     5.30  71.717  -0.1867
  516.6     5.18  71.747  -0.1854
  516.9     5.15  71.779  -0.1856
  517.1     5.17  71.810  -0.1879
  517.4     5.20  71.841  -0.1884
  517.6     5.20  71.872  -0.1875
  517.8     5.25  71.904  -0.1908
  518.0     5.20  71.937  -0.1905
  518.2     5.18  71.971  -0.1898
  518.5     5.19  72.004  -0.1915
  518.7     5.17  72.036  -0.1915
  518.9     5.16  72.069  -0.1894
  519.1     5.19  72.102  -0.1868
  519.5     5.21  72.134  -0.1884
  519.8     5.17  72.167  -0.1908
  519.9     5.21  72.200  -0.1859
  520.2     5.19  72.233  -0.1850
  520.4     5.17  72.265  -0.1851
  520.8     5.19  72.298  -0.1839
  521.0     5.18  72.330  -0.1891
  521.0     5.13  72.361  -0.1898
  521.2     5.10  72.391  -0.1899
  521.6     5.16  72.421  -0.1901
  521.8     5.17  72.451  -0.1906
  522.1     5.17  72.481  -0.1878
  522.4     5.19  72.511  -0.1901
  522.6     5.20  72.541  -0.1871
  522.7     5.18  72.571  -0.1883
  523.0     5.20  72.601  -0.1887
  523.1     5.15  72.631  -0.1858
  523.4     5.13  72.661  -0.1894
  523.5     5.19  72.693  -0.1892
  523.9     5.13  72.726  -0.1861
  524.1     5.20  72.759  -0.1909
  524.2     5.19  72.790  -0.1916
  524.5     5.15  72.822  -0.1886
  524.7     5.14  72.855  -0.1924
  525.1     5.14  72.888  -0.1887
  525.3     5.15  72.920  -0.1903
  525.6     5.16  72.953  -0.1923
  525.9     5.16  72.987  -0.1935
  526.1     5.26  73.022  -0.1917
  526.5     5.16  73.057  -0.1902
  526.6     5.18  73.092  -0.1868
  526.9     5.16  73.125  -0.1881
  527.2     5.15  73.158  -0.1871
  527.4     5.17  73.191  -0.1925
  527.6     5.11  73.224  -0.1904
  527.9     5.14  73.256  -0.1900
  528.1     5.18  73.290  -0.1915
  528.4     5.22  73.323  -0.1889
  528.7     5.15  73.355  -0.1907
  528.9     5.16  73.387  -0.1906
  529.2     5.20  73.420  -0.1928
  529.4     5.20  73.452  -0.1901
  529.7     5.18  73.484  -0.1855
  529.9     5.14  73.516  -0.1902
  530.1     5.19  73.547  -0.1890
  530.4     5.18  73.579  -0.1907
  530.5     5.11  73.610  -0.1902
  530.9     5.20  73.640  -0.1882
  531.0     5.13  73.670  -0.1865
  531.3     5.12  73.702  -0.1885
  531.5     5.21  73.733  -0.1918
  531.8     5.18  73.765  -0.1911
  532.1     5.16  73.798  -0.1901
  532.2     5.16  73.826  -0.1878
  532.5     5.18  73.856  -0.1914
  532.7     5.09  73.885  -0.1943
  532.9     5.17  73.914  -0.1909
  533.1     5.20  73.943  -0.1922
  533.4     5.16  73.972  -0.1963
  533.7     5.12  74.000  -0.1956
  533.8     5.13  74.028  -0.1930
  534.1     5.15  74.057  -0.1918
  534.2     5.17  74.086  -0.1894
  534.5     5.14  74.115  -0.1865
  534.7     5.16  74.143  -0.1895
  534.9     5.18  74.172  -0.1853
  535.1     5.12  74.202  -0.1828
  535.4     5.16  74.231  -0.1853
  535.6     5.14  74.262  -0.1836
  536.0     5.16  74.294  -0.1865
  536.1     5.18  74.326  -0.1894
  536.3     5.18  74.356  -0.1887
  536.5     5.21  74.387  -0.1902
  536.9     5.22  74.420  -0.1917
  537.0     5.21  74.450  -0.1967
  537.3     5.21  74.481  -0.1957
  537.5     5.22  74.512  -0.1924
  537.9     5.17  74.545  -0.1924
  538.1     5.22  74.577  -0.1883
  538.3     5.18  74.608  -0.1907
  538.4     5.21  74.641  -0.1914
  538.7     5.18  74.676  -0.1960
  539.1     5.19  74.709  -0.1982
  539.3     5.22  74.743  -0.1956
  539.6     5.18  74.779  -0.1947
  539.9     5.17  74.813  -0.1932
  540.3     5.22  74.847  -0.1956
  540.4     5.22  74.880  -0.1947
  540.6     5.20  74.915  -0.1923
  540.8     5.21  74.949  -0.1928
  541.2     5.19  74.983  -0.1872
  541.3     5.18  75.016  -0.1953
  541.7     5.18  75.047  -0.1956
  541.9     5.22  75.076  -0.1909
  542.1     5.18  75.106  -0.1907
  542.4     5.21  75.137  -0.1906
  542.6     5.15  75.168  -0.1931
  542.9     5.23  75.200  -0.1934
  543.1     5.19  75.231  -0.1948
  543.2     5.14  75.264  -0.1922
  543.3     5.16  75.296  -0.1914
  543.7     5.13  75.329  -0.1933
  544.1     5.14  75.362  -0.1909
  544.3     5.21  75.397  -0.1889
  544.5     5.21  75.431  -0.1920
  544.8     5.20  75.464  -0.1911
  545.1     5.14  75.499  -0.1920
  545.4     5.21  75.534  -0.1921
  545.6     5.19  75.568  -0.1912
  545.8     5.20  75.602  -0.1938
  546.1     5.24  75.635  -0.1957
  546.3     5.21  75.671  -0.1913
  546.6     5.16  75.705  -0.1947
  546.9     5.20  75.741  -0.1961
  547.1     5.22  75.776  -0.1971
  547.4     5.19  75.809  -0.1966
  547.8     5.21  75.842  -0.1935
  547.9     5.21  75.875  -0.1954
  548.2     5.23  75.908  -0.1908
  548.5     5.28  75.940  -0.1898
  548.8     5.24  75.974  -0.1914
  549.0     5.22  76.006  -0.1915
  549.1     5.23  76.040  -0.1883
  549.4     5.17  76.073  -0.1904
  549.6     5.19  76.106  -0.1917
  549.9     5.23  76.138  -0.1911
  550.2     5.20  76.169  -0.1901
  550.5     5.21  76.201  -0.1912
  550.6     5.18  76.233  -0.1922
  550.9     5.18  76.263  -0.1943
  551.0     5.20  76.294  -0.1926
  551.3     5.20  76.325  -0.1899
  551.6     5.16  76.356  -0.1937
  551.9     5.21  76.387  -0.1914
  552.0     5.18  76.418  -0.1908
  552.2     5.18  76.450  -0.1916
  552.5     5.16  76.484  -0.2050
  552.7     5.07  76.516  -0.2025
  553.0     5.03  76.549  -0.2026
  553.0     4.99  76.582  -0.2066
  553.4     5.02  76.616  -0.2061
  553.8     5.23  76.647  -0.2028
  553.9     5.18  76.679  -0.2039
  554.2     4.99  76.712  -0.2141
  554.2     5.01  76.744  -0.2111
  554.4     4.91  76.777  -0.2054
  554.8     4.89  76.808  -0.2054
  554.9     4.90  76.842  -0.2052
  555.2     4.91  76.875  -0.2047
  555.6     5.05  76.906  -0.2180
  555.8     5.06  76.938  -0.2157
  556.1     5.12  76.970  -0.2120
  556.5     5.16  77.003  -0.2099
  556.6     5.17  77.036  -0.2093
  556.9     5.21  77.069  -0.2114
  557.2     5.11  77.101  -0.2130
  557.4     5.20  77.133  -0.2097
  557.7     5.17  77.164  -0.2049
  557.8     5.09  77.196  -0.1958
  558.1     5.18  77.229  -0.1955
  558.3     5.12  77.261  -0.1943
  558.5     5.10  77.292  -0.1951
  558.7     5.10  77.323  -0.1965
  559.0     5.12  77.354  -0.1956
  559.2     5.10  77.386  -0.1934
  559.4     5.04  77.417  -0.1961
  559.6     5.06  77.450  -0.1986
  559.8     5.01  77.481  -0.1965
  560.0     5.00  77.512  -0.1964
  560.4     5.10  77.544  -0.1945
  560.6     5.11  77.576  -0.1955
  560.7     5.07  77.609  -0.2006
  561.1     5.06  77.643  -0.2014
  561.3     5.05  77.677  -0.1987
  561.6     5.01  77.712  -0.2034
  561.8     5.10  77.746  -0.2085
  562.1     5.09  77.780  -0.2043
  562.4     5.11  77.813  -0.2049
  562.6     5.07  77.846  -0.2061
  562.9     5.06  77.880  -0.2032
  563.0     5.03  77.914  -0.2032
  563.3     5.07  77.948  -0.2051
  563.6     5.07  77.983  -0.2060
  563.8     5.00  78.015  -0.2100
  564.0     5.01  78.047  -0.2087
  564.3     4.99  78.079  -0.2033
  564.5     5.03  78.110  -0.2006
  564.7     5.04  78.141  -0.2023
  564.9     5.00  78.172  -0.2023
  565.2     5.04  78.204  -0.2017
  565.4     5.00  78.236  -0.2005
  565.6     4.98  78.268  -0.2018
  565.8     5.00  78.298  -0.1995
  566.1     5.01  78.330  -0.2011
  566.4     5.04  78.365  -0.2013
  566.5     5.03  78.397  -0.2042
  566.7     5.07  78.429  -0.2017
  567.1     5.06  78.461  -0.2005
  567.3     5.07  78.494  -0.2031
  567.6     5.08  78.523  -0.2052
  567.7     5.04  78.553  -0.2024
  567.9     4.96  78.582  -0.2048
  568.2     5.16  78.612  -0.2027
  568.4     5.12  78.641  -0.2009
  568.6     5.06  78.670  -0.2028
  568.9     5.10  78.700  -0.2008
  569.1     5.11  78.732  -0.2015
  569.3     5.11  78.768  -0.1998
  569.5     5.09  78.801  -0.1986
  569.9     5.10  78.832  -0.1987
  570.1     5.13  78.864  -0.2007
  570.3     5.09  78.895  -0.2013
  570.4     5.09  78.928  -0.1991
  570.8     5.09  78.961  -0.1980
  571.0     5.07  78.994  -0.1980
  571.3     5.07  79.027  -0.1992
  571.5     5.06  79.058  -0.1976
  571.8     5.08  79.092  -0.2002
  572.0     5.08  79.126  -0.2007
  572.2     5.15  79.158  -0.1984
  572.5     5.14  79.188  -0.2030
  572.8     5.14  79.221  -0.2040
  573.0     5.17  79.251  -0.2002
  573.2     5.12  79.283  -0.2004
  573.5     5.15  79.313  -0.2009
  573.6     5.12  79.344  -0.2016
  574.0     5.19  79.374  -0.1970
  574.1     5.16  79.405  -0.1998
  574.3     5.18  79.436  -0.1993
  574.5     5.17  79.469  -0.1979
  574.8     5.13  79.502  -0.1969
  575.1     5.12  79.535  -0.1992
  575.3     5.13  79.568  -0.1961
  575.5     5.20  79.598  -0.1975
  575.8     5.17  79.630  -0.1963
  575.9     5.12  79.662  -0.1946
  576.2     5.18  79.693  -0.1927
  576.5     5.09  79.726  -0.1938
  576.8     5.13  79.758  -0.1987
  576.9     5.16  79.790  -0.1986
  577.2     5.17  79.822  -0.1973
  577.3     5.18  79.854  -0.1968
  577.5     5.12  79.888  -0.2010
  577.9     5.16  79.920  -0.2022
  578.1     5.18  79.953  -0.2016
  578.3     5.10  79.984  -0.2014
  578.5     5.18  80.016  -0.2007
  578.7     5.20  80.049  -0.1979
  578.9     5.13  80.083  -0.1964
  579.2     5.15  80.116  -0.2007
  579.4     5.16  80.149  -0.2027
  579.8     5.13  80.181  -0.2028
  579.9     5.10  80.213  -0.2006
  580.1     5.12  80.245  -0.2038
  580.5     5.08  80.277  -0.2061
  580.6     5.12  80.310  -0.2054
  580.9     5.09  80.343  -0.2077
  581.1     5.17  80.375  -0.2052
  581.4     5.14  80.408  -0.2086
  581.6     5.13  80.441  -0.2079
  581.9     5.15  80.474  -0.2050
  582.1     5.13  80.506  -0.2078
  582.3     5.11  80.537  -0.2060
  582.6     5.13  80.567  -0.2069
  582.9     5.14  80.599  -0.2066
  583.1     5.17  80.631  -0.2073
  583.3     5.14  80.663  -0.2069
  583.5     5.10  80.695  -0.2068
  583.8     5.21  80.727  -0.2049
  584.0     5.20  80.758  -0.2064
  584.3     5.16  80.789  -0.2062
  584.5     5.13  80.823  -0.2059
  584.8     5.19  80.856  -0.2067
  585.1     5.23  80.887  -0.2060
  585.3     5.12  80.920  -0.2046
  585.4     5.07  80.950  -0.2076
  585.7     5.16  80.979  -0.2084
  585.9     5.15  81.010  -0.2082
  586.2     5.14  81.043  -0.2079
  586.4     5.22  81.074  -0.2088
  586.6     5.19  81.106  -0.2061
  586.8     5.17  81.139  -0.2069
  587.1     5.11  81.171  -0.2086
  587.4     5.09  81.202  -0.2089
  587.6     5.06  81.234  -0.2093
  587.9     5.16  81.265  -0.2127
  588.1     5.14  81.298  -0.2150
  588.4     5.20  81.329  -0.2172
  588.6     5.17  81.361  -0.2161
  588.8     5.14  81.393  -0.2141
  589.1     5.24  81.425  -0.2112
  589.4     5.16  81.456  -0.2135
  589.6     5.23  81.488  -0.2133
  589.9     5.20  81.520  -0.2115
  590.0     5.19  81.551  -0.2100
  590.3     5.18  81.583  -0.2099
  590.5     5.22  81.618  -0.2112
  590.8     5.23  81.649  -0.2107
  591.1     5.27  81.682  -0.2088
  591.4     5.23  81.716  -0.2113
  591.7     5.22  81.751  -0.2091
  591.9     5.20  81.784  -0.2089
  592.1     5.23  81.816  -0.2070
  592.4     5.27  81.849  -0.2051
  592.6     5.24  81.882  -0.2052
  592.9     5.24  81.916  -0.2056
  593.1     5.26  81.949  -0.2075
  593.3     5.15  81.983  -0.2082
  593.6     5.27  82.016  -0.2040
  593.7     5.14  82.048  -0.2077
  594.0     5.16  82.081  -0.2060
  594.3     5.18  82.113  -0.2056
  594.6     5.16  82.144  -0.2115
  594.7     5.22  82.176  -0.2049
  595.1     5.25  82.209  -0.2069
  595.3     5.22  82.242  -0.2080
  595.5     5.19  82.273  -0.2070
  595.8     5.17  82.306  -0.2075
  596.0     5.19  82.339  -0.2083
  596.3     5.21  82.370  -0.2064
  596.5     5.24  82.402  -0.2076
  596.8     5.20  82.434  -0.2055
  597.0     5.23  82.464  -0.2068
  597.2     5.19  82.496  -0.2064
  597.4     5.20  82.527  -0.2042
  597.7     5.21  82.559  -0.2084
  598.0     5.26  82.590  -0.2088
  598.1     5.22  82.621  -0.2072
  598.4     5.13  82.652  -0.2053
  598.6     5.12  82.683  -0.2036
  598.8     5.20  82.716  -0.2041
  599.2     5.16  82.748  -0.2020
  599.4     5.17  82.781  -0.2019
  599.6     5.21  82.813  -0.2023
  599.9     5.19  82.843  -0.2078
  600.0     5.14  82.874  -0.2065
