   19.7    -0.24   0.209   0.0079
   19.7    -0.22   0.236   0.0123
   19.6    -0.22   0.264   0.0097
   19.7    -0.22   0.292   0.0090
   19.7    -0.22   0.319   0.0097
   19.6    -0.23   0.347   0.0089
   19.7    -0.23   0.374   0.0038
   19.7    -0.23   0.401   0.0030
   19.7    -0.18   0.428   0.0052
   19.7    -0.16   0.454   0.0013
   19.8    -0.12   0.481   0.0004
   19.7    -0.12   0.508   0.0009
   19.7    -0.12   0.535   0.0003
   19.7    -0.09   0.561   0.0016
   19.7    -0.12   0.588   0.0056
   19.9    -0.11   0.615   0.0066
   19.7    -0.12   0.642   0.0036
   19.8    -0.13   0.669   0.0070
   19.8    -0.11   0.696   0.0041
   19.7    -0.12   0.722  -0.0003
   19.7    -0.14   0.749   0.0007
   19.7    -0.15   0.776   0.0049
   19.7    -0.12   0.803   0.0067
   19.6    -0.18   0.830   0.0028
   19.7    -0.13   0.857   0.0040
   19.7    -0.13   0.884   0.0123
   19.7    -0.15   0.910   0.0117
   19.7    -0.11   0.937   0.0100
   19.8    -0.10   0.963   0.0097
   19.7    -0.14   0.989   0.0088
   19.7    -0.12   1.016   0.0101
   19.7    -0.14   1.043   0.0053
   19.7    -0.11   1.070   0.0050
   19.7    -0.13   1.096   0.0028
   19.7    -0.13   1.122   0.0023
   19.6    -0.15   1.149   0.0025
   19.7    -0.11   1.176   0.0020
   19.7    -0.10   1.202  -0.0007
   19.7    -0.15   1.229   0.0043
   19.7    -0.11   1.255   0.0043
   19.7    -0.12   1.283   0.0027
   19.7    -0.11   1.309   0.0003
   19.7    -0.12   1.336   0.0013
   19.7    -0.12   1.363   0.0078
   19.7    -0.12   1.390   0.0070
   19.7    -0.09   1.417   0.0062
   19.7    -0.10   1.444   0.0112
   19.7    -0.09   1.471   0.0108
   19.8    -0.10   1.497   0.0077
   19.7    -0.10   1.524   0.0101
   19.8    -0.13   1.551   0.0061
   19.7    -0.09   1.577   0.0016
   19.7    -0.10   1.605   0.0044
   19.8    -0.06   1.632   0.0057
   19.7    -0.07   1.659   0.0024
   19.6    -0.07   1.686   0.0002
   19.8    -0.10   1.713  -0.0013
   19.6    -0.08   1.740   0.0019
   19.7    -0.08   1.767   0.0004
   19.6    -0.06   1.793   0.0005
   19.7    -0.06   1.821   0.0017
   19.7    -0.09   1.849   0.0057
   19.7    -0.10   1.876   0.0056
   19.7    -0.05   1.903  -0.0008
   19.7    -0.05   1.929   0.0032
   19.7    -0.06   1.956   0.0041
   19.6    -0.06   1.983   0.0005
   19.7    -0.03   2.009   0.0012
   19.7    -0.08   2.036   0.0016
   19.7    -0.04   2.063   0.0019
   19.6    -0.01   2.090   0.0019
   19.7    -0.02   2.116   0.0019
   19.6    -0.03   2.143   0.0077
   19.7    -0.03   2.169   0.0063
   19.7     0.02   2.196   0.0038
   19.7     0.04   2.223   0.0013
   19.8     0.05   2.249   0.0013
   19.7     0.03   2.275   0.0022
   19.8     0.03   2.302   0.0040
   19.7     0.06   2.329  -0.0003
   19.7     0.07   2.355   0.0048
   19.8     0.05   2.382   0.0023
   19.8     0.09   2.408   0.0046
   19.7     0.10   2.435   0.0006
   19.8     0.08   2.462   0.0049
   19.8     0.11   2.489   0.0040
   19.8     0.10   2.515   0.0055
   19.7     0.10   2.542   0.0074
   19.8     0.12   2.569   0.0085
   19.7     0.12   2.596   0.0061
   19.7     0.09   2.623   0.0081
   19.7     0.12   2.649   0.0072
   19.8     0.16   2.676   0.0045
   19.9     0.16   2.703   0.0041
   19.9     0.18   2.730   0.0026
   19.8     0.21   2.757   0.0026
   19.8     0.22   2.783   0.0034
   19.8     0.19   2.810   0.0085
   19.9     0.25   2.836   0.0087
   19.9     0.26   2.862   0.0087
   19.8     0.25   2.890   0.0103
   19.9     0.27   2.916   0.0104
   20.0     0.27   2.943   0.0125
   20.0     0.28   2.970   0.0120
   20.0     0.31   2.996   0.0130
   19.9     0.34   3.022   0.0142
   20.0     0.34   3.049   0.0140
   20.1     0.42   3.077   0.0106
   20.2     0.44   3.103   0.0102
   20.1     0.46   3.130   0.0081
   20.1     0.47   3.157   0.0096
   20.2     0.44   3.184   0.0100
   20.3     0.48   3.211   0.0121
   20.3     0.54   3.238   0.0132
   20.3     0.54   3.264   0.0137
   20.3     0.59   3.291   0.0106
   20.4     0.57   3.318   0.0095
   20.4     0.63   3.345   0.0072
   20.4     0.62   3.372   0.0100
   20.5     0.66   3.398   0.0056
   20.6     0.66   3.425   0.0102
   20.5     0.66   3.452   0.0114
   20.6     0.71   3.479   0.0100
   20.6     0.78   3.506   0.0082
   20.7     0.76   3.533   0.0075
   20.8     0.78   3.559   0.0078
   20.8     0.85   3.586   0.0055
   20.9     0.86   3.615   0.0065
   21.0     0.89   3.641   0.0078
   20.9     0.87   3.668   0.0100
   21.0     0.89   3.695   0.0087
   21.1     0.96   3.721   0.0071
   21.2     0.97   3.748   0.0047
   21.2     1.01   3.774   0.0079
   21.3     1.06   3.801   0.0053
   21.4     1.12   3.828   0.0042
   21.4     1.10   3.854   0.0043
   21.5     1.17   3.881   0.0038
   21.5     1.21   3.908   0.0000
   21.6     1.23   3.934  -0.0004
   21.6     1.23   3.961  -0.0006
   21.8     1.29   3.987  -0.0038
   21.8     1.32   4.014  -0.0028
   21.8     1.34   4.041  -0.0026
   22.0     1.39   4.068  -0.0003
   22.1     1.42   4.095   0.0010
   22.1     1.48   4.122  -0.0028
   22.3     1.50   4.148   0.0028
   22.3     1.53   4.175   0.0037
   22.4     1.57   4.201   0.0018
   22.4     1.59   4.228   0.0040
   22.6     1.61   4.255   0.0008
   22.7     1.63   4.281   0.0001
   22.7     1.67   4.308   0.0004
   22.9     1.74   4.334   0.0020
   23.0     1.78   4.362   0.0015
   23.1     1.84   4.389   0.0048
   23.2     1.81   4.416   0.0007
   23.3     1.92   4.442   0.0006
   23.4     1.95   4.469   0.0010
   23.6     1.99   4.496   0.0033
   23.6     2.03   4.523   0.0053
   23.8     2.08   4.550   0.0057
   23.8     2.11   4.577   0.0035
   24.0     2.16   4.605   0.0027
   24.1     2.21   4.632   0.0002
   24.3     2.24   4.659  -0.0019
   24.4     2.32   4.685  -0.0012
   24.5     2.34   4.713  -0.0012
   24.6     2.35   4.739  -0.0016
   24.8     2.40   4.766  -0.0018
   24.9     2.45   4.793   0.0031
   25.0     2.45   4.820   0.0016
   25.1     2.49   4.847  -0.0003
   25.2     2.57   4.874  -0.0028
   25.4     2.64   4.900  -0.0049
   25.5     2.65   4.927  -0.0049
   25.7     2.72   4.954  -0.0009
   25.8     2.76   4.981  -0.0023
   26.0     2.78   5.008  -0.0053
   26.1     2.84   5.034  -0.0016
   26.2     2.92   5.061  -0.0017
   26.5     2.98   5.088  -0.0016
   26.5     3.03   5.115  -0.0014
   26.7     3.06   5.142  -0.0008
   26.9     3.09   5.168   0.0009
   27.0     3.14   5.195   0.0000
   27.2     3.21   5.222   0.0002
   27.3     3.20   5.249   0.0038
   27.5     3.27   5.276   0.0089
   27.5     3.29   5.303   0.0111
   27.7     3.34   5.329   0.0111
   27.8     3.40   5.357   0.0090
   28.1     3.45   5.384   0.0092
   28.3     3.53   5.410   0.0094
   28.4     3.54   5.437   0.0066
   28.6     3.65   5.464   0.0062
   28.8     3.65   5.491   0.0048
   28.9     3.67   5.518   0.0073
   29.1     3.70   5.545   0.0044
   29.3     3.77   5.572   0.0075
   29.4     3.80   5.600   0.0079
   29.6     3.82   5.627   0.0086
   29.7     3.87   5.654   0.0093
   30.0     3.93   5.681   0.0134
   30.1     3.97   5.708   0.0138
   30.3     4.04   5.735   0.0106
   30.5     4.06   5.762   0.0074
   30.6     4.11   5.789   0.0123
   30.9     4.21   5.815   0.0145
   31.0     4.25   5.841   0.0088
   31.3     4.30   5.868   0.0111
   31.5     4.31   5.895   0.0169
   31.5     4.35   5.921   0.0113
   31.8     4.36   5.948   0.0122
   32.1     4.45   5.975   0.0135
   32.2     4.46   6.001   0.0130
   32.3     4.52   6.028   0.0166
   32.5     4.57   6.055   0.0187
   32.7     4.58   6.082   0.0183
   32.9     4.63   6.108   0.0204
   33.1     4.68   6.135   0.0193
   33.3     4.70   6.163   0.0185
   33.5     4.76   6.189   0.0205
   33.7     4.79   6.216   0.0201
   33.8     4.85   6.242   0.0207
   34.1     4.87   6.269   0.0212
   34.2     4.90   6.296   0.0207
   34.4     4.94   6.323   0.0192
   34.7     5.01   6.350   0.0189
   34.9     5.03   6.377   0.0209
   35.2     5.09   6.404   0.0112
   35.4     5.14   6.430   0.0135
   35.6     5.19   6.457   0.0135
   35.8     5.27   6.484   0.0139
   36.0     5.34   6.511   0.0182
   36.3     5.34   6.538   0.0178
   36.4     5.41   6.566   0.0162
   36.7     5.44   6.592   0.0151
   37.0     5.47   6.620   0.0177
   37.1     5.51   6.647   0.0155
   37.4     5.57   6.674   0.0046
   37.6     5.59   6.701   0.0108
   37.8     5.65   6.728   0.0100
   38.0     5.67   6.755   0.0071
   38.2     5.70   6.782   0.0060
   38.4     5.78   6.809   0.0088
   38.7     5.79   6.836   0.0157
   39.0     5.83   6.863   0.0266
   39.1     5.89   6.890   0.0249
   39.3     5.95   6.917   0.0230
   39.6     5.96   6.944   0.0256
   39.8     6.00   6.970   0.0243
   40.0     6.05   6.997   0.0228
   40.3     6.08   7.024   0.0258
   40.5     6.14   7.051   0.0252
   40.7     6.16   7.078   0.0195
   40.9     6.21   7.105   0.0125
   41.1     6.24   7.132   0.0144
   41.4     6.28   7.159   0.0162
   41.7     6.29   7.185   0.0169
   41.9     6.31   7.212   0.0145
   42.0     6.41   7.239   0.0153
   42.3     6.45   7.265   0.0110
   42.5     6.47   7.292   0.0121
   42.8     6.48   7.319   0.0108
   43.0     6.52   7.347   0.0133
   43.2     6.55   7.374   0.0170
   43.5     6.61   7.401   0.0216
   43.8     6.67   7.428   0.0192
   44.0     6.65   7.455   0.0198
   44.2     6.71   7.482   0.0185
   44.5     6.76   7.509   0.0214
   44.7     6.77   7.536   0.0202
   45.0     6.82   7.564   0.0201
   45.2     6.88   7.590   0.0212
   45.5     6.91   7.618   0.0202
   45.7     6.92   7.644   0.0196
   45.9     6.99   7.671   0.0180
   46.2     6.96   7.698   0.0152
   46.3     7.02   7.725   0.0164
   46.7     7.00   7.752   0.0134
   46.9     7.07   7.779   0.0119
   47.2     7.13   7.806   0.0124
   47.4     7.17   7.833   0.0141
   47.7     7.15   7.860   0.0101
   47.9     7.20   7.887   0.0136
   48.1     7.26   7.914   0.0111
   48.4     7.27   7.941   0.0112
   48.6     7.35   7.968   0.0146
   49.0     7.35   7.995   0.0156
   49.1     7.34   8.022   0.0166
   49.4     7.34   8.049   0.0174
   49.6     7.42   8.076   0.0211
   49.8     7.45   8.103   0.0230
   50.2     7.49   8.130   0.0228
   50.3     7.50   8.157   0.0205
   50.6     7.57   8.183   0.0242
   50.9     7.55   8.210   0.0227
   51.1     7.58   8.237   0.0230
   51.4     7.62   8.264   0.0260
   51.6     7.66   8.291   0.0242
   51.9     7.64   8.318   0.0223
   52.1     7.67   8.345   0.0221
   52.2     7.68   8.372   0.0221
   52.5     7.72   8.399   0.0219
   52.8     7.75   8.426   0.0262
   53.0     7.77   8.453   0.0248
   53.3     7.81   8.480   0.0259
   53.7     7.87   8.507   0.0184
   53.9     7.92   8.534   0.0215
   54.1     7.92   8.561   0.0207
   54.4     7.94   8.588   0.0211
   54.8     7.95   8.616   0.0216
   54.9     7.96   8.642   0.0219
   55.2     7.98   8.670   0.0194
   55.4     8.02   8.697   0.0218
   55.7     8.02   8.724   0.0213
   56.0     8.04   8.751   0.0229
   56.2     8.07   8.778   0.0226
   56.4     8.07   8.805   0.0220
   56.6     8.12   8.832   0.0221
   57.0     8.16   8.860   0.0240
   57.3     8.15   8.887   0.0216
   57.5     8.20   8.914   0.0248
   57.8     8.21   8.941   0.0218
   58.0     8.21   8.967   0.0221
   58.3     8.24   8.995   0.0202
   58.6     8.27   9.021   0.0162
   58.8     8.30   9.048   0.0184
   59.0     8.32   9.075   0.0154
   59.4     8.33   9.102   0.0154
   59.6     8.33   9.129   0.0186
   59.7     8.38   9.155   0.0181
   60.1     8.40   9.182   0.0209
   60.4     8.41   9.210   0.0208
   60.6     8.39   9.236   0.0182
   60.9     8.47   9.264   0.0182
   61.1     8.47   9.291   0.0209
   61.3     8.49   9.318   0.0224
   61.6     8.51   9.345   0.0205
   61.9     8.52   9.372   0.0164
   62.2     8.55   9.399   0.0158
   62.4     8.53   9.426   0.0177
   62.7     8.59   9.453   0.0191
   63.0     8.58   9.480   0.0188
   63.3     8.60   9.507   0.0172
   63.5     8.62   9.534   0.0182
   63.8     8.65   9.561   0.0191
   64.0     8.68   9.588   0.0243
   64.3     8.69   9.616   0.0193
   64.5     8.67   9.644   0.0216
   64.8     8.68   9.671   0.0220
   65.1     8.72   9.697   0.0194
   65.3     8.71   9.725   0.0159
   65.6     8.71   9.752   0.0181
   65.9     8.72   9.779   0.0220
   66.1     8.75   9.806   0.0219
   66.4     8.78   9.833   0.0209
   66.7     8.79   9.860   0.0230
   66.9     8.81   9.887   0.0216
   67.3     8.82   9.914   0.0241
   67.5     8.83   9.941   0.0254
   67.8     8.83   9.968   0.0265
   68.0     8.84   9.995   0.0288
   68.3     8.85  10.022   0.0296
   68.5     8.88  10.049   0.0289
   68.9     8.90  10.076   0.0288
   69.1     8.91  10.103   0.0328
   69.4     8.98  10.130   0.0301
   69.6     8.95  10.157   0.0325
   70.0     8.94  10.184   0.0338
   70.1     8.95  10.211   0.0328
   70.4     8.93  10.238   0.0313
   70.7     8.97  10.265   0.0305
   71.0     8.98  10.292   0.0298
   71.2     8.99  10.319   0.0280
   71.5     9.00  10.346   0.0290
   71.8     9.03  10.373   0.0214
   72.1     9.01  10.400   0.0235
   72.4     9.05  10.428   0.0253
   72.6     9.05  10.455   0.0256
   72.9     9.06  10.481   0.0227
   73.1     9.05  10.508   0.0223
   73.3     9.08  10.535   0.0257
   73.6     9.05  10.561   0.0221
   74.0     9.11  10.588   0.0234
   74.2     9.10  10.616   0.0230
   74.4     9.12  10.642   0.0235
   74.7     9.11  10.669   0.0261
   75.0     9.15  10.696   0.0279
   75.2     9.15  10.723   0.0288
   75.5     9.13  10.750   0.0257
   75.8     9.15  10.777   0.0264
   76.1     9.14  10.803   0.0295
   76.4     9.12  10.830   0.0282
   76.6     9.15  10.857   0.0265
   76.9     9.14  10.884   0.0269
   77.1     9.13  10.911   0.0271
   77.4     9.16  10.938   0.0283
   77.7     9.19  10.964   0.0273
   78.0     9.17  10.991   0.0252
   78.1     9.19  11.019   0.0285
   78.6     9.18  11.046   0.0299
   78.8     9.21  11.073   0.0296
   79.1     9.18  11.100   0.0287
   79.3     9.18  11.127   0.0270
   79.6     9.21  11.154   0.0267
   79.8     9.19  11.180   0.0259
   80.1     9.18  11.207   0.0267
   80.3     9.18  11.234   0.0303
   80.6     9.18  11.260   0.0295
   80.9     9.22  11.287   0.0325
   81.1     9.23  11.314   0.0287
   81.4     9.22  11.340   0.0273
   81.7     9.18  11.367   0.0306
   82.0     9.24  11.393   0.0325
   82.2     9.24  11.420   0.0326
   82.5     9.22  11.447   0.0330
   82.8     9.25  11.474   0.0330
   83.1     9.25  11.502   0.0356
   83.4     9.22  11.529   0.0344
   83.5     9.22  11.555   0.0323
   83.8     9.24  11.583   0.0348
   84.1     9.26  11.610   0.0356
   84.3     9.27  11.636   0.0357
   84.6     9.23  11.663   0.0354
   84.9     9.24  11.690   0.0358
   85.2     9.24  11.716   0.0349
   85.4     9.24  11.743   0.0331
   85.7     9.24  11.771   0.0308
   86.0     9.26  11.798   0.0310
   86.3     9.24  11.826   0.0335
   86.6     9.28  11.853   0.0299
   86.8     9.24  11.880   0.0298
   87.1     9.21  11.907   0.0328
   87.3     9.19  11.934   0.0367
   87.6     9.25  11.961   0.0378
   87.9     9.25  11.988   0.0382
   88.1     9.25  12.015   0.0339
   88.4     9.25  12.042   0.0357
   88.8     9.25  12.069   0.0319
   89.0     9.27  12.096   0.0290
   89.3     9.27  12.123   0.0288
   89.5     9.27  12.149   0.0310
   89.7     9.29  12.177   0.0330
   90.1     9.26  12.204   0.0364
   90.3     9.19  12.231   0.0335
   90.6     9.26  12.259   0.0319
   90.9     9.27  12.286   0.0312
   91.2     9.29  12.313   0.0313
   91.5     9.24  12.340   0.0338
   91.6     9.24  12.367   0.0307
   91.9     9.24  12.393   0.0327
   92.2     9.24  12.420   0.0304
   92.5     9.23  12.446   0.0309
   92.7     9.25  12.474   0.0313
   92.9     9.21  12.501   0.0345
   93.3     9.22  12.528   0.0364
   93.5     9.24  12.554   0.0380
   93.9     9.26  12.581   0.0369
   94.1     9.28  12.609   0.0395
   94.4     9.27  12.636   0.0373
   94.7     9.25  12.663   0.0390
   94.9     9.25  12.690   0.0381
   95.3     9.26  12.717   0.0350
   95.4     9.24  12.744   0.0321
   95.7     9.24  12.771   0.0346
   96.0     9.22  12.798   0.0369
   96.3     9.28  12.826   0.0366
   96.6     9.27  12.853   0.0362
   96.8     9.27  12.880   0.0390
   97.2     9.23  12.906   0.0389
   97.3     9.25  12.934   0.0352
   97.7     9.24  12.960   0.0330
   98.0     9.23  12.987   0.0313
   98.2     9.23  13.014   0.0293
   98.5     9.24  13.041   0.0272
   98.6     9.24  13.068   0.0282
   99.0     9.26  13.096   0.0290
   99.3     9.25  13.122   0.0327
   99.6     9.23  13.149   0.0318
   99.8     9.20  13.176   0.0291
  100.1     9.25  13.202   0.0323
  100.4     9.17  13.230   0.0348
  100.6     9.19  13.257   0.0331
  100.9     9.18  13.283   0.0348
  101.2     9.21  13.310   0.0343
  101.4     9.20  13.337   0.0318
  101.6     9.16  13.364   0.0332
  102.0     9.19  13.391   0.0317
  102.3     9.20  13.417   0.0346
  102.5     9.19  13.444   0.0361
  102.7     9.16  13.471   0.0342
  103.0     9.18  13.497   0.0299
  103.4     9.26  13.525   0.0300
  103.7     9.16  13.552   0.0349
  103.9     9.17  13.579   0.0356
  104.1     9.17  13.606   0.0342
  104.4     9.15  13.634   0.0339
  104.7     9.15  13.661   0.0329
  104.9     9.15  13.688   0.0345
  105.3     9.16  13.715   0.0315
  105.5     9.14  13.741   0.0302
  105.8     9.15  13.768   0.0337
  106.1     9.15  13.795   0.0331
  106.3     9.14  13.822   0.0343
  106.5     9.13  13.849   0.0377
  106.7     9.11  13.876   0.0380
  107.1     9.08  13.902   0.0367
  107.3     9.12  13.930   0.0338
  107.6     9.10  13.957   0.0356
  107.9     9.09  13.984   0.0332
  108.2     9.10  14.010   0.0329
  108.4     9.09  14.037   0.0380
  108.7     9.09  14.064   0.0382
  109.0     9.14  14.091   0.0377
  109.2     9.08  14.118   0.0384
  109.5     9.09  14.145   0.0411
  109.8     9.07  14.172   0.0395
  110.1     9.07  14.199   0.0390
  110.4     9.09  14.226   0.0356
  110.6     9.07  14.253   0.0342
  110.9     9.10  14.280   0.0345
  111.1     9.04  14.307   0.0367
  111.4     9.02  14.334   0.0380
  111.7     9.03  14.361   0.0380
  112.0     9.01  14.388   0.0383
  112.2     9.02  14.415   0.0374
  112.5     9.03  14.441   0.0353
  112.8     9.02  14.468   0.0365
  113.1     9.04  14.495   0.0321
  113.3     8.99  14.522   0.0334
  113.6     8.99  14.549   0.0353
  113.9     9.01  14.576   0.0313
  114.1     8.99  14.604   0.0315
  114.4     9.01  14.631   0.0302
  114.6     8.98  14.658   0.0319
  115.0     9.00  14.685   0.0352
  115.2     8.95  14.711   0.0351
  115.6     8.98  14.739   0.0336
  115.8     8.97  14.766   0.0344
  116.1     8.96  14.793   0.0348
  116.3     8.94  14.820   0.0334
  116.5     8.97  14.846   0.0373
  116.8     8.92  14.873   0.0384
  117.1     8.95  14.900   0.0343
  117.4     8.91  14.927   0.0360
  117.7     8.93  14.954   0.0352
  118.0     8.92  14.981   0.0334
  118.2     8.92  15.008   0.0333
  118.5     8.92  15.035   0.0324
  118.7     8.88  15.061   0.0328
  119.0     8.87  15.088   0.0310
  119.2     8.88  15.115   0.0315
  119.5     8.88  15.142   0.0311
  119.9     8.85  15.169   0.0320
  120.2     8.87  15.196   0.0336
  120.3     8.83  15.223   0.0340
  120.6     8.85  15.251   0.0364
  120.8     8.86  15.278   0.0329
  121.1     8.80  15.306   0.0332
  121.5     8.84  15.333   0.0351
  121.8     8.81  15.360   0.0365
  122.0     8.82  15.387   0.0390
  122.2     8.82  15.414   0.0366
  122.5     8.82  15.440   0.0342
  122.8     8.80  15.467   0.0362
  123.1     8.80  15.494   0.0354
  123.3     8.79  15.521   0.0339
  123.6     8.74  15.548   0.0319
  123.9     8.79  15.574   0.0316
  124.1     8.75  15.602   0.0277
  124.5     8.69  15.629   0.0302
  124.8     8.77  15.656   0.0333
  125.0     8.75  15.683   0.0338
  125.3     8.76  15.710   0.0347
  125.5     8.74  15.736   0.0393
  125.8     8.76  15.764   0.0387
  126.1     8.72  15.791   0.0380
  126.4     8.74  15.818   0.0401
  126.6     8.72  15.845   0.0390
  126.9     8.75  15.872   0.0363
  127.1     8.70  15.899   0.0376
  127.4     8.76  15.926   0.0410
  127.7     8.72  15.953   0.0386
  128.0     8.75  15.979   0.0389
  128.3     8.73  16.006   0.0381
  128.6     8.73  16.033   0.0385
  128.9     8.72  16.060   0.0390
  129.1     8.72  16.087   0.0376
  129.4     8.69  16.114   0.0346
  129.7     8.71  16.141   0.0363
  129.9     8.71  16.168   0.0376
  130.2     8.68  16.195   0.0368
  130.5     8.70  16.222   0.0372
  130.8     8.69  16.249   0.0368
  131.1     8.72  16.275   0.0357
  131.3     8.68  16.302   0.0358
  131.5     8.61  16.329   0.0370
  131.8     8.61  16.357   0.0384
  132.1     8.67  16.383   0.0397
  132.3     8.67  16.410   0.0392
  132.6     8.66  16.437   0.0388
  132.9     8.66  16.464   0.0403
  133.2     8.63  16.491   0.0419
  133.4     8.59  16.518   0.0412
  133.8     8.63  16.545   0.0391
  134.1     8.66  16.571   0.0397
  134.3     8.64  16.599   0.0410
  134.5     8.61  16.626   0.0380
  134.8     8.61  16.653   0.0354
  135.1     8.62  16.680   0.0355
  135.4     8.59  16.707   0.0320
  135.6     8.59  16.735   0.0376
  135.9     8.57  16.761   0.0383
  136.2     8.63  16.788   0.0373
  136.5     8.62  16.815   0.0349
  136.7     8.60  16.842   0.0383
  137.0     8.64  16.869   0.0384
  137.2     8.60  16.896   0.0373
  137.5     8.55  16.923   0.0375
  137.9     8.58  16.950   0.0368
  138.2     8.63  16.977   0.0363
  138.4     8.63  17.004   0.0375
  138.7     8.58  17.030   0.0390
  139.0     8.59  17.057   0.0413
  139.2     8.61  17.084   0.0414
  139.5     8.58  17.111   0.0389
  139.8     8.57  17.138   0.0405
  140.0     8.54  17.165   0.0380
  140.3     8.53  17.192   0.0374
  140.5     8.55  17.219   0.0413
  140.9     8.57  17.246   0.0424
  141.1     8.54  17.273   0.0441
  141.4     8.57  17.299   0.0392
  141.7     8.52  17.326   0.0420
  141.9     8.52  17.353   0.0441
  142.3     8.54  17.380   0.0465
  142.5     8.56  17.407   0.0471
  142.8     8.55  17.434   0.0495
  143.1     8.55  17.461   0.0465
  143.3     8.54  17.488   0.0431
  143.7     8.55  17.515   0.0443
  144.0     8.51  17.542   0.0462
  144.1     8.50  17.569   0.0428
  144.4     8.53  17.596   0.0425
  144.7     8.50  17.623   0.0434
  145.0     8.54  17.650   0.0428
  145.3     8.52  17.677   0.0420
  145.6     8.51  17.704   0.0395
  145.8     8.50  17.731   0.0419
  146.1     8.46  17.758   0.0404
  146.4     8.46  17.785   0.0414
  146.7     8.54  17.812   0.0397
  147.0     8.48  17.839   0.0406
  147.3     8.50  17.866   0.0417
  147.5     8.48  17.892   0.0457
  147.8     8.48  17.919   0.0420
  148.1     8.47  17.946   0.0416
  148.4     8.48  17.973   0.0437
  148.7     8.46  17.999   0.0395
  148.9     8.44  18.027   0.0426
  149.3     8.47  18.053   0.0440
  149.4     8.44  18.080   0.0399
  149.7     8.37  18.108   0.0442
  150.0     8.45  18.134   0.0413
  150.2     8.41  18.161   0.0422
  150.6     8.44  18.188   0.0431
  150.8     8.43  18.215   0.0453
  151.1     8.42  18.242   0.0471
  151.3     8.38  18.269   0.0480
  151.5     8.44  18.296   0.0464
  151.9     8.39  18.322   0.0428
  152.2     8.41  18.349   0.0450
  152.5     8.42  18.376   0.0429
  152.8     8.41  18.403   0.0439
  153.1     8.43  18.430   0.0430
  153.3     8.39  18.457   0.0417
  153.5     8.37  18.484   0.0411
  153.9     8.39  18.511   0.0435
  154.2     8.39  18.539   0.0435
  154.5     8.38  18.566   0.0485
  154.7     8.36  18.592   0.0462
  155.0     8.37  18.620   0.0485
  155.3     8.37  18.647   0.0484
  155.5     8.36  18.674   0.0419
  155.8     8.33  18.701   0.0449
  156.1     8.36  18.728   0.0449
  156.4     8.34  18.754   0.0427
  156.7     8.37  18.782   0.0381
  156.9     8.32  18.809   0.0391
  157.2     8.30  18.836   0.0382
  157.3     8.28  18.862   0.0396
  157.7     8.25  18.890   0.0456
  158.1     8.26  18.917   0.0444
  158.3     8.32  18.943   0.0432
  158.6     8.30  18.970   0.0411
  158.8     8.27  18.997   0.0404
  159.2     8.30  19.024   0.0381
  159.4     8.27  19.051   0.0351
  159.6     8.26  19.078   0.0342
  160.0     8.25  19.105   0.0394
  160.2     8.26  19.132   0.0399
  160.6     8.23  19.158   0.0399
  160.8     8.27  19.185   0.0389
  161.1     8.23  19.212   0.0355
  161.4     8.21  19.239   0.0389
  161.6     8.23  19.266   0.0426
  161.8     8.22  19.293   0.0428
  162.2     8.21  19.320   0.0379
  162.5     8.25  19.347   0.0387
  162.7     8.20  19.374   0.0395
  162.9     8.18  19.401   0.0434
  163.3     8.18  19.428   0.0439
  163.6     8.19  19.455   0.0439
  163.8     8.14  19.482   0.0475
  164.1     8.15  19.509   0.0487
  164.3     8.16  19.535   0.0482
  164.7     8.15  19.563   0.0492
  165.0     8.18  19.589   0.0468
  165.2     8.17  19.617   0.0460
  165.5     8.10  19.644   0.0490
  165.8     8.13  19.671   0.0430
  166.0     8.11  19.698   0.0411
  166.3     8.13  19.725   0.0386
  166.6     8.11  19.752   0.0421
  166.9     8.12  19.779   0.0386
  167.2     8.14  19.806   0.0412
  167.4     8.10  19.833   0.0405
  167.8     8.13  19.861   0.0410
  167.9     8.10  19.887   0.0391
  168.3     8.12  19.914   0.0409
  168.7     8.12  19.941   0.0421
  169.0     8.14  19.968   0.0421
  169.2     8.14  19.995   0.0400
  169.5     8.15  20.022   0.0427
  169.8     8.15  20.049   0.0482
  170.1     8.08  20.076   0.0461
  170.3     8.10  20.103   0.0451
  170.6     8.08  20.130   0.0463
  170.8     8.11  20.156   0.0449
  171.3     8.08  20.184   0.0392
  171.4     8.07  20.210   0.0430
  171.7     8.07  20.238   0.0410
  172.0     8.05  20.265   0.0417
  172.3     8.09  20.291   0.0410
  172.6     8.06  20.318   0.0365
  172.8     8.06  20.345   0.0398
  173.1     8.04  20.371   0.0419
  173.4     8.04  20.400   0.0378
  173.7     8.05  20.427   0.0403
  174.0     8.07  20.454   0.0430
  174.3     8.04  20.481   0.0409
  174.5     8.04  20.508   0.0402
  174.9     7.98  20.535   0.0392
  175.1     8.02  20.562   0.0410
  175.4     7.95  20.590   0.0391
  175.6     7.99  20.618   0.0385
  176.0     7.96  20.646   0.0386
  176.3     7.98  20.673   0.0354
  176.5     7.96  20.701   0.0360
  176.8     7.96  20.728   0.0371
  177.1     7.98  20.755   0.0374
  177.4     7.98  20.783   0.0384
  177.7     7.98  20.811   0.0355
  178.1     7.94  20.839   0.0355
  178.2     7.96  20.867   0.0353
  178.6     7.95  20.895   0.0334
  178.9     7.93  20.923   0.0344
  179.2     7.95  20.951   0.0365
  179.5     7.94  20.978   0.0353
  179.8     7.90  21.006   0.0361
  180.1     7.91  21.034   0.0366
  180.4     7.92  21.061   0.0319
  180.6     7.95  21.088   0.0375
  180.9     7.89  21.116   0.0385
  181.2     7.88  21.142   0.0391
  181.5     7.87  21.170   0.0399
  181.7     7.84  21.198   0.0404
  181.9     7.86  21.225   0.0382
  182.4     7.86  21.252   0.0379
  182.4     7.81  21.280   0.0414
  182.9     7.85  21.308   0.0413
  183.2     7.82  21.336   0.0398
  183.4     7.83  21.364   0.0420
  183.7     7.82  21.392   0.0445
  184.1     7.71  21.419   0.0406
  184.3     7.80  21.447   0.0412
  184.6     7.79  21.474   0.0376
  184.8     7.78  21.502   0.0388
  185.2     7.76  21.530   0.0402
  185.5     7.75  21.558   0.0422
  185.8     7.76  21.585   0.0437
  186.0     7.72  21.613   0.0443
  186.3     7.76  21.640   0.0449
  186.6     7.80  21.667   0.0472
  186.9     7.72  21.694   0.0453
  187.1     7.73  21.722   0.0438
  187.4     7.75  21.750   0.0446
  187.8     7.75  21.777   0.0473
  187.9     7.72  21.804   0.0439
  188.3     7.70  21.832   0.0412
  188.6     7.69  21.859   0.0462
  188.9     7.73  21.887   0.0477
  189.2     7.70  21.916   0.0474
  189.5     7.70  21.942   0.0400
  189.8     7.68  21.970   0.0431
  190.0     7.64  21.997   0.0468
  190.4     7.65  22.025   0.0477
  190.6     7.62  22.053   0.0462
  191.0     7.65  22.080   0.0478
  191.2     7.66  22.107   0.0459
  191.4     7.61  22.134   0.0441
  191.8     7.66  22.161   0.0473
  192.0     7.61  22.188   0.0466
  192.4     7.63  22.216   0.0467
  192.6     7.65  22.243   0.0474
  192.9     7.60  22.271   0.0457
  193.2     7.58  22.299   0.0444
  193.5     7.57  22.327   0.0471
  193.8     7.54  22.354   0.0467
  194.1     7.58  22.382   0.0482
  194.5     7.58  22.410   0.0483
  194.7     7.58  22.438   0.0512
  195.0     7.57  22.465   0.0515
  195.2     7.52  22.492   0.0455
  195.4     7.53  22.519   0.0519
  195.8     7.52  22.547   0.0492
  196.1     7.50  22.575   0.0490
  196.3     7.48  22.604   0.0450
  196.6     7.53  22.632   0.0477
  197.1     7.48  22.660   0.0462
  197.3     7.49  22.689   0.0457
  197.6     7.49  22.717   0.0452
  198.0     7.48  22.744   0.0462
  198.1     7.48  22.772   0.0432
  198.5     7.48  22.799   0.0419
  198.7     7.46  22.826   0.0450
  199.1     7.53  22.853   0.0473
  199.4     7.46  22.880   0.0445
  199.6     7.48  22.907   0.0441
  199.9     7.42  22.934   0.0394
  200.2     7.45  22.961   0.0374
  200.5     7.42  22.989   0.0379
  200.7     7.42  23.017   0.0405
  201.1     7.40  23.045   0.0401
  201.4     7.40  23.072   0.0386
  201.6     7.38  23.100   0.0417
  201.9     7.38  23.128   0.0394
  202.3     7.35  23.156   0.0404
  202.5     7.37  23.184   0.0441
  202.8     7.36  23.211   0.0427
  203.2     7.36  23.238   0.0412
  203.4     7.34  23.265   0.0387
  203.7     7.32  23.293   0.0420
  203.9     7.32  23.321   0.0430
  204.2     7.34  23.348   0.0426
  204.6     7.30  23.376   0.0392
  204.7     7.32  23.403   0.0380
  205.1     7.27  23.430   0.0374
  205.5     7.27  23.457   0.0389
  205.7     7.24  23.485   0.0395
  206.0     7.26  23.512   0.0411
  206.3     7.30  23.540   0.0383
  206.5     7.23  23.567   0.0375
  206.9     7.19  23.596   0.0402
  207.2     7.23  23.624   0.0419
  207.4     7.21  23.651   0.0418
  207.8     7.21  23.679   0.0459
  208.0     7.20  23.707   0.0516
  208.3     7.14  23.734   0.0490
  208.6     7.18  23.762   0.0444
  208.9     7.18  23.789   0.0421
  209.2     7.19  23.817   0.0405
  209.5     7.19  23.844   0.0381
  209.8     7.15  23.872   0.0360
  210.0     7.11  23.899   0.0378
  210.3     7.12  23.926   0.0409
  210.6     7.10  23.953   0.0420
  210.8     7.07  23.980   0.0380
  211.1     7.11  24.008   0.0394
  211.5     7.09  24.035   0.0371
  211.7     7.03  24.062   0.0361
  212.0     7.07  24.090   0.0357
  212.3     7.09  24.117   0.0327
  212.6     7.03  24.144   0.0303
  212.9     7.04  24.172   0.0317
  213.1     7.01  24.200   0.0327
  213.4     7.02  24.228   0.0328
  213.7     7.03  24.256   0.0404
  214.0     6.99  24.284   0.0365
  214.3     7.00  24.312   0.0345
  214.5     6.99  24.339   0.0364
  214.8     6.97  24.367   0.0364
  215.2     6.97  24.395   0.0354
  215.4     6.97  24.423   0.0343
  215.8     6.95  24.449   0.0306
  216.0     6.93  24.477   0.0341
  216.3     6.92  24.504   0.0367
  216.6     6.90  24.532   0.0349
  216.8     6.89  24.560   0.0377
  217.1     6.89  24.587   0.0365
  217.5     6.89  24.617   0.0377
  217.8     6.87  24.645   0.0356
  218.0     6.87  24.672   0.0333
  218.4     6.87  24.700   0.0329
  218.6     6.89  24.728   0.0337
  218.9     6.86  24.756   0.0339
  219.2     6.84  24.783   0.0364
  219.4     6.86  24.811   0.0378
  219.8     6.80  24.839   0.0361
  220.0     6.80  24.866   0.0345
  220.3     6.81  24.893   0.0348
  220.5     6.81  24.921   0.0325
  220.9     6.79  24.948   0.0333
  221.1     6.80  24.976   0.0383
  221.5     6.77  25.003   0.0353
  221.7     6.76  25.031   0.0359
  222.0     6.79  25.059   0.0354
  222.3     6.77  25.086   0.0362
  222.6     6.75  25.113   0.0364
  222.9     6.74  25.140   0.0424
  223.1     6.77  25.167   0.0393
  223.4     6.75  25.194   0.0420
  223.6     6.71  25.221   0.0382
  223.9     6.73  25.248   0.0408
  224.2     6.69  25.275   0.0382
  224.6     6.70  25.303   0.0396
  224.8     6.68  25.331   0.0420
  225.1     6.67  25.358   0.0445
  225.3     6.64  25.386   0.0395
  225.7     6.68  25.413   0.0354
  226.0     6.65  25.439   0.0404
  226.2     6.67  25.466   0.0390
  226.6     6.66  25.493   0.0416
  226.8     6.65  25.521   0.0375
  227.0     6.60  25.548   0.0369
  227.4     6.63  25.575   0.0332
  227.6     6.64  25.604   0.0333
  228.0     6.62  25.632   0.0311
  228.2     6.59  25.659   0.0323
  228.6     6.60  25.688   0.0327
  228.8     6.57  25.716   0.0327
  229.1     6.59  25.743   0.0305
  229.5     6.61  25.772   0.0332
  229.7     6.59  25.799   0.0321
  230.0     6.63  25.828   0.0348
  230.3     6.54  25.855   0.0339
  230.5     6.52  25.883   0.0322
  230.8     6.44  25.911   0.0334
  231.1     6.50  25.939   0.0382
  231.3     6.48  25.966   0.0368
  231.7     6.49  25.994   0.0390
  231.9     6.48  26.021   0.0398
  232.2     6.44  26.048   0.0374
  232.6     6.48  26.075   0.0348
  232.8     6.47  26.102   0.0370
  233.1     6.44  26.130   0.0395
  233.4     6.49  26.158   0.0379
  233.7     6.51  26.185   0.0400
  234.0     6.50  26.213   0.0413
  234.2     6.48  26.241   0.0418
  234.6     6.43  26.269   0.0426
  234.8     6.41  26.296   0.0439
  235.1     6.41  26.324   0.0432
  235.5     6.42  26.352   0.0425
  235.7     6.45  26.379   0.0446
  236.0     6.43  26.407   0.0440
  236.4     6.41  26.434   0.0445
  236.5     6.38  26.461   0.0442
  236.8     6.38  26.488   0.0410
  237.1     6.37  26.516   0.0403
  237.4     6.35  26.544   0.0411
  237.7     6.38  26.572   0.0428
  237.9     6.33  26.601   0.0410
  238.3     6.33  26.627   0.0423
  238.6     6.36  26.655   0.0468
  238.8     6.31  26.682   0.0462
  239.1     6.30  26.710   0.0493
  239.4     6.31  26.737   0.0480
  239.7     6.27  26.765   0.0423
  240.0     6.26  26.792   0.0430
  240.3     6.27  26.820   0.0459
  240.6     6.27  26.848   0.0459
  240.9     6.25  26.876   0.0441
  241.1     6.26  26.903   0.0446
  241.4     6.21  26.931   0.0441
  241.7     6.21  26.958   0.0425
  242.0     6.20  26.985   0.0402
  242.3     6.22  27.014   0.0398
  242.6     6.21  27.041   0.0376
  242.9     6.18  27.070   0.0400
  243.2     6.20  27.097   0.0423
  243.5     6.21  27.124   0.0457
  243.8     6.21  27.151   0.0429
  244.1     6.14  27.180   0.0426
  244.3     6.16  27.208   0.0435
  244.7     6.14  27.235   0.0480
  244.9     6.18  27.263   0.0472
  245.2     6.14  27.291   0.0442
  245.5     6.13  27.319   0.0387
  245.7     6.11  27.347   0.0423
  246.0     6.12  27.374   0.0431
  246.3     6.13  27.403   0.0445
  246.7     6.10  27.431   0.0432
  246.9     6.11  27.458   0.0429
  247.2     6.11  27.485   0.0448
  247.5     6.08  27.512   0.0441
  247.7     6.08  27.540   0.0451
  248.2     6.09  27.569   0.0434
  248.4     6.11  27.596   0.0438
  248.7     6.10  27.625   0.0455
  249.0     6.06  27.652   0.0487
  249.3     6.10  27.680   0.0454
  249.5     6.04  27.708   0.0441
  249.8     6.05  27.735   0.0467
  250.1     6.04  27.763   0.0464
  250.4     6.03  27.791   0.0470
  250.7     6.02  27.818   0.0462
  251.0     6.01  27.846   0.0466
  251.3     6.01  27.873   0.0464
  251.5     5.98  27.902   0.0465
  251.9     5.96  27.930   0.0467
  252.1     5.94  27.958   0.0432
  252.4     5.97  27.986   0.0447
  252.7     5.99  28.014   0.0421
  253.0     6.01  28.041   0.0459
  253.3     5.96  28.069   0.0468
  253.6     5.94  28.097   0.0436
  253.9     5.94  28.124   0.0427
  254.2     5.93  28.151   0.0431
  254.4     5.92  28.178   0.0435
  254.8     5.90  28.206   0.0407
  255.0     5.88  28.234   0.0405
  255.4     5.86  28.261   0.0449
  255.6     5.87  28.289   0.0437
  256.0     5.85  28.316   0.0424
  256.1     5.87  28.344   0.0428
  256.5     5.84  28.372   0.0418
  256.7     5.83  28.399   0.0435
  257.0     5.83  28.427   0.0416
  257.3     5.84  28.455   0.0451
  257.6     5.83  28.482   0.0457
  257.9     5.83  28.509   0.0483
  258.1     5.80  28.536   0.0486
  258.5     5.84  28.564   0.0491
  258.8     5.84  28.591   0.0461
  259.1     5.78  28.621   0.0468
  259.4     5.86  28.648   0.0435
  259.7     5.80  28.676   0.0417
  260.0     5.78  28.703   0.0454
  260.2     5.77  28.731   0.0463
  260.6     5.77  28.760   0.0446
  260.8     5.77  28.788   0.0449
  261.2     5.77  28.816   0.0452
  261.3     5.71  28.843   0.0460
  261.7     5.79  28.872   0.0446
  262.0     5.73  28.900   0.0466
  262.3     5.73  28.928   0.0461
  262.6     5.71  28.956   0.0474
  262.8     5.71  28.984   0.0439
  263.2     5.72  29.011   0.0424
  263.4     5.70  29.040   0.0433
  263.7     5.71  29.068   0.0458
  264.0     5.69  29.096   0.0417
  264.4     5.68  29.124   0.0443
  264.6     5.65  29.151   0.0465
  264.9     5.65  29.179   0.0434
  265.2     5.68  29.208   0.0446
  265.5     5.62  29.235   0.0439
  265.8     5.66  29.262   0.0475
  266.2     5.63  29.289   0.0467
  266.4     5.67  29.317   0.0469
  266.6     5.65  29.345   0.0442
  266.9     5.63  29.372   0.0470
  267.2     5.61  29.400   0.0452
  267.6     5.60  29.427   0.0477
  267.8     5.64  29.454   0.0453
  268.1     5.52  29.482   0.0467
  268.5     5.61  29.509   0.0445
  268.7     5.59  29.536   0.0441
  269.0     5.56  29.564   0.0438
  269.3     5.60  29.592   0.0469
  269.7     5.57  29.621   0.0463
  269.9     5.58  29.648   0.0457
  270.3     5.57  29.675   0.0427
  270.5     5.60  29.702   0.0476
  270.8     5.60  29.729   0.0445
  271.0     5.60  29.757   0.0442
  271.3     5.59  29.784   0.0476
  271.7     5.55  29.811   0.0501
  271.9     5.58  29.839   0.0515
  272.2     5.53  29.866   0.0490
  272.6     5.56  29.893   0.0492
  272.8     5.55  29.921   0.0495
  273.1     5.55  29.948   0.0441
  273.2     5.55  29.975   0.0455
  273.6     5.51  30.003   0.0447
  273.9     5.49  30.030   0.0436
  274.1     5.48  30.058   0.0472
  274.4     5.48  30.086   0.0459
  274.7     5.44  30.114   0.0468
  275.0     5.44  30.141   0.0442
  275.3     5.41  30.171   0.0455
  275.7     5.46  30.198   0.0438
  275.9     5.41  30.225   0.0462
  276.2     5.38  30.253   0.0432
  276.5     5.43  30.280   0.0403
  276.8     5.39  30.308   0.0388
  277.0     5.41  30.335   0.0428
  277.4     5.35  30.362   0.0477
  277.6     5.37  30.390   0.0468
  278.0     5.39  30.417   0.0456
  278.2     5.34  30.445   0.0441
  278.5     5.32  30.474   0.0444
  278.8     5.31  30.501   0.0467
  279.0     5.33  30.528   0.0437
  279.3     5.28  30.555   0.0460
  279.7     5.28  30.584   0.0461
  280.0     5.31  30.612   0.0438
  280.2     5.30  30.640   0.0473
  280.5     5.25  30.667   0.0441
  280.8     5.21  30.695   0.0450
  281.0     5.23  30.722   0.0390
  281.3     5.22  30.750   0.0417
  281.7     5.21  30.777   0.0440
  282.0     5.18  30.806   0.0441
  282.2     5.24  30.833   0.0429
  282.5     5.22  30.860   0.0451
  282.8     5.23  30.887   0.0444
  283.1     5.21  30.915   0.0419
  283.4     5.21  30.942   0.0387
  283.7     5.17  30.970   0.0451
  284.1     5.17  30.997   0.0419
  284.3     5.16  31.026   0.0417
  284.6     5.20  31.054   0.0444
  284.8     5.14  31.081   0.0419
  285.0     5.10  31.109   0.0416
  285.3     5.09  31.136   0.0456
  285.7     5.08  31.164   0.0432
  286.0     5.09  31.193   0.0408
  286.3     5.08  31.221   0.0419
  286.7     5.07  31.248   0.0412
  286.9     5.08  31.276   0.0377
  287.1     5.05  31.303   0.0402
  287.5     5.09  31.330   0.0388
  287.7     5.10  31.358   0.0401
  288.0     5.10  31.385   0.0439
  288.3     5.12  31.413   0.0416
  288.6     5.10  31.440   0.0442
  288.8     5.07  31.467   0.0441
  289.2     5.08  31.494   0.0429
  289.4     5.08  31.521   0.0416
  289.7     5.07  31.548   0.0428
  290.0     5.07  31.576   0.0404
  290.3     5.04  31.604   0.0417
  290.6     5.03  31.632   0.0432
  290.8     5.04  31.659   0.0450
  291.2     5.01  31.686   0.0435
  291.4     5.01  31.714   0.0447
  291.7     5.00  31.741   0.0466
  291.9     4.98  31.769   0.0483
  292.2     4.97  31.796   0.0486
  292.6     5.00  31.825   0.0459
  292.8     4.98  31.852   0.0507
  293.0     4.95  31.879   0.0516
  293.4     4.94  31.907   0.0535
  293.6     4.93  31.934   0.0511
  293.9     4.92  31.962   0.0513
  294.2     4.91  31.990   0.0464
  294.5     4.90  32.018   0.0490
  294.8     4.89  32.046   0.0465
  295.1     4.90  32.073   0.0473
  295.4     4.89  32.101   0.0479
  295.7     4.93  32.128   0.0458
  295.9     4.91  32.156   0.0408
  296.2     4.92  32.183   0.0442
  296.6     4.92  32.211   0.0418
  296.8     4.88  32.239   0.0439
  297.1     4.87  32.266   0.0442
  297.4     4.89  32.293   0.0429
  297.6     4.86  32.320   0.0443
  297.9     4.85  32.348   0.0459
  298.4     4.88  32.375   0.0431
  298.5     4.86  32.403   0.0436
  298.8     4.79  32.431   0.0431
  299.0     4.86  32.458   0.0424
  299.3     4.85  32.486   0.0406
  299.7     4.85  32.514   0.0457
  300.0     4.84  32.541   0.0403
  300.2     4.83  32.569   0.0418
  300.5     4.79  32.597   0.0429
  300.7     4.72  32.625   0.0459
  301.0     4.76  32.653   0.0450
  301.3     4.76  32.681   0.0403
  301.7     4.77  32.708   0.0408
  301.9     4.77  32.736   0.0423
  302.2     4.73  32.764   0.0416
  302.5     4.73  32.792   0.0397
  302.7     4.74  32.820   0.0359
  303.1     4.72  32.848   0.0383
  303.4     4.77  32.876   0.0377
  303.6     4.75  32.905   0.0379
  304.0     4.71  32.934   0.0387
  304.3     4.70  32.963   0.0374
  304.6     4.69  32.991   0.0387
  304.8     4.74  33.018   0.0392
  305.2     4.67  33.046   0.0420
  305.4     4.68  33.074   0.0408
  305.7     4.71  33.103   0.0426
  306.0     4.67  33.130   0.0447
  306.3     4.70  33.158   0.0444
  306.6     4.69  33.186   0.0458
  306.9     4.66  33.214   0.0433
  307.2     4.66  33.241   0.0423
  307.5     4.64  33.269   0.0460
  307.8     4.67  33.296   0.0440
  308.2     4.63  33.324   0.0487
  308.3     4.62  33.352   0.0462
  308.7     4.61  33.379   0.0446
  308.9     4.66  33.407   0.0478
  309.3     4.64  33.433   0.0483
  309.6     4.60  33.461   0.0517
  309.7     4.65  33.487   0.0502
  310.1     4.60  33.516   0.0533
  310.4     4.66  33.544   0.0546
  310.7     4.63  33.571   0.0536
  310.9     4.57  33.599   0.0554
  311.3     4.60  33.627   0.0520
  311.6     4.60  33.655   0.0528
  311.9     4.58  33.683   0.0503
  312.2     4.60  33.711   0.0540
  312.6     4.64  33.740   0.0570
  312.9     4.62  33.768   0.0569
  313.2     4.65  33.795   0.0540
  313.5     4.60  33.823   0.0559
  313.8     4.63  33.851   0.0542
  314.1     4.63  33.878   0.0566
  314.4     4.63  33.905   0.0577
  314.7     4.60  33.933   0.0571
  315.0     4.61  33.960   0.0515
  315.3     4.59  33.987   0.0480
  315.5     4.57  34.015   0.0518
  315.7     4.58  34.043   0.0530
  316.1     4.57  34.071   0.0586
  316.5     4.59  34.099   0.0612
  316.7     4.60  34.127   0.0611
  317.0     4.60  34.154   0.0590
  317.2     4.57  34.181   0.0519
  317.6     4.56  34.209   0.0506
  317.9     4.53  34.237   0.0558
  318.3     4.58  34.264   0.0610
  318.4     4.51  34.291   0.0586
  318.7     4.51  34.319   0.0541
  319.1     4.53  34.348   0.0569
  319.4     4.53  34.376   0.0574
  319.7     4.52  34.403   0.0563
  320.0     4.50  34.430   0.0564
  320.2     4.49  34.459   0.0551
  320.5     4.49  34.488   0.0524
  320.8     4.51  34.517   0.0495
  321.1     4.50  34.545   0.0501
  321.4     4.44  34.573   0.0537
  321.7     4.45  34.601   0.0527
  322.0     4.42  34.628   0.0525
  322.2     4.45  34.656   0.0535
  322.6     4.46  34.684   0.0579
  322.9     4.43  34.713   0.0538
  323.2     4.45  34.740   0.0523
  323.5     4.47  34.768   0.0522
  323.7     4.41  34.796   0.0484
  324.1     4.41  34.825   0.0475
  324.4     4.43  34.852   0.0487
  324.7     4.41  34.880   0.0503
  325.0     4.44  34.908   0.0494
  325.3     4.42  34.935   0.0483
  325.5     4.38  34.963   0.0486
  325.9     4.39  34.990   0.0507
  326.2     4.36  35.018   0.0505
  326.4     4.32  35.047   0.0514
  326.8     4.38  35.074   0.0519
  327.0     4.38  35.102   0.0537
  327.5     4.36  35.130   0.0521
  327.7     4.35  35.157   0.0528
  328.0     4.33  35.185   0.0510
  328.3     4.34  35.213   0.0528
  328.4     4.31  35.240   0.0513
  328.8     4.34  35.267   0.0544
  329.2     4.29  35.295   0.0520
  329.4     4.34  35.322   0.0533
  329.7     4.34  35.350   0.0463
  330.0     4.35  35.378   0.0471
  330.4     4.31  35.405   0.0468
  330.6     4.33  35.432   0.0460
  330.8     4.30  35.460   0.0490
  331.1     4.27  35.487   0.0513
  331.4     4.31  35.515   0.0529
  331.8     4.32  35.542   0.0492
  332.1     4.32  35.570   0.0503
  332.3     4.26  35.599   0.0521
  332.6     4.24  35.627   0.0538
  332.8     4.24  35.654   0.0544
  333.3     4.26  35.682   0.0497
  333.5     4.25  35.709   0.0534
  333.7     4.25  35.737   0.0512
  334.1     4.19  35.766   0.0501
  334.3     4.22  35.795   0.0523
  334.7     4.25  35.822   0.0524
  334.9     4.21  35.850   0.0531
  335.2     4.18  35.878   0.0509
  335.5     4.17  35.905   0.0531
  335.8     4.18  35.933   0.0528
  336.1     4.17  35.960   0.0546
  336.4     4.19  35.987   0.0519
  336.8     4.18  36.015   0.0518
  337.0     4.15  36.042   0.0513
  337.2     4.11  36.069   0.0558
  337.5     4.15  36.098   0.0536
  337.8     4.15  36.125   0.0476
  338.1     4.15  36.152   0.0476
  338.4     4.15  36.180   0.0532
  338.7     4.11  36.209   0.0514
  339.1     4.12  36.236   0.0511
  339.3     4.10  36.263   0.0510
  339.5     4.12  36.291   0.0504
  339.9     4.09  36.318   0.0487
  340.3     4.08  36.345   0.0503
  340.4     4.06  36.373   0.0476
  340.8     4.05  36.401   0.0497
  341.1     4.09  36.429   0.0507
  341.2     4.02  36.456   0.0526
  341.6     4.03  36.483   0.0515
  341.9     4.04  36.510   0.0521
  342.2     4.05  36.538   0.0541
  342.4     4.04  36.566   0.0574
  342.7     4.03  36.593   0.0554
  343.1     4.06  36.622   0.0552
  343.4     4.04  36.650   0.0517
  343.6     3.93  36.678   0.0523
  344.0     4.01  36.706   0.0507
  344.3     4.02  36.733   0.0507
  344.4     3.98  36.761   0.0497
  344.7     3.98  36.788   0.0497
  345.1     4.00  36.816   0.0501
  345.4     3.96  36.843   0.0520
  345.6     3.98  36.871   0.0532
  345.9     3.95  36.898   0.0540
  346.3     4.04  36.926   0.0515
  346.5     3.99  36.952   0.0535
  346.9     4.07  36.981   0.0539
  347.2     4.02  37.009   0.0524
  347.4     3.98  37.037   0.0554
  347.8     4.00  37.066   0.0612
  348.0     3.95  37.093   0.0610
  348.3     3.95  37.120   0.0612
  348.6     3.95  37.147   0.0533
  348.9     3.91  37.174   0.0522
  349.1     3.90  37.201   0.0508
  349.3     3.91  37.228   0.0525
  349.7     3.91  37.256   0.0532
  350.1     3.91  37.284   0.0560
  350.3     3.88  37.312   0.0598
  350.5     3.84  37.340   0.0584
  350.9     3.86  37.367   0.0540
  351.2     3.86  37.395   0.0564
  351.5     3.85  37.422   0.0568
  351.7     3.85  37.450   0.0593
  352.1     3.84  37.478   0.0606
  352.3     3.85  37.506   0.0596
  352.6     3.83  37.534   0.0597
  352.9     3.84  37.564   0.0602
  353.2     3.83  37.592   0.0586
  353.5     3.85  37.621   0.0571
  353.8     3.83  37.648   0.0583
  354.1     3.81  37.676   0.0595
  354.4     3.83  37.703   0.0566
  354.8     3.81  37.732   0.0569
  354.9     3.83  37.759   0.0556
  355.2     3.78  37.787   0.0561
  355.6     3.80  37.814   0.0585
  355.9     3.79  37.841   0.0597
  356.2     3.79  37.869   0.0562
  356.5     3.81  37.898   0.0601
  356.6     3.73  37.925   0.0601
  357.1     3.82  37.953   0.0552
  357.4     3.81  37.980   0.0562
  357.7     3.79  38.007   0.0590
  357.9     3.78  38.035   0.0591
  358.1     3.78  38.062   0.0574
  358.5     3.80  38.089   0.0599
  358.8     3.80  38.116   0.0571
  359.1     3.75  38.144   0.0569
  359.4     3.76  38.173   0.0590
  359.7     3.75  38.201   0.0590
  360.0     3.77  38.228   0.0557
  360.3     3.73  38.256   0.0523
  360.6     3.71  38.283   0.0513
  360.8     3.77  38.311   0.0517
  361.2     3.72  38.339   0.0510
  361.5     3.71  38.367   0.0514
  361.7     3.69  38.395   0.0549
  361.9     3.69  38.423   0.0547
  362.4     3.72  38.451   0.0548
  362.6     3.68  38.478   0.0567
  362.9     3.66  38.506   0.0554
  363.2     3.66  38.533   0.0568
  363.5     3.66  38.561   0.0554
  363.8     3.67  38.589   0.0544
  364.0     3.64  38.618   0.0557
  364.3     3.65  38.645   0.0544
  364.6     3.66  38.672   0.0563
  364.9     3.65  38.700   0.0567
  365.2     3.61  38.727   0.0554
  365.5     3.66  38.755   0.0559
  365.9     3.62  38.784   0.0564
  366.2     3.65  38.811   0.0593
  366.4     3.62  38.839   0.0618
  366.7     3.61  38.867   0.0667
  367.0     3.63  38.894   0.0629
  367.2     3.63  38.922   0.0660
  367.6     3.61  38.950   0.0673
  367.8     3.60  38.978   0.0649
  368.2     3.56  39.007   0.0673
  368.5     3.57  39.035   0.0641
  368.8     3.59  39.063   0.0653
  369.0     3.55  39.091   0.0646
  369.4     3.59  39.119   0.0649
  369.6     3.57  39.147   0.0615
  369.9     3.60  39.175   0.0638
  370.2     3.56  39.202   0.0633
  370.5     3.60  39.231   0.0617
  370.7     3.50  39.259   0.0604
  371.0     3.50  39.287   0.0604
  371.3     3.54  39.314   0.0604
  371.7     3.50  39.343   0.0625
  371.9     3.48  39.372   0.0614
  372.1     3.50  39.399   0.0632
  372.5     3.49  39.427   0.0618
  372.7     3.47  39.455   0.0637
  373.1     3.49  39.483   0.0631
  373.4     3.45  39.511   0.0625
  373.6     3.45  39.539   0.0606
  373.9     3.44  39.567   0.0580
  374.1     3.46  39.594   0.0568
  374.4     3.42  39.622   0.0573
  374.7     3.41  39.649   0.0582
  375.0     3.43  39.678   0.0579
  375.3     3.44  39.706   0.0579
  375.6     3.42  39.733   0.0616
  375.9     3.42  39.762   0.0644
  376.2     3.41  39.790   0.0603
  376.4     3.43  39.817   0.0592
  376.7     3.42  39.845   0.0611
  377.0     3.39  39.872   0.0573
  377.3     3.44  39.900   0.0597
  377.6     3.44  39.927   0.0601
  377.8     3.28  39.955   0.0542
  378.1     3.36  39.982   0.0522
  378.4     3.36  40.009   0.0526
  378.7     3.32  40.037   0.0551
  379.0     3.33  40.064   0.0558
  379.2     3.34  40.091   0.0521
  379.5     3.33  40.120   0.0547
  379.8     3.31  40.147   0.0570
  380.0     3.30  40.175   0.0563
  380.3     3.31  40.203   0.0531
  380.7     3.32  40.230   0.0591
  380.8     3.30  40.258   0.0580
  381.2     3.33  40.285   0.0591
  381.3     3.30  40.312   0.0547
  381.7     3.29  40.340   0.0561
  382.0     3.29  40.368   0.0557
  382.3     3.28  40.396   0.0578
  382.6     3.26  40.423   0.0598
  382.8     3.27  40.451   0.0596
  383.1     3.28  40.478   0.0597
  383.4     3.24  40.507   0.0603
  383.6     3.27  40.534   0.0610
  383.9     3.27  40.562   0.0606
  384.2     3.27  40.589   0.0590
  384.5     3.25  40.618   0.0624
  384.8     3.24  40.647   0.0640
  385.0     3.21  40.676   0.0638
  385.3     3.25  40.703   0.0634
  385.6     3.24  40.732   0.0656
  385.9     3.24  40.759   0.0669
  386.2     3.20  40.787   0.0667
  386.6     3.23  40.816   0.0657
  386.7     3.22  40.845   0.0629
  387.1     3.18  40.873   0.0613
  387.3     3.22  40.901   0.0588
  387.7     3.22  40.929   0.0614
  388.0     3.20  40.957   0.0603
  388.3     3.20  40.985   0.0587
  388.5     3.20  41.012   0.0594
  388.7     3.18  41.040   0.0607
  389.0     3.16  41.068   0.0583
  389.4     3.19  41.095   0.0578
  389.6     3.18  41.122   0.0607
  389.9     3.17  41.149   0.0590
  390.2     3.17  41.177   0.0590
  390.4     3.17  41.205   0.0623
  390.8     3.16  41.232   0.0619
  390.9     3.14  41.260   0.0598
  391.3     3.16  41.288   0.0610
  391.5     3.14  41.315   0.0595
  391.8     3.13  41.342   0.0636
  392.1     3.13  41.370   0.0623
  392.3     3.12  41.398   0.0599
  392.7     3.14  41.426   0.0583
  392.9     3.18  41.455   0.0613
  393.3     3.12  41.482   0.0576
  393.5     3.10  41.510   0.0577
  393.7     3.10  41.538   0.0587
  394.0     3.14  41.565   0.0608
  394.3     3.14  41.592   0.0591
  394.7     3.10  41.620   0.0583
  394.9     3.11  41.647   0.0592
  395.2     3.06  41.675   0.0580
  395.5     3.10  41.702   0.0589
  395.7     3.09  41.729   0.0586
  396.1     3.07  41.757   0.0599
  396.2     3.08  41.784   0.0611
  396.6     3.08  41.812   0.0587
  396.9     3.06  41.840   0.0599
  397.2     3.10  41.868   0.0632
  397.4     3.10  41.897   0.0633
  397.8     3.10  41.924   0.0626
  398.1     3.08  41.952   0.0637
  398.4     3.11  41.979   0.0610
  398.6     3.05  42.007   0.0608
  398.9     3.07  42.035   0.0603
  399.2     3.04  42.062   0.0596
  399.4     3.06  42.089   0.0578
  399.8     3.08  42.118   0.0616
  400.1     3.04  42.145   0.0614
  400.2     3.02  42.173   0.0590
  400.6     3.05  42.200   0.0608
  400.9     3.05  42.227   0.0608
  401.1     3.03  42.255   0.0597
  401.4     3.05  42.282   0.0596
  401.7     3.04  42.310   0.0604
  402.0     3.00  42.337   0.0618
  402.3     3.02  42.365   0.0613
  402.5     3.03  42.392   0.0600
  402.9     3.04  42.420   0.0634
  403.2     3.06  42.447   0.0636
  403.3     3.05  42.474   0.0618
  403.7     3.02  42.501   0.0616
  404.0     3.02  42.529   0.0627
  404.3     3.01  42.557   0.0637
  404.5     2.99  42.586   0.0624
  404.8     3.06  42.615   0.0617
  405.1     2.99  42.642   0.0598
  405.3     2.99  42.669   0.0620
  405.7     2.95  42.697   0.0630
  405.9     3.00  42.724   0.0585
  406.2     2.98  42.752   0.0650
  406.6     2.98  42.780   0.0608
  406.9     3.00  42.808   0.0630
  407.1     2.96  42.836   0.0641
  407.3     2.96  42.864   0.0625
  407.7     2.98  42.891   0.0634
  407.9     2.99  42.920   0.0638
  408.2     2.94  42.947   0.0589
  408.5     2.95  42.975   0.0605
  408.7     2.94  43.002   0.0616
  409.1     2.96  43.030   0.0621
  409.4     2.96  43.060   0.0620
  409.7     2.95  43.086   0.0559
  410.0     2.93  43.114   0.0559
  410.3     2.95  43.142   0.0576
  410.6     2.92  43.170   0.0555
  410.9     2.93  43.198   0.0638
  411.1     2.91  43.226   0.0625
  411.3     2.90  43.254   0.0612
  411.6     2.89  43.282   0.0608
  411.9     2.88  43.309   0.0589
  412.2     2.87  43.337   0.0568
  412.5     2.91  43.365   0.0580
  412.8     2.88  43.393   0.0596
  413.0     2.89  43.421   0.0588
  413.4     2.88  43.448   0.0599
  413.6     2.88  43.476   0.0610
  413.8     2.86  43.503   0.0617
  414.2     2.87  43.531   0.0614
  414.4     2.87  43.559   0.0609
  414.7     2.91  43.587   0.0588
  414.9     2.82  43.615   0.0585
  415.2     2.82  43.643   0.0600
  415.5     2.84  43.671   0.0614
  415.9     2.84  43.699   0.0594
  416.1     2.82  43.727   0.0582
  416.4     2.88  43.754   0.0578
  416.7     2.80  43.782   0.0586
  416.9     2.85  43.810   0.0607
  417.3     2.84  43.838   0.0620
  417.6     2.86  43.865   0.0627
  417.9     2.84  43.893   0.0617
  418.0     2.83  43.921   0.0618
  418.5     2.81  43.949   0.0611
  418.6     2.80  43.976   0.0611
  419.0     2.80  44.004   0.0562
  419.2     2.83  44.032   0.0535
  419.6     2.79  44.060   0.0558
  419.9     2.80  44.088   0.0578
  420.1     2.85  44.116   0.0573
  420.3     2.81  44.144   0.0550
  420.6     2.79  44.171   0.0550
  420.9     2.80  44.199   0.0569
  421.2     2.78  44.226   0.0585
  421.6     2.79  44.254   0.0588
  421.8     2.80  44.282   0.0599
  422.0     2.80  44.309   0.0579
  422.4     2.79  44.337   0.0570
  422.7     2.77  44.365   0.0569
  423.0     2.80  44.394   0.0590
  423.2     2.80  44.422   0.0583
  423.4     2.75  44.450   0.0557
  423.7     2.85  44.477   0.0549
  424.1     2.76  44.505   0.0506
  424.4     2.79  44.534   0.0514
  424.6     2.79  44.560   0.0558
  425.0     2.78  44.589   0.0560
  425.2     2.73  44.617   0.0545
  425.5     2.74  44.646   0.0555
  425.8     2.74  44.673   0.0512
  426.0     2.73  44.701   0.0509
  426.5     2.73  44.730   0.0473
  426.6     2.73  44.759   0.0466
  427.0     2.75  44.787   0.0524
  427.2     2.71  44.815   0.0517
  427.5     2.71  44.843   0.0477
  427.9     2.73  44.872   0.0499
  428.1     2.69  44.899   0.0516
  428.3     2.72  44.926   0.0546
  428.8     2.73  44.954   0.0525
  429.1     2.71  44.982   0.0513
  429.3     2.70  45.009   0.0526
  429.6     2.70  45.036   0.0519
  429.9     2.68  45.064   0.0534
  430.2     2.69  45.092   0.0545
  430.5     2.70  45.120   0.0549
  430.7     2.68  45.148   0.0547
  431.0     2.70  45.177   0.0540
  431.3     2.68  45.205   0.0588
  431.6     2.69  45.232   0.0544
  431.9     2.71  45.259   0.0511
  432.2     2.70  45.286   0.0531
  432.5     2.71  45.314   0.0525
  432.8     2.67  45.341   0.0511
  433.2     2.69  45.369   0.0562
  433.3     2.70  45.396   0.0581
  433.6     2.67  45.423   0.0581
  433.9     2.68  45.451   0.0572
  434.2     2.70  45.480   0.0568
  434.5     2.70  45.507   0.0584
  434.8     2.71  45.535   0.0566
  435.2     2.69  45.563   0.0574
  435.4     2.69  45.590   0.0561
  435.7     2.69  45.619   0.0518
  436.0     2.72  45.647   0.0520
  436.3     2.66  45.675   0.0504
  436.6     2.69  45.704   0.0518
  436.9     2.69  45.731   0.0529
  437.1     2.66  45.759   0.0567
  437.5     2.68  45.787   0.0537
  437.8     2.69  45.816   0.0501
  438.0     2.67  45.844   0.0508
  438.3     2.68  45.872   0.0509
  438.6     2.68  45.899   0.0499
  438.9     2.68  45.927   0.0508
  439.1     2.67  45.955   0.0485
  439.5     2.64  45.983   0.0530
  439.8     2.62  46.011   0.0540
  440.0     2.63  46.038   0.0494
  440.4     2.61  46.066   0.0500
  440.7     2.63  46.095   0.0469
  441.0     2.65  46.122   0.0489
  441.2     2.61  46.149   0.0536
  441.5     2.64  46.178   0.0529
  441.8     2.59  46.207   0.0511
  442.1     2.61  46.234   0.0510
  442.5     2.56  46.263   0.0489
  442.6     2.59  46.289   0.0525
  443.0     2.59  46.317   0.0494
  443.2     2.58  46.345   0.0508
  443.5     2.54  46.373   0.0514
  443.8     2.57  46.401   0.0525
  444.1     2.58  46.430   0.0534
  444.3     2.55  46.458   0.0512
  444.6     2.58  46.486   0.0531
  444.9     2.55  46.513   0.0543
  445.2     2.55  46.541   0.0526
  445.5     2.53  46.569   0.0536
  445.8     2.54  46.597   0.0539
  446.0     2.55  46.626   0.0533
  446.3     2.56  46.654   0.0529
  446.6     2.55  46.682   0.0502
  446.9     2.60  46.710   0.0498
  447.2     2.51  46.738   0.0497
  447.5     2.52  46.766   0.0478
  447.8     2.53  46.794   0.0459
  448.1     2.53  46.822   0.0507
  448.4     2.52  46.850   0.0528
  448.6     2.52  46.878   0.0525
  449.0     2.54  46.905   0.0549
  449.3     2.51  46.933   0.0539
  449.6     2.51  46.960   0.0513
  449.9     2.52  46.988   0.0496
  450.1     2.48  47.016   0.0509
  450.3     2.49  47.044   0.0528
  450.7     2.48  47.071   0.0500
  451.0     2.47  47.099   0.0512
  451.3     2.47  47.126   0.0520
  451.5     2.49  47.154   0.0526
  451.8     2.48  47.183   0.0545
  452.1     2.45  47.211   0.0524
  452.4     2.46  47.238   0.0532
  452.6     2.46  47.266   0.0505
  452.9     2.40  47.294   0.0555
  453.2     2.45  47.322   0.0541
  453.4     2.47  47.349   0.0558
  453.8     2.45  47.378   0.0561
  454.0     2.44  47.406   0.0547
  454.3     2.44  47.434   0.0563
  454.6     2.45  47.461   0.0526
  454.9     2.43  47.489   0.0540
  455.1     2.43  47.516   0.0518
  455.4     2.42  47.544   0.0532
  455.7     2.43  47.571   0.0532
  456.0     2.46  47.600   0.0537
  456.3     2.47  47.628   0.0536
  456.6     2.45  47.656   0.0531
  456.8     2.40  47.684   0.0539
  457.1     2.43  47.711   0.0499
  457.4     2.41  47.740   0.0500
  457.7     2.39  47.769   0.0450
  458.0     2.41  47.798   0.0474
  458.2     2.40  47.826   0.0482
  458.6     2.38  47.853   0.0483
  458.9     2.37  47.880   0.0487
  459.0     2.34  47.908   0.0525
  459.5     2.37  47.936   0.0537
  459.6     2.38  47.963   0.0537
  459.9     2.37  47.990   0.0536
  460.3     2.38  48.017   0.0566
  460.5     2.39  48.045   0.0533
  460.8     2.38  48.073   0.0518
  461.1     2.34  48.101   0.0563
  461.2     2.35  48.128   0.0519
  461.6     2.36  48.155   0.0545
  461.8     2.36  48.182   0.0534
  462.2     2.36  48.212   0.0564
  462.4     2.38  48.240   0.0536
  462.8     2.37  48.269   0.0523
  463.0     2.35  48.296   0.0539
  463.2     2.36  48.323   0.0560
  463.6     2.33  48.350   0.0546
  463.8     2.36  48.378   0.0520
  464.1     2.35  48.406   0.0564
  464.4     2.35  48.434   0.0539
  464.8     2.38  48.462   0.0534
  465.1     2.34  48.490   0.0499
  465.3     2.34  48.518   0.0514
  465.7     2.33  48.545   0.0505
  465.8     2.31  48.574   0.0516
  466.2     2.31  48.603   0.0540
  466.4     2.29  48.632   0.0518
  466.7     2.33  48.660   0.0524
  467.0     2.34  48.689   0.0494
  467.3     2.34  48.717   0.0497
  467.5     2.30  48.744   0.0500
  467.8     2.34  48.773   0.0463
  468.1     2.32  48.800   0.0456
  468.4     2.29  48.829   0.0460
  468.8     2.30  48.858   0.0475
  468.9     2.32  48.886   0.0502
  469.2     2.35  48.913   0.0507
  469.7     2.35  48.942   0.0488
  469.8     2.32  48.970   0.0507
  470.2     2.32  48.997   0.0471
  470.5     2.38  49.025   0.0474
  470.7     2.33  49.054   0.0483
  471.0     2.30  49.083   0.0485
  471.3     2.34  49.111   0.0500
  471.6     2.31  49.139   0.0487
  471.9     2.32  49.166   0.0491
  472.2     2.33  49.194   0.0486
  472.4     2.30  49.221   0.0486
  472.7     2.32  49.249   0.0518
  473.0     2.32  49.277   0.0520
  473.4     2.30  49.305   0.0527
  473.6     2.29  49.333   0.0557
  473.8     2.28  49.361   0.0540
  474.2     2.24  49.389   0.0526
  474.4     2.28  49.417   0.0549
  474.7     2.28  49.445   0.0554
  475.1     2.27  49.472   0.0540
  475.3     2.27  49.500   0.0552
  475.5     2.25  49.529   0.0524
  475.8     2.27  49.558   0.0526
  476.2     2.28  49.585   0.0550
  476.4     2.25  49.613   0.0543
  476.8     2.23  49.641   0.0534
  476.9     2.30  49.668   0.0539
  477.2     2.26  49.697   0.0548
  477.5     2.24  49.725   0.0533
  477.9     2.24  49.753   0.0548
  478.2     2.24  49.781   0.0558
  478.3     2.24  49.809   0.0557
  478.7     2.24  49.838   0.0591
  479.0     2.25  49.866   0.0558
  479.3     2.25  49.893   0.0563
  479.6     2.24  49.921   0.0537
  479.8     2.21  49.949   0.0528
  480.0     2.22  49.976   0.0511
  480.3     2.24  50.005   0.0528
  480.6     2.25  50.032   0.0529
  480.9     2.21  50.060   0.0531
  481.2     2.21  50.088   0.0548
  481.5     2.19  50.115   0.0569
  481.7     2.18  50.143   0.0555
  482.1     2.20  50.171   0.0540
  482.3     2.20  50.199   0.0533
  482.7     2.21  50.227   0.0567
  482.9     2.20  50.255   0.0572
  483.1     2.24  50.283   0.0606
  483.4     2.20  50.311   0.0588
  483.7     2.21  50.339   0.0555
  484.0     2.18  50.366   0.0546
  484.4     2.18  50.394   0.0552
  484.6     2.24  50.423   0.0554
  484.9     2.23  50.452   0.0585
  485.1     2.22  50.480   0.0567
  485.5     2.25  50.507   0.0577
  485.7     2.25  50.536   0.0574
  485.9     2.18  50.563   0.0559
  486.3     2.23  50.591   0.0591
  486.6     2.15  50.620   0.0596
  486.8     2.21  50.648   0.0586
  487.2     2.20  50.676   0.0582
  487.4     2.17  50.704   0.0595
  487.6     2.20  50.732   0.0584
  487.9     2.20  50.759   0.0584
  488.2     2.17  50.787   0.0570
  488.5     2.16  50.816   0.0541
  488.8     2.17  50.844   0.0572
  489.1     2.18  50.873   0.0548
  489.3     2.18  50.900   0.0510
  489.6     2.17  50.929   0.0509
  489.9     2.19  50.957   0.0557
  490.3     2.17  50.984   0.0515
  490.5     2.14  51.012   0.0532
  490.7     2.14  51.039   0.0507
  491.0     2.17  51.068   0.0545
  491.3     2.16  51.096   0.0542
  491.7     2.13  51.123   0.0549
  491.9     2.14  51.151   0.0571
  492.1     2.12  51.179   0.0565
  492.4     2.16  51.207   0.0532
  492.7     2.10  51.234   0.0516
  493.0     2.15  51.262   0.0504
  493.3     2.14  51.290   0.0498
  493.6     2.09  51.318   0.0507
  494.0     2.15  51.346   0.0498
  494.3     2.15  51.373   0.0495
  494.4     2.13  51.401   0.0490
  494.8     2.14  51.428   0.0494
  495.0     2.11  51.456   0.0509
  495.2     2.13  51.484   0.0512
  495.6     2.13  51.511   0.0534
  495.9     2.12  51.540   0.0566
  496.2     2.11  51.567   0.0553
  496.5     2.11  51.595   0.0546
  496.7     2.10  51.623   0.0556
  497.0     2.12  51.652   0.0560
  497.3     2.14  51.679   0.0597
  497.6     2.10  51.707   0.0567
  497.9     2.13  51.735   0.0557
  498.1     2.11  51.762   0.0565
  498.4     2.13  51.790   0.0537
  498.7     2.14  51.819   0.0541
  499.0     2.10  51.847   0.0565
  499.3     2.11  51.875   0.0594
  499.6     2.11  51.903   0.0620
  499.9     2.10  51.931   0.0596
  500.1     2.11  51.959   0.0593
  500.4     2.10  51.987   0.0626
  500.7     2.08  52.015   0.0634
  501.0     2.10  52.044   0.0661
  501.1     2.09  52.072   0.0652
  501.5     2.05  52.100   0.0623
  501.7     2.05  52.128   0.0637
  502.1     2.06  52.156   0.0636
  502.4     2.08  52.184   0.0613
  502.6     2.04  52.212   0.0611
  502.9     2.05  52.240   0.0597
  503.2     2.05  52.268   0.0607
  503.5     2.07  52.296   0.0565
  503.7     2.06  52.324   0.0539
  504.1     2.06  52.352   0.0555
  504.3     2.06  52.380   0.0579
  504.6     2.05  52.408   0.0534
  504.8     2.05  52.435   0.0512
  505.1     2.05  52.463   0.0565
  505.5     2.04  52.490   0.0568
  505.7     2.03  52.517   0.0596
  506.0     2.01  52.545   0.0617
  506.3     2.01  52.573   0.0611
  506.5     2.03  52.602   0.0598
  506.8     2.01  52.629   0.0554
  507.1     2.02  52.657   0.0589
  507.4     2.03  52.684   0.0612
  507.7     2.06  52.711   0.0569
  507.8     2.00  52.739   0.0589
  508.1     2.01  52.767   0.0601
  508.5     2.04  52.795   0.0563
  508.8     2.05  52.823   0.0611
  509.1     2.02  52.851   0.0591
  509.4     2.01  52.879   0.0596
  509.6     1.99  52.908   0.0607
  509.8     2.02  52.935   0.0646
  510.2     2.04  52.963   0.0625
  510.5     2.02  52.990   0.0587
  510.7     2.03  53.018   0.0581
  511.0     2.01  53.046   0.0541
  511.2     2.00  53.075   0.0552
  511.5     2.02  53.103   0.0546
  511.9     2.02  53.131   0.0586
  512.0     2.03  53.159   0.0579
  512.4     1.99  53.187   0.0560
  512.7     1.99  53.215   0.0557
  513.0     2.03  53.242   0.0517
  513.2     2.00  53.270   0.0598
  513.5     1.97  53.297   0.0582
  513.8     1.97  53.325   0.0609
  514.0     2.00  53.353   0.0594
  514.3     1.97  53.382   0.0622
  514.6     2.00  53.409   0.0576
  514.9     1.97  53.436   0.0598
  515.2     1.99  53.465   0.0588
  515.4     1.96  53.493   0.0606
  515.7     1.95  53.520   0.0605
  516.1     1.95  53.548   0.0613
  516.2     2.00  53.576   0.0591
  516.5     1.98  53.605   0.0620
  516.9     1.95  53.633   0.0626
  517.1     1.92  53.661   0.0586
  517.3     1.96  53.689   0.0594
  517.7     1.96  53.717   0.0611
  518.0     1.95  53.745   0.0575
  518.2     1.92  53.773   0.0522
  518.5     1.96  53.801   0.0531
  518.7     1.95  53.829   0.0599
  519.0     1.98  53.857   0.0606
  519.3     2.01  53.885   0.0580
  519.6     1.97  53.913   0.0581
  519.9     1.95  53.941   0.0598
  520.2     1.96  53.969   0.0591
  520.5     1.96  53.997   0.0557
  520.7     1.96  54.026   0.0558
  521.0     1.96  54.053   0.0547
  521.3     1.96  54.082   0.0509
  521.6     1.94  54.109   0.0524
  521.9     1.92  54.138   0.0493
  522.1     1.94  54.165   0.0542
  522.3     1.94  54.192   0.0540
  522.6     1.95  54.220   0.0517
  522.9     1.95  54.248   0.0555
  523.2     2.00  54.277   0.0498
  523.4     1.87  54.304   0.0514
  523.8     1.89  54.333   0.0530
  524.2     1.93  54.362   0.0527
  524.4     1.93  54.390   0.0531
  524.7     1.94  54.419   0.0540
  524.9     1.90  54.446   0.0498
  525.1     1.90  54.473   0.0505
  525.4     1.90  54.501   0.0561
  525.6     1.87  54.529   0.0551
  526.0     1.85  54.558   0.0556
  526.2     1.75  54.585   0.0540
  526.5     1.83  54.615   0.0545
  526.8     1.88  54.642   0.0441
  527.1     1.90  54.670   0.0480
  527.3     1.91  54.698   0.0497
  527.7     1.92  54.726   0.0506
  527.9     1.87  54.753   0.0487
  528.1     1.84  54.781   0.0471
  528.5     1.90  54.808   0.0487
  528.7     1.91  54.836   0.0456
  529.1     1.94  54.865   0.0443
  529.3     1.93  54.892   0.0464
  529.6     1.90  54.920   0.0495
  530.0     1.89  54.947   0.0489
  530.1     1.88  54.975   0.0478
  530.5     1.90  55.002   0.0441
  530.7     1.93  55.029   0.0462
  531.1     1.91  55.057   0.0430
  531.3     1.89  55.085   0.0455
  531.6     1.89  55.113   0.0472
  531.9     1.90  55.141   0.0489
  532.2     1.88  55.168   0.0476
  532.5     1.94  55.196   0.0503
  532.7     1.93  55.223   0.0487
  532.9     1.88  55.251   0.0462
  533.2     1.90  55.278   0.0474
  533.6     1.91  55.306   0.0451
  533.9     1.90  55.333   0.0454
  534.0     1.96  55.361   0.0478
  534.5     1.95  55.389   0.0471
  534.8     1.95  55.417   0.0484
  535.0     1.95  55.445   0.0504
  535.3     1.88  55.473   0.0489
  535.3     1.83  55.502   0.0473
  535.7     1.88  55.530   0.0480
  536.1     1.88  55.559   0.0510
  536.4     1.91  55.587   0.0556
  536.7     1.93  55.615   0.0525
  537.0     1.90  55.644   0.0534
  537.3     1.93  55.672   0.0540
  537.5     1.88  55.700   0.0518
  537.8     1.90  55.728   0.0504
  538.1     1.90  55.755   0.0516
  538.4     1.89  55.784   0.0567
  538.6     1.85  55.811   0.0556
  538.9     1.87  55.839   0.0570
  539.2     1.83  55.867   0.0536
  539.4     1.86  55.895   0.0541
  539.7     1.86  55.923   0.0565
  540.0     1.85  55.952   0.0542
  540.2     1.86  55.979   0.0536
  540.6     1.86  56.007   0.0568
  540.8     1.90  56.035   0.0530
  541.1     1.89  56.064   0.0520
  541.4     1.85  56.092   0.0559
  541.7     1.88  56.120   0.0561
  541.9     1.85  56.147   0.0518
  542.2     1.85  56.175   0.0504
  542.5     1.87  56.203   0.0506
  542.9     1.86  56.231   0.0510
  543.1     1.86  56.259   0.0539
  543.4     1.87  56.287   0.0497
  543.7     1.84  56.315   0.0470
  543.9     1.84  56.342   0.0481
  544.2     1.87  56.370   0.0475
  544.5     1.86  56.398   0.0468
  544.8     1.84  56.426   0.0480
  545.0     1.86  56.454   0.0514
  545.4     1.87  56.482   0.0524
  545.5     1.84  56.509   0.0549
  545.8     1.84  56.537   0.0533
  546.1     1.86  56.564   0.0526
  546.4     1.85  56.593   0.0515
  546.7     1.88  56.621   0.0524
  547.0     1.89  56.649   0.0538
  547.3     1.87  56.677   0.0487
  547.5     1.83  56.706   0.0499
  547.8     1.85  56.734   0.0454
  548.0     1.85  56.762   0.0450
  548.3     1.81  56.790   0.0468
  548.6     1.83  56.817   0.0494
  548.7     1.84  56.845   0.0473
  549.1     1.83  56.873   0.0457
  549.4     1.82  56.901   0.0471
  549.6     1.75  56.929   0.0475
  549.9     1.78  56.957   0.0495
  550.2     1.75  56.984   0.0491
  550.5     1.78  57.013   0.0504
  550.9     1.82  57.041   0.0444
  551.1     1.81  57.068   0.0480
  551.4     1.80  57.095   0.0498
  551.6     1.83  57.123   0.0466
  551.9     1.74  57.151   0.0487
  552.3     1.80  57.179   0.0486
  552.5     1.82  57.207   0.0511
  552.7     1.76  57.234   0.0474
  553.0     1.79  57.263   0.0461
  553.3     1.81  57.292   0.0455
  553.5     1.79  57.320   0.0465
  553.9     1.79  57.348   0.0494
  554.1     1.75  57.376   0.0507
  554.5     1.78  57.404   0.0512
  554.7     1.77  57.431   0.0516
  555.1     1.78  57.459   0.0483
  555.3     1.79  57.488   0.0521
  555.6     1.79  57.516   0.0521
  555.9     1.81  57.545   0.0527
  556.2     1.80  57.572   0.0538
  556.5     1.79  57.602   0.0539
  556.7     1.83  57.630   0.0547
  557.0     1.78  57.658   0.0539
  557.3     1.81  57.686   0.0520
  557.7     1.69  57.714   0.0529
  557.9     1.83  57.742   0.0500
  558.2     1.79  57.771   0.0495
  558.5     1.79  57.798   0.0522
  558.7     1.78  57.826   0.0519
  558.9     1.78  57.855   0.0493
  559.4     1.80  57.883   0.0535
  559.6     1.77  57.911   0.0561
  559.8     1.79  57.938   0.0579
  560.2     1.76  57.966   0.0592
  560.5     1.79  57.995   0.0589
  560.8     1.83  58.023   0.0611
  560.9     1.80  58.051   0.0597
  561.3     1.76  58.079   0.0589
  561.6     1.82  58.107   0.0568
  561.9     1.85  58.136   0.0551
  562.2     1.85  58.164   0.0589
  562.5     1.86  58.191   0.0560
  562.8     1.81  58.219   0.0588
  563.1     1.80  58.247   0.0611
  563.3     1.79  58.274   0.0578
  563.6     1.79  58.302   0.0612
  563.9     1.82  58.330   0.0586
  564.2     1.80  58.359   0.0610
  564.4     1.79  58.386   0.0617
  564.8     1.80  58.415   0.0610
  565.1     1.77  58.443   0.0567
  565.2     1.75  58.470   0.0566
  565.5     1.78  58.498   0.0571
  565.8     1.79  58.526   0.0560
  566.2     1.80  58.554   0.0574
  566.4     1.78  58.582   0.0547
  566.6     1.82  58.610   0.0537
  567.1     1.83  58.638   0.0518
  567.3     1.77  58.665   0.0506
  567.6     1.78  58.693   0.0533
  567.8     1.82  58.721   0.0585
  568.1     1.77  58.749   0.0602
  568.4     1.77  58.778   0.0601
  568.7     1.77  58.805   0.0602
  569.1     1.75  58.833   0.0585
  569.2     1.78  58.861   0.0568
  569.5     1.78  58.889   0.0572
  569.9     1.77  58.917   0.0605
  570.2     1.76  58.946   0.0637
  570.4     1.79  58.973   0.0620
  570.7     1.74  59.001   0.0592
  571.0     1.77  59.028   0.0562
  571.3     1.75  59.057   0.0564
  571.5     1.75  59.085   0.0570
  571.9     1.80  59.113   0.0556
  572.1     1.75  59.141   0.0574
  572.3     1.74  59.170   0.0591
  572.7     1.71  59.197   0.0586
  572.9     1.72  59.226   0.0604
  573.2     1.71  59.253   0.0616
  573.5     1.73  59.281   0.0574
  573.8     1.71  59.309   0.0583
  574.1     1.70  59.338   0.0555
  574.3     1.73  59.365   0.0601
  574.6     1.69  59.393   0.0597
  574.9     1.66  59.422   0.0590
  575.1     1.68  59.450   0.0594
  575.5     1.68  59.477   0.0551
  575.7     1.68  59.506   0.0558
  575.9     1.68  59.534   0.0589
  576.3     1.67  59.563   0.0595
  576.5     1.66  59.591   0.0593
  576.9     1.68  59.619   0.0581
  577.1     1.69  59.647   0.0586
  577.4     1.70  59.675   0.0560
  577.7     1.71  59.705   0.0558
  577.9     1.72  59.733   0.0556
  578.2     1.77  59.762   0.0545
  578.4     1.68  59.791   0.0554
  578.8     1.67  59.821   0.0528
  579.0     1.66  59.848   0.0523
  579.3     1.64  59.877   0.0556
  579.6     1.62  59.905   0.0544
  579.8     1.64  59.933   0.0586
  580.1     1.65  59.960   0.0592
  580.5     1.66  59.988   0.0595
  580.7     1.67  60.016   0.0601
  581.0     1.65  60.043   0.0592
  581.3     1.64  60.071   0.0576
  581.6     1.66  60.098   0.0608
  581.8     1.64  60.126   0.0608
  582.1     1.65  60.153   0.0572
  582.5     1.64  60.180   0.0604
  582.6     1.63  60.209   0.0550
  582.9     1.66  60.236   0.0578
  583.2     1.63  60.264   0.0575
  583.4     1.64  60.291   0.0570
  583.8     1.64  60.318   0.0498
  584.1     1.68  60.346   0.0524
  584.3     1.65  60.374   0.0480
  584.6     1.67  60.402   0.0457
  584.9     1.67  60.430   0.0486
  585.1     1.67  60.457   0.0497
  585.4     1.66  60.485   0.0514
  585.6     1.67  60.513   0.0538
  586.0     1.68  60.541   0.0562
  586.2     1.66  60.569   0.0542
  586.5     1.60  60.597   0.0540
  586.9     1.63  60.626   0.0516
  587.0     1.62  60.654   0.0509
  587.4     1.61  60.681   0.0508
  587.6     1.64  60.709   0.0486
  587.9     1.62  60.738   0.0489
  588.2     1.64  60.766   0.0505
  588.5     1.63  60.793   0.0505
  588.8     1.64  60.821   0.0479
  589.1     1.64  60.848   0.0472
  589.4     1.66  60.877   0.0450
  589.7     1.66  60.904   0.0471
  589.9     1.65  60.931   0.0453
  590.2     1.64  60.958   0.0476
  590.4     1.62  60.986   0.0483
  590.8     1.66  61.013   0.0485
  591.0     1.68  61.040   0.0493
  591.2     1.66  61.068   0.0500
  591.5     1.61  61.096   0.0511
  591.9     1.62  61.124   0.0510
  592.2     1.61  61.151   0.0509
  592.4     1.61  61.179   0.0522
  592.6     1.62  61.207   0.0539
  592.9     1.63  61.235   0.0507
  593.3     1.63  61.263   0.0485
  593.5     1.67  61.291   0.0473
  593.8     1.66  61.318   0.0466
  594.0     1.64  61.346   0.0467
  594.4     1.66  61.374   0.0484
  594.6     1.63  61.403   0.0460
  594.9     1.63  61.430   0.0460
  595.3     1.57  61.459   0.0532
  595.6     1.60  61.487   0.0490
  595.9     1.61  61.515   0.0483
  596.0     1.59  61.542   0.0447
  596.3     1.60  61.570   0.0479
  596.7     1.58  61.599   0.0454
  596.9     1.58  61.626   0.0464
  597.2     1.60  61.655   0.0510
  597.5     1.59  61.684   0.0509
  597.8     1.60  61.712   0.0547
  598.1     1.57  61.740   0.0547
  598.4     1.58  61.768   0.0535
  598.7     1.57  61.796   0.0547
  598.9     1.57  61.824   0.0532
  599.2     1.56  61.851   0.0535
  599.5     1.55  61.879   0.0543
  599.7     1.56  61.906   0.0513
  600.0     1.55  61.934   0.0455
