   18.0    -0.01   0.027   0.0010
   18.0    -0.02   0.053   0.0002
   18.0    -0.00   0.080  -0.0037
   17.9    -0.02   0.106  -0.0048
   18.0     0.03   0.133  -0.0072
   18.0     0.07   0.160  -0.0038
   18.1     0.08   0.187  -0.0073
   18.0     0.07   0.213  -0.0105
   18.0     0.04   0.240  -0.0053
   18.1     0.12   0.266  -0.0078
   18.0     0.02   0.293  -0.0048
   17.8     0.04   0.319  -0.0068
   18.0     0.08   0.346  -0.0063
   18.0     0.03   0.373  -0.0044
   18.0     0.04   0.400  -0.0060
   18.0     0.03   0.426  -0.0030
   18.0    -0.03   0.453  -0.0023
   18.0     0.00   0.479  -0.0064
   18.0     0.03   0.506  -0.0038
   18.0     0.06   0.533  -0.0080
   17.9     0.06   0.559  -0.0087
   18.0     0.03   0.586  -0.0078
   17.9     0.05   0.613  -0.0066
   18.0     0.02   0.639  -0.0059
   18.0     0.03   0.666  -0.0041
   17.9     0.02   0.692  -0.0024
   17.9     0.03   0.718  -0.0023
   18.0     0.00   0.745  -0.0047
   17.9     0.04   0.772  -0.0046
   18.0    -0.01   0.798   0.0001
   18.0     0.04   0.825  -0.0030
   17.9     0.04   0.852  -0.0038
   18.0     0.03   0.878   0.0010
   18.0     0.06   0.905  -0.0032
   18.0     0.06   0.932  -0.0038
   18.0     0.11   0.959  -0.0035
   18.1     0.11   0.985  -0.0057
   18.0     0.12   1.013  -0.0013
   18.0     0.16   1.040  -0.0068
   18.1     0.11   1.066  -0.0060
   18.2     0.12   1.092  -0.0082
   17.9     0.12   1.119  -0.0069
   18.1     0.14   1.146  -0.0061
   18.0     0.08   1.173  -0.0038
   18.0     0.03   1.200  -0.0027
   17.9     0.04   1.227  -0.0068
   17.9     0.06   1.254  -0.0037
   18.0     0.04   1.280  -0.0066
   18.0     0.04   1.307  -0.0040
   18.0     0.08   1.333  -0.0027
   18.1     0.10   1.360  -0.0063
   18.0     0.10   1.387  -0.0018
   18.0     0.11   1.413  -0.0016
   18.0     0.13   1.440  -0.0006
   18.0     0.09   1.467   0.0027
   18.0     0.09   1.493  -0.0003
   18.0     0.08   1.519   0.0016
   18.0     0.09   1.546   0.0012
   18.0     0.08   1.572   0.0048
   18.1     0.15   1.599   0.0034
   18.1     0.17   1.626   0.0054
   18.1     0.12   1.653   0.0056
   18.0     0.13   1.679   0.0053
   18.1     0.15   1.705   0.0025
   18.1     0.17   1.732  -0.0020
   18.1     0.14   1.759  -0.0005
   18.1     0.16   1.786   0.0034
   18.0     0.15   1.813   0.0087
   18.1     0.14   1.840   0.0059
   18.1     0.16   1.866   0.0069
   18.1     0.18   1.893   0.0063
   18.1     0.14   1.920   0.0101
   18.0     0.15   1.947   0.0078
   18.0     0.14   1.973   0.0068
   18.1     0.20   2.000   0.0063
   18.2     0.21   2.027   0.0025
   18.1     0.14   2.054   0.0034
   18.1     0.15   2.080   0.0059
   18.1     0.19   2.107   0.0052
   18.1     0.18   2.134   0.0004
   18.1     0.14   2.160   0.0026
   18.1     0.12   2.187   0.0001
   18.1     0.12   2.214  -0.0012
   18.0     0.12   2.241   0.0018
   18.1     0.16   2.267   0.0002
   18.1     0.19   2.294   0.0003
   18.2     0.21   2.321   0.0022
   18.1     0.21   2.347   0.0052
   18.1     0.19   2.374   0.0042
   18.2     0.25   2.401   0.0003
   18.3     0.26   2.427   0.0013
   18.2     0.27   2.454  -0.0016
   18.2     0.27   2.480   0.0026
   18.2     0.25   2.507  -0.0018
   18.2     0.26   2.534   0.0018
   18.1     0.25   2.560   0.0025
   18.2     0.24   2.587   0.0024
   18.2     0.26   2.613   0.0039
   18.2     0.29   2.640   0.0051
   18.3     0.31   2.667  -0.0007
   18.3     0.25   2.693   0.0009
   18.3     0.28   2.720   0.0040
   18.3     0.28   2.747   0.0009
   18.4     0.30   2.773   0.0018
   18.4     0.29   2.800   0.0014
   18.3     0.32   2.827  -0.0006
   18.4     0.32   2.853   0.0005
   18.4     0.34   2.880   0.0023
   18.5     0.39   2.907   0.0014
   18.4     0.42   2.934   0.0037
   18.5     0.37   2.961   0.0008
   18.6     0.44   2.988  -0.0016
   18.6     0.47   3.015  -0.0020
   18.6     0.46   3.041  -0.0007
   18.6     0.49   3.068  -0.0037
   18.6     0.50   3.095  -0.0018
   18.7     0.53   3.122  -0.0074
   18.8     0.50   3.148  -0.0061
   18.7     0.56   3.175  -0.0010
   18.8     0.52   3.201   0.0008
   18.8     0.56   3.228   0.0009
   18.9     0.54   3.255   0.0022
   18.8     0.57   3.282  -0.0000
   18.8     0.58   3.308   0.0011
   18.9     0.63   3.335   0.0016
   19.0     0.60   3.361   0.0018
   19.0     0.64   3.388   0.0027
   19.0     0.61   3.415   0.0022
   19.1     0.58   3.442  -0.0010
   19.1     0.62   3.468   0.0031
   19.1     0.60   3.495  -0.0016
   19.1     0.64   3.522   0.0010
   19.1     0.64   3.549  -0.0017
   19.2     0.65   3.576  -0.0033
   19.4     0.71   3.602  -0.0035
   19.4     0.74   3.628   0.0003
   19.4     0.72   3.655   0.0036
   19.6     0.80   3.682  -0.0004
   19.6     0.79   3.709   0.0043
   19.7     0.78   3.736   0.0018
   19.6     0.80   3.763   0.0005
   19.7     0.83   3.789   0.0029
   19.8     0.88   3.816   0.0018
   19.9     0.91   3.843   0.0005
   20.0     0.97   3.871   0.0054
   20.1     1.01   3.897   0.0069
   20.2     1.02   3.924   0.0061
   20.2     1.01   3.951   0.0058
   20.3     1.05   3.977   0.0003
   20.3     1.01   4.004  -0.0000
   20.4     1.07   4.030  -0.0062
   20.5     1.11   4.057  -0.0037
   20.6     1.11   4.084  -0.0017
   20.7     1.20   4.110  -0.0015
   20.7     1.23   4.137   0.0001
   20.9     1.29   4.164   0.0003
   21.0     1.25   4.191   0.0023
   21.1     1.31   4.217   0.0041
   21.2     1.36   4.243  -0.0019
   21.3     1.37   4.270  -0.0001
   21.4     1.42   4.297  -0.0026
   21.5     1.44   4.324  -0.0008
   21.5     1.46   4.351  -0.0033
   21.7     1.50   4.379  -0.0017
   21.8     1.52   4.405   0.0012
   21.9     1.59   4.432   0.0042
   22.0     1.60   4.459  -0.0003
   22.2     1.65   4.486   0.0046
   22.3     1.63   4.513   0.0068
   22.4     1.67   4.540   0.0014
   22.5     1.72   4.567   0.0074
   22.6     1.75   4.593   0.0102
   22.7     1.76   4.620   0.0051
   22.8     1.81   4.647   0.0040
   23.0     1.83   4.674   0.0024
   23.1     1.78   4.701   0.0003
   23.1     1.83   4.728   0.0056
   23.3     1.90   4.754   0.0057
   23.4     1.95   4.781   0.0048
   23.6     1.97   4.808   0.0009
   23.7     1.98   4.835   0.0014
   23.8     2.04   4.861   0.0047
   23.9     2.08   4.888   0.0036
   24.0     2.13   4.915   0.0050
   24.1     2.14   4.942   0.0037
   24.4     2.19   4.968   0.0006
   24.6     2.23   4.995  -0.0008
   24.6     2.28   5.022   0.0030
   24.7     2.30   5.048   0.0005
   25.1     2.34   5.075   0.0014
   25.1     2.39   5.102   0.0036
   25.3     2.43   5.129  -0.0023
   25.4     2.44   5.156   0.0017
   25.6     2.48   5.183   0.0020
   25.8     2.52   5.210  -0.0017
   25.8     2.56   5.236  -0.0052
   26.1     2.58   5.263   0.0016
   26.2     2.64   5.290   0.0011
   26.3     2.67   5.317   0.0017
   26.5     2.68   5.344   0.0004
   26.6     2.73   5.371   0.0010
   26.8     2.79   5.398   0.0029
   27.0     2.81   5.424   0.0042
   27.1     2.82   5.451   0.0044
   27.3     2.87   5.478   0.0045
   27.4     2.92   5.505   0.0009
   27.7     2.95   5.532  -0.0006
   27.7     2.99   5.559   0.0044
   28.0     3.00   5.586   0.0040
   28.2     3.02   5.612   0.0033
   28.3     3.08   5.639   0.0056
   28.4     3.12   5.666   0.0047
   28.7     3.14   5.692   0.0022
   28.9     3.20   5.719   0.0040
   29.0     3.23   5.746   0.0034
   29.2     3.27   5.772  -0.0004
   29.4     3.30   5.799  -0.0014
   29.6     3.30   5.826  -0.0005
   29.8     3.34   5.853  -0.0017
   29.9     3.38   5.880  -0.0023
   30.2     3.45   5.907  -0.0017
   30.4     3.48   5.935   0.0034
   30.6     3.52   5.962   0.0021
   30.7     3.58   5.989   0.0028
   30.9     3.59   6.015   0.0001
   31.1     3.64   6.042   0.0005
   31.3     3.65   6.070   0.0005
   31.5     3.73   6.096   0.0025
   31.7     3.76   6.123   0.0007
   31.9     3.81   6.150   0.0015
   32.2     3.86   6.177   0.0044
   32.4     3.89   6.204   0.0039
   32.5     3.92   6.231   0.0011
   32.7     3.94   6.258  -0.0001
   33.0     3.96   6.285   0.0005
   33.0     4.01   6.311   0.0023
   33.3     4.04   6.339   0.0054
   33.5     4.08   6.366   0.0009
   33.8     4.11   6.393   0.0012
   34.0     4.14   6.419   0.0019
   34.2     4.19   6.446   0.0013
   34.4     4.22   6.473   0.0018
   34.6     4.27   6.499   0.0038
   34.8     4.29   6.526   0.0057
   35.0     4.32   6.553   0.0038
   35.3     4.36   6.580   0.0013
   35.5     4.40   6.607  -0.0019
   35.7     4.38   6.634   0.0014
   35.9     4.44   6.661   0.0019
   36.2     4.52   6.687   0.0051
   36.3     4.51   6.714   0.0054
   36.5     4.55   6.740   0.0047
   36.7     4.59   6.767   0.0040
   37.0     4.62   6.794   0.0029
   37.2     4.66   6.821   0.0066
   37.3     4.67   6.848   0.0056
   37.6     4.72   6.875   0.0030
   37.9     4.73   6.902   0.0011
   38.1     4.80   6.930   0.0002
   38.4     4.84   6.957  -0.0013
   38.6     4.85   6.983  -0.0016
   38.8     4.95   7.010  -0.0022
   39.0     5.02   7.037  -0.0019
   39.2     4.97   7.064   0.0024
   39.5     4.97   7.091   0.0022
   39.7     5.04   7.118   0.0055
   39.9     5.08   7.145   0.0042
   40.1     5.09   7.172   0.0058
   40.4     5.12   7.199   0.0048
   40.7     5.15   7.225   0.0069
   40.8     5.16   7.252   0.0043
   41.0     5.15   7.279   0.0010
   41.2     5.24   7.305   0.0046
   41.5     5.24   7.333   0.0061
   41.9     5.31   7.359   0.0097
   42.0     5.31   7.387   0.0053
   42.2     5.41   7.414   0.0008
   42.4     5.43   7.441  -0.0060
   42.8     5.48   7.467  -0.0049
   42.9     5.46   7.494  -0.0009
   43.2     5.49   7.522   0.0004
   43.4     5.53   7.548   0.0042
   43.6     5.55   7.575   0.0036
   43.8     5.58   7.602   0.0018
   44.1     5.64   7.629   0.0010
   44.4     5.61   7.656  -0.0006
   44.6     5.68   7.683   0.0000
   44.8     5.72   7.710  -0.0047
   45.1     5.71   7.737   0.0004
   45.3     5.76   7.764   0.0056
   45.6     5.81   7.791   0.0044
   45.7     5.81   7.818   0.0041
   46.0     5.88   7.844   0.0049
   46.3     5.88   7.871   0.0060
   46.6     6.00   7.898   0.0062
   46.7     5.98   7.926   0.0026
   47.0     6.00   7.953  -0.0005
   47.3     6.02   7.980   0.0016
   47.5     6.04   8.007   0.0017
   47.8     6.08   8.034   0.0035
   47.9     6.08   8.061   0.0052
   48.3     6.12   8.088   0.0007
   48.5     6.16   8.115  -0.0007
   48.8     6.20   8.142   0.0006
   49.0     6.22   8.169  -0.0021
   49.2     6.24   8.196  -0.0018
   49.5     6.30   8.223  -0.0014
   49.8     6.28   8.250  -0.0012
   50.0     6.34   8.277  -0.0046
   50.3     6.33   8.303  -0.0028
   50.5     6.36   8.330  -0.0021
   50.7     6.42   8.357   0.0022
   51.0     6.41   8.384   0.0005
   51.2     6.46   8.411   0.0019
   51.5     6.48   8.438   0.0036
   51.8     6.50   8.465   0.0021
   52.0     6.51   8.491  -0.0011
   52.2     6.58   8.518  -0.0045
   52.5     6.59   8.546  -0.0029
   52.8     6.60   8.572  -0.0023
   53.0     6.64   8.599  -0.0022
   53.2     6.67   8.626  -0.0016
   53.5     6.67   8.653   0.0010
   53.7     6.71   8.680   0.0026
   54.0     6.71   8.707   0.0015
   54.2     6.77   8.734  -0.0005
   54.5     6.77   8.761   0.0029
   54.8     6.80   8.788   0.0048
   55.0     6.84   8.815   0.0051
   55.2     6.85   8.842   0.0045
   55.5     6.86   8.869   0.0012
   55.7     6.88   8.896   0.0013
   56.1     6.88   8.923   0.0043
   56.3     6.90   8.950   0.0024
   56.6     6.90   8.977   0.0027
   56.9     6.93   9.004   0.0004
   57.1     6.95   9.030  -0.0023
   57.3     6.99   9.058  -0.0013
   57.6     7.00   9.085  -0.0016
   57.9     7.04   9.112   0.0014
   58.2     7.05   9.139   0.0019
   58.4     7.09   9.166   0.0001
   58.7     7.12   9.193   0.0003
   58.8     7.13   9.220  -0.0031
   59.1     7.14   9.247  -0.0019
   59.4     7.17   9.274   0.0001
   59.8     7.20   9.301  -0.0001
   60.0     7.22   9.328   0.0011
   60.1     7.26   9.355   0.0016
   60.5     7.28   9.382   0.0014
   60.8     7.25   9.409  -0.0020
   61.0     7.24   9.436  -0.0016
   61.2     7.27   9.462  -0.0022
   61.5     7.33   9.489  -0.0017
   61.8     7.39   9.516   0.0008
   62.0     7.37   9.543  -0.0030
   62.2     7.37   9.570  -0.0020
   62.6     7.40   9.597   0.0006
   62.8     7.46   9.625   0.0004
   63.1     7.43   9.652   0.0001
   63.3     7.42   9.679  -0.0031
   63.6     7.45   9.705  -0.0027
   63.9     7.46   9.732  -0.0008
   64.1     7.50   9.759  -0.0027
   64.4     7.52   9.786  -0.0004
   64.6     7.54   9.813  -0.0020
   64.9     7.52   9.840  -0.0045
   65.1     7.57   9.867   0.0002
   65.3     7.56   9.893  -0.0008
   65.7     7.55   9.922  -0.0021
   66.0     7.58   9.948  -0.0035
   66.3     7.63   9.974  -0.0058
   66.5     7.61  10.001  -0.0059
   66.8     7.65  10.028  -0.0075
   67.0     7.68  10.054  -0.0087
   67.2     7.67  10.081  -0.0086
   67.6     7.69  10.108  -0.0050
   67.8     7.69  10.135  -0.0028
   68.1     7.69  10.161  -0.0050
   68.3     7.71  10.189  -0.0054
   68.6     7.74  10.215  -0.0035
   68.8     7.77  10.241  -0.0009
   69.1     7.73  10.268  -0.0023
   69.4     7.78  10.295  -0.0000
   69.6     7.78  10.321  -0.0065
   69.9     7.83  10.348  -0.0051
   70.2     7.83  10.375  -0.0028
   70.5     7.80  10.401  -0.0009
   70.7     7.82  10.428  -0.0012
   71.0     7.82  10.455   0.0006
   71.3     7.86  10.481  -0.0008
   71.4     7.84  10.509  -0.0021
   71.9     7.85  10.535  -0.0036
   71.9     7.87  10.562  -0.0082
   72.3     7.83  10.589  -0.0042
   72.6     7.90  10.616  -0.0033
   72.9     7.92  10.642  -0.0020
   73.0     7.91  10.670  -0.0054
   73.4     7.93  10.697  -0.0067
   73.6     7.97  10.723  -0.0015
   74.0     7.99  10.750   0.0009
   74.2     7.99  10.777   0.0010
   74.5     7.97  10.803   0.0033
   74.8     8.00  10.830   0.0023
   75.0     8.05  10.857   0.0036
   75.3     8.04  10.884   0.0041
   75.5     8.02  10.911  -0.0017
   75.8     7.96  10.938  -0.0009
   76.1     8.05  10.965  -0.0013
   76.3     8.04  10.991   0.0004
   76.7     8.10  11.017  -0.0002
   76.9     8.05  11.044   0.0014
   77.2     8.04  11.071   0.0022
   77.4     8.07  11.097   0.0025
   77.7     8.04  11.124   0.0021
   77.9     8.11  11.151  -0.0001
   78.2     8.09  11.178  -0.0034
   78.5     8.11  11.205   0.0023
   78.8     8.09  11.232   0.0026
   79.1     8.08  11.258   0.0036
   79.3     8.11  11.285   0.0053
   79.5     8.14  11.311   0.0059
   79.9     8.12  11.338   0.0029
   80.1     8.15  11.365   0.0017
   80.4     8.12  11.392  -0.0006
   80.7     8.14  11.418   0.0010
   81.0     8.17  11.445   0.0044
   81.2     8.13  11.472   0.0054
   81.4     8.13  11.498   0.0070
   81.7     8.19  11.525   0.0066
   82.1     8.17  11.551   0.0063
   82.2     8.19  11.578   0.0020
   82.5     8.14  11.605   0.0060
   82.8     8.20  11.632   0.0071
   83.1     8.20  11.658   0.0043
   83.4     8.21  11.685   0.0027
   83.6     8.21  11.712   0.0025
   83.9     8.20  11.739   0.0021
   84.2     8.21  11.765  -0.0004
   84.5     8.17  11.792  -0.0029
   84.7     8.18  11.819   0.0026
   84.9     8.18  11.846   0.0045
   85.3     8.19  11.873   0.0005
   85.4     8.19  11.900   0.0040
   85.8     8.22  11.927   0.0073
   86.1     8.20  11.954   0.0085
   86.4     8.24  11.981   0.0084
   86.6     8.25  12.008   0.0091
   86.9     8.25  12.034   0.0110
   87.1     8.26  12.061   0.0099
   87.4     8.27  12.088   0.0061
   87.7     8.25  12.115   0.0043
   87.9     8.24  12.142   0.0014
   88.2     8.21  12.168   0.0006
   88.5     8.26  12.195  -0.0009
   88.8     8.25  12.222  -0.0008
   89.1     8.23  12.249   0.0004
   89.3     8.24  12.276   0.0029
   89.5     8.25  12.302   0.0053
   89.9     8.28  12.329   0.0032
   90.1     8.26  12.356   0.0033
   90.5     8.28  12.383   0.0032
   90.7     8.27  12.410   0.0055
   91.0     8.29  12.436   0.0025
   91.3     8.28  12.463  -0.0016
   91.5     8.29  12.490  -0.0020
   91.8     8.31  12.517  -0.0038
   92.0     8.28  12.544  -0.0037
   92.3     8.25  12.572   0.0005
   92.6     8.23  12.598   0.0017
   92.7     8.22  12.625   0.0019
   93.1     8.28  12.652  -0.0029
   93.3     8.24  12.679  -0.0005
   93.7     8.24  12.706   0.0033
   94.0     8.28  12.733   0.0101
   94.1     8.23  12.760   0.0068
   94.5     8.22  12.786   0.0082
   94.7     8.28  12.813   0.0070
   95.0     8.27  12.840   0.0032
   95.4     8.25  12.867   0.0011
   95.6     8.25  12.893   0.0033
   95.9     8.27  12.921   0.0030
   96.0     8.27  12.948   0.0042
   96.4     8.26  12.974   0.0010
   96.7     8.22  13.001   0.0041
   96.9     8.23  13.028   0.0014
   97.2     8.21  13.055   0.0053
   97.5     8.21  13.082   0.0062
   97.7     8.17  13.109   0.0101
   98.0     8.21  13.135   0.0083
   98.3     8.22  13.162   0.0058
   98.5     8.23  13.189   0.0087
   98.7     8.18  13.215   0.0067
   99.1     8.16  13.242   0.0086
   99.3     8.17  13.269   0.0068
   99.6     8.21  13.296   0.0050
   99.9     8.17  13.322   0.0073
  100.2     8.17  13.349   0.0058
  100.5     8.16  13.377   0.0063
  100.7     8.13  13.404   0.0058
  101.0     8.15  13.431   0.0064
  101.2     8.13  13.458   0.0070
  101.5     8.12  13.485   0.0073
  101.7     8.16  13.511   0.0082
  102.1     8.12  13.539   0.0056
  102.3     8.14  13.565   0.0046
  102.7     8.17  13.592   0.0059
  103.0     8.13  13.619   0.0047
  103.2     8.16  13.645   0.0059
  103.4     8.11  13.672   0.0053
  103.7     8.15  13.699   0.0049
  104.0     8.14  13.726   0.0067
  104.2     8.11  13.753   0.0056
  104.6     8.19  13.780   0.0017
  104.8     8.20  13.807   0.0051
  105.1     8.15  13.834   0.0046
  105.4     8.14  13.861   0.0054
  105.7     8.15  13.888   0.0073
  106.0     8.11  13.915   0.0051
  106.2     8.11  13.942   0.0042
  106.5     8.12  13.969   0.0059
  106.8     8.13  13.996   0.0058
  107.1     8.09  14.023   0.0076
  107.3     8.11  14.049   0.0093
  107.6     8.08  14.077   0.0088
  107.9     8.10  14.104   0.0091
  108.1     8.13  14.131   0.0083
  108.6     8.09  14.158   0.0099
  108.7     8.10  14.185   0.0133
  109.0     8.07  14.212   0.0118
  109.3     8.14  14.239   0.0101
  109.6     8.08  14.265   0.0094
  109.9     8.10  14.292   0.0113
  110.1     8.05  14.319   0.0092
  110.4     8.10  14.346   0.0071
  110.6     8.05  14.373   0.0066
  110.9     8.04  14.399   0.0034
  111.1     8.00  14.426   0.0033
  111.4     7.98  14.453   0.0053
  111.7     8.03  14.481   0.0044
  112.0     8.05  14.508   0.0004
  112.3     8.05  14.535   0.0031
  112.6     8.07  14.561   0.0017
  113.0     8.06  14.589   0.0014
  113.1     8.00  14.615   0.0029
  113.3     8.04  14.642   0.0090
  113.7     8.07  14.669   0.0134
  114.0     8.01  14.696   0.0232
  114.3     7.98  14.722   0.0188
  114.4     7.94  14.750   0.0168
  114.6     7.93  14.777   0.0156
  115.0     7.96  14.803   0.0106
  115.3     7.95  14.830   0.0069
  115.5     7.94  14.858   0.0113
  115.8     7.97  14.885   0.0143
  116.1     7.99  14.912   0.0110
  116.5     8.10  14.939   0.0047
  116.7     7.94  14.966   0.0066
  116.9     7.97  14.992   0.0014
  117.2     7.96  15.019   0.0029
  117.4     7.91  15.046   0.0015
  117.7     7.94  15.073   0.0019
  118.0     7.93  15.101   0.0035
  118.3     7.91  15.128   0.0036
  118.6     7.90  15.155   0.0019
  118.7     7.87  15.182   0.0034
  119.1     7.89  15.209   0.0044
  119.4     7.90  15.235   0.0022
  119.6     7.90  15.262   0.0033
  119.9     7.85  15.289   0.0050
  120.2     7.86  15.316   0.0057
  120.5     7.86  15.343   0.0072
  120.8     7.87  15.370   0.0060
  121.0     7.90  15.397   0.0088
  121.3     7.89  15.424   0.0089
  121.6     7.90  15.451   0.0108
  121.9     7.84  15.477   0.0088
  122.1     7.88  15.504   0.0088
  122.4     7.83  15.531   0.0067
  122.7     7.86  15.558   0.0083
  122.9     7.85  15.585   0.0044
  123.2     7.81  15.612   0.0053
  123.5     7.83  15.639   0.0052
  123.7     7.82  15.666   0.0069
  123.9     7.83  15.692   0.0010
  124.2     7.84  15.719   0.0063
  124.5     7.82  15.746   0.0061
  124.8     7.76  15.773   0.0029
  125.2     7.77  15.800   0.0037
  125.4     7.77  15.827   0.0044
  125.6     7.81  15.854   0.0025
  125.9     7.78  15.881   0.0035
  126.3     7.80  15.908   0.0032
  126.5     7.81  15.936   0.0064
  126.8     7.79  15.963   0.0063
  127.1     7.83  15.989   0.0075
  127.2     7.75  16.016   0.0049
  127.7     7.80  16.043   0.0051
  127.9     7.72  16.070   0.0067
  128.2     7.76  16.097   0.0072
  128.4     7.75  16.124   0.0034
  128.6     7.76  16.151   0.0040
  128.9     7.73  16.178  -0.0014
  129.3     7.76  16.205  -0.0008
  129.5     7.78  16.232   0.0004
  129.9     7.79  16.259   0.0014
  130.1     7.75  16.285   0.0033
  130.4     7.79  16.313   0.0014
  130.6     7.81  16.339   0.0039
  130.9     7.81  16.366   0.0066
  131.2     7.79  16.393   0.0045
  131.5     7.78  16.420   0.0036
  131.7     7.83  16.447  -0.0000
  132.0     7.77  16.474  -0.0028
  132.3     7.82  16.501   0.0029
  132.4     7.70  16.528   0.0053
  132.8     7.69  16.554   0.0100
  133.1     7.75  16.581   0.0063
  133.4     7.79  16.608   0.0039
  133.6     7.79  16.635   0.0036
  133.9     7.80  16.661   0.0033
  134.2     7.76  16.688   0.0028
  134.5     7.76  16.715   0.0037
  134.8     7.75  16.742   0.0052
  135.0     7.72  16.769   0.0006
  135.3     7.77  16.796   0.0031
  135.5     7.75  16.822   0.0090
  135.9     7.70  16.849   0.0029
  136.1     7.72  16.876   0.0061
  136.4     7.73  16.903   0.0079
  136.6     7.72  16.931   0.0088
  136.9     7.71  16.958   0.0050
  137.2     7.71  16.984   0.0003
  137.5     7.73  17.011   0.0040
  137.8     7.72  17.039   0.0039
  138.1     7.72  17.065  -0.0019
  138.3     7.75  17.092   0.0010
  138.7     7.71  17.119   0.0026
  138.9     7.65  17.146   0.0090
  139.1     7.74  17.172   0.0065
  139.3     7.69  17.199   0.0051
  139.7     7.69  17.226   0.0090
  139.9     7.71  17.253   0.0102
  140.2     7.74  17.280   0.0094
  140.6     7.69  17.307   0.0098
  140.8     7.65  17.334   0.0064
  141.1     7.68  17.361   0.0062
  141.4     7.71  17.388   0.0056
  141.6     7.71  17.415   0.0042
  141.9     7.73  17.442   0.0017
  142.2     7.74  17.468   0.0030
  142.4     7.70  17.495   0.0001
  142.7     7.69  17.522   0.0022
  143.0     7.68  17.549   0.0066
  143.3     7.67  17.576   0.0055
  143.6     7.67  17.603   0.0066
  143.9     7.70  17.629   0.0065
  144.2     7.69  17.656   0.0062
  144.4     7.60  17.684   0.0036
  144.7     7.69  17.710   0.0041
  145.0     7.65  17.738   0.0069
  145.3     7.68  17.764   0.0030
  145.5     7.65  17.791   0.0053
  145.8     7.66  17.818  -0.0009
  146.0     7.64  17.845  -0.0013
  146.3     7.63  17.872   0.0032
  146.5     7.66  17.899   0.0047
  146.8     7.62  17.926   0.0062
  147.2     7.64  17.953   0.0026
  147.5     7.66  17.979   0.0025
  147.8     7.60  18.006   0.0032
  148.1     7.63  18.033   0.0061
  148.3     7.64  18.060   0.0038
  148.6     7.62  18.087   0.0021
  148.9     7.60  18.114   0.0061
  149.1     7.61  18.140   0.0048
  149.3     7.62  18.167   0.0027
  149.7     7.60  18.194   0.0014
  149.9     7.59  18.221   0.0005
  150.3     7.60  18.247   0.0017
  150.6     7.59  18.274   0.0004
  150.8     7.63  18.301   0.0043
  151.1     7.56  18.328   0.0037
  151.3     7.52  18.354  -0.0008
  151.6     7.51  18.381   0.0040
  151.9     7.54  18.408   0.0054
  152.1     7.55  18.435   0.0071
  152.3     7.52  18.461   0.0058
  152.7     7.51  18.488   0.0045
  153.0     7.55  18.515   0.0061
  153.3     7.50  18.542   0.0053
  153.5     7.51  18.569   0.0030
  153.8     7.50  18.596   0.0030
  154.1     7.48  18.622   0.0037
  154.4     7.49  18.649   0.0029
  154.6     7.43  18.676   0.0034
  154.9     7.48  18.703  -0.0036
  155.2     7.50  18.730  -0.0017
  155.4     7.53  18.757  -0.0010
  155.8     7.47  18.783  -0.0019
  156.1     7.45  18.810  -0.0014
  156.3     7.43  18.837   0.0024
  156.6     7.46  18.864   0.0042
  156.8     7.43  18.891   0.0014
  157.1     7.43  18.918   0.0010
  157.4     7.44  18.946  -0.0003
  157.7     7.41  18.972  -0.0012
  158.0     7.46  18.999  -0.0021
  158.2     7.41  19.026  -0.0028
  158.5     7.36  19.053  -0.0038
  158.8     7.38  19.079  -0.0025
  159.1     7.38  19.106   0.0002
  159.3     7.37  19.133   0.0025
  159.6     7.36  19.159  -0.0003
  159.9     7.37  19.186   0.0032
  160.2     7.37  19.213   0.0020
  160.4     7.38  19.240   0.0033
  160.7     7.38  19.267   0.0030
  161.0     7.40  19.293   0.0029
  161.4     7.32  19.320   0.0053
  161.7     7.34  19.347   0.0025
  161.9     7.36  19.374   0.0012
  162.2     7.37  19.401  -0.0021
  162.4     7.36  19.428  -0.0017
  162.7     7.37  19.454   0.0010
  163.0     7.38  19.481  -0.0002
  163.3     7.32  19.508  -0.0022
  163.5     7.31  19.534  -0.0010
  163.8     7.35  19.561   0.0014
  164.1     7.35  19.588   0.0008
  164.3     7.29  19.615   0.0014
  164.7     7.27  19.641   0.0001
  164.9     7.31  19.668   0.0012
  165.2     7.30  19.695  -0.0008
  165.4     7.30  19.722   0.0004
  165.7     7.26  19.748   0.0039
  166.0     7.28  19.775   0.0054
  166.4     7.30  19.802   0.0035
  166.6     7.26  19.829   0.0030
  167.0     7.26  19.856   0.0062
  167.1     7.23  19.883   0.0015
  167.5     7.25  19.913   0.0037
  167.7     7.22  19.939   0.0008
  168.0     7.21  19.966  -0.0004
  168.4     7.24  19.993   0.0016
  168.6     7.24  20.020   0.0014
  168.8     7.23  20.047   0.0045
  169.1     7.21  20.074   0.0018
  169.4     7.19  20.101  -0.0015
  169.7     7.21  20.128  -0.0002
  170.0     7.17  20.155   0.0031
  170.3     7.20  20.182   0.0019
  170.6     7.17  20.209   0.0029
  170.8     7.14  20.236   0.0003
  171.1     7.12  20.263  -0.0006
  171.4     7.17  20.289  -0.0002
  171.7     7.16  20.316   0.0017
  172.1     7.17  20.343   0.0036
  172.3     7.16  20.370   0.0048
  172.6     7.15  20.397  -0.0024
  172.8     7.09  20.424   0.0018
  173.1     7.10  20.451   0.0075
  173.4     7.16  20.478   0.0031
  173.7     7.07  20.505   0.0060
  173.9     7.15  20.533   0.0081
  174.2     7.11  20.559   0.0040
  174.5     7.10  20.586   0.0062
  174.8     7.10  20.613   0.0058
  175.0     7.15  20.640   0.0044
  175.4     7.10  20.667   0.0041
  175.7     7.11  20.694   0.0070
  175.9     7.07  20.720   0.0059
  176.2     7.05  20.747   0.0044
  176.4     7.06  20.774   0.0022
  176.7     7.00  20.802   0.0007
  177.0     7.00  20.829   0.0049
  177.4     6.99  20.856   0.0064
  177.6     7.01  20.883   0.0086
  177.9     7.03  20.910   0.0040
  178.1     7.03  20.937   0.0036
  178.5     7.04  20.964   0.0027
  178.8     7.07  20.991   0.0045
  179.0     6.98  21.018   0.0034
  179.1     6.96  21.045   0.0028
  179.5     6.97  21.071   0.0073
  179.8     6.96  21.098   0.0074
  180.1     6.98  21.126   0.0039
  180.3     6.93  21.152   0.0044
  180.7     6.92  21.179   0.0079
  180.9     6.97  21.206   0.0099
  181.2     6.95  21.233   0.0112
  181.5     6.92  21.260   0.0099
  181.8     6.91  21.287   0.0087
  182.0     6.90  21.314   0.0085
  182.3     6.86  21.341   0.0087
  182.6     6.87  21.368   0.0090
  182.8     6.84  21.395   0.0106
  183.1     6.86  21.422   0.0075
  183.5     6.83  21.450   0.0076
  183.7     6.85  21.477   0.0022
  183.8     6.82  21.503   0.0044
  184.1     6.77  21.530   0.0072
  184.4     6.80  21.557   0.0048
  184.8     6.79  21.584   0.0066
  185.0     6.79  21.610   0.0056
  185.3     6.74  21.638   0.0087
  185.5     6.75  21.664   0.0050
  185.8     6.75  21.691   0.0049
  186.2     6.72  21.718   0.0048
  186.4     6.72  21.746   0.0036
  186.8     6.73  21.773   0.0016
  186.9     6.70  21.800   0.0019
  187.3     6.74  21.827   0.0038
  187.5     6.70  21.854   0.0044
  187.8     6.70  21.881   0.0078
  188.2     6.70  21.908   0.0007
  188.3     6.69  21.935   0.0059
  188.7     6.70  21.962   0.0032
  188.9     6.68  21.989   0.0021
  189.2     6.69  22.016   0.0024
  189.5     6.69  22.043   0.0028
  189.8     6.64  22.070   0.0025
  190.1     6.67  22.097   0.0027
  190.3     6.67  22.124   0.0033
  190.6     6.55  22.151   0.0016
  190.8     6.64  22.178  -0.0002
  191.1     6.63  22.205   0.0003
  191.4     6.64  22.232  -0.0010
  191.7     6.63  22.259   0.0020
  191.9     6.65  22.286   0.0023
  192.4     6.63  22.313   0.0049
  192.6     6.62  22.339   0.0052
  192.9     6.62  22.366   0.0073
  193.2     6.59  22.393   0.0081
  193.4     6.61  22.420   0.0068
  193.7     6.57  22.447   0.0057
  194.0     6.66  22.473   0.0079
  194.3     6.55  22.500   0.0043
  194.4     6.53  22.527   0.0063
  194.7     6.54  22.554   0.0073
  195.0     6.53  22.581   0.0064
  195.2     6.53  22.608   0.0065
  195.6     6.50  22.635   0.0125
  195.9     6.51  22.662   0.0126
  196.1     6.47  22.689   0.0135
  196.4     6.46  22.716   0.0112
  196.6     6.47  22.742   0.0104
  197.1     6.46  22.769   0.0086
  197.2     6.44  22.796   0.0022
  197.5     6.45  22.823   0.0073
  197.8     6.41  22.850   0.0080
  198.1     6.44  22.877   0.0098
  198.4     6.45  22.904   0.0098
  198.7     6.41  22.931   0.0084
  199.0     6.31  22.958   0.0054
  199.2     6.37  22.985   0.0083
  199.5     6.40  23.012   0.0063
  199.8     6.41  23.039   0.0045
  200.0     6.29  23.066   0.0006
  200.3     6.40  23.093  -0.0000
  200.6     6.36  23.120   0.0019
  200.8     6.32  23.147   0.0036
  201.2     6.34  23.173   0.0029
  201.4     6.36  23.200   0.0041
  201.7     6.29  23.227   0.0022
  201.9     6.30  23.254   0.0076
  202.2     6.27  23.280   0.0064
  202.5     6.27  23.307   0.0057
  202.9     6.32  23.335   0.0095
  203.1     6.30  23.362   0.0080
  203.4     6.27  23.389   0.0060
  203.6     6.28  23.416   0.0053
  203.9     6.29  23.442   0.0074
  204.1     6.26  23.469   0.0113
  204.6     6.27  23.496   0.0078
  204.7     6.23  23.523   0.0066
  205.0     6.27  23.549   0.0089
  205.3     6.23  23.577   0.0091
  205.6     6.19  23.604   0.0119
  205.9     6.19  23.631   0.0089
  206.2     6.21  23.658   0.0098
  206.3     6.15  23.685   0.0128
  206.8     6.16  23.712   0.0121
  207.0     6.22  23.739   0.0098
  207.3     6.18  23.766   0.0070
  207.5     6.18  23.793   0.0068
  207.9     6.20  23.820   0.0045
  208.1     6.15  23.847   0.0024
  208.3     6.11  23.874   0.0024
  208.7     6.09  23.901   0.0021
  208.9     6.14  23.928   0.0057
  209.2     6.12  23.955   0.0082
  209.5     6.11  23.983   0.0059
  209.8     6.10  24.009   0.0076
  210.1     6.11  24.036   0.0080
  210.4     6.15  24.063   0.0084
  210.7     6.14  24.090   0.0071
  210.9     6.09  24.117   0.0070
  211.3     6.09  24.143   0.0088
  211.5     6.09  24.171   0.0082
  211.8     6.13  24.198   0.0077
  212.0     6.08  24.224   0.0053
  212.4     6.13  24.251   0.0045
  212.6     6.13  24.278   0.0065
  212.9     6.11  24.306   0.0091
  213.3     6.11  24.333   0.0078
  213.6     6.09  24.360   0.0067
  213.8     6.11  24.387   0.0073
  214.1     6.09  24.414   0.0079
  214.3     6.05  24.440   0.0070
  214.6     6.05  24.467   0.0067
  214.8     6.04  24.494   0.0085
  215.1     6.01  24.521   0.0072
  215.4     6.01  24.548   0.0048
  215.8     6.05  24.575   0.0044
  216.0     5.99  24.602   0.0037
  216.2     5.96  24.629   0.0077
  216.6     5.94  24.656   0.0057
  216.9     5.95  24.683   0.0035
  217.1     5.97  24.710   0.0015
  217.4     5.97  24.737   0.0003
  217.7     5.93  24.764  -0.0014
  217.9     5.89  24.791   0.0031
  218.2     5.92  24.818   0.0024
  218.5     5.87  24.845   0.0031
  218.8     5.91  24.872   0.0015
  219.0     5.98  24.900   0.0021
  219.5     5.97  24.928   0.0040
  219.6     5.91  24.955   0.0061
  220.0     5.95  24.982   0.0073
  220.3     5.89  25.009   0.0102
  220.6     5.88  25.035   0.0094
  220.8     5.90  25.062   0.0089
  221.1     5.85  25.089   0.0077
  221.3     5.89  25.116   0.0058
  221.7     5.87  25.143   0.0095
  221.9     5.87  25.170   0.0114
  222.3     5.83  25.197   0.0096
  222.5     5.83  25.224   0.0075
  222.8     5.80  25.252   0.0070
  223.1     5.79  25.279   0.0064
  223.2     5.71  25.306   0.0037
  223.5     5.68  25.333   0.0055
  223.8     5.70  25.361   0.0046
  224.2     5.72  25.388   0.0061
  224.4     5.68  25.415   0.0058
  224.7     5.74  25.441   0.0058
  225.0     5.69  25.468   0.0041
  225.2     5.68  25.495   0.0058
  225.5     5.65  25.522   0.0047
  225.8     5.66  25.549   0.0040
  226.1     5.63  25.577   0.0068
  226.4     5.64  25.604   0.0045
  226.6     5.61  25.631   0.0033
  227.0     5.60  25.658   0.0049
  227.2     5.62  25.685   0.0015
  227.5     5.59  25.712   0.0004
  227.8     5.57  25.739   0.0054
  228.1     5.58  25.765   0.0035
  228.3     5.54  25.792   0.0039
  228.7     5.61  25.819   0.0013
  228.9     5.56  25.847   0.0019
  229.2     5.53  25.873   0.0046
  229.4     5.54  25.900   0.0045
  229.8     5.55  25.928   0.0056
  230.1     5.58  25.954   0.0097
  230.2     5.56  25.981   0.0083
  230.6     5.52  26.009   0.0064
  230.9     5.54  26.035   0.0087
  231.2     5.54  26.062   0.0055
  231.5     5.51  26.089   0.0076
  231.7     5.49  26.116   0.0073
  232.1     5.53  26.143   0.0069
  232.2     5.50  26.171   0.0079
  232.6     5.50  26.198   0.0060
  232.8     5.46  26.224   0.0027
  233.2     5.47  26.252   0.0019
  233.4     5.43  26.278   0.0050
  233.6     5.44  26.305   0.0046
  234.0     5.44  26.332   0.0015
  234.3     5.46  26.359   0.0036
  234.6     5.47  26.386   0.0042
  234.9     5.49  26.414   0.0047
  235.1     5.44  26.441   0.0024
  235.5     5.44  26.468   0.0034
  235.6     5.39  26.496   0.0015
  235.9     5.41  26.523   0.0029
  236.2     5.39  26.550   0.0030
  236.6     5.42  26.577   0.0032
  236.8     5.42  26.604   0.0025
  237.1     5.36  26.631   0.0038
  237.4     5.34  26.658   0.0068
  237.7     5.35  26.685   0.0068
  237.9     5.36  26.712   0.0052
  238.2     5.32  26.739   0.0077
  238.5     5.33  26.765   0.0039
  238.7     5.31  26.792   0.0069
  239.0     5.34  26.820   0.0053
  239.3     5.32  26.847   0.0070
  239.6     5.33  26.874   0.0068
  239.9     5.35  26.901   0.0091
  240.2     5.29  26.928   0.0066
  240.5     5.30  26.955   0.0077
  240.8     5.32  26.982   0.0096
  241.0     5.31  27.008   0.0098
  241.4     5.31  27.035   0.0067
  241.5     5.30  27.063   0.0071
  241.8     5.27  27.090   0.0083
  242.2     5.27  27.117   0.0092
  242.3     5.23  27.143   0.0083
  242.7     5.22  27.171   0.0052
  243.0     5.21  27.197   0.0082
  243.3     5.20  27.224   0.0084
  243.5     5.17  27.252   0.0082
  243.8     5.15  27.278   0.0048
  244.0     5.17  27.306   0.0052
  244.3     5.17  27.333   0.0038
  244.5     5.13  27.360   0.0076
  244.9     5.13  27.387   0.0040
  245.1     5.14  27.415   0.0053
  245.4     5.12  27.442   0.0070
  245.8     5.07  27.470   0.0060
  246.0     5.13  27.496   0.0050
  246.3     5.08  27.524   0.0026
  246.6     5.05  27.551   0.0027
  246.9     5.09  27.577   0.0047
  247.2     5.05  27.605   0.0034
  247.4     5.08  27.632   0.0005
  247.7     5.05  27.658   0.0035
  248.1     5.07  27.685   0.0044
  248.2     5.06  27.712   0.0025
  248.5     5.06  27.739   0.0040
  248.9     5.07  27.767   0.0031
  249.2     5.09  27.794   0.0019
  249.5     5.07  27.821   0.0031
  249.7     5.05  27.848   0.0008
  250.1     5.05  27.874   0.0029
  250.3     5.05  27.901   0.0021
  250.5     5.08  27.929   0.0018
  250.8     5.00  27.956   0.0009
  251.1     4.99  27.983  -0.0014
  251.3     4.98  28.010   0.0039
  251.8     4.96  28.036   0.0017
  252.0     5.03  28.064  -0.0011
  252.3     5.02  28.091   0.0027
  252.5     4.97  28.118   0.0028
  252.8     4.86  28.146   0.0065
  253.1     4.94  28.172  -0.0005
  253.4     4.94  28.200   0.0071
  253.7     4.95  28.227   0.0063
  253.9     4.93  28.255   0.0047
  254.3     4.92  28.282   0.0049
  254.5     4.95  28.309   0.0028
  254.8     4.97  28.336  -0.0011
  255.1     4.95  28.363   0.0012
  255.4     4.92  28.390   0.0044
  255.7     4.91  28.418   0.0053
  255.9     4.88  28.445   0.0056
  256.3     4.90  28.472   0.0070
  256.5     4.91  28.498   0.0043
  256.8     4.94  28.526   0.0041
  257.0     4.89  28.553   0.0066
  257.3     4.86  28.580   0.0075
  257.7     4.90  28.607   0.0093
  257.9     4.92  28.634   0.0087
  258.2     4.89  28.661   0.0098
  258.5     4.88  28.689   0.0068
  258.7     4.85  28.716   0.0115
  259.1     4.87  28.743   0.0109
  259.3     4.89  28.770   0.0085
  259.7     4.89  28.797   0.0102
  259.8     4.88  28.824   0.0113
  260.1     4.84  28.851   0.0107
  260.4     4.84  28.878   0.0106
  260.7     4.84  28.905   0.0072
  261.0     4.79  28.933   0.0038
  261.3     4.79  28.960   0.0025
  261.6     4.82  28.987  -0.0036
  261.9     4.83  29.015   0.0014
  262.1     4.78  29.042   0.0061
  262.5     4.76  29.068   0.0027
  262.7     4.76  29.095   0.0057
  262.9     4.77  29.122   0.0062
  263.4     4.80  29.149   0.0048
  263.6     4.81  29.176   0.0057
  263.9     4.82  29.203   0.0074
  264.3     4.85  29.230   0.0075
  264.4     4.81  29.257   0.0100
  264.8     4.74  29.285   0.0072
  265.0     4.79  29.311   0.0089
  265.2     4.76  29.339   0.0069
  265.5     4.76  29.366   0.0049
  265.8     4.72  29.393   0.0050
  266.1     4.73  29.420   0.0043
  266.5     4.74  29.447   0.0018
  266.7     4.74  29.474   0.0017
  266.9     4.69  29.501   0.0016
  267.3     4.73  29.528   0.0015
  267.6     4.71  29.555   0.0005
  267.8     4.71  29.582   0.0018
  268.2     4.70  29.609   0.0035
  268.5     4.67  29.637   0.0045
  268.7     4.68  29.664   0.0041
  268.9     4.65  29.692   0.0058
  269.4     4.67  29.719   0.0037
  269.6     4.64  29.746   0.0046
  269.9     4.66  29.773   0.0059
  270.2     4.69  29.800   0.0057
  270.5     4.69  29.827   0.0046
  270.7     4.66  29.854   0.0050
  271.1     4.67  29.881   0.0041
  271.3     4.65  29.908   0.0066
  271.6     4.68  29.935   0.0050
  271.9     4.64  29.962   0.0038
  272.2     4.62  29.990   0.0063
  272.5     4.58  30.017   0.0067
  272.8     4.53  30.044   0.0069
  273.0     4.54  30.071   0.0065
  273.3     4.57  30.098   0.0075
  273.5     4.54  30.125   0.0052
  273.9     4.55  30.152   0.0066
  274.0     4.56  30.179   0.0075
  274.4     4.59  30.206   0.0116
  274.7     4.61  30.233   0.0099
  275.1     4.55  30.260   0.0101
  275.2     4.54  30.287   0.0130
  275.5     4.49  30.315   0.0142
  275.8     4.50  30.342   0.0133
  276.1     4.54  30.369   0.0106
  276.5     4.55  30.396   0.0072
  276.8     4.52  30.423   0.0090
  277.0     4.54  30.450   0.0075
  277.3     4.52  30.477   0.0055
  277.4     4.52  30.503   0.0013
  277.9     4.51  30.530   0.0049
  278.0     4.50  30.557   0.0012
  278.4     4.52  30.585   0.0044
  278.5     4.48  30.612   0.0030
  278.9     4.44  30.639   0.0061
  279.2     4.45  30.666   0.0075
  279.5     4.42  30.693   0.0075
  279.8     4.44  30.720   0.0083
  280.1     4.44  30.747   0.0072
  280.4     4.46  30.774   0.0100
  280.6     4.40  30.801   0.0101
  280.9     4.41  30.828   0.0096
  281.3     4.47  30.855   0.0090
  281.5     4.45  30.882   0.0052
  281.9     4.45  30.909   0.0079
  282.2     4.43  30.937   0.0091
  282.3     4.39  30.964   0.0100
  282.7     4.43  30.991   0.0115
  283.0     4.40  31.018   0.0133
  283.3     4.38  31.045   0.0168
  283.5     4.43  31.072   0.0119
  283.8     4.40  31.099   0.0145
  284.1     4.40  31.126   0.0148
  284.5     4.38  31.153   0.0134
  284.6     4.33  31.180   0.0142
  285.0     4.31  31.207   0.0157
  285.3     4.29  31.235   0.0156
  285.5     4.29  31.262   0.0135
  285.8     4.33  31.289   0.0096
  286.0     4.28  31.316   0.0119
  286.4     4.29  31.343   0.0117
  286.7     4.27  31.370   0.0106
  286.9     4.29  31.397   0.0094
  287.2     4.25  31.424   0.0078
  287.4     4.26  31.452   0.0071
  287.8     4.27  31.478   0.0114
  288.1     4.30  31.505   0.0105
  288.4     4.27  31.533   0.0065
  288.6     4.25  31.560   0.0071
  289.0     4.29  31.587   0.0076
  289.2     4.30  31.614   0.0080
  289.5     4.29  31.641   0.0076
  289.8     4.23  31.668   0.0060
  290.0     4.24  31.696   0.0068
  290.4     4.23  31.723   0.0074
  290.5     4.21  31.750   0.0090
  290.9     4.20  31.777   0.0050
  291.1     4.17  31.803   0.0078
  291.5     4.26  31.831   0.0100
  291.8     4.24  31.858   0.0100
  292.2     4.22  31.885   0.0108
  292.4     4.20  31.913   0.0099
  292.6     4.17  31.940   0.0084
  292.9     4.20  31.967   0.0063
  293.2     4.16  31.994   0.0062
  293.4     4.15  32.022   0.0052
  293.8     4.15  32.048   0.0057
  294.0     4.16  32.075   0.0069
  294.3     4.17  32.103   0.0056
  294.6     4.15  32.130   0.0058
  295.0     4.11  32.157   0.0089
  295.2     4.15  32.185   0.0093
  295.5     4.11  32.211   0.0060
  295.8     4.10  32.239   0.0095
  296.0     4.13  32.265   0.0095
  296.3     4.13  32.293   0.0102
  296.5     4.09  32.320   0.0079
  296.8     4.12  32.347   0.0072
  297.1     4.10  32.374   0.0056
  297.5     4.12  32.401   0.0081
  297.8     4.10  32.428   0.0080
  298.0     4.06  32.455   0.0077
  298.2     4.05  32.482   0.0105
  298.6     4.05  32.509   0.0119
  298.8     4.03  32.536   0.0119
  299.1     4.01  32.563   0.0129
  299.4     4.01  32.590   0.0131
  299.7     4.02  32.617   0.0120
  300.0     4.01  32.644   0.0140
  300.3     4.06  32.671   0.0137
  300.5     4.03  32.698   0.0129
  300.8     4.02  32.725   0.0094
  301.1     4.00  32.752   0.0125
  301.5     4.01  32.779   0.0118
  301.7     3.99  32.807   0.0143
  302.0     4.00  32.833   0.0165
  302.3     4.01  32.861   0.0148
  302.5     4.02  32.888   0.0140
  302.8     3.99  32.915   0.0130
  303.2     3.97  32.942   0.0089
  303.5     3.97  32.969   0.0114
  303.8     4.00  32.996   0.0142
  303.9     3.96  33.024   0.0113
  304.4     3.96  33.051   0.0139
  304.5     3.96  33.077   0.0113
  304.8     3.95  33.105   0.0134
  305.1     3.96  33.133   0.0163
  305.4     3.93  33.160   0.0170
  305.8     3.95  33.186   0.0124
  306.0     3.94  33.213   0.0138
  306.4     3.90  33.240   0.0153
  306.5     3.90  33.267   0.0199
  306.8     3.88  33.294   0.0134
  307.1     3.87  33.321   0.0091
  307.5     3.88  33.348   0.0066
  307.6     3.88  33.376   0.0072
  308.1     3.84  33.403   0.0098
  308.2     3.86  33.430   0.0105
  308.5     3.85  33.458   0.0100
  308.9     3.87  33.485   0.0088
  309.3     3.89  33.511   0.0108
  309.4     3.84  33.538   0.0106
  309.7     3.83  33.565   0.0092
  310.0     3.84  33.592   0.0077
  310.2     3.84  33.619   0.0085
  310.6     3.83  33.646   0.0084
  310.9     3.80  33.673   0.0090
  311.1     3.80  33.700   0.0105
  311.3     3.82  33.727   0.0076
  311.7     3.79  33.754   0.0083
  311.9     3.70  33.782   0.0084
  312.2     3.75  33.809   0.0140
  312.6     3.76  33.836   0.0135
  313.0     3.78  33.863   0.0137
  313.1     3.78  33.890   0.0105
  313.4     3.77  33.917   0.0118
  313.7     3.77  33.944   0.0090
  314.1     3.78  33.971   0.0120
  314.3     3.74  33.998   0.0137
  314.6     3.75  34.026   0.0123
  315.0     3.73  34.053   0.0157
  315.2     3.75  34.080   0.0146
  315.5     3.76  34.107   0.0133
  315.7     3.73  34.134   0.0090
  316.1     3.75  34.161   0.0107
  316.4     3.76  34.188   0.0148
  316.6     3.72  34.215   0.0127
  316.9     3.72  34.241   0.0121
  317.1     3.71  34.269   0.0168
  317.5     3.69  34.296   0.0111
  317.7     3.73  34.322   0.0145
  318.1     3.72  34.349   0.0122
  318.5     3.72  34.377   0.0108
  318.7     3.70  34.404   0.0145
  318.9     3.70  34.432   0.0161
  319.2     3.76  34.459   0.0159
  319.5     3.71  34.486   0.0180
  319.8     3.71  34.513   0.0169
  320.1     3.71  34.540   0.0143
  320.4     3.66  34.567   0.0136
  320.7     3.69  34.594   0.0151
  321.0     3.69  34.621   0.0137
  321.2     3.64  34.648   0.0106
  321.6     3.68  34.676   0.0105
  322.0     3.65  34.703   0.0147
  322.2     3.67  34.730   0.0126
  322.5     3.64  34.758   0.0140
  322.6     3.64  34.784   0.0120
  322.9     3.66  34.812   0.0133
  323.2     3.64  34.839   0.0181
  323.6     3.64  34.866   0.0152
  323.9     3.64  34.892   0.0126
  324.1     3.64  34.920   0.0154
  324.5     3.62  34.947   0.0203
  324.7     3.59  34.974   0.0248
  325.0     3.59  35.001   0.0209
  325.4     3.57  35.028   0.0177
  325.6     3.61  35.055   0.0176
  325.9     3.58  35.083   0.0170
  326.2     3.58  35.110   0.0149
  326.4     3.56  35.137   0.0126
  326.8     3.52  35.164   0.0135
  327.0     3.56  35.191   0.0152
  327.3     3.54  35.218   0.0160
  327.6     3.56  35.245   0.0112
  327.9     3.56  35.272   0.0136
  328.2     3.52  35.299   0.0164
  328.5     3.51  35.326   0.0145
  328.7     3.50  35.353   0.0111
  329.0     3.45  35.380   0.0108
  329.3     3.50  35.407   0.0135
  329.6     3.48  35.434   0.0130
  329.9     3.48  35.461   0.0143
  330.1     3.49  35.488   0.0135
  330.4     3.48  35.515   0.0133
  330.8     3.48  35.541   0.0164
  331.0     3.43  35.568   0.0184
  331.2     3.44  35.595   0.0138
  331.5     3.44  35.622   0.0155
  331.8     3.42  35.649   0.0147
  332.0     3.44  35.676   0.0142
  332.4     3.44  35.703   0.0147
  332.8     3.42  35.730   0.0109
  333.1     3.47  35.758   0.0137
  333.4     3.43  35.785   0.0125
  333.6     3.41  35.812   0.0107
  333.8     3.44  35.839   0.0123
  334.2     3.35  35.866   0.0132
  334.3     3.39  35.893   0.0145
  334.9     3.41  35.921   0.0170
  334.9     3.45  35.948   0.0183
  335.4     3.42  35.976   0.0188
  335.6     3.41  36.003   0.0157
  335.9     3.36  36.030   0.0167
  336.2     3.33  36.058   0.0140
  336.4     3.33  36.085   0.0131
  336.8     3.35  36.112   0.0141
  337.1     3.37  36.139   0.0085
  337.3     3.33  36.167   0.0057
  337.6     3.32  36.194   0.0079
  338.0     3.34  36.221   0.0070
  338.2     3.32  36.248   0.0073
  338.4     3.31  36.275   0.0093
  338.7     3.33  36.303   0.0093
  339.0     3.31  36.330   0.0064
  339.4     3.30  36.358   0.0101
  339.6     3.32  36.385   0.0086
  340.0     3.34  36.411   0.0111
  340.1     3.30  36.439   0.0108
  340.5     3.28  36.466   0.0136
  340.7     3.28  36.492   0.0162
  341.0     3.30  36.520   0.0146
  341.3     3.30  36.546   0.0125
  341.6     3.31  36.574   0.0138
  341.9     3.30  36.602   0.0162
  342.3     3.30  36.629   0.0163
  342.5     3.24  36.656   0.0162
  342.7     3.23  36.683   0.0120
  343.1     3.27  36.710   0.0127
  343.4     3.26  36.738   0.0101
  343.6     3.23  36.765   0.0093
  343.9     3.23  36.792   0.0117
  344.2     3.21  36.819   0.0104
  344.4     3.21  36.846   0.0083
  344.6     3.19  36.873   0.0093
  344.9     3.20  36.900   0.0124
  345.2     3.17  36.928   0.0122
  345.5     3.16  36.955   0.0104
  345.8     3.18  36.982   0.0084
  346.1     3.16  37.009   0.0074
  346.4     3.21  37.036   0.0048
  346.6     3.21  37.063   0.0040
  346.9     3.19  37.090   0.0072
  347.3     3.20  37.117   0.0101
  347.6     3.14  37.144   0.0100
  347.9     3.15  37.171   0.0137
  348.2     3.11  37.198   0.0133
  348.4     3.16  37.225   0.0108
  348.7     3.15  37.252   0.0074
  349.1     3.15  37.280   0.0070
  349.4     3.14  37.307   0.0073
  349.6     3.15  37.333   0.0092
  349.9     3.10  37.361   0.0084
  350.2     3.14  37.388   0.0088
  350.4     3.12  37.415   0.0100
  350.7     3.07  37.443   0.0108
  351.0     3.11  37.470   0.0103
  351.3     3.12  37.497   0.0089
  351.6     3.14  37.524   0.0096
  351.9     3.07  37.552   0.0064
  352.2     3.09  37.579   0.0050
  352.4     3.07  37.606   0.0114
  352.7     3.07  37.633   0.0114
  352.9     3.09  37.660   0.0092
  353.2     3.03  37.687   0.0104
  353.6     3.08  37.714   0.0022
  353.7     3.06  37.741   0.0057
  354.2     3.04  37.768   0.0080
  354.4     3.05  37.795   0.0086
  354.6     3.03  37.822   0.0102
  354.9     3.02  37.849   0.0137
  355.2     3.04  37.877   0.0093
  355.3     3.03  37.904   0.0072
  355.8     3.01  37.932   0.0042
  356.0     3.03  37.959   0.0036
  356.4     3.03  37.986   0.0044
  356.7     3.04  38.013   0.0034
  357.0     3.05  38.041   0.0063
  357.2     3.01  38.068   0.0070
  357.5     2.99  38.095   0.0066
  357.8     3.02  38.122   0.0021
  358.0     3.00  38.149   0.0038
  358.4     3.02  38.176   0.0050
  358.6     3.02  38.204   0.0088
  358.9     3.02  38.230   0.0065
  359.2     2.98  38.258   0.0014
  359.4     2.98  38.285   0.0001
  359.7     3.00  38.312   0.0057
  360.1     3.01  38.339   0.0038
  360.3     2.96  38.366   0.0029
  360.6     3.00  38.393   0.0054
  360.8     2.96  38.420   0.0054
  361.2     3.00  38.447   0.0060
  361.4     2.97  38.474   0.0040
  361.7     2.94  38.501   0.0014
  362.1     2.97  38.529   0.0047
  362.3     2.95  38.556   0.0027
  362.6     2.95  38.583   0.0020
  362.8     2.95  38.610   0.0025
  363.1     2.95  38.637  -0.0007
  363.5     2.97  38.664  -0.0007
  363.8     2.94  38.692   0.0002
  363.8     2.89  38.719   0.0045
  364.1     2.88  38.746   0.0047
  364.5     2.84  38.773   0.0043
  364.8     2.86  38.801   0.0078
  365.1     2.87  38.828   0.0059
  365.3     2.84  38.855   0.0046
  365.6     2.75  38.882   0.0060
  365.9     2.88  38.909   0.0067
  366.2     2.85  38.937   0.0050
  366.5     2.83  38.964   0.0056
  366.8     2.86  38.992   0.0054
  367.0     2.88  39.019   0.0081
  367.4     2.82  39.046   0.0102
  367.6     2.84  39.073   0.0106
  367.9     2.84  39.100   0.0087
  368.2     2.87  39.127   0.0071
  368.6     2.89  39.155   0.0062
  368.8     2.81  39.182   0.0077
  369.0     2.82  39.209   0.0079
  369.3     2.80  39.236   0.0096
  369.5     2.79  39.263   0.0113
  369.9     2.79  39.290   0.0094
  370.2     2.84  39.316   0.0073
  370.4     2.79  39.343   0.0102
  370.8     2.73  39.370   0.0138
  371.0     2.77  39.397   0.0136
  371.2     2.76  39.424   0.0118
  371.6     2.78  39.452   0.0095
  371.8     2.77  39.479   0.0118
  372.1     2.75  39.506   0.0077
  372.3     2.77  39.533   0.0103
  372.6     2.72  39.560   0.0071
  372.8     2.74  39.588   0.0069
  373.2     2.70  39.615   0.0131
  373.4     2.75  39.642   0.0104
  373.7     2.74  39.669   0.0107
  374.0     2.75  39.696   0.0099
  374.3     2.72  39.723   0.0096
  374.5     2.73  39.750   0.0113
  374.8     2.76  39.778   0.0095
  375.0     2.70  39.805   0.0105
  375.5     2.72  39.832   0.0102
  375.8     2.74  39.859   0.0059
  376.1     2.74  39.886   0.0074
  376.2     2.72  39.914   0.0051
  376.7     2.72  39.941   0.0061
  376.9     2.67  39.968   0.0052
  377.1     2.68  39.995   0.0052
  377.5     2.72  40.022   0.0088
  377.7     2.68  40.050   0.0038
  378.1     2.61  40.077   0.0053
  378.3     2.66  40.104   0.0036
  378.5     2.64  40.132   0.0059
  378.6     2.63  40.158   0.0045
  379.1     2.71  40.186   0.0066
  379.4     2.68  40.213   0.0092
  379.7     2.68  40.240   0.0052
  379.9     2.64  40.267   0.0095
  380.2     2.64  40.295   0.0122
  380.5     2.64  40.322   0.0106
  380.8     2.63  40.349   0.0087
  381.1     2.60  40.376   0.0091
  381.4     2.66  40.403   0.0053
  381.7     2.63  40.431   0.0061
  381.9     2.61  40.458   0.0045
  382.1     2.61  40.485   0.0053
  382.4     2.57  40.512   0.0026
  382.8     2.58  40.539   0.0029
  383.1     2.60  40.566   0.0039
  383.4     2.65  40.593   0.0038
  383.6     2.64  40.620   0.0035
  383.9     2.61  40.647   0.0044
  384.2     2.60  40.674   0.0034
  384.6     2.61  40.701   0.0054
  384.8     2.56  40.728   0.0065
  385.1     2.64  40.755   0.0063
  385.4     2.63  40.782   0.0080
  385.6     2.57  40.809   0.0049
  385.9     2.61  40.836   0.0082
  386.2     2.59  40.864   0.0054
  386.4     2.60  40.891   0.0079
  386.7     2.57  40.918   0.0102
  387.0     2.57  40.945   0.0108
  387.3     2.58  40.972   0.0122
  387.6     2.55  41.000   0.0119
  387.9     2.57  41.028   0.0100
  388.1     2.56  41.055   0.0082
  388.4     2.58  41.083   0.0089
  388.7     2.55  41.109   0.0058
  389.0     2.54  41.136   0.0061
  389.2     2.53  41.163   0.0051
  389.5     2.54  41.191   0.0045
  389.7     2.50  41.218   0.0058
  390.1     2.48  41.245   0.0058
  390.4     2.53  41.272   0.0074
  390.7     2.54  41.299   0.0050
  391.0     2.48  41.326   0.0069
  391.2     2.51  41.354   0.0043
  391.5     2.52  41.381   0.0050
  391.8     2.53  41.408   0.0056
  392.1     2.52  41.435   0.0034
  392.3     2.48  41.462   0.0016
  392.6     2.50  41.489   0.0014
  392.9     2.49  41.516   0.0021
  393.1     2.51  41.543   0.0030
  393.5     2.48  41.570   0.0037
  393.6     2.52  41.597   0.0031
  394.1     2.50  41.624   0.0032
  394.3     2.48  41.651   0.0027
  394.6     2.45  41.678   0.0079
  394.8     2.46  41.705   0.0067
  395.0     2.46  41.732   0.0043
  395.4     2.45  41.759   0.0082
  395.6     2.42  41.786   0.0070
  395.9     2.42  41.813   0.0088
  396.2     2.43  41.840   0.0049
  396.6     2.44  41.868   0.0023
  396.6     2.42  41.895   0.0025
  397.1     2.44  41.923   0.0012
  397.3     2.43  41.951   0.0049
  397.6     2.40  41.979   0.0084
  397.9     2.42  42.006   0.0079
  398.1     2.39  42.033   0.0066
  398.4     2.42  42.059   0.0059
  398.7     2.40  42.086   0.0058
  398.9     2.40  42.114   0.0045
  399.3     2.41  42.141   0.0090
  399.5     2.42  42.168   0.0079
  399.8     2.39  42.195   0.0102
  400.1     2.40  42.222   0.0067
  400.3     2.37  42.250   0.0053
  400.7     2.40  42.277   0.0056
  401.0     2.36  42.304   0.0083
  401.2     2.38  42.332   0.0095
  401.5     2.38  42.359   0.0072
  401.8     2.40  42.386   0.0045
  402.0     2.35  42.414   0.0029
  402.2     2.36  42.441   0.0025
  402.6     2.37  42.468   0.0055
  402.9     2.35  42.495   0.0054
  403.1     2.32  42.523  -0.0004
  403.3     2.22  42.550   0.0054
  403.7     2.32  42.577   0.0099
  404.0     2.35  42.605   0.0089
  404.3     2.21  42.632   0.0092
  404.7     2.34  42.659   0.0100
  404.8     2.35  42.686   0.0025
  405.1     2.34  42.714  -0.0007
  405.5     2.34  42.741   0.0032
  405.6     2.29  42.768   0.0039
  405.8     2.27  42.795   0.0031
  406.2     2.27  42.822   0.0044
  406.4     2.28  42.849   0.0073
  406.7     2.29  42.876   0.0074
  407.1     2.32  42.903   0.0088
  407.3     2.25  42.932   0.0056
  407.6     2.25  42.959   0.0037
  407.9     2.31  42.986   0.0038
  408.1     2.30  43.013   0.0061
  408.5     2.29  43.040   0.0063
  408.7     2.30  43.068   0.0036
  409.0     2.24  43.096   0.0054
  409.2     2.28  43.123   0.0068
  409.6     2.25  43.150   0.0069
  409.8     2.24  43.177   0.0087
  410.0     2.25  43.205   0.0127
  410.4     2.26  43.232   0.0116
  410.7     2.23  43.260   0.0121
  411.0     2.24  43.287   0.0110
  411.3     2.28  43.314   0.0070
  411.6     2.28  43.342   0.0080
  411.9     2.19  43.369   0.0054
  412.1     2.20  43.396   0.0090
  412.4     2.22  43.424   0.0088
  412.7     2.21  43.451   0.0089
  412.9     2.20  43.478   0.0077
  413.2     2.21  43.505   0.0083
  413.6     2.17  43.533   0.0085
  413.7     2.18  43.560   0.0063
  414.1     2.19  43.588   0.0052
  414.3     2.20  43.615   0.0079
  414.6     2.17  43.642   0.0087
  414.9     2.16  43.669   0.0091
  415.2     2.18  43.696   0.0099
  415.4     2.15  43.723   0.0070
  415.7     2.16  43.751   0.0073
  415.9     2.15  43.778   0.0053
  416.2     2.17  43.805   0.0028
  416.5     2.14  43.832  -0.0023
  416.8     2.13  43.860   0.0009
  417.0     2.13  43.887   0.0028
  417.4     2.14  43.915   0.0013
  417.7     2.15  43.942   0.0023
  417.9     2.17  43.969   0.0076
  418.3     2.13  43.996   0.0062
  418.5     2.10  44.024   0.0069
  418.8     2.11  44.051   0.0058
  419.1     2.13  44.079   0.0066
  419.3     2.12  44.106   0.0076
  419.6     2.14  44.134   0.0057
  419.9     2.12  44.161   0.0035
  420.2     2.14  44.188   0.0054
  420.4     2.15  44.216   0.0037
  420.8     2.11  44.243   0.0051
  421.0     2.12  44.270   0.0061
  421.2     2.07  44.297   0.0076
  421.5     2.07  44.324   0.0037
  421.8     2.09  44.352   0.0046
  422.1     2.09  44.379   0.0044
  422.4     2.08  44.407   0.0065
  422.6     2.08  44.434   0.0045
  423.0     2.10  44.461   0.0008
  423.3     2.14  44.489   0.0005
  423.6     2.15  44.517   0.0049
  423.7     2.12  44.544   0.0062
  424.1     2.11  44.572   0.0043
  424.4     2.12  44.599   0.0061
  424.7     2.14  44.626   0.0037
  425.0     2.03  44.653   0.0011
  425.2     2.12  44.680   0.0041
  425.6     2.11  44.708   0.0049
  425.8     2.12  44.735   0.0061
  426.0     2.10  44.762   0.0081
  426.3     2.05  44.789   0.0094
  426.5     2.03  44.816   0.0101
  426.8     2.05  44.844   0.0078
  427.1     2.01  44.872   0.0113
  427.3     2.02  44.899   0.0070
  427.6     2.01  44.927   0.0062
  428.0     2.01  44.954   0.0080
  428.2     2.00  44.982   0.0088
  428.5     2.03  45.009   0.0104
  428.7     2.06  45.037   0.0067
  429.0     2.02  45.064   0.0076
  429.4     2.00  45.091   0.0099
  429.6     2.00  45.118   0.0077
  430.0     2.03  45.146   0.0098
  430.3     2.00  45.173   0.0106
  430.6     2.02  45.201   0.0097
  430.8     2.00  45.229   0.0043
  431.1     1.98  45.256   0.0030
  431.4     2.02  45.283   0.0054
  431.6     1.98  45.310   0.0099
  431.9     1.97  45.337   0.0101
  432.2     2.00  45.364   0.0129
  432.4     2.01  45.391   0.0117
  432.6     1.99  45.419   0.0149
  433.0     1.97  45.446   0.0106
  433.2     1.97  45.474   0.0106
  433.6     1.98  45.501   0.0082
  433.8     1.96  45.528   0.0083
  434.2     1.99  45.556   0.0098
  434.5     2.00  45.584   0.0115
  434.6     1.97  45.611   0.0088
  435.0     1.95  45.639   0.0105
  435.3     1.99  45.666   0.0075
  435.5     1.92  45.693   0.0067
  435.8     1.93  45.720   0.0076
  436.0     1.93  45.748   0.0049
  436.4     1.92  45.776   0.0049
  436.6     1.93  45.803   0.0065
  436.9     1.91  45.830   0.0044
  437.1     1.93  45.858   0.0074
  437.4     1.93  45.885   0.0101
  437.7     1.93  45.913   0.0084
  438.0     1.91  45.940   0.0082
  438.2     1.89  45.967   0.0080
  438.5     1.88  45.993   0.0085
  438.8     1.91  46.020   0.0085
  439.1     1.89  46.048   0.0085
  439.2     1.92  46.075   0.0091
  439.6     1.89  46.102   0.0036
  439.9     1.86  46.129   0.0118
  440.1     1.87  46.157   0.0095
  440.5     1.90  46.184   0.0113
  440.7     1.89  46.211   0.0111
  441.0     1.91  46.238   0.0116
  441.3     1.86  46.265   0.0071
  441.5     1.89  46.292   0.0059
  441.7     1.89  46.320   0.0057
  442.1     1.88  46.347   0.0069
  442.3     1.86  46.374   0.0093
  442.6     1.88  46.403   0.0104
  443.0     1.87  46.430   0.0111
  443.3     1.87  46.457   0.0118
  443.5     1.87  46.484   0.0113
  443.8     1.88  46.511   0.0109
  444.0     1.91  46.538   0.0112
  444.4     1.88  46.565   0.0089
  444.6     1.88  46.592   0.0086
  444.9     1.89  46.620   0.0052
  445.2     1.91  46.647   0.0053
  445.4     1.87  46.675   0.0075
  445.8     1.91  46.703   0.0137
  446.0     1.95  46.730   0.0103
  446.3     1.92  46.757   0.0083
  446.6     1.88  46.784   0.0152
  446.8     1.91  46.811   0.0160
  447.2     1.91  46.839   0.0184
  447.5     1.86  46.866   0.0117
  447.6     1.77  46.893   0.0145
  448.0     1.87  46.921   0.0113
  448.2     1.88  46.948   0.0124
  448.6     1.90  46.976   0.0137
  448.9     1.93  47.003   0.0129
  449.1     1.85  47.031   0.0140
  449.4     1.84  47.058   0.0111
  449.7     1.86  47.086   0.0107
  450.1     1.86  47.113   0.0131
  450.3     1.85  47.140   0.0111
  450.6     1.88  47.167   0.0115
  451.0     1.77  47.195   0.0082
  451.1     1.83  47.222   0.0121
  451.4     1.83  47.249   0.0125
  451.6     1.84  47.276   0.0135
  452.0     1.85  47.303   0.0117
  452.2     1.84  47.331   0.0101
  452.6     1.83  47.358   0.0078
  452.8     1.81  47.385   0.0093
  453.1     1.81  47.413   0.0129
  453.4     1.82  47.440   0.0093
  453.7     1.80  47.467   0.0087
  454.0     1.80  47.495   0.0102
  454.1     1.78  47.522   0.0128
  454.5     1.73  47.550   0.0108
  454.7     1.79  47.577   0.0124
  455.0     1.75  47.604   0.0084
  455.2     1.78  47.632   0.0082
  455.6     1.75  47.659   0.0087
  455.9     1.75  47.686   0.0130
  456.1     1.73  47.714   0.0137
  456.3     1.69  47.741   0.0113
  456.6     1.69  47.768   0.0107
  456.9     1.74  47.795   0.0111
  457.1     1.71  47.822   0.0096
  457.4     1.73  47.849   0.0115
  457.7     1.73  47.877   0.0127
  458.0     1.75  47.904   0.0104
  458.3     1.73  47.932   0.0102
  458.6     1.69  47.959   0.0106
  458.8     1.69  47.986   0.0121
  459.1     1.71  48.014   0.0134
  459.3     1.70  48.041   0.0117
  459.7     1.69  48.068   0.0109
  460.0     1.73  48.095   0.0094
  460.3     1.76  48.122   0.0091
  460.5     1.74  48.149   0.0071
  460.9     1.72  48.177   0.0068
  461.0     1.71  48.203   0.0065
  461.3     1.70  48.230   0.0087
  461.7     1.74  48.258   0.0093
  461.9     1.68  48.285   0.0154
  462.1     1.68  48.313   0.0099
  462.4     1.65  48.340   0.0078
  462.7     1.70  48.367   0.0055
  463.0     1.68  48.394   0.0084
  463.3     1.70  48.422   0.0102
  463.5     1.69  48.449   0.0103
  463.8     1.64  48.476   0.0065
  464.1     1.67  48.503   0.0111
  464.4     1.70  48.531   0.0133
  464.7     1.73  48.558   0.0140
  464.9     1.66  48.586   0.0144
  465.1     1.63  48.613   0.0130
  465.4     1.66  48.641   0.0133
  465.7     1.62  48.668   0.0137
  465.9     1.62  48.696   0.0150
  466.3     1.63  48.723   0.0123
  466.7     1.62  48.751   0.0138
  466.9     1.63  48.778   0.0139
  467.2     1.65  48.805   0.0134
  467.4     1.63  48.833   0.0123
  467.7     1.65  48.860   0.0126
  468.0     1.63  48.888   0.0077
  468.3     1.65  48.916   0.0073
  468.5     1.65  48.943   0.0102
  468.9     1.66  48.970   0.0104
  469.2     1.64  48.998   0.0105
  469.4     1.62  49.025   0.0111
  469.8     1.60  49.052   0.0136
  470.0     1.68  49.079   0.0136
  470.2     1.66  49.107   0.0112
  470.5     1.65  49.134   0.0149
  470.7     1.61  49.161   0.0165
  471.1     1.60  49.189   0.0129
  471.3     1.60  49.216   0.0146
  471.6     1.59  49.243   0.0108
  471.8     1.61  49.271   0.0107
  472.2     1.59  49.298   0.0133
  472.4     1.60  49.326   0.0129
  472.8     1.62  49.353   0.0083
  473.0     1.61  49.381   0.0103
  473.3     1.54  49.408   0.0144
  473.6     1.60  49.435   0.0125
  473.9     1.59  49.463   0.0120
  474.2     1.59  49.490   0.0103
  474.4     1.60  49.517   0.0123
  474.7     1.55  49.545   0.0103
  474.9     1.61  49.572   0.0089
  475.3     1.60  49.600   0.0050
  475.6     1.58  49.627   0.0076
  475.8     1.59  49.654   0.0068
  476.2     1.63  49.682   0.0069
  476.4     1.56  49.709   0.0061
  476.6     1.54  49.736   0.0020
  476.9     1.54  49.764  -0.0013
  477.2     1.60  49.791   0.0028
  477.5     1.55  49.818   0.0055
  477.7     1.54  49.845   0.0062
  478.0     1.52  49.873   0.0056
  478.4     1.56  49.901   0.0039
  478.5     1.56  49.928   0.0034
  478.9     1.55  49.956   0.0059
  479.2     1.58  49.983   0.0096
  479.5     1.55  50.010   0.0095
  479.8     1.63  50.038   0.0074
  480.0     1.56  50.065   0.0096
  480.4     1.55  50.092   0.0070
  480.6     1.55  50.120   0.0097
  480.9     1.54  50.147   0.0098
  481.1     1.56  50.174   0.0117
  481.4     1.54  50.202   0.0107
  481.6     1.52  50.230   0.0114
  481.9     1.57  50.257   0.0107
  482.3     1.58  50.284   0.0105
  482.5     1.56  50.311   0.0097
  482.9     1.58  50.339   0.0108
  483.1     1.59  50.366   0.0070
  483.3     1.57  50.394   0.0069
  483.7     1.55  50.421   0.0079
  483.8     1.55  50.448   0.0063
  484.2     1.58  50.476   0.0070
  484.5     1.55  50.503   0.0057
  484.6     1.56  50.531   0.0068
  485.1     1.52  50.558   0.0102
  485.3     1.52  50.586   0.0113
  485.6     1.52  50.613   0.0077
  485.8     1.53  50.640   0.0049
  486.1     1.53  50.667   0.0073
  486.4     1.48  50.695   0.0075
  486.6     1.50  50.722   0.0057
  486.9     1.42  50.749   0.0038
  487.2     1.47  50.776   0.0076
  487.4     1.48  50.803   0.0062
  487.7     1.49  50.831   0.0074
  488.0     1.48  50.859   0.0054
  488.2     1.47  50.886   0.0075
  488.5     1.47  50.914   0.0019
  488.8     1.49  50.942   0.0074
  489.1     1.45  50.969   0.0087
  489.4     1.49  50.996   0.0107
  489.7     1.47  51.023   0.0122
  489.9     1.51  51.051   0.0101
  490.2     1.46  51.078   0.0073
  490.5     1.47  51.105   0.0086
  490.7     1.48  51.133   0.0094
  491.0     1.44  51.160   0.0119
  491.4     1.46  51.187   0.0129
  491.6     1.46  51.215   0.0115
  491.8     1.44  51.242   0.0107
  492.2     1.48  51.269   0.0091
  492.4     1.54  51.296   0.0070
  492.7     1.47  51.323   0.0104
  493.1     1.45  51.351   0.0123
  493.2     1.46  51.377   0.0105
  493.5     1.48  51.405   0.0105
  493.7     1.48  51.432   0.0091
  494.0     1.46  51.459   0.0099
  494.4     1.47  51.487   0.0097
  494.6     1.46  51.514   0.0123
  494.9     1.45  51.541   0.0096
  495.1     1.43  51.569   0.0112
  495.4     1.44  51.596   0.0081
  495.7     1.47  51.623   0.0119
  496.1     1.46  51.651   0.0114
  496.3     1.43  51.678   0.0080
  496.6     1.40  51.705   0.0089
  496.8     1.41  51.732   0.0070
  497.0     1.41  51.760   0.0087
  497.3     1.42  51.788   0.0097
  497.6     1.41  51.815   0.0078
  497.9     1.46  51.842   0.0057
  498.1     1.41  51.870   0.0050
  498.5     1.39  51.897   0.0059
  498.7     1.43  51.925   0.0031
  499.0     1.41  51.953   0.0037
  499.2     1.40  51.980   0.0039
  499.5     1.41  52.008   0.0028
  499.8     1.41  52.035   0.0055
  500.1     1.44  52.062   0.0043
  500.4     1.50  52.090   0.0023
  500.8     1.60  52.117   0.0045
  501.1     1.62  52.145   0.0116
  501.3     1.63  52.172   0.0116
  501.6     1.58  52.200   0.0092
  501.9     1.59  52.228   0.0086
  502.2     1.59  52.255   0.0110
  502.4     1.58  52.282   0.0103
  502.7     1.59  52.309   0.0091
  503.0     1.60  52.336   0.0100
  503.3     1.60  52.364   0.0127
  503.5     1.58  52.391   0.0049
  503.7     1.58  52.418   0.0042
  504.1     1.57  52.446   0.0045
  504.3     1.55  52.473   0.0052
  504.6     1.58  52.500   0.0057
  504.9     1.58  52.528   0.0077
  505.1     1.56  52.555   0.0126
  505.5     1.61  52.583   0.0120
  505.8     1.57  52.610   0.0075
  506.0     1.59  52.638   0.0098
  506.3     1.59  52.665   0.0098
  506.5     1.54  52.692   0.0061
  506.8     1.59  52.720   0.0043
  507.1     1.55  52.747   0.0098
  507.3     1.55  52.774   0.0076
  507.6     1.54  52.802   0.0108
  507.9     1.59  52.829   0.0087
  508.1     1.53  52.857   0.0041
  508.5     1.56  52.884   0.0034
  508.8     1.55  52.911   0.0042
  508.8     1.56  52.939   0.0038
  509.3     1.56  52.966   0.0029
  509.5     1.57  52.994   0.0048
  509.7     1.48  53.022   0.0003
  510.0     1.51  53.049  -0.0010
  510.3     1.52  53.076  -0.0001
  510.6     1.53  53.103  -0.0009
  510.9     1.55  53.130   0.0002
  511.2     1.64  53.157   0.0009
  511.4     1.60  53.185   0.0022
  511.7     1.58  53.213   0.0042
  512.0     1.53  53.240   0.0084
  512.3     1.56  53.267   0.0044
  512.5     1.50  53.294   0.0048
  512.8     1.52  53.322   0.0044
  513.0     1.44  53.349   0.0044
  513.2     1.43  53.377   0.0024
  513.4     1.29  53.404  -0.0064
  513.7     1.31  53.432  -0.0009
  514.0     1.30  53.459   0.0043
  514.2     1.29  53.486  -0.0008
  514.4     1.29  53.513  -0.0032
  514.8     1.30  53.540  -0.0007
  515.1     1.35  53.567  -0.0059
  515.3     1.36  53.595   0.0011
  515.6     1.30  53.622   0.0022
  515.9     1.30  53.649  -0.0024
  516.1     1.29  53.677  -0.0009
  516.4     1.31  53.705   0.0012
  516.7     1.30  53.732  -0.0013
  517.0     1.33  53.760  -0.0064
  517.3     1.30  53.787  -0.0090
  517.6     1.28  53.814  -0.0062
  517.7     1.34  53.842  -0.0048
  518.1     1.30  53.870  -0.0052
  518.3     1.32  53.897  -0.0038
  518.7     1.28  53.926  -0.0036
  519.0     1.31  53.953  -0.0037
  519.2     1.25  53.980  -0.0105
  519.4     1.30  54.008  -0.0044
  519.9     1.30  54.035  -0.0025
  519.9     1.30  54.063  -0.0013
  520.3     1.33  54.090   0.0007
  520.7     1.27  54.117  -0.0015
  520.8     1.31  54.145  -0.0029
  521.1     1.31  54.172   0.0000
  521.4     1.30  54.200  -0.0036
  521.7     1.25  54.227  -0.0024
  521.9     1.27  54.256   0.0018
  522.3     1.29  54.283   0.0040
  522.5     1.31  54.310  -0.0002
  522.9     1.34  54.338   0.0009
  523.2     1.28  54.365  -0.0008
  523.4     1.36  54.392  -0.0010
  523.7     1.31  54.420  -0.0002
  524.1     1.29  54.447   0.0000
  524.3     1.31  54.474  -0.0033
  524.4     1.25  54.502  -0.0034
  524.9     1.32  54.529  -0.0010
  525.1     1.30  54.557   0.0004
  525.4     1.25  54.584  -0.0025
  525.7     1.25  54.611  -0.0013
  526.0     1.31  54.639   0.0015
  526.3     1.25  54.666   0.0013
  526.5     1.30  54.694   0.0014
  526.7     1.25  54.721  -0.0003
  527.0     1.25  54.748   0.0011
  527.2     1.25  54.776   0.0002
  527.5     1.26  54.803   0.0001
  527.9     1.28  54.830   0.0011
  528.2     1.27  54.858   0.0003
  528.4     1.23  54.885  -0.0022
  528.7     1.24  54.914  -0.0050
  528.9     1.25  54.941  -0.0024
  529.2     1.23  54.968  -0.0045
  529.5     1.25  54.995  -0.0015
  529.7     1.25  55.023  -0.0032
  529.9     1.25  55.050   0.0001
  530.2     1.27  55.077  -0.0005
  530.5     1.24  55.104  -0.0025
  530.7     1.26  55.132   0.0011
  531.1     1.25  55.159   0.0019
  531.3     1.27  55.186   0.0032
  531.6     1.28  55.213   0.0013
  531.9     1.20  55.240   0.0005
  532.2     1.27  55.268  -0.0004
  532.5     1.28  55.296   0.0002
  532.8     1.25  55.323   0.0009
  532.9     1.30  55.351   0.0010
  533.3     1.26  55.378   0.0003
  533.6     1.26  55.405   0.0038
  534.0     1.26  55.433   0.0027
  534.2     1.25  55.460   0.0051
  534.6     1.25  55.488   0.0052
  534.7     1.26  55.515   0.0049
  534.9     1.23  55.542   0.0041
  535.3     1.26  55.570   0.0034
  535.6     1.25  55.598   0.0007
  535.8     1.24  55.625   0.0047
  536.1     1.20  55.652   0.0022
  536.5     1.23  55.680   0.0010
  536.7     1.26  55.707   0.0037
  537.0     1.25  55.734   0.0029
  537.3     1.23  55.762   0.0020
  537.6     1.22  55.789   0.0046
  537.8     1.23  55.816   0.0012
  538.1     1.20  55.843   0.0018
  538.3     1.24  55.871   0.0033
  538.6     1.25  55.898   0.0019
  539.0     1.21  55.926  -0.0000
  539.2     1.25  55.953   0.0034
  539.5     1.23  55.980   0.0052
  539.8     1.22  56.007   0.0083
  540.1     1.20  56.034   0.0095
  540.3     1.27  56.061   0.0108
  540.6     1.25  56.089   0.0084
  540.9     1.17  56.116   0.0064
  541.2     1.20  56.143   0.0055
  541.5     1.21  56.171   0.0077
  541.7     1.18  56.198   0.0081
  541.9     1.23  56.226   0.0092
  542.2     1.21  56.253   0.0093
  542.5     1.20  56.280   0.0082
  542.8     1.22  56.308   0.0115
  543.1     1.23  56.335   0.0089
  543.3     1.20  56.363   0.0066
  543.6     1.19  56.390   0.0048
  543.8     1.19  56.417   0.0057
  544.2     1.18  56.445   0.0066
  544.4     1.18  56.472   0.0104
  544.6     1.17  56.499   0.0082
  545.0     1.18  56.527   0.0084
  545.3     1.20  56.554   0.0075
  545.5     1.19  56.582   0.0071
  545.8     1.20  56.609   0.0042
  546.1     1.24  56.636   0.0021
  546.3     1.21  56.663   0.0030
  546.7     1.18  56.691   0.0031
  547.0     1.18  56.718   0.0037
  547.3     1.23  56.745   0.0054
  547.4     1.24  56.772   0.0047
  547.7     1.17  56.799   0.0006
  548.0     1.19  56.827   0.0011
  548.1     1.16  56.854   0.0016
  548.6     1.18  56.882   0.0029
  548.8     1.19  56.909   0.0020
  549.1     1.20  56.937  -0.0002
  549.3     1.11  56.965   0.0011
  549.6     1.18  56.992  -0.0002
  550.0     1.20  57.020  -0.0007
  550.2     1.12  57.047  -0.0023
  550.4     1.07  57.074  -0.0018
  550.7     1.18  57.102   0.0031
  550.9     1.14  57.129   0.0011
  551.2     1.12  57.157  -0.0003
  551.6     1.16  57.184   0.0010
  551.8     1.18  57.212   0.0017
  552.1     1.16  57.239   0.0026
  552.4     1.14  57.266   0.0069
  552.6     1.18  57.294   0.0056
  552.9     1.20  57.321   0.0002
  553.1     1.14  57.348  -0.0020
  553.4     1.17  57.377  -0.0029
  553.7     1.20  57.404  -0.0017
  553.9     1.19  57.432   0.0001
  554.2     1.16  57.459   0.0042
  554.6     1.18  57.487   0.0058
  554.8     1.19  57.514   0.0009
  555.0     1.20  57.542  -0.0001
  555.3     1.19  57.569   0.0023
  555.6     1.15  57.597   0.0024
  555.8     1.18  57.624   0.0018
  556.2     1.17  57.651   0.0019
  556.3     1.19  57.678   0.0009
  556.7     1.21  57.706   0.0019
  557.0     1.18  57.733  -0.0009
  557.2     1.19  57.760   0.0003
  557.5     1.20  57.788  -0.0001
  557.8     1.19  57.816  -0.0033
  558.0     1.21  57.843   0.0008
  558.3     1.15  57.871  -0.0017
  558.7     1.19  57.898   0.0008
  558.9     1.16  57.926   0.0017
  559.2     1.19  57.954   0.0022
  559.5     1.19  57.981   0.0027
  559.7     1.16  58.009   0.0006
  560.0     1.15  58.036  -0.0029
  560.2     1.16  58.064   0.0006
  560.5     1.13  58.091  -0.0060
  560.8     1.18  58.119   0.0014
  561.0     1.15  58.146  -0.0011
  561.3     1.14  58.173  -0.0029
  561.7     1.17  58.201  -0.0008
  561.8     1.14  58.228  -0.0003
  562.2     1.15  58.255  -0.0027
  562.4     1.16  58.283  -0.0033
  562.9     1.16  58.311  -0.0030
  562.9     1.15  58.338  -0.0019
  563.3     1.14  58.366  -0.0028
  563.5     1.13  58.393  -0.0028
  563.8     1.12  58.422  -0.0005
  564.1     1.14  58.449   0.0005
  564.4     1.14  58.476  -0.0032
  564.7     1.12  58.503   0.0016
  564.9     1.14  58.531   0.0031
  565.1     1.12  58.558   0.0075
  565.5     1.14  58.585   0.0037
  565.6     1.12  58.613   0.0022
  565.9     1.14  58.640   0.0020
  566.2     1.13  58.667   0.0015
  566.4     1.16  58.694   0.0016
  566.7     1.14  58.721  -0.0014
  567.0     1.15  58.748  -0.0004
  567.2     1.11  58.776   0.0037
  567.5     1.16  58.803   0.0058
  567.8     1.15  58.830   0.0010
  568.1     1.14  58.857   0.0008
  568.3     1.16  58.885   0.0006
  568.6     1.12  58.913  -0.0024
  568.8     1.09  58.940   0.0006
  569.1     1.15  58.967  -0.0006
  569.4     1.12  58.995  -0.0105
  569.6     1.13  59.022  -0.0003
  569.8     1.12  59.050   0.0070
  570.2     1.14  59.078   0.0068
  570.6     1.23  59.105   0.0055
  570.9     1.20  59.132   0.0003
  571.2     1.18  59.159  -0.0042
  571.4     1.19  59.187   0.0006
  571.6     1.14  59.214   0.0011
  572.0     1.16  59.246   0.0016
  572.3     1.18  59.275  -0.0003
  572.4     1.13  59.302  -0.0005
  572.9     1.10  59.335   0.0031
  573.0     1.11  59.362   0.0057
  573.4     1.10  59.389   0.0065
  573.6     1.14  59.417   0.0052
  574.0     1.13  59.445   0.0029
  574.2     1.17  59.472   0.0008
  574.5     1.16  59.500   0.0031
  574.8     1.12  59.527   0.0049
  575.0     1.14  59.555   0.0021
  575.3     1.14  59.582   0.0033
  575.5     1.12  59.609   0.0043
  575.9     1.13  59.637   0.0023
  576.1     1.11  59.664   0.0056
  576.3     1.06  59.692   0.0068
  576.6     1.05  59.719   0.0055
  576.8     1.14  59.747   0.0042
  577.2     1.13  59.774   0.0055
  577.5     1.18  59.802   0.0102
  577.7     1.09  59.840   0.0061
  578.1     1.16  59.867   0.0040
  578.4     1.14  59.895   0.0047
  578.7     1.17  59.923   0.0081
  579.0     1.14  59.951   0.0075
  579.1     1.13  59.978   0.0068
  579.4     1.15  60.007   0.0062
  579.7     1.12  60.034   0.0074
  579.9     1.14  60.062   0.0102
  580.3     1.15  60.090   0.0075
  580.5     1.16  60.117   0.0048
  580.8     1.11  60.147   0.0077
  580.9     1.08  60.174   0.0061
  581.2     1.06  60.203   0.0093
  581.5     1.08  60.240   0.0107
  581.8     1.09  60.268   0.0085
  582.1     1.15  60.297   0.0052
  582.4     1.09  60.325   0.0036
  582.7     1.06  60.353   0.0106
  582.9     1.09  60.380   0.0038
  583.1     1.05  60.407  -0.0007
  583.3     1.03  60.435   0.0081
  583.7     1.01  60.462   0.0064
  583.9     1.10  60.490   0.0044
  584.2     1.03  60.517   0.0045
  584.6     1.10  60.556  -0.0005
  584.9     1.11  60.584   0.0074
  585.2     1.13  60.611   0.0104
  585.5     1.12  60.639   0.0081
  585.6     1.09  60.667   0.0043
  586.0     1.09  60.695   0.0026
  586.3     1.14  60.722   0.0035
  586.7     1.16  60.750  -0.0014
  586.9     1.09  60.777  -0.0010
  587.2     1.13  60.805   0.0006
  587.4     1.12  60.832  -0.0013
  587.6     1.13  60.860  -0.0004
  587.9     1.09  60.888   0.0004
  588.3     1.11  60.916  -0.0027
  588.4     1.11  60.943  -0.0008
  588.8     1.10  60.972   0.0032
  589.0     1.08  61.000   0.0015
  589.3     1.10  61.029   0.0027
  589.6     1.08  61.056   0.0026
  589.9     1.08  61.084  -0.0004
  590.2     1.12  61.112  -0.0021
  590.5     1.08  61.140   0.0005
  590.8     1.11  61.178  -0.0013
  591.0     1.12  61.205  -0.0005
  591.3     1.10  61.234   0.0032
  591.7     1.11  61.262   0.0034
  591.9     1.09  61.300   0.0020
  592.3     1.06  61.329   0.0019
  592.5     1.10  61.357   0.0014
  592.8     1.08  61.384   0.0024
  593.1     1.11  61.411   0.0040
  593.4     1.09  61.439   0.0049
  593.6     1.12  61.467   0.0040
  594.0     1.09  61.505   0.0031
  594.2     1.08  61.533   0.0031
  594.6     1.10  61.560  -0.0002
  594.9     1.14  61.588   0.0048
  595.1     1.12  61.616   0.0012
  595.4     1.11  61.643   0.0029
  595.7     1.08  61.671   0.0018
  596.0     1.10  61.699  -0.0000
  596.3     1.07  61.726  -0.0002
  596.5     1.07  61.754   0.0013
  596.7     1.06  61.782  -0.0044
  596.9     1.07  61.809  -0.0013
  597.3     1.08  61.837  -0.0049
  597.6     1.08  61.865  -0.0048
  597.9     1.10  61.892  -0.0052
  598.1     1.07  61.921  -0.0026
  598.4     1.13  61.949  -0.0002
  598.7     1.10  61.979   0.0044
  599.0     1.10  62.007   0.0062
  599.3     1.13  62.034   0.0043
  599.6     1.10  62.062   0.0041
  599.8     1.10  62.089   0.0075
  600.1     1.10  62.117   0.0067
