   19.1     0.30   0.027  -0.0044
   19.1     0.29   0.054  -0.0047
   19.2     0.28   0.081  -0.0020
   19.1     0.33   0.107  -0.0044
   19.1     0.23   0.134  -0.0029
   19.0     0.20   0.161   0.0034
   19.1     0.22   0.188  -0.0003
   19.0     0.25   0.215  -0.0009
   19.1     0.28   0.242   0.0004
   19.2     0.32   0.269   0.0023
   19.1     0.30   0.296   0.0036
   19.1     0.22   0.322   0.0021
   19.1     0.24   0.350   0.0033
   19.0     0.22   0.377   0.0013
   19.1     0.20   0.403  -0.0000
   19.1     0.25   0.431  -0.0027
   19.1     0.25   0.457   0.0025
   19.2     0.25   0.484   0.0014
   19.1     0.30   0.511   0.0025
   19.1     0.32   0.537  -0.0008
   19.1     0.26   0.564   0.0020
   19.1     0.26   0.591   0.0035
   19.1     0.29   0.617   0.0066
   19.2     0.29   0.644   0.0027
   19.2     0.29   0.671   0.0015
   19.1     0.32   0.697  -0.0010
   19.1     0.31   0.724   0.0030
   19.2     0.31   0.751   0.0036
   19.2     0.32   0.777   0.0095
   19.1     0.24   0.804   0.0049
   19.0     0.23   0.830   0.0082
   19.0     0.21   0.857   0.0089
   19.1     0.22   0.883   0.0023
   19.0     0.23   0.910   0.0078
   19.1     0.24   0.936   0.0030
   19.1     0.27   0.963   0.0065
   19.1     0.20   0.990   0.0080
   19.1     0.23   1.016   0.0080
   19.0     0.26   1.043   0.0045
   19.0     0.26   1.070   0.0022
   19.1     0.28   1.097   0.0043
   19.1     0.26   1.124   0.0013
   19.2     0.29   1.150   0.0038
   19.1     0.29   1.177   0.0044
   19.1     0.17   1.204   0.0026
   19.0     0.24   1.231   0.0034
   19.1     0.23   1.258   0.0023
   19.1     0.21   1.284   0.0021
   19.1     0.24   1.310   0.0037
   19.0     0.21   1.337   0.0028
   19.0     0.20   1.364   0.0053
   19.1     0.24   1.390   0.0064
   19.1     0.25   1.417   0.0016
   19.0     0.26   1.444  -0.0002
   19.2     0.28   1.471   0.0011
   19.1     0.27   1.497   0.0016
   19.1     0.28   1.524   0.0001
   19.2     0.26   1.551  -0.0007
   19.1     0.24   1.577   0.0001
   19.1     0.27   1.604  -0.0041
   19.1     0.22   1.631  -0.0049
   19.0     0.24   1.657  -0.0093
   19.1     0.24   1.684  -0.0086
   19.1     0.28   1.710  -0.0042
   19.1     0.25   1.737  -0.0084
   19.1     0.33   1.765  -0.0083
   19.1     0.30   1.792  -0.0056
   19.2     0.31   1.818  -0.0046
   19.1     0.32   1.846  -0.0032
   19.2     0.33   1.872  -0.0030
   19.2     0.38   1.898  -0.0050
   19.3     0.46   1.926  -0.0045
   19.2     0.38   1.952   0.0004
   19.2     0.29   1.979   0.0004
   19.1     0.29   2.005   0.0016
   19.1     0.33   2.032   0.0007
   19.1     0.32   2.059  -0.0014
   19.1     0.30   2.085  -0.0051
   19.1     0.29   2.112  -0.0004
   19.0     0.27   2.139  -0.0051
   19.0     0.25   2.166  -0.0044
   19.1     0.26   2.193  -0.0023
   19.1     0.31   2.219  -0.0005
   19.1     0.30   2.246  -0.0001
   19.1     0.31   2.272   0.0023
   19.1     0.31   2.299   0.0004
   19.1     0.32   2.327   0.0017
   19.2     0.33   2.354   0.0029
   19.2     0.33   2.381   0.0087
   19.2     0.42   2.408   0.0066
   19.3     0.39   2.435   0.0027
   19.2     0.42   2.462   0.0021
   19.2     0.46   2.489  -0.0023
   19.2     0.45   2.516   0.0010
   19.3     0.48   2.544   0.0044
   19.2     0.47   2.570   0.0019
   19.3     0.49   2.597   0.0010
   19.3     0.51   2.624  -0.0009
   19.3     0.52   2.650  -0.0011
   19.3     0.55   2.677  -0.0003
   19.4     0.56   2.703   0.0008
   19.3     0.56   2.730   0.0007
   19.3     0.55   2.757   0.0013
   19.3     0.57   2.784   0.0006
   19.3     0.62   2.810   0.0019
   19.4     0.63   2.837   0.0010
   19.4     0.65   2.864   0.0033
   19.5     0.67   2.891   0.0052
   19.4     0.65   2.918   0.0065
   19.4     0.67   2.945   0.0051
   19.5     0.70   2.971   0.0038
   19.5     0.73   2.999   0.0077
   19.5     0.76   3.025   0.0081
   19.5     0.75   3.052   0.0088
   19.5     0.78   3.078   0.0081
   19.6     0.82   3.105   0.0049
   19.5     0.80   3.132   0.0059
   19.6     0.88   3.159  -0.0001
   19.6     0.89   3.185   0.0049
   19.7     0.91   3.212   0.0053
   19.8     0.95   3.239   0.0086
   19.8     0.97   3.266   0.0057
   19.7     1.01   3.292   0.0039
   19.9     1.06   3.318  -0.0009
   19.9     1.07   3.345   0.0047
   19.8     1.09   3.372   0.0013
   20.0     1.14   3.398   0.0027
   20.0     1.16   3.426   0.0042
   20.1     1.21   3.452   0.0045
   20.2     1.23   3.479   0.0066
   20.1     1.27   3.507   0.0032
   20.2     1.29   3.533   0.0036
   20.3     1.33   3.559   0.0026
   20.3     1.36   3.586  -0.0017
   20.3     1.35   3.613  -0.0020
   20.3     1.35   3.639  -0.0017
   20.4     1.43   3.666  -0.0012
   20.6     1.48   3.693  -0.0010
   20.6     1.51   3.720   0.0013
   20.6     1.51   3.746  -0.0010
   20.6     1.56   3.773   0.0013
   20.7     1.63   3.800  -0.0011
   20.7     1.69   3.827  -0.0045
   20.8     1.70   3.854  -0.0061
   20.9     1.70   3.880  -0.0074
   21.1     1.81   3.908  -0.0095
   21.0     1.83   3.934  -0.0088
   21.2     1.90   3.961  -0.0075
   21.2     1.90   3.988  -0.0099
   21.2     1.98   4.015  -0.0106
   21.4     2.02   4.042  -0.0043
   21.5     2.08   4.069  -0.0048
   21.5     2.14   4.096  -0.0045
   21.6     2.12   4.123  -0.0014
   21.7     2.17   4.150   0.0001
   21.8     2.19   4.177  -0.0017
   21.9     2.25   4.204  -0.0057
   21.9     2.32   4.230  -0.0085
   22.1     2.35   4.257  -0.0070
   22.2     2.40   4.284  -0.0047
   22.3     2.46   4.311  -0.0052
   22.2     2.44   4.337  -0.0051
   22.5     2.52   4.365  -0.0064
   22.6     2.61   4.392  -0.0060
   22.7     2.65   4.419  -0.0011
   22.8     2.71   4.446  -0.0044
   22.9     2.76   4.473  -0.0046
   22.9     2.84   4.500  -0.0016
   23.1     2.86   4.527  -0.0035
   23.2     2.89   4.554  -0.0058
   23.3     2.95   4.581  -0.0065
   23.4     2.99   4.608  -0.0020
   23.6     3.05   4.635  -0.0074
   23.7     3.11   4.662  -0.0045
   23.9     3.13   4.689  -0.0051
   23.9     3.22   4.716  -0.0028
   24.1     3.24   4.742  -0.0042
   24.2     3.33   4.770  -0.0075
   24.4     3.41   4.797  -0.0050
   24.5     3.48   4.823  -0.0062
   24.6     3.52   4.851  -0.0064
   24.8     3.56   4.878  -0.0103
   24.8     3.61   4.905  -0.0060
   25.0     3.65   4.932  -0.0038
   25.1     3.68   4.959  -0.0017
   25.3     3.80   4.986  -0.0040
   25.5     3.85   5.013  -0.0075
   25.5     3.90   5.040  -0.0056
   25.7     3.91   5.067  -0.0034
   25.8     4.02   5.093   0.0017
   26.1     4.10   5.120   0.0016
   26.1     4.09   5.147  -0.0012
   26.2     4.14   5.174  -0.0025
   26.4     4.22   5.201  -0.0028
   26.7     4.29   5.228  -0.0014
   26.7     4.34   5.255  -0.0007
   26.9     4.39   5.282  -0.0005
   27.0     4.43   5.308   0.0006
   27.1     4.49   5.335  -0.0036
   27.3     4.56   5.362  -0.0033
   27.6     4.66   5.388  -0.0011
   27.7     4.72   5.416  -0.0008
   27.9     4.79   5.443   0.0047
   28.0     4.83   5.470   0.0020
   28.3     4.86   5.498   0.0013
   28.4     4.94   5.525   0.0023
   28.5     5.00   5.552   0.0021
   28.8     4.98   5.580   0.0019
   28.9     5.06   5.607  -0.0013
   29.0     5.13   5.634  -0.0040
   29.2     5.20   5.660  -0.0027
   29.4     5.23   5.687   0.0007
   29.5     5.28   5.714  -0.0014
   29.7     5.34   5.741  -0.0034
   29.8     5.40   5.767  -0.0034
   30.2     5.48   5.795  -0.0025
   30.4     5.51   5.822  -0.0018
   30.5     5.57   5.849   0.0022
   30.8     5.63   5.876   0.0002
   31.0     5.73   5.903  -0.0003
   31.1     5.74   5.930  -0.0040
   31.3     5.81   5.957  -0.0056
   31.5     5.86   5.984  -0.0066
   31.7     5.92   6.011  -0.0034
   31.8     5.97   6.039  -0.0009
   32.1     5.99   6.066   0.0028
   32.3     6.07   6.092   0.0040
   32.4     6.12   6.119   0.0058
   32.6     6.20   6.146   0.0082
   32.8     6.21   6.173   0.0051
   33.2     6.29   6.200   0.0040
   33.3     6.32   6.227   0.0061
   33.5     6.35   6.253   0.0027
   33.6     6.44   6.280  -0.0023
   33.7     6.48   6.307   0.0015
   34.2     6.54   6.335   0.0038
   34.3     6.62   6.362   0.0049
   34.3     6.63   6.389   0.0093
   34.9     6.69   6.417   0.0052
   35.0     6.76   6.443   0.0039
   35.2     6.83   6.470   0.0058
   35.4     6.85   6.497   0.0044
   35.6     6.89   6.524   0.0021
   35.9     6.92   6.551   0.0001
   36.0     7.00   6.578  -0.0000
   36.3     7.07   6.605   0.0024
   36.5     7.09   6.632   0.0010
   36.7     7.15   6.659   0.0028
   36.9     7.20   6.687   0.0055
   37.2     7.23   6.714   0.0067
   37.3     7.27   6.741   0.0071
   37.6     7.29   6.768   0.0062
   37.9     7.35   6.795   0.0050
   37.9     7.38   6.822   0.0081
   38.2     7.44   6.849   0.0061
   38.5     7.45   6.876   0.0056
   38.7     7.51   6.902   0.0104
   38.9     7.55   6.929   0.0051
   39.2     7.63   6.956   0.0043
   39.5     7.65   6.984   0.0047
   39.6     7.70   7.011   0.0021
   39.9     7.70   7.038   0.0009
   40.1     7.86   7.065   0.0060
   40.3     7.87   7.092   0.0055
   40.5     7.90   7.119   0.0076
   40.8     7.91   7.146   0.0035
   40.9     7.98   7.173   0.0057
   41.3     8.04   7.200   0.0008
   41.5     8.03   7.227  -0.0002
   41.7     8.13   7.254   0.0021
   42.0     8.17   7.282   0.0030
   42.2     8.22   7.308   0.0039
   42.4     8.24   7.336   0.0021
   42.7     8.29   7.362  -0.0020
   43.0     8.29   7.389   0.0020
   43.2     8.32   7.417   0.0036
   43.4     8.40   7.444   0.0019
   43.6     8.47   7.471   0.0035
   43.8     8.47   7.498   0.0036
   44.1     8.49   7.525   0.0000
   44.5     8.56   7.552  -0.0020
   44.6     8.59   7.579  -0.0052
   44.9     8.61   7.606  -0.0036
   45.1     8.62   7.633  -0.0010
   45.3     8.73   7.660   0.0003
   45.6     8.85   7.687  -0.0065
   45.9     8.86   7.715  -0.0019
   46.1     8.83   7.742   0.0039
   46.3     8.82   7.769   0.0072
   46.5     8.93   7.796   0.0058
   46.8     8.94   7.822   0.0003
   47.0     8.91   7.849   0.0011
   47.3     8.94   7.876   0.0012
   47.5     8.98   7.903   0.0035
   47.7     9.03   7.930   0.0079
   48.0     9.03   7.957   0.0066
   48.2     9.07   7.984   0.0021
   48.5     9.15   8.012  -0.0003
   48.8     9.14   8.039   0.0034
   49.0     9.19   8.066   0.0066
   49.3     9.22   8.093   0.0038
   49.4     9.24   8.120   0.0050
   49.7     9.25   8.147   0.0021
   49.9     9.31   8.174   0.0024
   50.2     9.33   8.201  -0.0006
   50.4     9.32   8.228  -0.0011
   50.6     9.36   8.255  -0.0036
   51.1     9.43   8.282  -0.0026
   51.2     9.48   8.309  -0.0013
   51.4     9.48   8.336  -0.0019
   51.7     9.50   8.363   0.0009
   51.9     9.55   8.390  -0.0013
   52.3     9.60   8.417  -0.0001
   52.6     9.64   8.444   0.0041
   52.8     9.66   8.471   0.0020
   53.1     9.64   8.498   0.0031
   53.3     9.70   8.526   0.0003
   53.5     9.64   8.553  -0.0006
   53.7     9.73   8.579  -0.0015
   54.0     9.73   8.607  -0.0039
   54.3     9.80   8.633  -0.0023
   54.6     9.81   8.660   0.0032
   54.8     9.85   8.687   0.0026
   55.0     9.87   8.715  -0.0007
   55.2     9.88   8.741  -0.0013
   55.6     9.90   8.768  -0.0048
   55.8     9.94   8.795   0.0017
   56.0     9.95   8.822   0.0047
   56.3     9.95   8.849   0.0036
   56.5    10.00   8.876   0.0023
   56.8    10.00   8.903  -0.0001
   57.0    10.02   8.930   0.0025
   57.3    10.05   8.957   0.0026
   57.5    10.08   8.984   0.0042
   57.8    10.06   9.011   0.0050
   58.1    10.13   9.039   0.0053
   58.4    10.13   9.066   0.0042
   58.6    10.14   9.093   0.0030
   58.9    10.16   9.120   0.0005
   59.1    10.16   9.148   0.0021
   59.3    10.16   9.175  -0.0003
   59.6    10.21   9.202   0.0026
   59.9    10.23   9.230  -0.0008
   60.2    10.27   9.257   0.0008
   60.5    10.30   9.284   0.0046
   60.7    10.32   9.312   0.0025
   61.0    10.34   9.340   0.0103
   61.2    10.37   9.366   0.0065
   61.5    10.39   9.393   0.0066
   61.8    10.38   9.421   0.0047
   62.1    10.38   9.448   0.0024
   62.3    10.40   9.475   0.0025
   62.5    10.42   9.503   0.0052
   62.9    10.45   9.530   0.0052
   63.1    10.43   9.557   0.0073
   63.3    10.47   9.584   0.0059
   63.6    10.47   9.611   0.0023
   63.9    10.51   9.638   0.0028
   64.2    10.53   9.666   0.0012
   64.4    10.54   9.693   0.0039
   64.7    10.62   9.720   0.0017
   65.0    10.58   9.747  -0.0001
   65.3    10.64   9.774  -0.0011
   65.6    10.66   9.802   0.0011
   65.7    10.67   9.829  -0.0002
   66.0    10.66   9.857  -0.0012
   66.3    10.66   9.884   0.0025
   66.5    10.64   9.911   0.0012
   66.9    10.70   9.939   0.0019
   67.1    10.69   9.965   0.0033
   67.4    10.69   9.993  -0.0000
   67.7    10.70  10.020   0.0004
   67.8    10.70  10.047  -0.0007
   68.1    10.70  10.073  -0.0005
   68.4    10.73  10.100  -0.0000
   68.7    10.67  10.127  -0.0000
   68.9    10.74  10.154  -0.0006
   69.2    10.75  10.181   0.0005
   69.5    10.77  10.207   0.0020
   69.7    10.71  10.234   0.0014
   69.9    10.70  10.260   0.0001
   70.1    10.75  10.287  -0.0003
   70.6    10.81  10.314   0.0010
   70.8    10.80  10.342  -0.0013
   71.1    10.80  10.369   0.0006
   71.3    10.79  10.396  -0.0046
   71.6    10.81  10.423  -0.0061
   72.0    10.84  10.450  -0.0077
   72.1    10.85  10.477  -0.0040
   72.5    10.89  10.503  -0.0020
   72.7    10.94  10.530   0.0020
   73.0    10.94  10.557   0.0002
   73.4    10.88  10.583   0.0004
   73.5    10.96  10.610  -0.0019
   73.8    10.95  10.637   0.0010
   74.0    10.94  10.664   0.0004
   74.3    10.97  10.691   0.0035
   74.6    10.98  10.717   0.0022
   74.8    10.93  10.744   0.0003
   75.0    10.95  10.771  -0.0017
   75.4    10.96  10.798   0.0029
   75.7    10.98  10.824   0.0029
   75.9    10.94  10.851   0.0011
   76.1    10.98  10.877   0.0019
   76.4    10.97  10.904   0.0032
   76.6    11.00  10.930   0.0025
   77.0    11.02  10.957  -0.0003
   77.2    11.01  10.984   0.0027
   77.5    11.02  11.011  -0.0013
   77.8    10.98  11.038  -0.0000
   78.0    11.04  11.065   0.0008
   78.4    11.03  11.092   0.0041
   78.6    11.03  11.118   0.0023
   78.8    11.03  11.145  -0.0012
   79.1    11.00  11.171   0.0003
   79.3    11.04  11.198  -0.0045
   79.6    11.04  11.224  -0.0006
   79.9    11.05  11.251  -0.0043
   80.2    11.04  11.278  -0.0085
   80.5    11.04  11.304  -0.0051
   80.8    11.06  11.332  -0.0028
   81.1    11.05  11.358  -0.0058
   81.3    11.05  11.385  -0.0054
   81.5    11.10  11.412  -0.0042
   81.8    11.04  11.439  -0.0039
   82.2    11.12  11.466   0.0000
   82.4    11.10  11.492   0.0030
   82.6    11.10  11.519  -0.0018
   83.0    11.07  11.546   0.0035
   83.2    11.08  11.573   0.0048
   83.4    11.08  11.601  -0.0020
   83.8    11.08  11.628  -0.0021
   84.0    11.05  11.655  -0.0063
   84.3    11.09  11.683  -0.0016
   84.6    11.07  11.710  -0.0003
   84.8    11.05  11.737  -0.0004
   85.2    11.10  11.764  -0.0003
   85.4    11.08  11.790  -0.0022
   85.7    11.07  11.817  -0.0004
   85.9    11.13  11.845   0.0000
   86.2    11.07  11.871  -0.0016
   86.5    11.06  11.898   0.0025
   86.8    11.09  11.926   0.0015
   86.9    11.08  11.953  -0.0005
   87.3    11.08  11.980  -0.0022
   87.5    11.07  12.007  -0.0025
   87.8    11.09  12.034  -0.0004
   88.1    11.06  12.060  -0.0010
   88.4    11.07  12.087   0.0025
   88.7    11.06  12.114  -0.0007
   88.9    11.04  12.141  -0.0013
   89.1    11.04  12.168  -0.0047
   89.5    11.10  12.195  -0.0033
   89.7    11.10  12.222  -0.0032
   90.0    11.08  12.249   0.0003
   90.3    11.09  12.275  -0.0013
   90.6    11.10  12.302   0.0018
   90.8    11.10  12.329   0.0001
   91.1    11.07  12.356  -0.0033
   91.4    11.08  12.383  -0.0017
   91.5    11.08  12.411  -0.0054
   91.8    11.08  12.438  -0.0091
   92.2    11.03  12.464  -0.0103
   92.4    11.04  12.491  -0.0071
   92.8    11.10  12.518  -0.0082
   93.1    11.08  12.545  -0.0043
   93.3    11.08  12.572  -0.0035
   93.6    11.04  12.600   0.0021
   93.8    11.05  12.627   0.0010
   94.1    11.07  12.655  -0.0015
   94.4    11.05  12.682  -0.0042
   94.7    11.09  12.708  -0.0033
   94.9    11.05  12.735  -0.0023
   95.2    11.04  12.762  -0.0042
   95.4    11.02  12.789  -0.0076
   95.7    11.02  12.816  -0.0069
   96.0    11.02  12.842  -0.0038
   96.3    11.05  12.869  -0.0001
   96.5    11.05  12.896  -0.0030
   96.8    11.04  12.923  -0.0029
   97.1    11.04  12.949  -0.0056
   97.4    11.04  12.976  -0.0082
   97.6    11.00  13.003  -0.0037
   97.9    11.02  13.030  -0.0026
   98.1    11.00  13.057  -0.0018
   98.4    10.97  13.084  -0.0019
   98.7    11.02  13.110   0.0001
   99.0    10.98  13.137  -0.0004
   99.3    10.96  13.165   0.0014
   99.5    10.97  13.191  -0.0023
   99.8    10.98  13.218  -0.0028
  100.0    10.99  13.245  -0.0032
  100.4    10.97  13.272  -0.0040
  100.6    10.95  13.298  -0.0033
  101.0    10.97  13.325  -0.0045
  101.1    10.98  13.352  -0.0081
  101.5    10.96  13.379  -0.0097
  101.7    11.01  13.406  -0.0085
  102.0    11.01  13.434  -0.0062
  102.2    10.96  13.460  -0.0067
  102.6    10.97  13.487  -0.0021
  102.9    10.97  13.515  -0.0023
  103.1    10.96  13.542  -0.0056
  103.4    10.96  13.568  -0.0048
  103.7    10.93  13.596  -0.0045
  103.9    10.96  13.623  -0.0053
  104.3    10.94  13.649  -0.0061
  104.4    10.97  13.677  -0.0028
  104.7    10.93  13.703  -0.0021
  105.0    10.92  13.730  -0.0036
  105.2    10.93  13.758  -0.0031
  105.5    10.90  13.785  -0.0022
  105.8    10.92  13.811  -0.0024
  106.1    10.91  13.839  -0.0019
  106.5    10.89  13.865  -0.0026
  106.7    10.89  13.892   0.0012
  106.9    10.89  13.920  -0.0019
  107.2    10.89  13.947  -0.0025
  107.5    10.89  13.974  -0.0019
  107.8    10.88  14.001  -0.0014
  108.0    10.87  14.028  -0.0021
  108.2    10.87  14.055  -0.0051
  108.6    10.87  14.082  -0.0029
  108.9    10.86  14.109  -0.0020
  109.1    10.87  14.135  -0.0042
  109.4    10.81  14.162  -0.0024
  109.7    10.84  14.190  -0.0015
  110.0    10.83  14.217  -0.0058
  110.2    10.82  14.245  -0.0063
  110.4    10.83  14.272  -0.0053
  110.7    10.78  14.299  -0.0019
  111.1    10.78  14.326  -0.0049
  111.3    10.78  14.353  -0.0043
  111.6    10.78  14.380  -0.0024
  111.8    10.76  14.407  -0.0035
  112.2    10.77  14.434  -0.0030
  112.4    10.76  14.461  -0.0038
  112.6    10.75  14.488  -0.0047
  113.0    10.77  14.515  -0.0057
  113.3    10.75  14.542  -0.0039
  113.6    10.72  14.569  -0.0071
  113.8    10.76  14.595  -0.0042
  114.0    10.81  14.622  -0.0037
  114.4    10.80  14.649  -0.0041
  114.7    10.81  14.677  -0.0032
  114.9    10.83  14.703  -0.0004
  115.2    10.79  14.730  -0.0003
  115.5    10.79  14.757   0.0002
  115.8    10.79  14.784   0.0016
  116.1    10.79  14.811  -0.0010
  116.3    10.79  14.838  -0.0023
  116.6    10.74  14.865   0.0013
  116.8    10.73  14.892   0.0021
  117.2    10.74  14.918   0.0067
  117.4    10.80  14.945   0.0091
  117.8    10.76  14.972   0.0066
  118.1    10.78  15.000   0.0060
  118.3    10.72  15.027   0.0065
  118.5    10.68  15.053   0.0036
  118.7    10.70  15.080   0.0063
  119.1    10.69  15.107   0.0064
  119.4    10.68  15.134   0.0067
  119.6    10.68  15.160   0.0088
  119.8    10.62  15.187   0.0064
  120.1    10.68  15.214   0.0065
  120.5    10.59  15.241   0.0026
  120.6    10.58  15.267   0.0025
  120.9    10.58  15.294   0.0007
  121.2    10.56  15.321   0.0005
  121.4    10.55  15.348  -0.0002
  121.7    10.54  15.375   0.0003
  122.0    10.53  15.402   0.0000
  122.4    10.56  15.429   0.0000
  122.5    10.54  15.457   0.0035
  122.8    10.54  15.483   0.0030
  123.1    10.56  15.510   0.0044
  123.4    10.53  15.537   0.0028
  123.6    10.52  15.564   0.0014
  123.9    10.51  15.591   0.0003
  124.2    10.49  15.618   0.0015
  124.4    10.50  15.645   0.0003
  124.7    10.49  15.672   0.0012
  125.0    10.47  15.699   0.0051
  125.3    10.47  15.726   0.0028
  125.5    10.49  15.753   0.0023
  125.8    10.49  15.779   0.0031
  126.1    10.46  15.806   0.0024
  126.4    10.47  15.833   0.0073
  126.7    10.48  15.860   0.0077
  126.9    10.49  15.887   0.0065
  127.2    10.50  15.914   0.0086
  127.5    10.49  15.940   0.0072
  127.6    10.47  15.967   0.0073
  128.1    10.45  15.994   0.0067
  128.3    10.50  16.021   0.0093
  128.5    10.50  16.047   0.0074
  128.9    10.47  16.074   0.0056
  129.2    10.46  16.101   0.0034
  129.5    10.47  16.128   0.0014
  129.6    10.48  16.155   0.0019
  129.9    10.49  16.182   0.0018
  130.2    10.49  16.209   0.0073
  130.5    10.47  16.236   0.0064
  130.8    10.52  16.263   0.0057
  131.0    10.49  16.290   0.0076
  131.3    10.48  16.316   0.0049
  131.6    10.49  16.343   0.0075
  131.9    10.49  16.370   0.0059
  132.1    10.47  16.397   0.0047
  132.4    10.43  16.424   0.0063
  132.6    10.43  16.451   0.0088
  133.0    10.42  16.478   0.0084
  133.3    10.41  16.505   0.0074
  133.5    10.43  16.532   0.0081
  133.8    10.42  16.559   0.0056
  134.0    10.40  16.586   0.0047
  134.3    10.41  16.613   0.0072
  134.6    10.40  16.640   0.0103
  134.9    10.41  16.667   0.0091
  135.1    10.39  16.694   0.0089
  135.4    10.39  16.721   0.0052
  135.7    10.42  16.748   0.0056
  136.0    10.41  16.774   0.0052
  136.2    10.41  16.801   0.0083
  136.4    10.38  16.828   0.0059
  136.8    10.40  16.855   0.0091
  137.1    10.45  16.882   0.0077
  137.4    10.38  16.909   0.0056
  137.7    10.37  16.936   0.0043
  138.0    10.39  16.963   0.0037
  138.2    10.40  16.990   0.0047
  138.4    10.39  17.017   0.0054
  138.7    10.34  17.044   0.0027
  139.0    10.36  17.071   0.0032
  139.3    10.36  17.097   0.0061
  139.6    10.33  17.124   0.0031
  139.9    10.36  17.151   0.0022
  140.0    10.34  17.178   0.0045
  140.5    10.32  17.205   0.0043
  140.7    10.30  17.232   0.0070
  141.1    10.33  17.259   0.0069
  141.2    10.36  17.286   0.0034
  141.6    10.29  17.313   0.0006
  141.8    10.28  17.340  -0.0005
  142.0    10.27  17.367   0.0020
  142.3    10.32  17.394   0.0068
  142.6    10.25  17.422   0.0023
  142.9    10.23  17.449   0.0034
  143.3    10.29  17.475   0.0019
  143.6    10.24  17.502   0.0044
  143.8    10.22  17.529   0.0033
  144.0    10.22  17.556   0.0064
  144.3    10.22  17.582   0.0030
  144.6    10.22  17.609   0.0022
  144.8    10.18  17.636   0.0015
  145.1    10.19  17.663   0.0057
  145.4    10.15  17.690   0.0098
  145.6    10.14  17.717   0.0089
  146.1    10.17  17.743   0.0069
  146.2    10.18  17.770   0.0076
  146.4    10.15  17.797   0.0096
  146.7    10.13  17.824   0.0060
  147.0    10.12  17.851   0.0068
  147.4    10.13  17.879   0.0057
  147.6    10.10  17.905   0.0082
  147.8    10.09  17.933   0.0045
  148.2    10.07  17.960   0.0021
  148.4    10.12  17.986   0.0033
  148.7    10.11  18.014   0.0009
  148.9    10.08  18.040   0.0004
  149.2    10.07  18.067   0.0041
  149.4    10.06  18.094   0.0041
  149.8    10.07  18.121   0.0048
  150.2    10.07  18.148   0.0073
  150.4    10.05  18.175   0.0061
  150.5    10.05  18.202   0.0048
  150.9    10.07  18.228   0.0079
  151.3    10.06  18.255   0.0087
  151.4    10.03  18.283   0.0093
  151.6     9.94  18.309   0.0113
  151.9    10.01  18.336   0.0139
  152.2    10.01  18.363   0.0116
  152.6     9.96  18.390   0.0097
  152.7     9.98  18.418   0.0085
  153.0     9.91  18.445   0.0090
  153.4     9.99  18.471   0.0068
  153.7     9.95  18.499   0.0110
  153.9     9.97  18.525   0.0077
  154.3     9.96  18.552   0.0054
  154.5     9.92  18.579   0.0044
  154.8     9.96  18.607   0.0012
  155.0     9.88  18.634   0.0002
  155.3     9.90  18.660  -0.0013
  155.6     9.92  18.687   0.0006
  155.8     9.90  18.714   0.0022
  156.1     9.85  18.741   0.0030
  156.3     9.90  18.768   0.0030
  156.6     9.85  18.795   0.0043
  157.0     9.89  18.822   0.0045
  157.3     9.89  18.849   0.0024
  157.5     9.88  18.876   0.0021
  157.9     9.89  18.903   0.0005
  158.1     9.91  18.930   0.0008
  158.5     9.87  18.957  -0.0008
  158.7     9.85  18.984  -0.0008
  158.9     9.84  19.011  -0.0024
  159.2     9.87  19.038  -0.0011
  159.4     9.79  19.065   0.0010
  159.7     9.80  19.092   0.0032
  160.0     9.81  19.118   0.0029
  160.2     9.79  19.145  -0.0000
  160.5     9.79  19.173   0.0022
  160.8     9.77  19.200   0.0015
  161.1     9.76  19.227   0.0014
  161.5     9.77  19.254  -0.0003
  161.7     9.77  19.282   0.0009
  162.0     9.80  19.309   0.0013
  162.3     9.80  19.337   0.0049
  162.7     9.88  19.364   0.0053
  162.9     9.82  19.391   0.0046
  163.2     9.82  19.419   0.0027
  163.5     9.78  19.446   0.0052
  163.6     9.72  19.472   0.0028
  163.9     9.75  19.499   0.0055
  164.1     9.73  19.526   0.0063
  164.5     9.68  19.553   0.0080
  164.7     9.69  19.580   0.0070
  165.0     9.67  19.607   0.0064
  165.3     9.70  19.634   0.0077
  165.6     9.65  19.661   0.0072
  165.9     9.64  19.688   0.0066
  166.0     9.64  19.715   0.0073
  166.5     9.68  19.742   0.0070
  166.7     9.65  19.769   0.0088
  167.0     9.61  19.795   0.0060
  167.4     9.72  19.822   0.0067
  167.7     9.74  19.849   0.0059
  167.9     9.69  19.876   0.0037
  168.2     9.70  19.905   0.0031
  168.5     9.70  19.932   0.0051
  168.9     9.68  19.958   0.0036
  169.0     9.63  19.985   0.0088
  169.3     9.59  20.012   0.0059
  169.5     9.61  20.039   0.0055
  169.8     9.57  20.066   0.0035
  170.1     9.60  20.094   0.0059
  170.5     9.65  20.122   0.0028
  170.7     9.64  20.149   0.0030
  171.0     9.59  20.177   0.0047
  171.4     9.68  20.205   0.0049
  171.7     9.63  20.233   0.0017
  172.0     9.59  20.261   0.0017
  172.3     9.61  20.289   0.0040
  172.4     9.58  20.317   0.0071
  172.8     9.57  20.345   0.0070
  173.1     9.54  20.374   0.0050
  173.4     9.55  20.402   0.0050
  173.8     9.57  20.431   0.0066
  173.9     9.52  20.458   0.0025
  174.3     9.51  20.485   0.0053
  174.5     9.55  20.513   0.0067
  174.9     9.46  20.540   0.0053
  175.1     9.47  20.568   0.0041
  175.3     9.47  20.595   0.0007
  175.6     9.46  20.622   0.0020
  175.9     9.41  20.650   0.0051
  176.2     9.38  20.677   0.0006
  176.5     9.40  20.705   0.0027
  176.7     9.37  20.733   0.0037
  176.9     9.43  20.760   0.0088
  177.3     9.37  20.788   0.0044
  177.6     9.35  20.815   0.0080
  178.0     9.36  20.843   0.0079
  178.2     9.32  20.870   0.0107
  178.5     9.32  20.898   0.0093
  178.8     9.33  20.926   0.0083
  179.0     9.30  20.953   0.0057
  179.2     9.26  20.981   0.0057
  179.7     9.30  21.008   0.0068
  179.9     9.29  21.035   0.0075
  180.2     9.25  21.063   0.0046
  180.5     9.25  21.090   0.0046
  180.8     9.22  21.118   0.0032
  181.0     9.22  21.145   0.0053
  181.3     9.24  21.173   0.0061
  181.7     9.14  21.201   0.0048
  181.9     9.22  21.229   0.0037
  182.1     9.22  21.258   0.0045
  182.6     9.17  21.286   0.0061
  182.7     9.19  21.314   0.0106
  183.1     9.13  21.342   0.0139
  183.4     9.21  21.370   0.0108
  183.7     9.18  21.398   0.0074
  184.0     9.20  21.427   0.0048
  184.4     9.19  21.454   0.0040
  184.6     9.15  21.482   0.0035
  184.8     9.11  21.510   0.0009
  185.0     9.15  21.538   0.0009
  185.3     9.14  21.565   0.0020
  185.7     9.10  21.592   0.0023
  185.9     9.11  21.620   0.0023
  186.3     9.07  21.647  -0.0003
  186.5     9.08  21.674   0.0029
  186.7     9.04  21.701   0.0045
  187.0     9.06  21.728   0.0040
  187.3     9.01  21.756   0.0054
  187.7     9.08  21.783   0.0053
  188.0     9.08  21.810   0.0016
  188.2     9.06  21.838   0.0029
  188.4     9.03  21.865   0.0024
  188.7     9.02  21.892   0.0007
  189.0     9.04  21.920   0.0030
  189.3     9.04  21.948  -0.0001
  189.6     9.01  21.976   0.0009
  189.9     8.97  22.003  -0.0002
  190.1     8.97  22.032   0.0010
  190.5     8.98  22.059   0.0077
  190.7     8.96  22.087   0.0011
  190.9     8.91  22.115   0.0009
  191.2     8.93  22.143   0.0041
  191.5     8.92  22.171   0.0043
  191.8     8.93  22.199   0.0036
  192.1     8.96  22.227   0.0022
  192.5     8.93  22.255   0.0006
  192.7     8.91  22.282  -0.0030
  193.0     8.88  22.309  -0.0010
  193.2     8.88  22.337   0.0009
  193.6     8.91  22.364   0.0019
  194.0     8.90  22.391   0.0002
  194.1     8.87  22.420   0.0032
  194.4     8.86  22.447   0.0052
  194.6     8.77  22.475   0.0049
  194.9     8.76  22.503   0.0012
  195.4     8.85  22.532   0.0021
  195.7     8.82  22.558   0.0075
  195.9     8.83  22.586   0.0053
  196.2     8.76  22.613   0.0071
  196.4     8.83  22.640   0.0095
  196.8     8.85  22.667   0.0066
  197.0     8.83  22.695   0.0041
  197.2     8.83  22.722   0.0037
  197.7     8.77  22.749   0.0060
  197.9     8.77  22.776   0.0039
  198.2     8.79  22.804   0.0032
  198.5     8.79  22.832   0.0049
  198.7     8.81  22.859   0.0078
  199.1     8.78  22.886   0.0042
  199.3     8.79  22.914   0.0019
  199.6     8.78  22.942   0.0032
  199.9     8.78  22.970   0.0053
  200.2     8.76  22.997   0.0086
  200.4     8.75  23.025   0.0051
  200.8     8.64  23.053   0.0009
  201.1     8.71  23.080   0.0018
  201.4     8.69  23.108   0.0062
  201.7     8.67  23.136   0.0072
  202.0     8.69  23.163   0.0083
  202.3     8.65  23.190   0.0068
  202.5     8.62  23.217   0.0086
  202.8     8.65  23.246   0.0065
  203.1     8.61  23.274   0.0029
  203.4     8.60  23.302   0.0033
  203.7     8.60  23.329   0.0038
  204.0     8.59  23.357   0.0076
  204.3     8.61  23.384   0.0091
  204.6     8.62  23.414   0.0080
  204.8     8.60  23.441   0.0116
  205.1     8.57  23.469   0.0125
  205.4     8.57  23.496   0.0073
  205.7     8.57  23.524   0.0114
  206.1     8.55  23.552   0.0121
  206.4     8.52  23.579   0.0064
  206.6     8.51  23.606   0.0041
  207.0     8.50  23.634   0.0029
  207.1     8.51  23.662   0.0036
  207.4     8.52  23.689   0.0039
  207.8     8.51  23.717   0.0020
  208.1     8.48  23.745   0.0024
  208.3     8.50  23.772   0.0043
  208.7     8.48  23.800   0.0024
  209.0     8.49  23.828   0.0066
  209.2     8.48  23.856   0.0036
  209.5     8.41  23.883   0.0041
  209.9     8.47  23.912   0.0039
  210.2     8.39  23.940   0.0011
  210.4     8.44  23.967   0.0026
  210.7     8.38  23.995   0.0050
  210.9     8.40  24.022   0.0014
  211.3     8.36  24.049  -0.0003
  211.5     8.37  24.078   0.0005
  211.7     8.36  24.105   0.0029
  212.1     8.37  24.133   0.0045
  212.4     8.35  24.160   0.0058
  212.6     8.33  24.188   0.0056
  212.9     8.31  24.216   0.0087
  213.2     8.32  24.244   0.0085
  213.5     8.34  24.272   0.0103
  213.8     8.30  24.300   0.0075
  214.1     8.30  24.328   0.0064
  214.4     8.29  24.356   0.0107
  214.6     8.26  24.383   0.0102
  214.9     8.31  24.412   0.0079
  215.3     8.27  24.440   0.0057
  215.5     8.29  24.467   0.0078
  215.9     8.26  24.495   0.0081
  216.2     8.26  24.523   0.0067
  216.4     8.24  24.551   0.0076
  216.8     8.22  24.579   0.0083
  217.0     8.21  24.608   0.0055
  217.2     8.22  24.636   0.0056
  217.6     8.23  24.664   0.0032
  217.8     8.17  24.692   0.0042
  218.1     8.18  24.720   0.0036
  218.5     8.20  24.747   0.0042
  218.7     8.16  24.775   0.0040
  219.0     8.13  24.803   0.0073
  219.3     8.13  24.830   0.0079
  219.5     8.11  24.857   0.0068
  219.8     8.09  24.885   0.0092
  220.1     8.08  24.911   0.0080
  220.4     8.10  24.940   0.0039
  220.7     8.07  24.968   0.0010
  221.0     8.06  24.995   0.0053
  221.3     8.08  25.023   0.0060
  221.6     8.07  25.051   0.0025
  221.9     8.09  25.078  -0.0013
  222.3     8.03  25.106   0.0032
  222.5     8.07  25.133   0.0058
  222.7     8.05  25.160   0.0073
  223.1     8.04  25.189   0.0099
  223.4     8.08  25.216   0.0065
  223.6     8.04  25.243   0.0108
  223.9     8.00  25.270   0.0117
  224.2     7.96  25.297   0.0124
  224.5     7.96  25.324   0.0073
  224.8     7.92  25.352   0.0074
  225.0     7.93  25.380   0.0066
  225.3     7.90  25.409   0.0070
  225.6     7.91  25.436   0.0093
  225.9     7.85  25.464   0.0115
  226.2     7.86  25.492   0.0112
  226.4     7.84  25.520   0.0099
  226.7     7.82  25.548   0.0109
  227.0     7.82  25.576   0.0088
  227.4     7.82  25.603   0.0068
  227.6     7.79  25.632   0.0054
  227.9     7.80  25.659   0.0065
  228.2     7.80  25.686   0.0079
  228.5     7.80  25.713   0.0064
  228.7     7.80  25.741   0.0046
  229.1     7.82  25.769   0.0052
  229.4     7.79  25.797   0.0076
  229.6     7.78  25.824   0.0070
  229.8     7.79  25.852   0.0069
  230.2     7.75  25.879   0.0106
  230.5     7.75  25.907   0.0097
  230.8     7.76  25.934   0.0111
  231.0     7.71  25.961   0.0062
  231.4     7.85  25.989   0.0057
  231.7     7.75  26.017   0.0103
  232.0     7.74  26.045   0.0091
  232.3     7.74  26.073   0.0075
  232.5     7.76  26.102   0.0096
  232.9     7.78  26.129   0.0094
  233.2     7.72  26.156   0.0081
  233.4     7.73  26.184   0.0096
  233.6     7.71  26.211   0.0072
  233.9     7.72  26.239   0.0064
  234.3     7.69  26.266   0.0054
  234.5     7.71  26.293   0.0062
  234.7     7.69  26.321   0.0062
  235.1     7.68  26.349   0.0051
  235.4     7.66  26.376   0.0035
  235.6     7.64  26.404   0.0019
  235.9     7.67  26.432   0.0027
  236.2     7.61  26.459   0.0060
  236.6     7.65  26.486   0.0054
  236.8     7.61  26.515   0.0049
  237.1     7.60  26.543   0.0077
  237.3     7.58  26.570   0.0091
  237.7     7.57  26.597   0.0090
  238.0     7.56  26.626   0.0093
  238.2     7.54  26.653   0.0092
  238.5     7.56  26.680   0.0091
  238.9     7.56  26.708   0.0129
  239.1     7.54  26.735   0.0123
  239.4     7.52  26.762   0.0112
  239.6     7.49  26.790   0.0108
  240.0     7.52  26.818   0.0105
  240.3     7.50  26.846   0.0081
  240.6     7.50  26.873   0.0084
  240.8     7.49  26.900   0.0079
  241.2     7.46  26.929   0.0096
  241.4     7.51  26.956   0.0025
  241.8     7.44  26.984   0.0014
  242.1     7.44  27.011   0.0088
  242.2     7.44  27.038   0.0060
  242.6     7.42  27.067   0.0028
  242.8     7.42  27.095   0.0041
  243.2     7.40  27.123   0.0044
  243.5     7.39  27.151   0.0033
  243.7     7.40  27.179   0.0039
  244.1     7.38  27.206   0.0068
  244.3     7.36  27.233   0.0088
  244.6     7.38  27.261   0.0084
  244.9     7.40  27.289   0.0100
  245.2     7.42  27.316   0.0096
  245.4     7.36  27.344   0.0097
  245.7     7.34  27.371   0.0077
  246.1     7.35  27.399   0.0103
  246.3     7.34  27.428   0.0082
  246.6     7.35  27.455   0.0053
  246.9     7.29  27.483   0.0044
  247.3     7.28  27.512   0.0065
  247.5     7.29  27.540   0.0098
  247.8     7.30  27.566   0.0091
  248.0     7.30  27.594   0.0076
  248.3     7.26  27.621   0.0070
  248.7     7.27  27.649   0.0066
  248.9     7.28  27.678   0.0073
  249.3     7.22  27.705   0.0065
  249.5     7.28  27.733   0.0028
  249.8     7.21  27.761   0.0075
  250.1     7.18  27.789   0.0040
  250.4     7.17  27.816   0.0075
  250.7     7.17  27.844   0.0047
  251.0     7.17  27.872   0.0024
  251.3     7.14  27.900   0.0054
  251.5     7.17  27.928   0.0005
  251.8     7.08  27.955   0.0006
  252.0     7.10  27.982   0.0007
  252.4     7.09  28.009  -0.0002
  252.6     7.05  28.036   0.0007
  252.9     7.09  28.063   0.0015
  253.2     7.06  28.090   0.0034
  253.5     7.04  28.118   0.0025
  253.8     7.02  28.145   0.0042
  254.1     7.00  28.174   0.0040
  254.3     6.98  28.201   0.0019
  254.6     6.97  28.228   0.0029
  255.0     6.97  28.257   0.0055
  255.1     6.98  28.284   0.0027
  255.5     6.94  28.311   0.0007
  255.8     6.95  28.339  -0.0011
  256.0     6.90  28.366  -0.0005
  256.3     6.88  28.394   0.0000
  256.5     6.94  28.424  -0.0005
  257.0     6.90  28.452  -0.0005
  257.2     6.87  28.480  -0.0005
  257.4     6.88  28.508   0.0001
  257.7     6.87  28.536  -0.0021
  258.1     6.83  28.564   0.0028
  258.4     6.83  28.591   0.0034
  258.7     6.84  28.619   0.0008
  258.9     6.82  28.647  -0.0027
  259.3     6.82  28.674  -0.0021
  259.5     6.79  28.701  -0.0035
  259.7     6.86  28.728  -0.0029
  260.0     6.81  28.756  -0.0013
  260.3     6.76  28.784  -0.0028
  260.6     6.77  28.812  -0.0010
  260.9     6.79  28.841  -0.0033
  261.2     6.75  28.868   0.0009
  261.4     6.77  28.896   0.0011
  261.7     6.72  28.924   0.0018
  262.1     6.75  28.952   0.0014
  262.3     6.71  28.979   0.0028
  262.6     6.74  29.008   0.0002
  263.0     6.71  29.036   0.0024
  263.3     6.72  29.063   0.0002
  263.5     6.74  29.091  -0.0005
  263.8     6.71  29.120  -0.0013
  264.1     6.74  29.147  -0.0007
  264.4     6.69  29.176  -0.0023
  264.5     6.75  29.203   0.0020
  265.0     6.69  29.231  -0.0011
  265.1     6.65  29.258  -0.0003
  265.6     6.66  29.287   0.0022
  265.8     6.69  29.315   0.0012
  266.0     6.65  29.342  -0.0006
  266.3     6.67  29.371   0.0024
  266.5     6.63  29.399   0.0035
  266.8     6.61  29.427   0.0024
  267.1     6.60  29.455   0.0004
  267.5     6.60  29.482   0.0023
  267.9     6.63  29.510   0.0021
  268.0     6.62  29.538   0.0048
  268.3     6.62  29.565   0.0048
  268.6     6.60  29.593   0.0059
  268.9     6.58  29.620   0.0005
  269.2     6.57  29.647  -0.0011
  269.5     6.57  29.676   0.0002
  269.8     6.59  29.703   0.0034
  270.1     6.52  29.732   0.0108
  270.4     6.56  29.759   0.0065
  270.6     6.56  29.786   0.0059
  270.9     6.54  29.814   0.0079
  271.2     6.51  29.841   0.0052
  271.5     6.49  29.869   0.0067
  271.8     6.54  29.897   0.0063
  272.0     6.47  29.925   0.0025
  272.3     6.50  29.952   0.0018
  272.6     6.50  29.979   0.0030
  272.9     6.51  30.007   0.0018
  273.2     6.48  30.035   0.0031
  273.5     6.51  30.062  -0.0001
  273.6     6.48  30.090   0.0024
  274.0     6.45  30.117   0.0033
  274.4     6.45  30.144   0.0039
  274.6     6.45  30.173   0.0027
  275.0     6.45  30.201  -0.0011
  275.1     6.43  30.228   0.0028
  275.4     6.44  30.256   0.0075
  275.8     6.44  30.284   0.0035
  276.0     6.41  30.311   0.0033
  276.3     6.41  30.339   0.0045
  276.5     6.44  30.367   0.0013
  276.9     6.40  30.394   0.0065
  277.1     6.39  30.423   0.0068
  277.4     6.35  30.451   0.0047
  277.6     6.37  30.478   0.0086
  278.0     6.39  30.506   0.0073
  278.3     6.35  30.533   0.0056
  278.6     6.39  30.560   0.0093
  278.8     6.40  30.588   0.0050
  279.1     6.36  30.615   0.0064
  279.4     6.36  30.642   0.0055
  279.6     6.37  30.670   0.0081
  280.0     6.36  30.697   0.0062
  280.3     6.36  30.725   0.0051
  280.7     6.34  30.753   0.0092
  280.9     6.34  30.779   0.0093
  281.2     6.34  30.808   0.0047
  281.5     6.33  30.836   0.0039
  281.7     6.37  30.864   0.0078
  282.0     6.36  30.891   0.0098
  282.3     6.32  30.919   0.0113
  282.6     6.35  30.949   0.0090
  282.9     6.35  30.977   0.0038
  283.1     6.34  31.004   0.0068
  283.6     6.32  31.033   0.0089
  283.7     6.33  31.062   0.0086
  284.2     6.32  31.089   0.0068
  284.3     6.31  31.117   0.0089
  284.6     6.31  31.145   0.0089
  284.9     6.26  31.173   0.0050
  285.2     6.28  31.201   0.0104
  285.5     6.29  31.229   0.0122
  285.8     6.29  31.256   0.0141
  286.1     6.27  31.284   0.0046
  286.4     6.21  31.311   0.0018
  286.7     6.27  31.340   0.0030
  286.9     6.22  31.368   0.0019
  287.2     6.22  31.395   0.0005
  287.5     6.26  31.423   0.0032
  287.8     6.23  31.451   0.0063
  288.0     6.21  31.480   0.0064
  288.3     6.18  31.509   0.0047
  288.7     6.18  31.537   0.0039
  288.9     6.19  31.564   0.0040
  289.2     6.18  31.592   0.0023
  289.6     6.16  31.620   0.0053
  289.8     6.16  31.647   0.0035
  289.9     6.14  31.675   0.0044
  290.3     6.15  31.703   0.0048
  290.6     6.16  31.731   0.0071
  290.9     6.09  31.759   0.0074
  291.2     6.09  31.786   0.0053
  291.5     6.09  31.814   0.0066
  291.8     6.14  31.841   0.0050
  292.0     6.10  31.868   0.0063
  292.4     6.01  31.895   0.0044
  292.6     6.07  31.924   0.0046
  292.9     6.06  31.952   0.0048
  293.1     6.06  31.980   0.0027
  293.5     6.08  32.008   0.0033
  293.7     6.06  32.035   0.0029
  294.1     6.07  32.064   0.0030
  294.3     6.05  32.091   0.0055
  294.6     6.03  32.119   0.0031
  294.8     5.99  32.146   0.0019
  295.2     5.99  32.174   0.0010
  295.4     5.96  32.201   0.0013
  295.8     6.00  32.229   0.0012
  296.0     6.03  32.257  -0.0044
  296.2     5.95  32.284  -0.0000
  296.6     5.95  32.311   0.0017
  296.9     5.96  32.339   0.0020
  297.1     5.97  32.366   0.0052
  297.3     5.97  32.394   0.0056
  297.7     5.96  32.422   0.0087
  298.0     5.97  32.449   0.0053
  298.3     5.95  32.477   0.0003
  298.6     5.92  32.504   0.0016
  298.8     5.93  32.532   0.0022
  299.2     5.95  32.560   0.0020
  299.4     5.94  32.588   0.0049
  299.8     5.92  32.615   0.0057
  300.0     5.93  32.643   0.0034
  300.3     5.94  32.672   0.0035
  300.6     5.93  32.700   0.0036
  301.1     5.94  32.728   0.0030
  301.2     5.91  32.756   0.0036
  301.5     5.97  32.785   0.0067
  301.8     5.93  32.812   0.0082
  302.1     5.89  32.840   0.0062
  302.4     5.95  32.868   0.0047
  302.6     5.91  32.895   0.0077
  303.0     5.90  32.923   0.0087
  303.2     5.91  32.951   0.0092
  303.5     5.90  32.979   0.0112
  303.8     5.89  33.008   0.0087
  304.2     5.92  33.036   0.0063
  304.4     5.91  33.063   0.0069
  304.7     5.90  33.091   0.0087
  305.0     5.90  33.118   0.0101
  305.2     5.85  33.146   0.0118
  305.6     5.86  33.173   0.0092
  305.9     5.90  33.201   0.0097
  306.3     5.89  33.229   0.0101
  306.4     5.87  33.257   0.0087
  306.7     5.85  33.284   0.0084
  307.0     5.84  33.311   0.0100
  307.3     5.83  33.339   0.0081
  307.6     5.81  33.366   0.0088
  307.9     5.80  33.393   0.0071
  308.1     5.81  33.422   0.0067
  308.5     5.83  33.449   0.0081
  308.8     5.82  33.477   0.0070
  309.1     5.83  33.505   0.0091
  309.3     5.84  33.533   0.0052
  309.7     5.80  33.561   0.0080
  310.0     5.78  33.589   0.0090
  310.3     5.80  33.616   0.0048
  310.5     5.79  33.643   0.0076
  310.8     5.80  33.671   0.0075
  311.2     5.78  33.699   0.0082
  311.4     5.78  33.726   0.0086
  311.7     5.81  33.754   0.0093
  312.0     5.77  33.781   0.0054
  312.3     5.79  33.808   0.0071
  312.5     5.74  33.836   0.0071
  312.9     5.73  33.864   0.0075
  313.1     5.70  33.891   0.0051
  313.5     5.73  33.919   0.0039
  313.8     5.76  33.947   0.0038
  314.0     5.73  33.974   0.0070
  314.3     5.73  34.002   0.0051
  314.6     5.70  34.030   0.0067
  314.9     5.75  34.057   0.0077
  315.1     5.71  34.084   0.0041
  315.5     5.68  34.112   0.0023
  315.8     5.66  34.140  -0.0005
  316.1     5.70  34.168   0.0011
  316.3     5.66  34.195   0.0014
  316.6     5.68  34.223   0.0027
  316.9     5.70  34.250   0.0033
  317.2     5.68  34.277   0.0009
  317.5     5.71  34.305   0.0026
  317.7     5.63  34.333   0.0025
  318.1     5.64  34.361   0.0028
  318.4     5.64  34.389   0.0063
  318.7     5.62  34.417   0.0044
  319.1     5.62  34.445   0.0020
  319.3     5.64  34.473   0.0032
  319.7     5.60  34.500   0.0011
  320.0     5.64  34.527  -0.0004
  320.1     5.59  34.555   0.0006
  320.5     5.61  34.583   0.0027
  320.8     5.59  34.611   0.0031
  321.1     5.61  34.638   0.0025
  321.3     5.59  34.667  -0.0014
  321.7     5.58  34.694  -0.0012
  322.0     5.57  34.721  -0.0012
  322.2     5.58  34.748   0.0002
  322.5     5.55  34.776   0.0021
  322.8     5.57  34.803   0.0023
  323.1     5.57  34.831   0.0030
  323.4     5.52  34.859  -0.0003
  323.7     5.51  34.886   0.0011
  324.0     5.55  34.913   0.0021
  324.2     5.49  34.942   0.0029
  324.5     5.52  34.970   0.0008
  324.9     5.52  34.998   0.0015
  325.2     5.52  35.027   0.0054
  325.5     5.53  35.054   0.0102
  325.8     5.52  35.082   0.0079
  326.1     5.53  35.111   0.0047
  326.3     5.51  35.138   0.0068
  326.7     5.53  35.167   0.0067
  327.0     5.54  35.195   0.0053
  327.2     5.53  35.222   0.0064
  327.6     5.56  35.249   0.0053
  327.9     5.50  35.278   0.0055
  328.2     5.50  35.305   0.0109
  328.4     5.47  35.333   0.0045
  328.7     5.43  35.361   0.0052
  328.9     5.43  35.388   0.0040
  329.3     5.41  35.415   0.0026
  329.6     5.40  35.443   0.0054
  329.8     5.38  35.471   0.0042
  330.1     5.39  35.499   0.0043
  330.4     5.39  35.526   0.0028
  330.8     5.38  35.553   0.0011
  331.0     5.40  35.581  -0.0002
  331.3     5.39  35.608   0.0043
  331.7     5.38  35.636   0.0046
  331.9     5.37  35.663   0.0047
  332.2     5.37  35.691   0.0062
  332.5     5.36  35.719   0.0039
  332.8     5.35  35.747   0.0023
  333.1     5.33  35.774   0.0037
  333.3     5.32  35.801   0.0044
  333.7     5.30  35.828   0.0047
  333.9     5.28  35.856   0.0065
  334.2     5.28  35.883   0.0085
  334.6     5.30  35.910   0.0090
  334.9     5.34  35.939   0.0101
  335.1     5.32  35.966   0.0104
  335.4     5.32  35.994   0.0084
  335.7     5.30  36.022   0.0064
  336.0     5.32  36.049   0.0073
  336.3     5.24  36.077   0.0081
  336.6     5.29  36.104   0.0063
  336.8     5.27  36.131   0.0060
  337.1     5.21  36.159   0.0045
  337.4     5.27  36.186   0.0083
  337.7     5.25  36.214   0.0101
  338.1     5.26  36.242   0.0106
  338.4     5.25  36.271   0.0065
  338.6     5.26  36.298   0.0066
  338.9     5.24  36.326   0.0081
  339.3     5.26  36.353   0.0059
  339.4     5.23  36.380   0.0080
  339.8     5.28  36.409   0.0093
  340.0     5.23  36.436   0.0129
  340.4     5.22  36.464   0.0130
  340.6     5.22  36.491   0.0110
  341.0     5.21  36.518   0.0099
  341.2     5.19  36.546   0.0114
  341.5     5.21  36.573   0.0066
  341.8     5.17  36.601   0.0051
  342.0     5.14  36.628   0.0054
  342.4     5.15  36.657   0.0101
  342.7     5.09  36.684   0.0130
  342.9     5.16  36.711   0.0092
  343.3     5.19  36.739   0.0121
  343.6     5.16  36.765   0.0149
  343.9     5.14  36.793   0.0134
  344.1     5.14  36.821   0.0119
  344.4     5.09  36.850   0.0117
  344.7     5.13  36.877   0.0096
  344.9     5.08  36.905   0.0106
  345.3     5.06  36.935   0.0130
  345.7     5.12  36.963   0.0103
  345.9     5.16  36.991   0.0152
  346.1     5.08  37.019   0.0132
  346.4     5.07  37.047   0.0153
  346.7     5.11  37.076   0.0144
  347.0     5.07  37.103   0.0156
  347.4     5.05  37.131   0.0127
  347.6     5.09  37.159   0.0140
  347.9     5.07  37.187   0.0161
  348.2     5.05  37.214   0.0164
  348.5     5.05  37.241   0.0132
  348.8     5.02  37.269   0.0109
  349.1     4.99  37.296   0.0132
  349.4     4.99  37.324   0.0171
  349.8     5.01  37.352   0.0188
  349.9     4.99  37.380   0.0165
  350.2     4.98  37.409   0.0173
  350.7     4.98  37.436   0.0187
  350.9     4.96  37.464   0.0163
  351.2     4.92  37.491   0.0158
  351.4     4.96  37.519   0.0163
  351.7     4.94  37.547   0.0165
  351.9     4.95  37.576   0.0141
  352.3     4.91  37.604   0.0137
  352.5     4.86  37.632   0.0101
  352.7     4.82  37.660   0.0098
  353.1     4.87  37.688   0.0085
  353.3     4.86  37.716   0.0076
  353.6     4.84  37.743   0.0079
  354.0     4.86  37.772   0.0093
  354.3     4.84  37.799   0.0121
  354.6     4.84  37.827   0.0138
  354.8     4.84  37.855   0.0133
  355.1     4.80  37.884   0.0128
  355.5     4.82  37.911   0.0148
  355.7     4.81  37.939   0.0121
  356.1     4.68  37.966   0.0137
  356.4     4.84  37.994   0.0128
  356.7     4.85  38.022   0.0135
  356.9     4.83  38.050   0.0173
  357.3     4.86  38.078   0.0170
  357.6     4.84  38.106   0.0128
  357.9     4.84  38.134   0.0105
  358.1     4.79  38.162   0.0074
  358.4     4.78  38.189   0.0040
  358.6     4.79  38.217   0.0048
  358.9     4.76  38.243   0.0080
  359.2     4.75  38.271   0.0110
  359.5     4.74  38.299   0.0096
  359.9     4.83  38.327   0.0106
  360.2     4.82  38.354   0.0136
  360.4     4.80  38.382   0.0117
  360.7     4.80  38.410   0.0134
  361.0     4.77  38.437   0.0112
  361.3     4.78  38.465   0.0178
  361.6     4.75  38.492   0.0132
  362.0     4.75  38.520   0.0120
  362.1     4.79  38.547   0.0138
  362.4     4.79  38.574   0.0153
  362.7     4.84  38.603   0.0152
  363.0     4.81  38.630   0.0144
  363.2     4.72  38.658   0.0163
  363.5     4.70  38.686   0.0196
  363.8     4.69  38.714   0.0185
  364.0     4.70  38.741   0.0144
  364.4     4.69  38.769   0.0133
  364.6     4.71  38.798   0.0137
  365.0     4.70  38.827   0.0165
  365.4     4.71  38.855   0.0186
  365.6     4.73  38.882   0.0154
  365.9     4.71  38.909   0.0123
  366.2     4.72  38.937   0.0167
  366.5     4.70  38.965   0.0196
  366.7     4.72  38.993   0.0191
  367.1     4.73  39.021   0.0179
  367.3     4.72  39.051   0.0176
  367.7     4.67  39.079   0.0155
  368.0     4.70  39.107   0.0171
  368.2     4.69  39.134   0.0152
  368.5     4.68  39.162   0.0113
  368.9     4.65  39.189   0.0098
  369.0     4.64  39.216   0.0144
  369.3     4.65  39.245   0.0097
  369.7     4.64  39.272   0.0105
  370.0     4.65  39.300   0.0146
  370.3     4.64  39.328   0.0161
  370.4     4.63  39.356   0.0150
  370.8     4.63  39.384   0.0160
  371.2     4.62  39.413   0.0147
  371.5     4.62  39.440   0.0165
  371.7     4.59  39.468   0.0149
  371.9     4.59  39.496   0.0140
  372.3     4.60  39.524   0.0138
  372.6     4.61  39.552   0.0103
  372.9     4.57  39.580   0.0128
  373.1     4.57  39.608   0.0122
  373.5     4.58  39.635   0.0103
  373.7     4.57  39.663   0.0165
  374.0     4.59  39.691   0.0146
  374.2     4.57  39.718   0.0172
  374.6     4.55  39.746   0.0168
  374.9     4.59  39.774   0.0182
  375.2     4.54  39.802   0.0132
  375.4     4.53  39.829   0.0130
  375.8     4.52  39.858   0.0174
  376.1     4.50  39.886   0.0197
  376.3     4.50  39.913   0.0181
  376.6     4.53  39.941   0.0193
  376.9     4.51  39.968   0.0216
  377.2     4.51  39.996   0.0233
  377.5     4.50  40.024   0.0263
  377.7     4.49  40.052   0.0253
  378.1     4.51  40.080   0.0241
  378.3     4.49  40.108   0.0265
  378.8     4.53  40.136   0.0232
  378.9     4.48  40.164   0.0195
  379.3     4.48  40.191   0.0237
  379.4     4.48  40.220   0.0175
  379.8     4.44  40.247   0.0194
  380.1     4.46  40.275   0.0168
  380.4     4.46  40.303   0.0160
  380.7     4.44  40.331   0.0153
  381.0     4.46  40.358   0.0144
  381.2     4.43  40.385   0.0182
  381.5     4.43  40.414   0.0190
  381.8     4.41  40.441   0.0192
  382.1     4.43  40.470   0.0211
  382.3     4.40  40.497   0.0204
  382.6     4.43  40.525   0.0167
  382.9     4.41  40.553   0.0194
  383.2     4.39  40.580   0.0199
  383.4     4.40  40.607   0.0211
  383.6     4.41  40.635   0.0189
  384.0     4.38  40.663   0.0197
  384.3     4.35  40.692   0.0198
  384.6     4.36  40.719   0.0201
  384.9     4.37  40.748   0.0232
  385.2     4.37  40.775   0.0180
  385.4     4.36  40.803   0.0184
  385.7     4.34  40.830   0.0156
  386.0     4.34  40.858   0.0155
  386.2     4.33  40.885   0.0183
  386.6     4.30  40.912   0.0181
  387.0     4.33  40.940   0.0157
  387.2     4.29  40.967   0.0197
  387.5     4.32  40.995   0.0206
  387.8     4.33  41.023   0.0229
  388.0     4.32  41.050   0.0211
  388.4     4.32  41.079   0.0210
  388.6     4.30  41.106   0.0210
  388.8     4.26  41.133   0.0209
  389.2     4.28  41.161   0.0184
  389.4     4.30  41.189   0.0177
  389.6     4.25  41.216   0.0194
  389.9     4.22  41.245   0.0164
  390.2     4.20  41.272   0.0151
  390.6     4.24  41.302   0.0162
  390.7     4.23  41.329   0.0147
  391.0     4.18  41.358   0.0190
  391.5     4.23  41.385   0.0163
  391.7     4.23  41.414   0.0176
  392.0     4.23  41.441   0.0195
  392.3     4.20  41.469   0.0185
  392.5     4.12  41.497   0.0219
  392.8     4.17  41.524   0.0179
  393.1     4.17  41.552   0.0208
  393.3     4.14  41.580   0.0224
  393.7     4.15  41.608   0.0212
  393.9     4.17  41.636   0.0205
  394.2     4.17  41.664   0.0192
  394.4     4.17  41.691   0.0215
  394.6     4.14  41.720   0.0214
  395.0     4.14  41.748   0.0212
  395.3     4.14  41.776   0.0204
  395.6     4.16  41.805   0.0210
  395.8     4.14  41.833   0.0207
  396.1     4.16  41.861   0.0190
  396.5     4.13  41.889   0.0208
  396.8     4.12  41.917   0.0243
  397.0     4.13  41.945   0.0217
  397.3     4.11  41.973   0.0201
  397.6     4.14  42.001   0.0223
  397.9     4.13  42.029   0.0236
  398.2     4.12  42.056   0.0199
  398.4     4.11  42.083   0.0207
  398.7     4.06  42.111   0.0215
  399.0     4.08  42.139   0.0219
  399.3     4.10  42.167   0.0185
  399.6     4.11  42.195   0.0189
  399.8     4.07  42.223   0.0199
  400.2     4.13  42.251   0.0200
  400.4     4.09  42.278   0.0229
  400.7     4.10  42.307   0.0232
  401.0     4.06  42.334   0.0228
  401.2     4.09  42.362   0.0222
  401.6     4.10  42.390   0.0209
  401.9     4.06  42.418   0.0223
  402.1     4.11  42.447   0.0247
  402.5     4.12  42.476   0.0247
  402.8     4.09  42.504   0.0234
  403.0     4.10  42.532   0.0264
  403.3     4.06  42.560   0.0257
  403.6     4.07  42.588   0.0280
  404.0     4.04  42.615   0.0269
  404.1     4.09  42.643   0.0238
  404.5     4.07  42.672   0.0209
  404.8     4.04  42.700   0.0240
  405.1     4.07  42.728   0.0244
  405.3     4.05  42.756   0.0224
  405.6     4.03  42.783   0.0226
  405.9     4.02  42.811   0.0263
  406.2     4.02  42.840   0.0271
  406.5     4.03  42.868   0.0249
  406.7     4.01  42.895   0.0246
  407.0     4.01  42.923   0.0251
  407.2     4.03  42.951   0.0277
  407.6     4.03  42.979   0.0238
  407.9     4.00  43.007   0.0272
  408.2     4.00  43.035   0.0260
  408.3     3.99  43.062   0.0277
  408.6     3.98  43.090   0.0265
  409.1     3.97  43.118   0.0248
  409.4     3.97  43.146   0.0224
  409.5     3.95  43.175   0.0222
  409.9     3.99  43.202   0.0228
  410.1     3.97  43.230   0.0235
  410.5     3.96  43.259   0.0276
  410.7     3.97  43.286   0.0240
  411.0     3.99  43.314   0.0240
  411.4     3.98  43.342   0.0216
  411.6     3.97  43.370   0.0205
  411.9     3.96  43.398   0.0231
  412.3     3.95  43.427   0.0233
  412.6     3.95  43.454   0.0211
  412.7     3.95  43.482   0.0220
  413.0     3.94  43.510   0.0184
  413.3     3.98  43.538   0.0189
  413.7     3.92  43.565   0.0221
  414.0     3.94  43.593   0.0220
  414.2     3.96  43.621   0.0222
  414.5     3.95  43.648   0.0234
  414.7     3.92  43.677   0.0229
  415.0     3.95  43.705   0.0289
  415.3     3.91  43.732   0.0274
  415.7     3.90  43.760   0.0261
  415.9     3.91  43.788   0.0226
  416.3     3.90  43.816   0.0189
  416.5     3.95  43.845   0.0222
  416.9     3.91  43.872   0.0228
  417.1     3.91  43.899   0.0259
  417.4     3.93  43.926   0.0237
  417.7     3.91  43.954   0.0234
  417.9     3.90  43.981   0.0224
  418.2     3.91  44.009   0.0205
  418.5     3.91  44.037   0.0222
  418.8     3.88  44.066   0.0204
  419.1     3.89  44.094   0.0219
  419.3     3.88  44.122   0.0221
  419.7     3.88  44.151   0.0239
  420.0     3.88  44.179   0.0226
  420.2     3.88  44.207   0.0253
  420.6     3.87  44.235   0.0247
  420.9     3.88  44.264   0.0209
  421.1     3.88  44.292   0.0188
  421.4     3.88  44.321   0.0210
  421.7     3.84  44.349   0.0193
  422.0     3.86  44.377   0.0179
  422.2     3.84  44.405   0.0161
  422.6     3.85  44.433   0.0168
  422.9     3.83  44.461   0.0170
  423.2     3.83  44.488   0.0151
  423.4     3.82  44.516   0.0146
  423.7     3.80  44.544   0.0158
  424.1     3.82  44.572   0.0159
  424.3     3.81  44.601   0.0162
  424.7     3.81  44.629   0.0165
  424.9     3.80  44.657   0.0156
  425.2     3.83  44.685   0.0158
  425.5     3.82  44.712   0.0185
  425.7     3.83  44.740   0.0160
  425.9     3.81  44.767   0.0192
  426.3     3.81  44.795   0.0184
  426.7     3.81  44.823   0.0172
  426.9     3.77  44.852   0.0162
  427.1     3.79  44.880   0.0142
  427.4     3.75  44.907   0.0142
  427.6     3.77  44.935   0.0133
  428.0     3.79  44.962   0.0124
  428.3     3.75  44.990   0.0139
  428.6     3.81  45.017   0.0147
  428.9     3.77  45.045   0.0141
  429.2     3.80  45.073   0.0117
  429.4     3.77  45.101   0.0142
  429.8     3.73  45.128   0.0192
  430.0     3.73  45.155   0.0179
  430.3     3.72  45.183   0.0167
  430.5     3.72  45.210   0.0176
  430.8     3.72  45.237   0.0158
  431.1     3.73  45.264   0.0155
  431.4     3.69  45.292   0.0164
  431.7     3.61  45.319   0.0141
  432.0     3.69  45.346   0.0128
  432.2     3.71  45.374   0.0135
  432.5     3.69  45.402   0.0173
  432.7     3.68  45.430   0.0178
  433.1     3.68  45.458   0.0213
  433.3     3.75  45.485   0.0244
  433.7     3.72  45.514   0.0242
  434.0     3.70  45.541   0.0209
  434.2     3.72  45.569   0.0218
  434.5     3.70  45.597   0.0207
  434.9     3.68  45.624   0.0159
  435.1     3.69  45.652   0.0193
  435.3     3.67  45.679   0.0184
  435.7     3.69  45.708   0.0165
  435.9     3.70  45.736   0.0190
  436.3     3.68  45.765   0.0188
  436.5     3.69  45.792   0.0205
  436.8     3.66  45.820   0.0201
  437.2     3.68  45.847   0.0178
  437.4     3.68  45.875   0.0160
  437.8     3.69  45.903   0.0171
  438.0     3.67  45.930   0.0116
  438.3     3.65  45.958   0.0139
  438.5     3.63  45.986   0.0130
  438.7     3.63  46.014   0.0150
  439.1     3.62  46.042   0.0159
  439.4     3.65  46.069   0.0175
  439.7     3.63  46.096   0.0189
  440.0     3.66  46.124   0.0212
  440.3     3.62  46.152   0.0155
  440.5     3.60  46.179   0.0175
  440.8     3.61  46.207   0.0188
  441.1     3.62  46.235   0.0163
  441.4     3.58  46.262   0.0175
  441.7     3.59  46.290   0.0162
  442.0     3.61  46.317   0.0148
  442.2     3.63  46.347   0.0159
  442.5     3.64  46.374   0.0182
  442.9     3.61  46.402   0.0200
  443.2     3.63  46.430   0.0187
  443.5     3.64  46.458   0.0153
  443.8     3.58  46.486   0.0189
  444.1     3.61  46.515   0.0175
  444.2     3.60  46.543   0.0225
  444.6     3.60  46.571   0.0185
  444.9     3.57  46.598   0.0168
  445.1     3.58  46.626   0.0199
  445.4     3.56  46.654   0.0213
  445.7     3.59  46.681   0.0141
  445.9     3.56  46.709   0.0180
  446.3     3.54  46.736   0.0152
  446.5     3.58  46.764   0.0185
  446.8     3.57  46.791   0.0164
  447.1     3.56  46.819   0.0167
  447.4     3.56  46.847   0.0156
  447.7     3.57  46.874   0.0171
  448.0     3.56  46.903   0.0197
  448.3     3.55  46.931   0.0200
  448.5     3.54  46.959   0.0195
  448.8     3.55  46.986   0.0196
  449.1     3.54  47.014   0.0166
  449.4     3.53  47.042   0.0156
  449.7     3.53  47.071   0.0175
  450.0     3.56  47.099   0.0177
  450.2     3.57  47.127   0.0195
  450.5     3.51  47.155   0.0210
  450.9     3.51  47.183   0.0206
  451.1     3.48  47.211   0.0207
  451.3     3.53  47.238   0.0197
  451.6     3.49  47.266   0.0221
  451.9     3.53  47.295   0.0192
  452.3     3.53  47.322   0.0170
  452.6     3.46  47.350   0.0195
  452.8     3.50  47.377   0.0203
  453.0     3.50  47.405   0.0213
  453.3     3.44  47.434   0.0151
  453.6     3.46  47.461   0.0162
  453.9     3.46  47.489   0.0176
  454.2     3.46  47.517   0.0169
  454.5     3.42  47.545   0.0150
  454.7     3.42  47.573   0.0145
  454.9     3.43  47.601   0.0145
  455.3     3.41  47.629   0.0161
  455.5     3.44  47.656   0.0160
  456.0     3.41  47.684   0.0188
  456.2     3.42  47.711   0.0184
  456.4     3.41  47.739   0.0148
  456.6     3.40  47.768   0.0164
  456.9     3.39  47.796   0.0150
  457.3     3.40  47.823   0.0144
  457.4     3.34  47.851   0.0133
  457.8     3.34  47.879   0.0177
  458.0     3.34  47.906   0.0141
  458.3     3.36  47.934   0.0137
  458.6     3.37  47.961   0.0090
  458.9     3.38  47.989   0.0095
  459.1     3.32  48.017   0.0113
  459.4     3.36  48.045   0.0085
  459.8     3.37  48.073   0.0121
  460.1     3.39  48.102   0.0114
  460.3     3.38  48.131   0.0140
  460.5     3.31  48.159   0.0140
  460.9     3.32  48.187   0.0134
  461.1     3.37  48.215   0.0131
  461.4     3.32  48.242   0.0121
  461.7     3.33  48.271   0.0067
  462.0     3.32  48.299   0.0070
  462.4     3.33  48.327   0.0117
  462.7     3.37  48.355   0.0132
  462.8     3.38  48.382   0.0098
  463.1     3.36  48.411   0.0089
  463.4     3.35  48.438   0.0106
  463.7     3.35  48.466   0.0072
  464.0     3.35  48.494   0.0071
  464.2     3.34  48.522   0.0097
  464.5     3.33  48.550   0.0121
  464.9     3.35  48.579   0.0172
  465.1     3.34  48.607   0.0119
  465.5     3.35  48.634   0.0122
  465.7     3.35  48.661   0.0111
  466.0     3.39  48.691   0.0150
  466.3     3.33  48.719   0.0110
  466.5     3.32  48.747   0.0163
  466.8     3.24  48.774   0.0133
  467.1     3.32  48.802   0.0166
  467.5     3.31  48.830   0.0131
  467.6     3.31  48.858   0.0128
  468.0     3.32  48.885   0.0091
  468.2     3.30  48.913   0.0116
  468.6     3.31  48.942   0.0122
  468.8     3.34  48.971   0.0107
  469.1     3.30  48.998   0.0162
  469.3     3.29  49.027   0.0178
  469.7     3.32  49.055   0.0127
  469.9     3.27  49.083   0.0121
  470.2     3.27  49.111   0.0098
  470.5     3.27  49.138   0.0125
  470.8     3.28  49.165   0.0152
  471.1     3.27  49.193   0.0145
  471.3     3.28  49.221   0.0173
  471.6     3.26  49.249   0.0153
  471.9     3.29  49.277   0.0136
  472.2     3.32  49.305   0.0147
  472.4     3.28  49.332   0.0194
  472.8     3.29  49.359   0.0186
  472.9     3.25  49.387   0.0206
  473.2     3.19  49.415   0.0140
  473.5     3.20  49.442   0.0133
  473.8     3.21  49.469   0.0127
  474.0     3.17  49.497   0.0156
  474.4     3.16  49.526   0.0178
  474.6     3.18  49.553   0.0193
  474.8     3.19  49.582   0.0192
  475.1     3.17  49.609   0.0206
  475.4     3.19  49.637   0.0195
  475.6     3.16  49.665   0.0131
  476.1     3.19  49.693   0.0135
  476.3     3.19  49.721   0.0144
  476.7     3.15  49.749   0.0152
  476.9     3.17  49.776   0.0145
  477.1     3.14  49.803   0.0151
  477.5     3.18  49.831   0.0156
  477.7     3.20  49.859   0.0166
  478.1     3.19  49.887   0.0211
  478.3     3.19  49.916   0.0212
  478.6     3.21  49.943   0.0197
  478.9     3.20  49.972   0.0184
  479.2     3.20  49.999   0.0176
  479.5     3.21  50.027   0.0192
  479.8     3.21  50.056   0.0188
  480.0     3.18  50.085   0.0195
  480.2     3.18  50.112   0.0188
  480.6     3.19  50.140   0.0207
  480.9     3.19  50.168   0.0216
  481.1     3.15  50.195   0.0201
  481.5     3.17  50.224   0.0212
  481.7     3.15  50.251   0.0206
  481.9     3.24  50.279   0.0191
  482.3     3.16  50.307   0.0190
  482.7     3.19  50.335   0.0205
  483.0     3.12  50.362   0.0192
  483.2     3.14  50.391   0.0200
  483.5     3.18  50.420   0.0197
  483.8     3.15  50.448   0.0200
  484.0     3.13  50.475   0.0225
  484.3     3.16  50.503   0.0189
  484.7     3.16  50.530   0.0210
  485.0     3.15  50.558   0.0215
  485.2     3.15  50.585   0.0190
  485.4     3.11  50.614   0.0178
  485.7     3.08  50.641   0.0195
  486.0     3.11  50.669   0.0216
  486.3     3.13  50.696   0.0180
  486.7     3.14  50.724   0.0183
  486.9     3.15  50.751   0.0210
  487.2     3.18  50.779   0.0184
  487.5     3.14  50.808   0.0140
  487.8     3.14  50.836   0.0167
  488.1     3.13  50.864   0.0198
  488.4     3.15  50.891   0.0164
  488.6     3.11  50.919   0.0200
  488.9     3.06  50.948   0.0169
  489.1     3.12  50.976   0.0168
  489.4     3.07  51.005   0.0163
  489.7     3.08  51.033   0.0179
  490.1     3.12  51.060   0.0185
  490.4     3.08  51.089   0.0178
  490.6     3.08  51.116   0.0179
  490.9     3.09  51.143   0.0178
  491.1     3.10  51.171   0.0156
  491.5     3.01  51.199   0.0195
  491.8     3.08  51.227   0.0206
  492.0     3.08  51.255   0.0209
  492.3     3.05  51.284   0.0189
  492.5     3.07  51.312   0.0166
  492.9     3.04  51.342   0.0173
  493.1     3.01  51.370   0.0161
  493.4     3.05  51.398   0.0145
  493.7     3.07  51.427   0.0145
  494.0     3.07  51.455   0.0158
  494.3     3.02  51.483   0.0189
  494.5     3.02  51.512   0.0236
  494.8     3.05  51.539   0.0209
  495.1     3.07  51.567   0.0164
  495.4     3.03  51.596   0.0178
  495.7     3.09  51.624   0.0150
  495.9     3.01  51.651   0.0152
  496.2     3.02  51.680   0.0179
  496.4     3.02  51.707   0.0170
  496.7     3.04  51.735   0.0164
  497.1     3.04  51.762   0.0181
  497.4     3.07  51.790   0.0196
  497.6     3.06  51.818   0.0191
  497.9     3.10  51.846   0.0184
  498.2     3.07  51.874   0.0161
  498.3     2.99  51.901   0.0151
  498.7     3.00  51.929   0.0164
  498.9     3.00  51.957   0.0208
  499.2     3.05  51.985   0.0202
  499.6     3.10  52.014   0.0145
  499.7     3.04  52.041   0.0203
  500.0     2.98  52.069   0.0247
  500.4     3.00  52.097   0.0254
  500.6     2.94  52.124   0.0213
  501.1     3.08  52.151   0.0297
  501.3     3.06  52.180   0.0325
  501.4     3.00  52.208   0.0217
  501.8     3.04  52.236   0.0215
  502.0     2.98  52.264   0.0211
  502.3     2.97  52.291   0.0177
  502.6     2.95  52.319   0.0161
  502.8     2.99  52.348   0.0058
  503.0     2.90  52.376   0.0087
  503.4     2.91  52.405   0.0125
  503.7     2.97  52.434   0.0141
  504.0     2.99  52.462   0.0144
  504.3     2.94  52.490   0.0126
  504.5     2.94  52.519   0.0121
  504.8     2.90  52.547   0.0144
  505.1     2.88  52.575   0.0173
  505.2     2.89  52.603   0.0133
  505.6     2.89  52.632   0.0123
  505.9     2.95  52.660   0.0130
  506.2     2.96  52.690   0.0157
  506.4     2.97  52.718   0.0167
  506.8     2.95  52.746   0.0146
  507.1     2.92  52.774   0.0145
  507.3     2.94  52.803   0.0164
  507.5     2.90  52.831   0.0164
  507.8     2.92  52.859   0.0148
  508.1     2.93  52.888   0.0182
  508.4     2.89  52.916   0.0168
  508.6     2.92  52.945   0.0175
  509.0     2.89  52.972   0.0172
  509.3     2.93  52.999   0.0158
  509.5     2.88  53.027   0.0130
  509.8     2.87  53.055   0.0136
  510.0     2.88  53.083   0.0130
  510.3     2.85  53.110   0.0147
  510.5     2.86  53.137   0.0154
  510.9     2.90  53.165   0.0151
  511.2     2.89  53.193   0.0157
  511.6     2.93  53.221   0.0155
  511.8     2.90  53.248   0.0159
  512.1     2.93  53.277   0.0170
  512.2     2.91  53.305   0.0169
  512.5     2.84  53.333   0.0159
  512.8     2.89  53.362   0.0152
  513.1     2.89  53.391   0.0169
  513.3     2.91  53.420   0.0154
  513.7     2.83  53.447   0.0180
  514.0     2.88  53.476   0.0155
  514.3     2.87  53.505   0.0109
  514.5     2.87  53.534   0.0142
  514.8     2.86  53.562   0.0135
  515.1     2.89  53.590   0.0164
  515.4     2.85  53.618   0.0176
  515.7     2.88  53.646   0.0208
  516.0     2.89  53.674   0.0184
  516.3     2.86  53.702   0.0171
  516.6     2.90  53.729   0.0176
  516.9     2.82  53.758   0.0197
  517.2     2.95  53.787   0.0183
  517.4     2.93  53.814   0.0168
  517.7     2.84  53.843   0.0192
  518.1     2.86  53.871   0.0198
  518.3     2.85  53.900   0.0168
  518.7     2.84  53.928   0.0131
  518.9     2.86  53.956   0.0124
  519.2     2.86  53.984   0.0102
  519.5     2.80  54.013   0.0087
  519.7     2.82  54.040   0.0091
  520.1     2.85  54.068   0.0071
  520.4     2.85  54.096   0.0055
  520.7     2.87  54.124   0.0076
  521.0     2.91  54.151   0.0051
  521.3     2.87  54.179   0.0067
  521.5     2.86  54.208   0.0048
  521.7     2.85  54.236   0.0058
  522.1     2.93  54.264   0.0077
  522.4     2.91  54.292   0.0075
  522.7     2.89  54.320   0.0096
  523.1     2.89  54.348   0.0090
  523.3     2.90  54.376   0.0062
  523.5     2.91  54.404   0.0123
  523.8     2.97  54.432   0.0109
  524.1     2.92  54.460   0.0094
  524.4     2.96  54.488   0.0103
  524.8     2.95  54.516   0.0082
  525.0     2.92  54.543   0.0081
  525.3     2.92  54.570   0.0103
  525.5     2.90  54.599   0.0153
  525.9     2.89  54.626   0.0153
  526.1     2.90  54.654   0.0153
  526.4     2.87  54.683   0.0153
  526.6     2.87  54.710   0.0156
  527.0     2.86  54.737   0.0135
  527.1     2.87  54.765   0.0125
  527.6     2.84  54.793   0.0101
  527.7     2.87  54.821   0.0090
  528.0     2.84  54.850   0.0076
  528.3     2.86  54.878   0.0092
  528.6     2.83  54.906   0.0124
  528.9     2.89  54.934   0.0114
  529.3     2.84  54.961   0.0094
  529.5     2.88  54.989   0.0101
  529.8     2.86  55.017   0.0095
  530.0     2.88  55.046   0.0128
  530.4     2.89  55.074   0.0093
  530.8     2.87  55.102   0.0125
  531.0     2.86  55.130   0.0093
  531.3     2.88  55.158   0.0114
  531.6     2.87  55.185   0.0141
  531.8     2.85  55.214   0.0163
  532.1     2.84  55.242   0.0143
  532.4     2.85  55.270   0.0154
  532.7     2.86  55.298   0.0164
  533.0     2.84  55.324   0.0145
  533.1     2.83  55.352   0.0167
  533.6     2.83  55.380   0.0163
  533.8     2.88  55.409   0.0165
  534.0     2.86  55.437   0.0175
  534.4     2.82  55.464   0.0164
  534.7     2.87  55.492   0.0169
  535.0     2.86  55.520   0.0115
  535.1     2.82  55.549   0.0099
  535.5     2.79  55.578   0.0117
  535.8     2.82  55.607   0.0093
  536.0     2.78  55.634   0.0097
  536.4     2.78  55.662   0.0077
  536.6     2.77  55.690   0.0110
  536.9     2.77  55.717   0.0173
  537.1     2.78  55.744   0.0114
  537.4     2.77  55.772   0.0095
  537.7     2.75  55.799   0.0115
  538.0     2.74  55.828   0.0098
  538.4     2.72  55.866   0.0096
  538.7     2.76  55.894   0.0098
  538.9     2.75  55.921   0.0083
  539.2     2.74  55.949   0.0065
  539.5     2.77  55.977   0.0095
  539.9     2.76  56.007   0.0087
  540.1     2.76  56.034   0.0097
  540.4     2.73  56.062   0.0105
  540.7     2.75  56.099   0.0111
  541.1     2.73  56.129   0.0073
  541.3     2.75  56.157   0.0058
  541.5     2.74  56.185   0.0069
  541.9     2.74  56.213   0.0102
  542.2     2.73  56.241   0.0104
  542.5     2.73  56.269   0.0137
  542.7     2.73  56.297   0.0147
  543.1     2.74  56.326   0.0144
  543.3     2.69  56.354   0.0131
  543.5     2.71  56.382   0.0139
  544.0     2.70  56.422   0.0124
  544.3     2.72  56.449   0.0128
  544.7     2.79  56.477   0.0098
  544.8     2.79  56.505   0.0129
  545.2     2.78  56.533   0.0102
  545.5     2.77  56.561   0.0123
  545.7     2.77  56.588   0.0142
  545.9     2.72  56.617   0.0138
  546.3     2.76  56.661   0.0137
  546.7     2.70  56.690   0.0146
  547.0     2.73  56.719   0.0145
  547.3     2.75  56.747   0.0192
  547.6     2.71  56.774   0.0172
  547.9     2.71  56.802   0.0179
  548.0     2.70  56.831   0.0212
  548.4     2.71  56.859   0.0220
  548.7     2.72  56.887   0.0179
  549.0     2.74  56.915   0.0158
  549.3     2.78  56.943   0.0141
  549.6     2.71  56.971   0.0175
  549.9     2.67  56.999   0.0179
  550.2     2.69  57.028   0.0178
  550.5     2.68  57.055   0.0187
  550.7     2.71  57.083   0.0178
  551.0     2.72  57.111   0.0186
  551.2     2.70  57.138   0.0201
  551.6     2.71  57.166   0.0222
  551.8     2.65  57.195   0.0214
  552.2     2.69  57.233   0.0250
  552.6     2.70  57.262   0.0257
  552.7     2.68  57.290   0.0208
  553.1     2.63  57.329   0.0215
  553.5     2.66  57.359   0.0230
  553.8     2.63  57.386   0.0230
  554.0     2.64  57.416   0.0188
  554.3     2.70  57.443   0.0184
  554.6     2.66  57.471   0.0200
  554.9     2.63  57.498   0.0192
  555.1     2.66  57.526   0.0229
  555.4     2.64  57.554   0.0255
  555.7     2.65  57.582   0.0229
  556.0     2.65  57.609   0.0233
  556.4     2.64  57.636   0.0226
  556.4     2.63  57.664   0.0222
  556.9     2.63  57.692   0.0246
  557.1     2.65  57.719   0.0222
  557.4     2.63  57.747   0.0191
  557.6     2.62  57.774   0.0152
  557.9     2.66  57.802   0.0179
  558.2     2.62  57.830   0.0197
  558.5     2.62  57.858   0.0200
  558.7     2.60  57.885   0.0177
  559.0     2.62  57.912   0.0134
  559.2     2.59  57.940   0.0161
  559.5     2.62  57.967   0.0185
  559.8     2.61  57.995   0.0215
  560.0     2.64  58.022   0.0172
  560.3     2.63  58.050   0.0168
  560.6     2.63  58.078   0.0148
  561.0     2.68  58.105   0.0145
  561.1     2.66  58.133   0.0183
  561.5     2.66  58.160   0.0171
  561.7     2.65  58.189   0.0172
  562.0     2.64  58.216   0.0153
  562.3     2.68  58.244   0.0190
  562.5     2.65  58.272   0.0229
  562.7     2.67  58.300   0.0177
  563.1     2.66  58.328   0.0176
  563.4     2.64  58.355   0.0140
  563.6     2.63  58.383   0.0125
  563.9     2.65  58.411   0.0126
  564.1     2.65  58.440   0.0130
  564.5     2.64  58.467   0.0158
  564.8     2.64  58.495   0.0173
  565.0     2.64  58.523   0.0145
  565.2     2.66  58.550   0.0097
  565.6     2.68  58.578   0.0095
  565.8     2.68  58.605   0.0114
  566.1     2.65  58.633   0.0133
  566.3     2.66  58.661   0.0168
  566.6     2.68  58.689   0.0161
  566.7     2.64  58.716   0.0151
  567.1     2.66  58.745   0.0136
  567.4     2.67  58.773   0.0116
  567.7     2.65  58.802   0.0117
  567.9     2.63  58.829   0.0143
  568.3     2.64  58.857   0.0141
  568.5     2.67  58.884   0.0137
  568.9     2.64  58.912   0.0114
  569.1     2.66  58.940   0.0134
  569.3     2.63  58.967   0.0126
  569.6     2.66  58.995   0.0134
  569.8     2.66  59.023   0.0162
  570.2     2.64  59.050   0.0158
  570.4     2.67  59.078   0.0129
  570.8     2.66  59.106   0.0134
  570.9     2.63  59.134   0.0120
  571.3     2.63  59.161   0.0109
  571.5     2.65  59.189   0.0099
  571.9     2.67  59.217   0.0099
  572.1     2.74  59.244   0.0097
  572.3     2.65  59.271   0.0119
  572.8     2.63  59.299   0.0150
  573.0     2.62  59.326   0.0147
  573.2     2.63  59.355   0.0127
  573.4     2.63  59.382   0.0093
  573.7     2.65  59.411   0.0116
  574.1     2.64  59.438   0.0143
  574.2     2.64  59.465   0.0120
  574.5     2.63  59.493   0.0077
  574.8     2.63  59.520   0.0065
  575.1     2.62  59.548   0.0101
  575.5     2.62  59.576   0.0097
  575.7     2.57  59.603   0.0061
  576.0     2.65  59.631   0.0052
  576.2     2.62  59.658   0.0078
  576.5     2.63  59.686   0.0116
  576.7     2.63  59.713   0.0089
  577.0     2.63  59.741   0.0079
  577.2     2.60  59.769   0.0104
  577.6     2.63  59.796   0.0090
  577.8     2.64  59.824   0.0117
  578.1     2.59  59.852   0.0146
  578.3     2.59  59.879   0.0136
  578.7     2.58  59.907   0.0100
  578.9     2.61  59.934   0.0132
  579.2     2.60  59.962   0.0089
  579.3     2.56  59.989   0.0099
  579.7     2.59  60.016   0.0128
  579.9     2.57  60.043   0.0116
  580.2     2.56  60.071   0.0122
  580.5     2.59  60.098   0.0138
  580.8     2.59  60.126   0.0119
  581.0     2.62  60.153   0.0142
  581.4     2.61  60.181   0.0129
  581.6     2.59  60.208   0.0147
  581.9     2.61  60.236   0.0144
  582.2     2.56  60.263   0.0158
  582.4     2.59  60.291   0.0168
  582.7     2.58  60.318   0.0188
  582.9     2.56  60.346   0.0183
  583.4     2.58  60.373   0.0155
  583.5     2.62  60.401   0.0129
  583.8     2.57  60.429   0.0170
  584.1     2.57  60.457   0.0182
  584.3     2.57  60.484   0.0155
  584.7     2.56  60.511   0.0150
  584.8     2.59  60.539   0.0154
  585.2     2.58  60.566   0.0171
  585.4     2.62  60.593   0.0184
  585.6     2.59  60.621   0.0184
  585.9     2.60  60.649   0.0201
  586.3     2.58  60.677   0.0167
  586.5     2.58  60.704   0.0187
  586.8     2.56  60.731   0.0180
  587.1     2.59  60.759   0.0156
  587.2     2.60  60.787   0.0162
  587.5     2.59  60.815   0.0138
  587.9     2.54  60.842   0.0125
  588.2     2.57  60.870   0.0131
  588.4     2.58  60.897   0.0138
  588.7     2.59  60.925   0.0167
  589.0     2.60  60.952   0.0127
  589.3     2.60  60.980   0.0172
  589.6     2.59  61.007   0.0183
  589.9     2.62  61.034   0.0196
  590.1     2.57  61.062   0.0182
  590.5     2.60  61.089   0.0126
  590.7     2.63  61.117   0.0134
  591.0     2.65  61.144   0.0119
  591.2     2.63  61.172   0.0099
  591.6     2.63  61.199   0.0101
  591.8     2.67  61.227   0.0120
  592.1     2.62  61.255   0.0113
  592.4     2.63  61.282   0.0111
  592.6     2.65  61.310   0.0117
  592.9     2.61  61.337   0.0103
  593.1     2.64  61.365   0.0096
  593.5     2.60  61.392   0.0077
  593.8     2.59  61.421   0.0079
  594.1     2.64  61.448   0.0107
  594.4     2.63  61.476   0.0080
  594.6     2.64  61.503   0.0091
  594.9     2.64  61.531   0.0086
  595.2     2.65  61.558   0.0079
  595.4     2.63  61.586   0.0068
  595.8     2.66  61.613   0.0111
  596.0     2.66  61.641   0.0103
  596.3     2.72  61.668   0.0099
  596.6     2.67  61.696   0.0079
  596.8     2.65  61.724   0.0132
  597.1     2.66  61.751   0.0131
  597.5     2.63  61.779   0.0120
  597.7     2.64  61.806   0.0137
  598.0     2.61  61.834   0.0121
  598.3     2.61  61.862   0.0095
  598.5     2.58  61.889   0.0098
  598.9     2.62  61.917   0.0085
  599.1     2.59  61.944   0.0114
  599.3     2.60  61.971   0.0099
  599.7     2.63  61.999   0.0114
  599.9     2.60  62.027   0.0067
  600.2     2.59  62.054   0.0134
