   28.3     3.38   0.026  -0.0011
   28.8     3.58   0.054  -0.0000
   29.4     3.77   0.080   0.0009
   29.8     3.90   0.107   0.0028
   30.3     4.06   0.133   0.0003
   30.8     4.21   0.160   0.0019
   31.3     4.34   0.186  -0.0024
   31.9     4.52   0.212  -0.0013
   32.4     4.62   0.239  -0.0004
   32.9     4.83   0.266   0.0022
   33.4     4.93   0.292   0.0029
   34.0     5.07   0.319   0.0023
   34.5     5.16   0.345  -0.0032
   35.0     5.25   0.372  -0.0036
   35.5     5.37   0.398  -0.0051
   36.1     5.49   0.425  -0.0067
   36.6     5.64   0.451  -0.0082
   37.2     5.75   0.478  -0.0055
   37.8     5.84   0.504  -0.0022
   38.3     5.93   0.530   0.0027
   38.8     6.03   0.557   0.0009
   39.4     6.09   0.583  -0.0023
   39.9     6.16   0.610  -0.0016
   40.4     6.25   0.637  -0.0017
   41.0     6.32   0.663   0.0019
   41.5     6.38   0.690   0.0021
   42.1     6.44   0.717  -0.0012
   42.6     6.56   0.743   0.0033
   43.2     6.61   0.770   0.0028
   43.6     6.69   0.796   0.0034
   44.2     6.71   0.822   0.0086
   44.7     6.74   0.849   0.0072
   45.2     6.77   0.875   0.0068
   45.7     6.83   0.902   0.0048
   46.3     6.86   0.929   0.0051
   46.7     6.91   0.955   0.0061
   47.3     6.95   0.982   0.0085
   47.8     7.00   1.008   0.0058
   48.4     7.03   1.035   0.0084
   48.8     7.06   1.062   0.0040
   49.3     7.08   1.088   0.0038
   50.0     7.11   1.116   0.0008
   50.4     7.13   1.142  -0.0007
   50.9     7.14   1.169  -0.0016
   51.4     7.18   1.196  -0.0009
   51.9     7.16   1.223   0.0017
   52.4     7.18   1.249  -0.0008
   52.8     7.20   1.276  -0.0010
   53.3     7.19   1.302   0.0001
   53.8     7.23   1.329   0.0029
   54.3     7.20   1.355  -0.0003
   54.7     7.22   1.382   0.0030
   55.2     7.21   1.409   0.0049
   55.7     7.18   1.436   0.0109
   56.1     7.17   1.463   0.0060
   56.6     7.17   1.490   0.0003
   57.0     7.18   1.516   0.0001
   57.5     7.19   1.542   0.0015
   57.9     7.13   1.569   0.0038
   58.4     7.14   1.596   0.0053
   58.8     7.14   1.623   0.0051
   59.2     7.11   1.649   0.0029
   59.7     7.07   1.676   0.0028
   60.2     7.08   1.702   0.0078
   60.5     7.04   1.730   0.0045
   61.0     7.03   1.756   0.0079
   61.4     7.02   1.782   0.0038
   61.7     6.96   1.809   0.0030
   62.2     6.95   1.836   0.0062
   62.6     6.93   1.862   0.0045
   63.1     6.89   1.889   0.0029
   63.4     6.86   1.916   0.0074
   63.9     6.83   1.942   0.0111
   64.1     6.80   1.969   0.0112
   64.6     6.78   1.996   0.0059
   65.0     6.71   2.022   0.0073
   65.3     6.71   2.049   0.0115
   65.7     6.66   2.076   0.0113
   66.2     6.62   2.103   0.0064
   66.4     6.62   2.130   0.0073
   66.8     6.57   2.156   0.0075
   67.2     6.52   2.182   0.0008
   67.6     6.46   2.209   0.0017
   67.9     6.43   2.236   0.0020
   68.3     6.39   2.263   0.0111
   68.6     6.37   2.289   0.0097
   69.0     6.32   2.316   0.0068
   69.4     6.30   2.342   0.0025
   69.7     6.23   2.369   0.0033
   70.0     6.17   2.396   0.0021
   70.3     6.12   2.423   0.0042
   70.7     6.13   2.449   0.0020
   71.0     6.03   2.476   0.0044
   71.3     5.98   2.503   0.0028
   71.7     5.98   2.529   0.0042
   71.9     5.91   2.556   0.0054
   72.2     5.88   2.582   0.0071
   72.5     5.82   2.609   0.0077
   73.0     5.81   2.635   0.0027
   73.3     5.76   2.662   0.0016
   73.5     5.70   2.689   0.0011
   73.9     5.70   2.715   0.0029
   74.1     5.64   2.742   0.0035
   74.4     5.58   2.768   0.0061
   74.7     5.54   2.795   0.0030
   75.1     5.46   2.822   0.0069
   75.3     5.45   2.848   0.0108
   75.6     5.39   2.875   0.0084
   75.8     5.34   2.901   0.0053
   76.1     5.29   2.928   0.0060
   76.4     5.25   2.954   0.0088
   76.6     5.21   2.981   0.0082
   77.0     5.18   3.008   0.0074
   77.3     5.09   3.035   0.0073
   77.6     5.08   3.061   0.0062
   77.7     5.01   3.087   0.0085
   77.9     4.98   3.115   0.0070
   78.3     4.95   3.141   0.0049
   78.5     4.89   3.168   0.0049
   78.8     4.80   3.194   0.0041
   79.1     4.77   3.221   0.0067
   79.3     4.77   3.247   0.0090
   79.5     4.68   3.274   0.0144
   79.8     4.62   3.301   0.0160
   80.1     4.59   3.328   0.0159
   80.3     4.55   3.354   0.0140
   80.6     4.50   3.381   0.0101
   80.8     4.46   3.408   0.0044
   80.9     4.40   3.435   0.0112
   81.2     4.35   3.462   0.0085
   81.5     4.28   3.489   0.0084
   81.7     4.27   3.516   0.0095
   81.9     4.23   3.543   0.0046
   82.1     4.15   3.569   0.0068
   82.3     4.16   3.596  -0.0008
   82.5     4.09   3.623  -0.0049
   82.8     4.03   3.649   0.0014
   83.0     3.98   3.676   0.0019
   83.1     3.91   3.702   0.0020
   83.4     3.91   3.729   0.0073
   83.6     3.89   3.756   0.0100
   83.8     3.85   3.783   0.0071
   83.9     3.78   3.809   0.0086
   84.2     3.75   3.836   0.0093
   84.3     3.70   3.862   0.0071
   84.5     3.67   3.889   0.0067
   84.7     3.65   3.916   0.0014
   85.0     3.59   3.942  -0.0004
   85.2     3.52   3.969   0.0023
   85.3     3.47   3.996   0.0005
   85.5     3.48   4.023   0.0033
   85.7     3.45   4.049   0.0030
   86.0     3.39   4.076   0.0047
   86.1     3.34   4.103   0.0053
   86.3     3.30   4.130   0.0079
   86.5     3.28   4.157   0.0069
   86.6     3.22   4.183   0.0078
   86.9     3.21   4.210   0.0044
   87.0     3.14   4.237   0.0048
   87.1     3.11   4.264   0.0117
   87.3     3.08   4.291   0.0065
   87.5     3.06   4.318   0.0079
   87.6     3.03   4.344   0.0111
   87.9     2.96   4.371   0.0095
   88.0     2.93   4.397   0.0125
   88.1     2.90   4.424   0.0093
   88.2     2.86   4.451   0.0068
   88.4     2.80   4.478   0.0095
   88.7     2.80   4.504   0.0086
   88.8     2.77   4.531   0.0064
   88.9     2.72   4.558   0.0048
   89.0     2.68   4.584   0.0015
   89.2     2.65   4.611   0.0033
   89.4     2.64   4.638   0.0056
   89.5     2.64   4.665   0.0070
   89.7     2.55   4.691   0.0086
   89.8     2.52   4.719   0.0072
   89.9     2.49   4.746   0.0081
   90.1     2.50   4.772   0.0066
   90.2     2.42   4.799   0.0056
   90.3     2.40   4.826   0.0102
   90.5     2.36   4.854   0.0082
   90.6     2.33   4.880   0.0055
   90.8     2.33   4.907   0.0068
   90.9     2.30   4.934   0.0061
   91.0     2.28   4.961   0.0007
   91.2     2.25   4.987  -0.0007
   91.3     2.22   5.014  -0.0004
   91.4     2.23   5.041   0.0006
   91.6     2.23   5.068   0.0046
   91.7     2.18   5.094   0.0079
   91.8     2.13   5.122   0.0071
   91.9     2.11   5.148   0.0060
   92.1     2.05   5.175   0.0020
   92.1     2.05   5.202   0.0074
   92.3     2.03   5.229   0.0079
   92.4     2.01   5.256   0.0129
   92.5     1.96   5.283   0.0078
   92.6     1.96   5.309  -0.0037
   92.8     1.94   5.336  -0.0035
   92.9     1.93   5.363  -0.0005
   92.9     1.87   5.390  -0.0032
   93.0     1.87   5.417  -0.0048
   93.1     1.83   5.444  -0.0047
   93.2     1.79   5.471  -0.0060
   93.4     1.81   5.497  -0.0068
   93.5     1.76   5.524  -0.0007
   93.6     1.74   5.551  -0.0023
   93.7     1.70   5.578  -0.0004
   93.8     1.68   5.605   0.0014
   93.8     1.68   5.632   0.0001
   94.0     1.64   5.659  -0.0006
   94.1     1.64   5.686  -0.0023
   94.1     1.64   5.712  -0.0033
   94.2     1.61   5.740  -0.0062
   94.3     1.53   5.766   0.0008
   94.5     1.57   5.793   0.0013
   94.6     1.53   5.820  -0.0080
   94.6     1.53   5.847   0.0002
   94.7     1.52   5.874   0.0017
   94.8     1.49   5.901  -0.0088
   94.9     1.48   5.928  -0.0099
   94.9     1.45   5.954  -0.0109
   95.0     1.43   5.981  -0.0092
   95.1     1.39   6.008  -0.0113
   95.2     1.39   6.034  -0.0139
   95.3     1.36   6.061  -0.0100
   95.3     1.33   6.088  -0.0086
   95.5     1.35   6.116  -0.0162
   95.5     1.30   6.142  -0.0097
   95.6     1.30   6.169  -0.0074
   95.6     1.30   6.196  -0.0104
   95.8     1.29   6.223  -0.0079
   95.9     1.31   6.250  -0.0091
   95.9     1.24   6.277  -0.0103
   96.0     1.19   6.304  -0.0090
   96.1     1.18   6.331  -0.0066
   96.1     1.21   6.358  -0.0059
   96.2     1.22   6.385  -0.0039
   96.3     1.19   6.412   0.0001
   96.4     1.20   6.439   0.0033
   96.5     1.16   6.466   0.0003
   96.5     1.13   6.493   0.0015
   96.5     1.13   6.520   0.0022
   96.7     1.12   6.547   0.0033
   96.8     1.10   6.574   0.0019
   96.7     1.09   6.601   0.0026
   96.9     1.07   6.628   0.0006
   96.9     1.10   6.654   0.0003
   97.0     1.09   6.681   0.0037
   97.0     1.02   6.708   0.0019
   97.1     1.01   6.734   0.0032
   97.2     1.02   6.761  -0.0019
   97.3     1.04   6.789  -0.0051
   97.4     1.02   6.815  -0.0047
   97.3     0.98   6.842  -0.0008
   97.4     0.99   6.868  -0.0008
   97.5     0.98   6.895   0.0000
   97.5     0.95   6.922   0.0063
   97.6     0.90   6.949   0.0025
   97.5     0.87   6.976   0.0014
   97.6     0.92   7.003  -0.0016
   97.7     0.87   7.030  -0.0016
   97.8     0.87   7.057  -0.0060
   97.8     0.87   7.084  -0.0005
   97.9     0.88   7.111   0.0021
   98.0     0.88   7.138  -0.0029
   98.0     0.84   7.165   0.0031
   98.0     0.87   7.192   0.0064
   98.1     0.84   7.219   0.0034
   98.1     0.84   7.246  -0.0056
   98.2     0.81   7.273  -0.0038
   98.2     0.82   7.299   0.0025
   98.3     0.82   7.326  -0.0024
   98.3     0.80   7.353  -0.0050
   98.3     0.76   7.380  -0.0055
   98.4     0.74   7.407  -0.0009
   98.5     0.78   7.434  -0.0035
   98.6     0.77   7.461  -0.0072
   98.5     0.73   7.488  -0.0043
   98.6     0.74   7.515  -0.0073
   98.7     0.76   7.541  -0.0067
   98.8     0.76   7.568  -0.0044
   98.7     0.70   7.595  -0.0035
   98.8     0.73   7.622  -0.0015
   98.8     0.69   7.649  -0.0050
   98.9     0.71   7.676  -0.0022
   98.9     0.69   7.702  -0.0018
   98.9     0.70   7.729   0.0017
   99.0     0.72   7.756   0.0001
   99.0     0.72   7.783   0.0001
   99.1     0.69   7.809   0.0020
   99.1     0.96   7.836   0.0032
   99.1     0.66   7.863  -0.0003
   99.1     0.66   7.890  -0.0005
   99.2     0.64   7.917   0.0013
   99.2     0.62   7.944   0.0017
   99.2     0.62   7.971  -0.0015
   99.3     0.64   7.997  -0.0000
   99.4     0.62   8.024   0.0005
   99.3     0.63   8.051  -0.0004
   99.3     0.61   8.078  -0.0015
   99.4     0.60   8.106   0.0014
   99.4     0.60   8.133   0.0042
   99.5     0.62   8.159   0.0034
   99.5     0.60   8.186   0.0035
   99.5     0.60   8.214   0.0018
   99.6     0.59   8.241   0.0027
   99.6     0.59   8.267   0.0011
   99.6     0.57   8.294   0.0047
   99.7     0.57   8.321  -0.0000
   99.7     0.58   8.348   0.0023
   99.7     0.57   8.375   0.0047
   99.7     0.57   8.402   0.0031
   99.8     0.60   8.429   0.0030
   99.9     0.59   8.456   0.0063
   99.9     0.59   8.483   0.0063
   99.9     0.58   8.510   0.0064
   99.9     0.58   8.537   0.0073
  100.0     0.57   8.564   0.0080
   99.9     0.55   8.591   0.0082
   99.9     0.57   8.618   0.0056
   99.9     0.54   8.645   0.0040
  100.0     0.54   8.671   0.0011
  100.1     0.55   8.698  -0.0006
  100.0     0.50   8.725   0.0012
  100.1     0.55   8.752   0.0041
  100.1     0.54   8.779   0.0040
  100.2     0.52   8.806   0.0048
  100.2     0.52   8.833   0.0016
  100.2     0.53   8.859  -0.0015
  100.2     0.53   8.886  -0.0016
  100.3     0.54   8.913   0.0008
  100.3     0.54   8.940   0.0013
  100.2     0.52   8.967  -0.0015
  100.3     0.50   8.994  -0.0010
  100.3     0.54   9.021   0.0021
  100.3     0.49   9.048   0.0003
  100.4     0.51   9.075  -0.0033
  100.4     0.46   9.102   0.0032
  100.4     0.49   9.129   0.0023
  100.4     0.47   9.156   0.0003
  100.5     0.46   9.183   0.0034
  100.4     0.47   9.210   0.0055
  100.5     0.50   9.237   0.0072
  100.6     0.48   9.264   0.0081
  100.5     0.46   9.291   0.0059
  100.4     0.47   9.317   0.0020
  100.5     0.46   9.344   0.0038
  100.5     0.48   9.371   0.0060
  100.5     0.47   9.398   0.0056
  100.5     0.44   9.425   0.0045
  100.6     0.46   9.452   0.0024
  100.6     0.44   9.479   0.0047
  100.6     0.45   9.506   0.0014
  100.6     0.47   9.533   0.0012
  100.6     0.45   9.560   0.0004
  100.6     0.45   9.586   0.0004
  100.7     0.46   9.613  -0.0005
  100.7     0.44   9.640   0.0009
  100.7     0.46   9.667   0.0008
  100.7     0.43   9.693   0.0084
  100.7     0.45   9.721   0.0021
  100.7     0.46   9.748   0.0018
  100.7     0.45   9.774  -0.0001
  100.6     0.45   9.801   0.0003
  100.6     0.43   9.828   0.0045
  100.7     0.41   9.855   0.0048
  100.8     0.43   9.882   0.0061
  100.8     0.43   9.909   0.0044
  100.8     0.47   9.936   0.0038
  100.8     0.44   9.963   0.0073
  100.8     0.43   9.990   0.0070
  100.8     0.42  10.017   0.0099
  100.8     0.44  10.043   0.0055
  100.9     0.44  10.070   0.0058
  100.8     0.42  10.097   0.0039
  100.8     0.42  10.124   0.0053
  100.8     0.44  10.151   0.0077
  100.8     0.39  10.177   0.0085
  100.9     0.41  10.203   0.0072
  100.9     0.42  10.230   0.0051
  100.9     0.42  10.257   0.0048
  100.9     0.41  10.284   0.0066
  100.8     0.40  10.310   0.0055
  100.9     0.42  10.337   0.0104
  100.8     0.41  10.363   0.0084
  100.9     0.40  10.390   0.0042
  100.9     0.40  10.417   0.0073
  100.9     0.41  10.443   0.0084
  100.9     0.38  10.470   0.0076
  100.9     0.42  10.497   0.0069
  100.8     0.40  10.523   0.0057
  100.9     0.41  10.551   0.0090
  100.9     0.39  10.577   0.0133
  100.9     0.41  10.604   0.0120
  100.9     0.40  10.631   0.0098
  100.9     0.39  10.658   0.0097
  100.8     0.42  10.684   0.0087
  100.9     0.41  10.711   0.0070
  101.0     0.41  10.738   0.0049
  100.9     0.42  10.765   0.0068
  101.0     0.42  10.791   0.0085
  101.1     0.42  10.818   0.0065
  101.0     0.41  10.845   0.0030
  101.0     0.42  10.871   0.0069
  101.0     0.41  10.898   0.0072
  101.0     0.41  10.925   0.0069
  100.9     0.39  10.951   0.0045
  100.8     0.39  10.978   0.0083
  101.0     0.41  11.005   0.0056
  101.0     0.42  11.032   0.0043
  101.0     0.42  11.058   0.0038
  101.0     0.42  11.085   0.0069
  101.0     0.39  11.113   0.0060
  101.1     0.40  11.139   0.0060
  100.9     0.39  11.166   0.0037
  100.9     0.41  11.192   0.0023
  101.0     0.43  11.219  -0.0036
  101.1     0.43  11.246  -0.0038
  100.9     0.42  11.273   0.0002
  100.9     0.41  11.300  -0.0023
  101.0     0.41  11.326   0.0022
  101.0     0.46  11.353   0.0034
  100.9     0.44  11.380   0.0053
  101.0     0.42  11.406   0.0039
  101.0     0.45  11.433   0.0020
  100.9     0.46  11.460   0.0005
  101.1     0.43  11.486  -0.0009
  101.0     0.43  11.513  -0.0017
  101.0     0.41  11.540  -0.0005
  101.0     0.45  11.567   0.0026
  101.0     0.43  11.593   0.0040
  101.0     0.45  11.620   0.0032
  101.1     0.42  11.647   0.0030
  101.0     0.42  11.673   0.0037
  101.0     0.41  11.700   0.0071
  100.9     0.43  11.727   0.0054
  101.0     0.44  11.754   0.0073
  101.1     0.46  11.781   0.0068
  101.0     0.44  11.808   0.0087
  101.0     0.43  11.835   0.0068
  101.0     0.44  11.862   0.0051
  101.1     0.46  11.888   0.0096
  101.1     0.47  11.915   0.0068
  101.1     0.50  11.942   0.0058
  101.1     0.47  11.969   0.0079
  101.1     0.46  11.995   0.0074
  101.1     0.52  12.021   0.0043
  101.1     0.53  12.048   0.0067
  101.1     0.52  12.075   0.0084
  101.1     0.53  12.102   0.0057
  101.2     0.52  12.129   0.0033
  101.1     0.55  12.156   0.0044
  101.2     0.53  12.183   0.0024
  101.2     0.57  12.210   0.0067
  101.1     0.57  12.237   0.0085
  101.2     0.56  12.264   0.0074
  101.3     0.61  12.290   0.0060
  101.3     0.58  12.317   0.0060
  101.3     0.62  12.343   0.0125
  101.5     0.61  12.370   0.0115
  101.3     0.63  12.397   0.0123
  101.5     0.66  12.424   0.0106
  101.6     0.70  12.451   0.0099
  101.5     0.68  12.477   0.0083
  101.6     0.70  12.504   0.0069
  101.6     0.74  12.531   0.0081
  101.5     0.71  12.558   0.0074
  101.7     0.75  12.585   0.0060
  101.7     0.79  12.612   0.0035
  101.8     0.78  12.639   0.0040
  101.8     0.80  12.666   0.0047
  101.8     0.75  12.692   0.0096
  101.9     0.79  12.720   0.0108
  101.9     0.84  12.746   0.0110
  102.0     0.84  12.773   0.0108
  102.0     0.88  12.799   0.0095
  102.1     0.92  12.826   0.0104
  102.1     0.93  12.853   0.0127
  102.2     0.95  12.880   0.0100
  102.2     0.98  12.907   0.0107
  102.3     1.00  12.934   0.0075
  102.3     0.97  12.961   0.0056
  102.3     0.99  12.987   0.0062
  102.4     0.99  13.014   0.0036
  102.5     1.03  13.041   0.0053
  102.7     1.06  13.068   0.0066
  102.7     1.12  13.095   0.0062
  102.8     1.09  13.122   0.0073
  102.9     1.18  13.149   0.0055
  103.0     1.17  13.176   0.0083
  103.0     1.19  13.204   0.0049
  103.1     1.21  13.231   0.0051
  103.2     1.20  13.259   0.0084
  103.3     1.28  13.286   0.0092
  103.4     1.33  13.313   0.0082
  103.6     1.31  13.340   0.0083
  103.6     1.34  13.367   0.0092
  103.7     1.40  13.394   0.0091
  103.8     1.40  13.421   0.0087
  103.9     1.41  13.448   0.0121
  104.1     1.45  13.474   0.0098
  104.2     1.50  13.501   0.0093
  104.3     1.50  13.528   0.0078
  104.5     1.58  13.555   0.0083
  104.5     1.60  13.582   0.0063
  104.7     1.64  13.609   0.0051
  104.8     1.64  13.635   0.0027
  104.9     1.68  13.662   0.0042
  105.0     1.68  13.689   0.0048
  105.2     1.71  13.716   0.0076
  105.3     1.76  13.743   0.0077
  105.5     1.80  13.770   0.0054
  105.7     1.82  13.796   0.0062
  105.7     1.79  13.823   0.0073
  105.9     1.83  13.850   0.0077
  106.0     1.84  13.877   0.0076
  106.1     1.87  13.904   0.0120
  106.4     1.89  13.931   0.0090
  106.4     2.01  13.958   0.0095
  106.7     2.01  13.985   0.0095
  106.8     2.00  14.012   0.0109
  106.9     2.02  14.038   0.0100
  107.0     2.03  14.065   0.0123
  107.3     2.11  14.092   0.0081
  107.4     2.12  14.120   0.0088
  107.6     2.12  14.146   0.0085
  107.8     2.19  14.173   0.0081
  108.0     2.22  14.200   0.0067
  108.1     2.23  14.227   0.0069
  108.2     2.24  14.254   0.0081
  108.4     2.29  14.281   0.0051
  108.6     2.29  14.308   0.0077
  108.8     2.32  14.335   0.0100
  108.9     2.34  14.362   0.0093
  109.1     2.36  14.389   0.0113
  109.4     2.44  14.416   0.0127
  109.6     2.51  14.443   0.0135
  109.7     2.49  14.470   0.0114
  110.0     2.55  14.497   0.0083
  110.2     2.55  14.523   0.0067
  110.3     2.57  14.550   0.0065
  110.6     2.64  14.578   0.0052
  110.8     2.63  14.604   0.0040
  110.9     2.66  14.631   0.0066
  111.2     2.69  14.658   0.0049
  111.3     2.72  14.685   0.0052
  111.5     2.75  14.712   0.0059
  111.7     2.77  14.739   0.0070
  112.0     2.72  14.766   0.0086
  112.1     2.73  14.792   0.0086
  112.3     2.78  14.819   0.0102
  112.6     2.82  14.846   0.0083
  112.8     2.85  14.873   0.0097
  113.0     2.85  14.900   0.0134
  113.2     2.91  14.927   0.0078
  113.4     2.87  14.954   0.0056
  113.7     2.91  14.981   0.0035
  113.9     2.98  15.008   0.0034
  114.2     2.98  15.034   0.0022
  114.4     3.01  15.061  -0.0010
  114.6     3.03  15.088   0.0027
  114.8     3.07  15.115   0.0066
  115.1     3.09  15.142   0.0091
  115.3     3.11  15.168   0.0088
  115.5     3.11  15.195   0.0065
  115.8     3.17  15.222   0.0076
  116.0     3.19  15.248   0.0071
  116.3     3.18  15.275   0.0052
  116.5     3.22  15.302   0.0041
  116.7     3.20  15.329   0.0034
  116.9     3.23  15.355   0.0048
  117.2     3.27  15.382   0.0044
  117.4     3.29  15.409   0.0063
  117.7     3.32  15.436   0.0029
  117.9     3.30  15.463   0.0045
  118.1     3.32  15.490   0.0025
  118.5     3.39  15.517   0.0012
  118.7     3.39  15.543   0.0020
  118.9     3.37  15.570   0.0018
  119.2     3.39  15.597   0.0018
  119.3     3.38  15.624   0.0034
  119.6     3.39  15.651   0.0046
  120.0     3.41  15.678   0.0035
  120.2     3.46  15.704   0.0043
  120.4     3.48  15.731   0.0041
  120.6     3.45  15.758   0.0059
  120.9     3.49  15.785   0.0064
  121.2     3.50  15.812   0.0080
  121.5     3.60  15.839   0.0063
  121.9     3.63  15.865   0.0042
  122.0     3.63  15.892   0.0050
  122.1     3.67  15.919   0.0054
  122.6     3.65  15.946   0.0097
  122.8     3.70  15.973   0.0097
  123.1     3.72  15.999   0.0056
  123.4     3.76  16.026   0.0054
  123.7     3.77  16.053   0.0071
  124.0     3.74  16.080   0.0043
  124.2     3.74  16.108   0.0012
  124.5     3.82  16.134   0.0034
  124.7     3.81  16.161   0.0007
  124.9     3.82  16.188   0.0066
  125.3     3.86  16.215   0.0043
  125.5     3.86  16.242   0.0064
  125.9     3.86  16.268   0.0068
  126.1     3.87  16.295   0.0060
  126.3     3.89  16.322   0.0070
  126.6     3.91  16.349   0.0071
  127.0     3.92  16.376   0.0075
  127.2     3.92  16.403   0.0030
  127.5     3.85  16.430   0.0040
  127.8     3.95  16.456   0.0053
  128.0     3.96  16.483   0.0040
  128.4     3.96  16.510   0.0034
  128.5     3.95  16.537   0.0030
  128.9     3.95  16.564   0.0038
  129.2     4.04  16.591   0.0091
  129.5     4.04  16.617   0.0099
  129.8     4.05  16.644   0.0065
  130.1     4.07  16.671   0.0067
  130.3     4.06  16.698   0.0080
  130.6     4.10  16.725   0.0084
  130.9     4.10  16.752   0.0078
  131.2     4.12  16.779   0.0036
  131.5     4.15  16.805   0.0064
  131.8     4.14  16.832   0.0046
  132.1     4.18  16.859   0.0035
  132.3     4.16  16.886   0.0053
  132.8     4.18  16.913   0.0054
  133.0     4.18  16.940   0.0027
  133.3     4.21  16.966   0.0012
  133.4     4.21  16.993   0.0022
  133.8     4.22  17.020   0.0030
  134.1     4.23  17.047   0.0020
  134.3     4.25  17.074   0.0054
  134.7     4.27  17.101   0.0042
  135.0     4.25  17.128   0.0049
  135.3     4.28  17.155   0.0077
  135.6     4.30  17.181   0.0093
  135.8     4.33  17.208   0.0097
  136.2     4.35  17.235   0.0100
  136.4     4.32  17.262   0.0094
  136.7     4.33  17.289   0.0084
  137.0     4.32  17.316   0.0076
  137.4     4.37  17.343   0.0072
  137.6     4.35  17.370   0.0097
  137.8     4.38  17.397   0.0076
  138.1     4.39  17.424   0.0091
  138.6     4.40  17.451   0.0099
  138.8     4.38  17.477   0.0068
  139.1     4.39  17.504   0.0123
  139.3     4.38  17.531   0.0117
  139.8     4.44  17.558   0.0023
  140.0     4.45  17.584   0.0112
  140.3     4.46  17.611   0.0104
  140.6     4.44  17.638   0.0087
  140.9     4.46  17.665   0.0091
  141.2     4.49  17.691   0.0138
  141.6     4.49  17.718   0.0114
  141.9     4.49  17.745   0.0092
  142.1     4.51  17.772   0.0057
  142.4     4.57  17.799   0.0108
  142.7     4.50  17.826   0.0076
  143.0     4.51  17.853   0.0084
  143.2     4.54  17.879   0.0087
  143.5     4.55  17.906   0.0122
  143.8     4.55  17.933   0.0073
  144.1     4.57  17.960   0.0056
  144.5     4.60  17.987   0.0073
  144.8     4.64  18.014   0.0057
  145.0     4.64  18.041   0.0111
  145.4     4.69  18.068   0.0125
  145.7     4.63  18.095   0.0116
  146.1     4.60  18.122   0.0114
  146.3     4.61  18.149   0.0094
  146.6     4.63  18.176   0.0110
  146.9     4.65  18.203   0.0073
  147.2     4.66  18.229   0.0040
  147.5     4.66  18.256   0.0057
  147.9     4.69  18.283   0.0030
  148.1     4.67  18.310  -0.0003
  148.4     4.67  18.337  -0.0006
  148.7     4.72  18.363   0.0039
  149.0     4.71  18.390   0.0044
  149.3     4.68  18.417   0.0050
  149.6     4.69  18.444   0.0060
  149.9     4.73  18.471   0.0063
  150.3     4.72  18.497   0.0070
  150.5     4.76  18.524   0.0121
  150.8     4.74  18.551   0.0114
  151.1     4.73  18.578   0.0108
  151.4     4.79  18.605   0.0159
  151.7     4.77  18.631   0.0123
  152.0     4.78  18.658   0.0176
  152.4     4.78  18.685   0.0156
  152.6     4.77  18.712   0.0136
  152.8     4.81  18.739   0.0136
  153.2     4.81  18.766   0.0109
  153.5     4.82  18.792   0.0119
  153.8     4.83  18.819   0.0113
  154.2     4.83  18.846   0.0111
  154.4     4.81  18.873   0.0071
  154.8     4.84  18.900   0.0071
  155.0     4.84  18.927   0.0094
  155.4     4.85  18.954   0.0074
  155.7     4.84  18.980   0.0104
  155.9     4.88  19.007   0.0110
  156.2     4.87  19.034   0.0077
  156.6     4.87  19.061   0.0068
  156.9     4.90  19.088   0.0082
  157.2     4.89  19.115   0.0093
  157.5     4.91  19.142   0.0101
  157.8     4.89  19.169   0.0084
  158.1     4.94  19.196   0.0113
  158.3     4.91  19.222   0.0107
  158.7     4.92  19.249   0.0101
  159.0     4.92  19.276   0.0091
  159.2     4.94  19.303   0.0082
  159.6     4.94  19.330   0.0067
  159.8     4.95  19.356   0.0038
  160.2     4.98  19.383   0.0047
  160.5     4.98  19.410   0.0051
  160.7     4.99  19.437   0.0022
  161.1     4.97  19.464   0.0017
  161.4     5.00  19.491   0.0037
  161.7     4.97  19.517   0.0073
  162.0     4.98  19.544   0.0049
  162.2     4.93  19.571   0.0061
  162.6     5.06  19.598   0.0075
  162.9     5.01  19.625   0.0064
  163.3     5.03  19.651   0.0062
  163.5     5.02  19.678   0.0059
  163.8     5.04  19.705   0.0048
  164.0     5.03  19.731   0.0067
  164.3     5.03  19.758   0.0054
  164.7     5.03  19.785   0.0041
  165.0     5.04  19.812   0.0083
  165.3     5.06  19.839   0.0092
  165.6     5.05  19.866   0.0076
  165.8     5.07  19.893   0.0079
  166.2     5.08  19.921   0.0061
  166.4     5.09  19.948   0.0051
  166.8     5.08  19.975   0.0044
  167.0     5.10  20.002   0.0076
  167.4     5.12  20.028   0.0078
  167.8     5.12  20.055   0.0090
  168.1     5.12  20.083   0.0098
  168.2     5.12  20.110   0.0097
  168.5     5.14  20.137   0.0094
  168.9     5.14  20.164   0.0118
  169.3     5.15  20.191   0.0085
  169.5     5.16  20.218   0.0094
  169.7     5.14  20.245   0.0070
  170.1     5.15  20.272   0.0058
  170.4     5.18  20.299   0.0070
  170.7     5.18  20.326   0.0074
  171.0     5.21  20.354   0.0074
  171.3     5.20  20.380   0.0073
  171.6     5.13  20.407   0.0093
  171.9     5.18  20.434   0.0129
  172.2     5.17  20.461   0.0116
  172.6     5.21  20.487   0.0134
  172.8     5.21  20.514   0.0154
  173.0     5.22  20.541   0.0112
  173.4     5.26  20.568   0.0130
  173.7     5.24  20.595   0.0137
  174.0     5.23  20.622   0.0097
  174.2     5.26  20.649   0.0105
  174.5     5.26  20.676   0.0078
  174.8     5.27  20.702   0.0072
  175.2     5.22  20.729   0.0107
  175.5     5.25  20.756   0.0098
  175.7     5.28  20.783   0.0113
  176.0     5.27  20.810   0.0116
  176.3     5.26  20.837   0.0120
  176.6     5.27  20.864   0.0120
  176.9     5.28  20.891   0.0054
  177.2     5.31  20.918   0.0109
  177.5     5.28  20.945   0.0117
  177.8     5.34  20.972   0.0109
  178.1     5.30  20.999   0.0129
  178.4     5.32  21.026   0.0088
  178.7     5.32  21.053   0.0107
  178.9     5.32  21.080   0.0142
  179.1     5.33  21.107   0.0155
  179.6     5.35  21.134   0.0123
  179.8     5.34  21.161   0.0126
  180.1     5.37  21.188   0.0093
  180.4     5.37  21.215   0.0090
  180.7     5.35  21.242   0.0114
  181.0     5.36  21.269   0.0113
  181.2     5.31  21.296   0.0104
  181.6     5.37  21.323   0.0129
  181.9     5.37  21.349   0.0096
  182.2     5.34  21.376   0.0046
  182.4     5.38  21.403   0.0042
  182.8     5.36  21.430   0.0054
  182.9     5.42  21.457   0.0062
  183.4     5.42  21.484   0.0090
  183.5     5.42  21.511   0.0108
  183.9     5.41  21.538   0.0099
  184.3     5.46  21.565   0.0093
  184.5     5.45  21.592   0.0090
  184.8     5.46  21.619   0.0139
  185.0     5.46  21.645   0.0118
  185.2     5.48  21.672   0.0119
  185.5     5.47  21.699   0.0107
  185.9     5.48  21.726   0.0156
  186.3     5.49  21.753   0.0172
  186.6     5.51  21.780   0.0162
  186.8     5.52  21.807   0.0160
  187.1     5.52  21.834   0.0186
  187.4     5.53  21.860   0.0187
  187.6     5.51  21.887   0.0166
  187.9     5.56  21.915   0.0177
  188.2     5.55  21.942   0.0192
  188.5     5.55  21.969   0.0212
  188.9     5.53  21.996   0.0179
  189.1     5.57  22.022   0.0140
  189.4     5.57  22.049   0.0163
  189.7     5.58  22.076   0.0116
  190.0     5.58  22.105   0.0124
  190.2     5.63  22.131   0.0149
  190.6     5.63  22.158   0.0094
  190.8     5.66  22.185   0.0073
  191.1     5.67  22.212   0.0092
  191.3     5.65  22.239   0.0131
  191.8     5.67  22.266   0.0115
  192.0     5.70  22.293   0.0154
  192.3     5.69  22.320   0.0183
  192.5     5.68  22.346   0.0147
  192.9     5.71  22.373   0.0120
  193.1     5.71  22.400   0.0121
  193.5     5.72  22.427   0.0126
  193.7     5.74  22.454   0.0103
  194.0     5.76  22.481   0.0071
  194.3     5.76  22.508   0.0060
  194.6     5.75  22.534   0.0057
  194.8     5.75  22.561   0.0112
  195.1     5.79  22.588   0.0091
  195.5     5.81  22.615   0.0129
  195.7     5.82  22.642   0.0135
  196.0     5.83  22.669   0.0117
  196.3     5.81  22.696   0.0130
  196.6     5.86  22.723   0.0120
  196.9     5.85  22.750   0.0108
  197.2     5.84  22.777   0.0101
  197.4     5.86  22.803   0.0110
  197.7     5.88  22.831   0.0113
  198.0     5.91  22.858   0.0130
  198.3     5.89  22.885   0.0129
  198.6     5.93  22.912   0.0125
  198.9     5.91  22.939   0.0099
  199.2     5.91  22.966   0.0114
  199.5     5.91  22.993   0.0110
  199.7     5.93  23.020   0.0117
  200.0     5.96  23.047   0.0102
  200.4     5.93  23.074   0.0100
  200.6     5.96  23.102   0.0083
  200.9     5.95  23.129   0.0045
  201.1     5.98  23.155   0.0055
  201.5     6.01  23.182   0.0077
  201.8     6.01  23.209   0.0060
  202.1     6.04  23.236   0.0058
  202.3     6.07  23.264   0.0059
  202.6     6.05  23.291   0.0064
  202.9     6.10  23.318   0.0026
  203.2     6.11  23.345   0.0033
  203.6     6.14  23.371   0.0059
  203.8     6.13  23.398   0.0045
  204.0     6.15  23.425   0.0057
  204.4     6.17  23.452   0.0051
  204.6     6.19  23.479   0.0051
  205.0     6.18  23.505   0.0051
  205.2     6.22  23.532   0.0059
  205.5     6.23  23.559   0.0043
  205.7     6.24  23.586   0.0032
  206.1     6.26  23.613   0.0081
  206.4     6.26  23.640   0.0050
  206.7     6.30  23.667   0.0028
  207.0     6.33  23.694   0.0036
  207.1     6.36  23.721   0.0025
  207.5     6.36  23.748   0.0071
  207.9     6.38  23.774   0.0060
  208.1     6.39  23.801   0.0025
  208.4     6.37  23.828   0.0035
  208.6     6.39  23.855   0.0042
  208.9     6.39  23.881   0.0059
  209.3     6.40  23.909   0.0034
  209.5     6.43  23.935   0.0039
  209.8     6.43  23.962   0.0040
  210.2     6.48  23.989   0.0019
  210.4     6.51  24.016   0.0038
  210.7     6.52  24.043   0.0003
  210.9     6.58  24.070   0.0048
  211.2     6.56  24.097   0.0016
  211.5     6.51  24.124   0.0016
  211.8     6.56  24.151   0.0036
  212.0     6.64  24.178   0.0036
  212.4     6.65  24.205   0.0044
  212.7     6.63  24.232   0.0041
  213.0     6.71  24.259   0.0038
  213.2     6.68  24.286   0.0078
  213.5     6.77  24.313   0.0069
  213.9     6.72  24.340   0.0058
  214.1     6.75  24.367   0.0069
  214.4     6.74  24.395   0.0036
  214.7     6.80  24.422   0.0077
  214.9     6.82  24.448   0.0089
  215.2     6.80  24.475   0.0057
  215.5     6.84  24.502   0.0063
  215.8     6.87  24.529   0.0073
  216.2     6.90  24.556   0.0064
  216.3     6.85  24.583   0.0102
  216.7     6.94  24.610   0.0090
  217.0     6.98  24.636   0.0086
  217.3     6.99  24.663   0.0077
  217.6     6.96  24.690   0.0077
  217.9     6.98  24.717   0.0078
  218.2     7.04  24.745   0.0097
  218.4     7.08  24.771   0.0084
  218.7     7.08  24.798   0.0086
  219.1     7.15  24.826   0.0063
  219.2     7.16  24.852   0.0076
  219.5     7.12  24.879   0.0073
  219.7     7.16  24.906   0.0035
  220.2     7.17  24.933   0.0054
  220.3     7.16  24.960   0.0048
  220.6     7.18  24.987   0.0043
  220.9     7.22  25.014   0.0019
  221.3     7.29  25.041   0.0021
  221.6     7.27  25.068   0.0024
  221.9     7.30  25.096  -0.0029
  222.2     7.31  25.123  -0.0016
  222.4     7.41  25.150  -0.0035
  222.7     7.40  25.177   0.0027
  223.0     7.44  25.204   0.0053
  223.3     7.44  25.231   0.0029
  223.6     7.43  25.258   0.0040
  223.9     7.49  25.285   0.0047
  224.2     7.51  25.311   0.0046
  224.5     7.57  25.338   0.0072
  224.7     7.57  25.365   0.0042
  225.1     7.58  25.392   0.0043
  225.3     7.61  25.420   0.0057
  225.6     7.64  25.447   0.0046
  226.0     7.65  25.474   0.0017
  226.2     7.71  25.501   0.0019
  226.5     7.73  25.527   0.0065
  226.8     7.73  25.554   0.0049
  227.1     7.75  25.581   0.0064
  227.4     7.76  25.608   0.0070
  227.7     7.82  25.635   0.0100
  228.0     7.84  25.662   0.0074
  228.3     7.86  25.690   0.0058
  228.5     7.88  25.716   0.0044
  228.8     7.93  25.743  -0.0007
  229.2     7.95  25.771   0.0023
  229.3     7.93  25.798   0.0025
  229.7     7.95  25.824  -0.0021
  229.9     7.97  25.851   0.0002
  230.2     8.04  25.878  -0.0011
  230.5     8.07  25.905   0.0009
  230.8     8.07  25.933   0.0017
  231.1     8.11  25.960   0.0027
  231.4     8.11  25.987   0.0010
  231.7     8.16  26.014   0.0002
  232.0     8.16  26.040   0.0010
  232.3     8.19  26.067  -0.0007
  232.7     8.21  26.094   0.0010
  232.9     8.22  26.122   0.0022
  233.2     8.24  26.148   0.0034
  233.5     8.28  26.176   0.0040
  233.7     8.26  26.203   0.0046
  234.1     8.20  26.229   0.0014
  234.4     8.34  26.256   0.0032
  234.6     8.44  26.283  -0.0024
  235.0     8.44  26.310   0.0009
  235.3     8.46  26.337   0.0014
  235.5     8.47  26.365   0.0002
  235.8     8.47  26.391  -0.0001
  236.2     8.50  26.419   0.0005
  236.4     8.52  26.446  -0.0004
  236.6     8.54  26.473  -0.0004
  237.0     8.53  26.500   0.0004
  237.3     8.59  26.527  -0.0003
  237.7     8.58  26.553  -0.0023
  237.8     8.64  26.580  -0.0069
  238.2     8.65  26.607  -0.0067
  238.4     8.65  26.634  -0.0030
  238.8     8.66  26.661  -0.0003
  239.0     8.68  26.688   0.0001
  239.3     8.70  26.715   0.0036
  239.6     8.71  26.742   0.0026
  239.9     8.76  26.769   0.0037
  240.2     8.77  26.796   0.0027
  240.5     8.79  26.822   0.0014
  240.8     8.79  26.849   0.0021
  241.0     8.80  26.876   0.0042
  241.3     8.84  26.903   0.0003
  241.7     8.82  26.930   0.0016
  242.0     8.85  26.956  -0.0009
  242.2     8.86  26.983   0.0003
  242.5     8.89  27.010   0.0003
  242.7     8.86  27.037  -0.0026
  243.0     8.90  27.064  -0.0013
  243.4     8.93  27.091  -0.0022
  243.6     8.95  27.118  -0.0043
  243.9     8.94  27.146  -0.0046
  244.2     8.94  27.173   0.0006
  244.6     8.99  27.200  -0.0004
  244.8     8.96  27.227  -0.0030
  245.1     9.00  27.254  -0.0026
  245.3     9.00  27.282  -0.0053
  245.6     9.01  27.309  -0.0064
  246.1     9.03  27.335  -0.0040
  246.2     9.04  27.362  -0.0070
  246.6     9.07  27.389  -0.0058
  246.8     9.06  27.417  -0.0054
  247.2     9.07  27.444  -0.0033
  247.5     9.11  27.471  -0.0039
  247.7     9.09  27.498  -0.0058
  248.1     9.13  27.525  -0.0065
  248.3     9.12  27.552  -0.0073
  248.5     9.14  27.579  -0.0063
  248.9     9.18  27.606  -0.0081
  249.2     9.17  27.633  -0.0088
  249.5     9.19  27.660  -0.0082
  249.8     9.18  27.686  -0.0068
  250.0     9.22  27.714  -0.0048
  250.4     9.22  27.741  -0.0047
  250.6     9.25  27.767  -0.0082
  251.0     9.26  27.795  -0.0048
  251.3     9.26  27.822  -0.0063
  251.6     9.28  27.849  -0.0036
  251.8     9.27  27.876  -0.0034
  252.1     9.30  27.903  -0.0053
  252.4     9.32  27.930  -0.0104
  252.7     9.32  27.957  -0.0105
  253.1     9.34  27.984  -0.0090
  253.3     9.36  28.011  -0.0075
  253.6     9.36  28.037  -0.0049
  253.8     9.33  28.065  -0.0073
  254.2     9.41  28.092  -0.0085
  254.5     9.41  28.119  -0.0092
  254.8     9.43  28.146  -0.0071
  255.1     9.44  28.173  -0.0062
  255.4     9.45  28.199  -0.0085
  255.6     9.39  28.226  -0.0097
  255.9     9.47  28.254  -0.0098
  256.2     9.48  28.281  -0.0111
  256.5     9.48  28.308  -0.0075
  256.8     9.48  28.335  -0.0091
  257.1     9.50  28.362  -0.0085
  257.4     9.50  28.389  -0.0089
  257.7     9.49  28.416  -0.0110
  258.0     9.50  28.443  -0.0092
  258.4     9.54  28.470  -0.0056
  258.6     9.57  28.497  -0.0078
  259.0     9.55  28.523  -0.0106
  259.2     9.53  28.550  -0.0116
  259.4     9.57  28.578  -0.0112
  259.8     9.57  28.604  -0.0155
  260.1     9.58  28.631  -0.0118
  260.4     9.61  28.658  -0.0144
  260.7     9.60  28.685  -0.0131
  261.0     9.61  28.712  -0.0139
  261.2     9.59  28.739  -0.0153
  261.6     9.63  28.766  -0.0139
  261.9     9.62  28.793  -0.0177
  262.2     9.64  28.820  -0.0205
  262.4     9.61  28.847  -0.0161
  262.7     9.62  28.873  -0.0169
  263.0     9.63  28.901  -0.0150
  263.3     9.67  28.928  -0.0142
  263.6     9.64  28.955  -0.0174
  263.9     9.62  28.982  -0.0154
  264.1     9.70  29.009  -0.0164
  264.6     9.65  29.036  -0.0199
  264.8     9.66  29.062  -0.0201
  265.0     9.68  29.089  -0.0229
  265.4     9.62  29.117  -0.0229
  265.7     9.67  29.144  -0.0190
  265.9     9.64  29.171  -0.0193
  266.2     9.65  29.198  -0.0196
  266.5     9.64  29.225  -0.0203
  266.8     9.65  29.253  -0.0233
  267.1     9.66  29.279  -0.0245
  267.3     9.66  29.306  -0.0230
  267.7     9.68  29.333  -0.0213
  268.0     9.67  29.360  -0.0228
  268.2     9.67  29.387  -0.0240
  268.6     9.65  29.414  -0.0223
  268.9     9.67  29.441  -0.0249
  269.2     9.66  29.468  -0.0278
  269.5     9.64  29.495  -0.0277
  269.7     9.65  29.522  -0.0282
  269.9     9.59  29.549  -0.0317
  270.1     9.63  29.576  -0.0289
  270.5     9.66  29.603  -0.0316
  270.8     9.59  29.630  -0.0302
  271.0     9.62  29.656  -0.0330
  271.3     9.59  29.684  -0.0283
  271.7     9.59  29.710  -0.0296
  271.9     9.59  29.737  -0.0308
  272.3     9.59  29.764  -0.0273
  272.4     9.59  29.791  -0.0302
  272.7     9.57  29.818  -0.0296
  273.0     9.55  29.846  -0.0311
  273.4     9.54  29.873  -0.0285
  273.6     9.54  29.900  -0.0297
  273.9     9.55  29.927  -0.0277
  274.2     9.56  29.954  -0.0279
  274.4     9.54  29.981  -0.0298
  274.8     9.53  30.008  -0.0299
  275.0     9.53  30.035  -0.0305
  275.3     9.50  30.062  -0.0287
  275.5     9.50  30.089  -0.0318
  275.9     9.49  30.116  -0.0323
  276.2     9.49  30.143  -0.0312
  276.4     9.44  30.170  -0.0286
  276.7     9.45  30.196  -0.0324
  276.8     9.49  30.223  -0.0326
  277.2     9.42  30.251  -0.0325
  277.5     9.42  30.278  -0.0319
  277.7     9.43  30.305  -0.0333
  278.1     9.42  30.331  -0.0328
  278.3     9.42  30.359  -0.0308
  278.6     9.43  30.386  -0.0302
  278.8     9.42  30.412  -0.0338
  279.1     9.41  30.439  -0.0267
  279.3     9.39  30.466  -0.0245
  279.7     9.39  30.493  -0.0256
  280.0     9.36  30.520  -0.0249
  280.2     9.34  30.547  -0.0240
  280.5     9.34  30.574  -0.0259
  280.7     9.36  30.601  -0.0257
  281.1     9.34  30.628  -0.0224
  281.4     9.32  30.655  -0.0225
  281.6     9.32  30.682  -0.0216
  281.9     9.31  30.709  -0.0249
  282.2     9.32  30.736  -0.0244
  282.4     9.26  30.763  -0.0283
  282.7     9.30  30.790  -0.0304
  283.0     9.30  30.817  -0.0307
  283.3     9.29  30.843  -0.0311
  283.5     9.28  30.870  -0.0312
  283.8     9.25  30.897  -0.0336
  284.0     9.30  30.924  -0.0314
  284.2     9.23  30.951  -0.0301
  284.7     9.24  30.978  -0.0282
  285.0     9.20  31.005  -0.0309
  285.1     9.20  31.031  -0.0295
  285.4     9.20  31.059  -0.0280
  285.8     9.18  31.086  -0.0251
  286.0     9.21  31.114  -0.0253
  286.3     9.18  31.141  -0.0226
  286.5     9.16  31.167  -0.0270
  286.8     9.15  31.194  -0.0276
  287.0     9.18  31.221  -0.0264
  287.4     9.13  31.249  -0.0229
  287.6     9.12  31.276  -0.0234
  287.9     9.11  31.303  -0.0251
  288.0     9.11  31.330  -0.0229
  288.4     9.07  31.357  -0.0266
  288.7     9.13  31.384  -0.0268
  288.9     9.10  31.411  -0.0261
  289.2     9.09  31.438  -0.0256
  289.5     9.07  31.465  -0.0256
  289.8     9.06  31.492  -0.0267
  290.1     9.06  31.519  -0.0272
  290.3     9.03  31.546  -0.0271
  290.6     9.06  31.573  -0.0276
  290.9     9.07  31.600  -0.0323
  291.0     9.04  31.627  -0.0306
  291.4     9.04  31.654  -0.0303
  291.6     8.93  31.681  -0.0281
  292.0     9.00  31.708  -0.0287
  292.2     9.01  31.735  -0.0326
  292.4     8.99  31.762  -0.0317
  292.7     8.99  31.789  -0.0310
  293.0     8.96  31.816  -0.0296
  293.3     8.92  31.843  -0.0311
  293.5     8.98  31.871  -0.0321
  293.8     8.95  31.899  -0.0313
  294.2     8.93  31.926  -0.0307
  294.4     8.94  31.953  -0.0332
  294.6     8.94  31.980  -0.0342
  294.9     8.92  32.007  -0.0346
  295.2     8.94  32.034  -0.0338
  295.6     8.96  32.061  -0.0338
  295.8     8.94  32.088  -0.0337
  296.0     8.93  32.116  -0.0348
  296.3     8.91  32.142  -0.0342
  296.6     8.94  32.169  -0.0325
  296.8     8.90  32.196  -0.0345
  297.1     8.90  32.223  -0.0336
  297.4     8.90  32.250  -0.0371
  297.6     8.87  32.277  -0.0368
  298.0     8.90  32.304  -0.0334
  298.2     8.89  32.331  -0.0351
  298.5     8.89  32.358  -0.0347
  298.8     8.89  32.385  -0.0373
  299.1     8.89  32.412  -0.0355
  299.3     8.85  32.439  -0.0379
  299.6     8.88  32.466  -0.0362
  299.9     8.91  32.493  -0.0357
  300.2     8.84  32.521  -0.0360
  300.5     8.87  32.547  -0.0340
  300.8     8.86  32.575  -0.0348
  301.0     8.87  32.602  -0.0341
  301.3     8.85  32.629  -0.0324
  301.5     8.84  32.656  -0.0327
  301.9     8.86  32.684  -0.0321
  302.1     8.88  32.711  -0.0301
  302.5     8.86  32.738  -0.0336
  302.8     8.84  32.766  -0.0318
  303.0     8.83  32.792  -0.0345
  303.3     8.89  32.820  -0.0324
  303.5     8.87  32.846  -0.0322
  303.9     8.83  32.873  -0.0359
  304.1     8.88  32.901  -0.0338
  304.5     8.85  32.928  -0.0363
  304.8     8.88  32.955  -0.0338
  305.0     8.88  32.981  -0.0374
  305.3     8.88  33.008  -0.0371
  305.6     8.86  33.035  -0.0366
  305.9     8.84  33.063  -0.0338
  306.2     8.87  33.090  -0.0369
  306.5     8.87  33.117  -0.0402
  306.8     8.86  33.145  -0.0400
  307.0     8.87  33.171  -0.0433
  307.4     8.85  33.198  -0.0397
  307.6     8.87  33.225  -0.0387
  308.0     8.80  33.253  -0.0431
  308.1     8.85  33.280  -0.0421
  308.4     8.86  33.307  -0.0407
  308.8     8.86  33.334  -0.0396
  309.1     8.86  33.361  -0.0394
  309.3     8.86  33.388  -0.0376
  309.7     8.82  33.415  -0.0393
  309.9     8.86  33.442  -0.0397
  310.2     8.85  33.468  -0.0393
  310.4     8.85  33.495  -0.0437
  310.8     8.85  33.522  -0.0388
  311.1     8.84  33.549  -0.0333
  311.3     8.86  33.577  -0.0321
  311.6     8.87  33.603  -0.0305
  312.0     8.87  33.630  -0.0318
  312.2     8.81  33.658  -0.0359
  312.4     8.77  33.685  -0.0367
  312.7     8.77  33.712  -0.0325
  313.0     8.72  33.739  -0.0364
  313.4     8.83  33.766  -0.0376
  313.5     8.77  33.793  -0.0358
  313.9     8.79  33.820  -0.0339
  314.2     8.83  33.847  -0.0376
  314.4     8.82  33.874  -0.0376
  314.8     8.78  33.901  -0.0398
  315.1     8.80  33.928  -0.0388
  315.3     8.78  33.955  -0.0372
  315.5     8.76  33.982  -0.0382
  316.0     8.74  34.010  -0.0401
  316.3     8.76  34.037  -0.0396
  316.5     8.76  34.064  -0.0387
  316.7     8.73  34.091  -0.0412
  317.1     8.72  34.118  -0.0414
  317.3     8.71  34.145  -0.0381
  317.7     8.80  34.172  -0.0367
  317.9     8.75  34.199  -0.0344
  318.2     8.75  34.226  -0.0389
  318.5     8.71  34.254  -0.0398
  318.7     8.71  34.281  -0.0385
  319.1     8.68  34.308  -0.0428
  319.3     8.71  34.334  -0.0428
  319.6     8.71  34.361  -0.0421
  319.9     8.64  34.388  -0.0406
  320.2     8.71  34.416  -0.0432
  320.5     8.74  34.443  -0.0411
  320.8     8.68  34.470  -0.0419
  321.1     8.69  34.497  -0.0417
  321.4     8.67  34.524  -0.0402
  321.7     8.74  34.551  -0.0395
  322.0     8.75  34.578  -0.0449
  322.3     8.70  34.605  -0.0449
  322.5     8.72  34.633  -0.0433
  322.9     8.69  34.659  -0.0436
  323.0     8.70  34.686  -0.0473
  323.4     8.71  34.713  -0.0423
  323.7     8.68  34.741  -0.0464
  323.9     8.66  34.768  -0.0469
  324.3     8.65  34.795  -0.0486
  324.5     8.59  34.822  -0.0469
  324.8     8.64  34.849  -0.0453
  325.1     8.61  34.876  -0.0482
  325.3     8.61  34.903  -0.0506
  325.7     8.63  34.930  -0.0485
  325.9     8.59  34.957  -0.0467
  326.2     8.59  34.984  -0.0481
  326.4     8.62  35.011  -0.0467
  326.8     8.59  35.038  -0.0461
  327.1     8.61  35.065  -0.0482
  327.4     8.64  35.092  -0.0468
  327.7     8.60  35.120  -0.0482
  328.0     8.59  35.147  -0.0468
  328.3     8.60  35.174  -0.0486
  328.6     8.71  35.201  -0.0520
  328.9     8.63  35.228  -0.0514
  329.1     8.61  35.255  -0.0528
  329.5     8.61  35.282  -0.0511
  329.7     8.63  35.309  -0.0468
  330.0     8.60  35.336  -0.0439
  330.3     8.58  35.363  -0.0462
  330.7     8.57  35.390  -0.0463
  330.9     8.54  35.417  -0.0444
  331.1     8.52  35.444  -0.0410
  331.4     8.50  35.471  -0.0431
  331.8     8.52  35.498  -0.0455
  332.0     8.50  35.525  -0.0458
  332.2     8.50  35.552  -0.0428
  332.5     8.49  35.579  -0.0435
  332.8     8.54  35.606  -0.0431
  333.2     8.54  35.633  -0.0447
  333.4     8.54  35.660  -0.0471
  333.7     8.51  35.687  -0.0448
  334.0     8.52  35.714  -0.0435
  334.3     8.48  35.741  -0.0420
  334.6     8.48  35.768  -0.0412
  334.8     8.45  35.795  -0.0410
  335.0     8.42  35.822  -0.0421
  335.3     8.47  35.849  -0.0401
  335.7     8.50  35.876  -0.0409
  335.8     8.41  35.903  -0.0419
  336.3     8.46  35.931  -0.0436
  336.5     8.49  35.958  -0.0411
  336.8     8.47  35.985  -0.0408
  337.2     8.48  36.012  -0.0454
  337.4     8.48  36.039  -0.0454
  337.7     8.45  36.066  -0.0484
  337.9     8.42  36.093  -0.0480
  338.2     8.40  36.121  -0.0493
  338.4     8.43  36.148  -0.0526
  338.8     8.38  36.175  -0.0519
  339.1     8.41  36.202  -0.0477
  339.5     8.44  36.229  -0.0480
  339.7     8.42  36.256  -0.0497
  340.0     8.43  36.283  -0.0522
  340.2     8.38  36.310  -0.0492
  340.5     8.40  36.336  -0.0492
  340.8     8.45  36.364  -0.0469
  341.2     8.39  36.391  -0.0458
  341.3     8.42  36.418  -0.0504
  341.6     8.38  36.445  -0.0477
  342.0     8.34  36.472  -0.0476
  342.1     8.38  36.499  -0.0491
  342.5     8.34  36.526  -0.0474
  342.8     8.37  36.553  -0.0500
  343.0     8.32  36.580  -0.0485
  343.3     8.38  36.607  -0.0489
  343.6     8.38  36.634  -0.0500
  343.9     8.39  36.660  -0.0505
  344.2     8.37  36.688  -0.0482
  344.4     8.34  36.715  -0.0457
  344.7     8.32  36.742  -0.0465
  345.0     8.32  36.769  -0.0516
  345.2     8.28  36.796  -0.0513
  345.5     8.29  36.824  -0.0510
  345.8     8.32  36.851  -0.0499
  346.2     8.34  36.878  -0.0500
  346.5     8.38  36.905  -0.0470
  346.8     8.33  36.932  -0.0487
  347.0     8.37  36.959  -0.0477
  347.3     8.35  36.987  -0.0493
  347.6     8.35  37.014  -0.0497
  347.8     8.33  37.040  -0.0491
  348.1     8.31  37.067  -0.0463
  348.4     8.32  37.094  -0.0460
  348.7     8.30  37.122  -0.0456
  348.9     8.32  37.149  -0.0433
  349.3     8.30  37.176  -0.0436
  349.5     8.29  37.203  -0.0466
  349.9     8.30  37.229  -0.0508
  350.1     8.29  37.256  -0.0444
  350.5     8.29  37.283  -0.0465
  350.7     8.33  37.310  -0.0450
  351.0     8.32  37.337  -0.0504
  351.2     8.28  37.364  -0.0556
  351.5     8.29  37.391  -0.0561
  351.7     8.30  37.418  -0.0503
  352.1     8.31  37.445  -0.0504
  352.3     8.31  37.472  -0.0508
  352.6     8.34  37.500  -0.0548
  353.0     8.29  37.527  -0.0563
  353.0     8.21  37.553  -0.0570
  353.5     8.22  37.581  -0.0590
  353.6     8.25  37.608  -0.0545
  354.0     8.26  37.635  -0.0560
  354.3     8.24  37.662  -0.0572
  354.5     8.25  37.689  -0.0578
  354.8     8.24  37.716  -0.0557
  355.1     8.27  37.743  -0.0526
  355.4     8.28  37.770  -0.0543
  355.7     8.25  37.797  -0.0545
  355.9     8.25  37.824  -0.0539
  356.2     8.26  37.851  -0.0545
  356.5     8.25  37.878  -0.0552
  356.7     8.22  37.905  -0.0573
  357.0     8.31  37.932  -0.0573
  357.2     8.25  37.959  -0.0535
  357.5     8.23  37.986  -0.0532
  357.8     8.26  38.013  -0.0545
  358.2     8.24  38.040  -0.0549
  358.5     8.24  38.067  -0.0541
  358.7     8.22  38.094  -0.0553
  359.0     8.23  38.122  -0.0543
  359.2     8.23  38.149  -0.0563
  359.5     8.22  38.176  -0.0562
  359.9     8.19  38.203  -0.0531
  360.1     8.20  38.231  -0.0556
  360.4     8.20  38.259  -0.0540
  360.7     8.21  38.286  -0.0555
  361.0     8.20  38.313  -0.0546
  361.3     8.19  38.340  -0.0569
  361.4     8.18  38.367  -0.0568
  361.8     8.19  38.395  -0.0578
  362.1     8.19  38.422  -0.0550
  362.3     8.19  38.449  -0.0563
  362.6     8.22  38.476  -0.0549
  362.9     8.20  38.503  -0.0527
  363.1     8.19  38.530  -0.0540
  363.5     8.21  38.557  -0.0568
  363.8     8.23  38.584  -0.0552
  364.1     8.19  38.611  -0.0574
  364.3     8.19  38.638  -0.0573
  364.6     8.21  38.665  -0.0550
  364.8     8.18  38.692  -0.0543
  365.2     8.18  38.719  -0.0533
  365.5     8.18  38.746  -0.0543
  365.8     8.22  38.773  -0.0570
  366.0     8.16  38.800  -0.0577
  366.3     8.20  38.827  -0.0556
  366.6     8.23  38.854  -0.0557
  366.9     8.22  38.881  -0.0528
  367.2     8.18  38.908  -0.0553
  367.3     8.18  38.936  -0.0540
  367.7     8.20  38.963  -0.0520
  368.0     8.20  38.990  -0.0539
  368.2     8.17  39.017  -0.0518
  368.5     8.21  39.044  -0.0499
  368.8     8.25  39.071  -0.0472
  369.0     8.20  39.099  -0.0473
  369.4     8.19  39.126  -0.0462
  369.8     8.23  39.153  -0.0518
  369.9     8.19  39.180  -0.0497
  370.2     8.19  39.207  -0.0490
  370.6     8.20  39.234  -0.0517
  370.8     8.21  39.261  -0.0528
  371.2     8.20  39.287  -0.0495
  371.4     8.18  39.314  -0.0514
  371.7     8.20  39.341  -0.0505
  371.9     8.20  39.368  -0.0506
  372.1     8.17  39.395  -0.0505
  372.4     8.18  39.422  -0.0539
  372.8     8.17  39.450  -0.0536
  373.0     8.14  39.477  -0.0549
  373.3     8.17  39.504  -0.0540
  373.6     8.17  39.531  -0.0552
  373.8     8.14  39.558  -0.0557
  374.2     8.16  39.585  -0.0532
  374.5     8.13  39.612  -0.0535
  374.7     8.12  39.640  -0.0506
  375.0     8.11  39.667  -0.0490
  375.2     8.10  39.695  -0.0517
  375.6     8.15  39.722  -0.0524
  375.8     8.13  39.750  -0.0531
  376.1     8.14  39.777  -0.0498
  376.4     8.14  39.803  -0.0514
  376.7     8.13  39.830  -0.0541
  377.0     8.14  39.857  -0.0539
  377.3     8.13  39.884  -0.0546
  377.5     8.11  39.911  -0.0558
  377.8     8.09  39.938  -0.0556
  378.0     8.12  39.965  -0.0519
  378.3     8.10  39.992  -0.0531
  378.6     8.16  40.020  -0.0539
  378.9     8.11  40.046  -0.0558
  379.2     8.11  40.073  -0.0530
  379.5     8.07  40.101  -0.0563
  379.8     8.07  40.128  -0.0535
  380.0     8.10  40.155  -0.0553
  380.3     8.08  40.182  -0.0567
  380.6     8.09  40.209  -0.0586
  380.9     8.10  40.236  -0.0550
  381.2     8.09  40.264  -0.0525
  381.4     8.09  40.291  -0.0516
  381.8     8.07  40.318  -0.0512
  382.0     8.06  40.345  -0.0505
  382.3     8.05  40.372  -0.0528
  382.6     8.06  40.399  -0.0562
  382.8     8.06  40.426  -0.0561
  383.1     8.04  40.453  -0.0549
  383.3     8.06  40.480  -0.0535
  383.7     8.04  40.507  -0.0511
  383.9     8.03  40.534  -0.0518
  384.2     8.04  40.561  -0.0536
  384.5     8.04  40.588  -0.0537
  384.8     8.07  40.615  -0.0564
  385.2     8.05  40.642  -0.0562
  385.4     8.06  40.668  -0.0537
  385.6     8.05  40.695  -0.0565
  386.0     8.03  40.722  -0.0576
  386.2     8.03  40.750  -0.0563
  386.4     8.02  40.777  -0.0586
  386.8     8.02  40.803  -0.0590
  387.0     8.04  40.830  -0.0587
  387.4     8.01  40.858  -0.0606
  387.6     8.04  40.885  -0.0600
  387.9     8.00  40.912  -0.0585
  388.1     8.02  40.940  -0.0540
  388.5     7.99  40.967  -0.0574
  388.8     8.00  40.994  -0.0536
  389.0     8.02  41.022  -0.0589
  389.3     8.02  41.048  -0.0601
  389.5     8.01  41.076  -0.0575
  390.0     7.99  41.104  -0.0578
  390.1     8.02  41.130  -0.0564
  390.4     7.96  41.158  -0.0557
  390.7     8.00  41.185  -0.0558
  391.0     7.99  41.212  -0.0521
  391.4     8.07  41.239  -0.0510
  391.6     8.01  41.266  -0.0515
  391.9     7.98  41.293  -0.0545
  392.1     8.00  41.321  -0.0513
  392.4     7.98  41.348  -0.0503
  392.7     8.01  41.375  -0.0556
  393.0     7.96  41.402  -0.0503
  393.3     7.96  41.429  -0.0534
  393.5     7.96  41.456  -0.0557
  393.9     7.97  41.483  -0.0526
  394.1     7.96  41.510  -0.0524
  394.4     7.95  41.537  -0.0552
  394.7     7.97  41.564  -0.0559
  395.0     7.95  41.592  -0.0546
  395.3     7.96  41.619  -0.0564
  395.5     7.96  41.647  -0.0529
  395.7     7.92  41.674  -0.0556
  396.0     7.83  41.701  -0.0566
  396.3     7.90  41.728  -0.0565
  396.6     7.93  41.755  -0.0543
  396.9     7.91  41.782  -0.0537
  397.1     7.91  41.809  -0.0552
  397.4     7.93  41.836  -0.0556
  397.8     7.90  41.864  -0.0561
  398.0     7.85  41.891  -0.0585
  398.3     7.88  41.918  -0.0558
  398.6     7.86  41.945  -0.0563
  398.8     7.87  41.972  -0.0568
  399.1     7.85  41.999  -0.0559
  399.4     7.84  42.026  -0.0578
  399.7     7.84  42.053  -0.0586
  399.9     7.85  42.080  -0.0593
  400.1     7.84  42.108  -0.0562
  400.5     7.80  42.135  -0.0570
  400.7     7.83  42.162  -0.0561
  401.0     7.86  42.189  -0.0592
  401.4     7.86  42.216  -0.0597
  401.7     7.87  42.244  -0.0564
  402.0     7.88  42.271  -0.0561
  402.2     7.83  42.298  -0.0555
  402.5     7.84  42.326  -0.0544
  402.9     7.83  42.353  -0.0562
  403.1     7.82  42.380  -0.0551
  403.3     7.82  42.406  -0.0569
  403.6     7.81  42.434  -0.0571
  404.0     7.83  42.461  -0.0563
  404.2     7.83  42.489  -0.0558
  404.4     7.81  42.515  -0.0527
  404.7     7.81  42.542  -0.0523
  405.0     7.82  42.570  -0.0506
  405.3     7.80  42.597  -0.0536
  405.5     7.80  42.624  -0.0545
  405.8     7.82  42.651  -0.0545
  406.2     7.79  42.677  -0.0554
  406.5     7.77  42.705  -0.0524
  406.7     7.78  42.731  -0.0530
  406.9     7.78  42.759  -0.0542
  407.3     7.79  42.786  -0.0532
  407.6     7.78  42.813  -0.0545
  407.8     7.78  42.839  -0.0557
  408.1     7.80  42.866  -0.0567
  408.4     7.76  42.893  -0.0556
  408.7     7.75  42.921  -0.0541
  409.0     7.79  42.948  -0.0566
  409.2     7.76  42.975  -0.0529
  409.5     7.78  43.002  -0.0547
  409.9     7.75  43.029  -0.0551
  410.1     7.75  43.055  -0.0547
  410.4     7.75  43.082  -0.0527
  410.7     7.75  43.110  -0.0555
  411.1     7.73  43.137  -0.0561
  411.3     7.73  43.164  -0.0546
  411.5     7.73  43.191  -0.0540
  411.8     7.69  43.217  -0.0515
  412.1     7.72  43.245  -0.0497
  412.4     7.72  43.272  -0.0506
  412.7     7.73  43.299  -0.0538
  412.9     7.70  43.326  -0.0563
  413.1     7.70  43.352  -0.0590
  413.5     7.71  43.379  -0.0574
  413.8     7.70  43.406  -0.0594
  414.0     7.70  43.434  -0.0545
  414.3     7.68  43.461  -0.0534
  414.6     7.69  43.488  -0.0550
  415.0     7.68  43.515  -0.0572
  415.1     7.67  43.542  -0.0586
  415.5     7.67  43.569  -0.0577
  415.7     7.66  43.597  -0.0586
  416.0     7.65  43.624  -0.0556
  416.2     7.65  43.651  -0.0599
  416.7     7.62  43.678  -0.0612
  416.8     7.62  43.706  -0.0608
  417.1     7.60  43.733  -0.0610
  417.4     7.61  43.760  -0.0627
  417.7     7.62  43.787  -0.0622
  417.9     7.58  43.815  -0.0650
  418.3     7.57  43.842  -0.0600
  418.5     7.56  43.869  -0.0599
  418.8     7.56  43.897  -0.0646
  419.0     7.57  43.924  -0.0634
  419.2     7.56  43.951  -0.0625
  419.6     7.51  43.978  -0.0627
  419.8     7.54  44.005  -0.0609
  420.2     7.56  44.032  -0.0612
  420.4     7.52  44.059  -0.0588
  420.7     7.52  44.086  -0.0581
  421.0     7.49  44.114  -0.0584
  421.2     7.48  44.141  -0.0601
  421.5     7.48  44.168  -0.0594
  421.8     7.45  44.195  -0.0580
  422.1     7.46  44.222  -0.0559
  422.3     7.48  44.249  -0.0589
  422.6     7.47  44.276  -0.0593
  422.8     7.47  44.304  -0.0595
  423.2     7.54  44.331  -0.0614
  423.4     7.44  44.358  -0.0628
  423.8     7.44  44.385  -0.0646
  423.9     7.48  44.412  -0.0631
  424.2     7.46  44.439  -0.0634
  424.5     7.45  44.466  -0.0645
  424.8     7.41  44.493  -0.0596
  425.0     7.41  44.521  -0.0609
  425.4     7.43  44.548  -0.0606
  425.6     7.43  44.575  -0.0622
  426.0     7.42  44.602  -0.0629
  426.1     7.40  44.629  -0.0623
  426.4     7.38  44.656  -0.0629
  426.6     7.38  44.684  -0.0647
  427.1     7.38  44.711  -0.0671
  427.3     7.40  44.738  -0.0676
  427.5     7.37  44.765  -0.0639
  427.8     7.37  44.792  -0.0660
  428.0     7.38  44.819  -0.0679
  428.4     7.36  44.846  -0.0674
  428.5     7.35  44.873  -0.0687
  428.9     7.33  44.901  -0.0669
  429.1     7.35  44.928  -0.0687
  429.4     7.31  44.955  -0.0677
  429.7     7.34  44.981  -0.0673
  430.0     7.32  45.009  -0.0690
  430.2     7.34  45.036  -0.0708
  430.5     7.25  45.063  -0.0735
  430.8     7.33  45.091  -0.0728
  431.0     7.34  45.120  -0.0724
  431.4     7.33  45.148  -0.0741
  431.7     7.36  45.176  -0.0750
  432.0     7.33  45.204  -0.0673
  432.2     7.33  45.232  -0.0690
  432.4     7.30  45.259  -0.0705
  432.8     7.34  45.287  -0.0716
  433.0     7.29  45.314  -0.0694
  433.3     7.31  45.341  -0.0662
  433.6     7.26  45.368  -0.0689
  433.9     7.30  45.396  -0.0691
  434.2     7.30  45.423  -0.0672
  434.4     7.31  45.451  -0.0639
  434.6     7.30  45.478  -0.0664
  434.9     7.27  45.505  -0.0658
  435.3     7.29  45.532  -0.0654
  435.5     7.25  45.559  -0.0668
  435.7     7.24  45.586  -0.0639
  436.1     7.27  45.614  -0.0657
  436.3     7.28  45.640  -0.0658
  436.5     7.24  45.667  -0.0668
  437.0     7.24  45.694  -0.0669
  437.1     7.26  45.721  -0.0645
  437.4     7.24  45.749  -0.0662
  437.6     7.25  45.776  -0.0672
  438.0     7.24  45.803  -0.0643
  438.1     7.23  45.830  -0.0630
  438.5     7.25  45.858  -0.0653
  438.8     7.26  45.884  -0.0618
  439.0     7.26  45.912  -0.0603
  439.3     7.26  45.939  -0.0612
  439.6     7.24  45.966  -0.0607
  439.9     7.23  45.993  -0.0641
  440.1     7.21  46.020  -0.0643
  440.4     7.21  46.048  -0.0648
  440.7     7.19  46.075  -0.0643
  441.2     7.20  46.103  -0.0640
  441.2     7.19  46.130  -0.0641
  441.6     7.20  46.157  -0.0642
  441.8     7.20  46.184  -0.0639
  442.1     7.18  46.211  -0.0618
  442.4     7.18  46.238  -0.0629
  442.7     7.16  46.265  -0.0616
  442.9     7.12  46.292  -0.0625
  443.2     7.15  46.319  -0.0640
  443.4     7.17  46.346  -0.0658
  443.7     7.14  46.373  -0.0681
  444.0     7.16  46.400  -0.0684
  444.3     7.15  46.428  -0.0654
  444.5     7.15  46.454  -0.0644
  444.8     7.09  46.482  -0.0606
  445.1     7.08  46.509  -0.0607
  445.3     7.10  46.536  -0.0599
  445.7     7.09  46.563  -0.0603
  445.9     7.10  46.590  -0.0612
  446.2     7.13  46.617  -0.0624
  446.4     7.12  46.645  -0.0616
  446.8     7.11  46.671  -0.0646
  447.0     7.13  46.698  -0.0641
  447.3     7.11  46.726  -0.0649
  447.5     7.09  46.753  -0.0652
  447.8     7.09  46.780  -0.0648
  448.1     7.11  46.808  -0.0660
  448.4     7.09  46.834  -0.0698
  448.6     7.10  46.861  -0.0706
  448.9     7.08  46.888  -0.0682
  449.2     7.10  46.916  -0.0694
  449.4     7.10  46.943  -0.0664
  449.8     7.09  46.970  -0.0665
  450.1     7.11  46.997  -0.0682
  450.4     7.07  47.024  -0.0684
  450.7     7.10  47.051  -0.0666
  450.9     7.10  47.078  -0.0683
  451.2     7.11  47.105  -0.0652
  451.5     7.08  47.133  -0.0662
  451.8     7.06  47.160  -0.0656
  452.0     7.06  47.188  -0.0689
  452.3     7.06  47.215  -0.0675
  452.6     7.08  47.242  -0.0683
  452.8     7.07  47.270  -0.0675
  453.1     7.03  47.297  -0.0650
  453.4     6.98  47.324  -0.0651
  453.7     7.00  47.352  -0.0650
  454.0     7.00  47.379  -0.0664
  454.2     7.00  47.406  -0.0661
  454.5     7.02  47.434  -0.0662
  454.8     6.99  47.461  -0.0642
  455.1     7.02  47.488  -0.0684
  455.3     6.97  47.515  -0.0685
  455.6     6.95  47.542  -0.0686
  455.9     6.95  47.569  -0.0641
  456.2     6.91  47.596  -0.0670
  456.4     6.96  47.623  -0.0647
  456.7     6.94  47.651  -0.0670
  457.0     6.95  47.678  -0.0685
  457.3     6.92  47.705  -0.0665
  457.5     6.91  47.731  -0.0641
  457.9     6.94  47.759  -0.0647
  458.1     6.93  47.787  -0.0619
  458.4     6.90  47.814  -0.0627
  458.6     6.87  47.841  -0.0643
  459.0     6.89  47.869  -0.0668
  459.3     6.88  47.896  -0.0685
  459.5     6.87  47.923  -0.0647
  459.8     6.90  47.951  -0.0605
  460.2     6.89  47.978  -0.0638
  460.4     6.89  48.006  -0.0647
  460.6     6.86  48.033  -0.0640
  461.0     6.85  48.060  -0.0660
  461.1     6.84  48.087  -0.0700
  461.4     6.87  48.115  -0.0654
  461.8     6.86  48.142  -0.0659
  462.0     6.85  48.169  -0.0637
  462.3     6.84  48.196  -0.0669
  462.6     6.84  48.224  -0.0687
  463.0     6.85  48.251  -0.0674
  463.2     6.82  48.278  -0.0661
  463.5     6.81  48.306  -0.0676
  463.7     6.80  48.333  -0.0690
  463.9     6.79  48.361  -0.0665
  464.3     6.80  48.388  -0.0623
  464.5     6.78  48.416  -0.0637
  464.8     6.77  48.443  -0.0616
  465.1     6.75  48.470  -0.0631
  465.4     6.79  48.498  -0.0668
  465.7     6.78  48.525  -0.0642
  466.1     6.78  48.552  -0.0623
  466.3     6.77  48.580  -0.0635
  466.6     6.78  48.607  -0.0679
  466.8     6.76  48.634  -0.0691
  467.1     6.74  48.662  -0.0673
  467.4     6.77  48.689  -0.0672
  467.7     6.75  48.716  -0.0655
  468.0     6.75  48.743  -0.0634
  468.3     6.75  48.771  -0.0619
  468.5     6.70  48.798  -0.0596
  468.7     6.68  48.825  -0.0621
  469.1     6.71  48.853  -0.0657
  469.2     6.67  48.880  -0.0673
  469.7     6.70  48.907  -0.0676
  469.9     6.66  48.934  -0.0663
  470.1     6.68  48.961  -0.0642
  470.4     6.69  48.989  -0.0681
  470.7     6.68  49.016  -0.0659
  471.0     6.69  49.043  -0.0648
  471.3     6.69  49.070  -0.0645
  471.6     6.68  49.099  -0.0606
  471.8     6.65  49.126  -0.0616
  472.0     6.61  49.153  -0.0642
  472.3     6.65  49.180  -0.0660
  472.7     6.64  49.207  -0.0658
  472.9     6.64  49.235  -0.0656
  473.1     6.61  49.262  -0.0686
  473.4     6.61  49.290  -0.0687
  473.7     6.59  49.317  -0.0708
  474.0     6.61  49.344  -0.0718
  474.2     6.56  49.372  -0.0741
  474.5     6.55  49.399  -0.0741
  474.8     6.53  49.426  -0.0758
  475.0     6.57  49.453  -0.0743
  475.3     6.52  49.481  -0.0749
  475.6     6.55  49.508  -0.0744
  475.8     6.54  49.535  -0.0746
  476.0     6.53  49.563  -0.0768
  476.4     6.58  49.590  -0.0752
  476.7     6.50  49.617  -0.0732
  477.0     6.49  49.644  -0.0757
  477.2     6.50  49.671  -0.0762
  477.5     6.50  49.698  -0.0779
  477.7     6.48  49.726  -0.0763
  478.0     6.50  49.753  -0.0734
  478.3     6.48  49.781  -0.0703
  478.7     6.49  49.808  -0.0732
  478.8     6.57  49.835  -0.0715
  479.1     6.48  49.863  -0.0724
  479.5     6.47  49.890  -0.0692
  479.7     6.47  49.917  -0.0683
  480.0     6.47  49.945  -0.0713
  480.4     6.48  49.972  -0.0709
  480.5     6.47  49.999  -0.0735
  480.9     6.46  50.026  -0.0743
  481.1     6.47  50.054  -0.0769
  481.3     6.47  50.081  -0.0764
  481.7     6.46  50.109  -0.0773
  481.9     6.46  50.136  -0.0718
  482.2     6.45  50.163  -0.0742
  482.5     6.43  50.191  -0.0781
  482.8     6.46  50.218  -0.0761
  483.1     6.49  50.245  -0.0787
  483.3     6.45  50.273  -0.0770
  483.6     6.40  50.300  -0.0774
  483.9     6.44  50.327  -0.0806
  484.1     6.44  50.354  -0.0818
  484.4     6.45  50.381  -0.0803
  484.8     6.50  50.409  -0.0829
  485.1     6.48  50.436  -0.0831
  485.4     6.39  50.463  -0.0784
  485.6     6.44  50.490  -0.0766
  485.8     6.45  50.517  -0.0773
  486.1     6.45  50.545  -0.0758
  486.3     6.45  50.572  -0.0782
  486.7     6.45  50.599  -0.0760
  486.9     6.43  50.627  -0.0739
  487.2     6.45  50.654  -0.0722
  487.5     6.40  50.681  -0.0726
  487.7     6.39  50.708  -0.0743
  488.1     6.46  50.735  -0.0771
  488.3     6.42  50.763  -0.0759
  488.6     6.44  50.790  -0.0735
  488.9     6.43  50.817  -0.0744
  489.1     6.43  50.844  -0.0762
  489.4     6.40  50.871  -0.0771
  489.7     6.41  50.898  -0.0751
  489.9     6.43  50.926  -0.0779
  490.3     6.40  50.953  -0.0813
  490.5     6.45  50.980  -0.0731
  490.8     6.41  51.007  -0.0728
  491.1     6.44  51.034  -0.0749
  491.3     6.40  51.062  -0.0756
  491.6     6.38  51.089  -0.0738
  491.8     6.37  51.117  -0.0746
  492.1     6.40  51.145  -0.0707
  492.4     6.38  51.172  -0.0720
  492.6     6.38  51.199  -0.0764
  492.8     6.32  51.226  -0.0772
  493.1     6.31  51.254  -0.0735
  493.4     6.30  51.281  -0.0725
  493.6     6.33  51.308  -0.0694
  494.0     6.34  51.336  -0.0707
  494.1     6.29  51.363  -0.0741
  494.5     6.32  51.390  -0.0696
  494.8     6.32  51.417  -0.0726
  495.0     6.31  51.445  -0.0738
  495.4     6.31  51.472  -0.0759
  495.5     6.32  51.499  -0.0746
  495.8     6.32  51.527  -0.0746
  496.1     6.32  51.554  -0.0754
  496.3     6.30  51.581  -0.0758
  496.6     6.27  51.608  -0.0763
  496.9     6.26  51.635  -0.0743
  497.0     6.23  51.662  -0.0760
  497.3     6.23  51.690  -0.0782
  497.6     6.22  51.717  -0.0778
  497.8     6.22  51.744  -0.0719
  498.2     6.27  51.771  -0.0703
  498.5     6.23  51.798  -0.0680
  498.8     6.23  51.826  -0.0715
  499.0     6.19  51.853  -0.0700
  499.2     6.21  51.880  -0.0717
  499.5     6.25  51.908  -0.0743
  499.9     6.22  51.935  -0.0751
  500.0     6.22  51.962  -0.0759
  500.2     6.22  51.989  -0.0776
  500.4     6.25  52.017  -0.0789
  500.9     6.24  52.044  -0.0779
  501.0     6.17  52.071  -0.0782
  501.4     6.21  52.100  -0.0783
  501.6     6.20  52.127  -0.0796
  501.9     6.18  52.155  -0.0794
  502.1     6.16  52.182  -0.0794
  502.4     6.18  52.209  -0.0820
  502.7     6.20  52.236  -0.0776
  502.9     6.20  52.264  -0.0794
  503.1     6.19  52.291  -0.0756
  503.4     6.19  52.318  -0.0774
  503.8     6.18  52.346  -0.0758
  504.0     6.21  52.373  -0.0751
  504.2     6.21  52.400  -0.0769
  504.5     6.21  52.428  -0.0754
  504.8     6.20  52.455  -0.0747
  504.9     6.14  52.482  -0.0747
  505.3     6.20  52.509  -0.0734
  505.6     6.15  52.536  -0.0720
  505.9     6.16  52.564  -0.0700
  506.1     6.18  52.591  -0.0723
  506.4     6.21  52.618  -0.0708
  506.6     6.19  52.645  -0.0710
  507.0     6.20  52.673  -0.0708
  507.3     6.23  52.700  -0.0721
  507.5     6.24  52.727  -0.0697
  507.8     6.24  52.755  -0.0738
  508.0     6.26  52.782  -0.0709
  508.4     6.24  52.809  -0.0707
  508.6     6.28  52.836  -0.0711
  508.9     6.27  52.864  -0.0707
  509.1     6.27  52.891  -0.0720
  509.5     6.27  52.918  -0.0712
  509.7     6.25  52.946  -0.0739
  510.0     6.26  52.973  -0.0725
  510.2     6.26  53.000  -0.0737
  510.6     6.30  53.028  -0.0729
  510.8     6.27  53.055  -0.0712
  511.0     6.26  53.082  -0.0689
  511.3     6.29  53.110  -0.0683
  511.5     6.24  53.137  -0.0724
  511.9     6.27  53.164  -0.0693
  512.1     6.30  53.192  -0.0689
  512.5     6.30  53.219  -0.0713
  512.7     6.27  53.246  -0.0698
  513.0     6.32  53.274  -0.0687
  513.3     6.28  53.301  -0.0706
  513.5     6.27  53.329  -0.0735
  513.8     6.31  53.356  -0.0745
  514.0     6.33  53.383  -0.0756
  514.4     6.30  53.411  -0.0783
  514.6     6.34  53.439  -0.0734
  514.9     6.37  53.466  -0.0739
  515.3     6.29  53.493  -0.0741
  515.4     6.29  53.521  -0.0754
  515.7     6.26  53.549  -0.0731
  515.9     6.25  53.576  -0.0762
  516.2     6.28  53.604  -0.0776
  516.5     6.24  53.632  -0.0807
  516.8     6.30  53.659  -0.0795
  517.2     6.36  53.687  -0.0787
  517.5     6.39  53.714  -0.0772
  517.8     6.34  53.741  -0.0732
  518.0     6.38  53.768  -0.0768
  518.3     6.37  53.795  -0.0750
  518.6     6.41  53.823  -0.0778
  518.9     6.36  53.850  -0.0774
  519.1     6.38  53.877  -0.0777
  519.4     6.37  53.904  -0.0773
  519.8     6.40  53.931  -0.0760
  520.0     6.39  53.959  -0.0741
  520.2     6.39  53.986  -0.0743
  520.7     6.42  54.014  -0.0778
  520.8     6.46  54.041  -0.0838
  521.2     6.43  54.068  -0.0768
  521.4     6.42  54.096  -0.0785
  521.8     6.41  54.124  -0.0764
  521.9     6.44  54.151  -0.0760
  522.3     6.46  54.178  -0.0788
  522.5     6.45  54.206  -0.0783
  522.7     6.44  54.234  -0.0817
  523.0     6.44  54.262  -0.0803
  523.4     6.44  54.289  -0.0795
  523.6     6.46  54.316  -0.0745
  523.9     6.49  54.343  -0.0767
  524.2     6.48  54.371  -0.0764
  524.5     6.47  54.398  -0.0772
  524.8     6.46  54.426  -0.0774
  525.1     6.49  54.453  -0.0754
  525.3     6.50  54.480  -0.0782
  525.6     6.46  54.507  -0.0780
  525.9     6.46  54.534  -0.0799
  526.1     6.62  54.562  -0.0772
  526.4     6.46  54.589  -0.0780
  526.7     6.46  54.617  -0.0797
  527.1     6.42  54.644  -0.0799
  527.2     6.42  54.671  -0.0814
  527.5     6.47  54.698  -0.0786
  527.8     6.48  54.725  -0.0770
  528.1     6.48  54.753  -0.0803
  528.4     6.46  54.780  -0.0795
  528.7     6.47  54.807  -0.0815
  528.8     6.52  54.834  -0.0789
  529.3     6.50  54.862  -0.0781
  529.6     6.52  54.889  -0.0829
  529.7     6.49  54.916  -0.0787
  530.1     6.48  54.943  -0.0755
  530.3     6.50  54.971  -0.0731
  530.5     6.48  54.998  -0.0719
  530.8     6.51  55.025  -0.0730
  531.1     6.51  55.052  -0.0718
  531.5     6.47  55.079  -0.0711
  531.6     6.50  55.107  -0.0726
  532.0     6.48  55.134  -0.0712
  532.2     6.48  55.161  -0.0725
  532.4     6.47  55.188  -0.0719
  532.8     6.52  55.216  -0.0735
  533.1     6.51  55.243  -0.0744
  533.3     6.50  55.270  -0.0769
  533.6     6.51  55.298  -0.0754
  533.8     6.52  55.325  -0.0792
  534.1     6.51  55.352  -0.0763
  534.3     6.49  55.379  -0.0787
  534.7     6.52  55.406  -0.0806
  534.9     6.52  55.434  -0.0805
  535.2     6.49  55.461  -0.0791
  535.6     6.49  55.489  -0.0762
  535.7     6.52  55.516  -0.0792
  536.1     6.49  55.543  -0.0804
  536.4     6.53  55.570  -0.0768
  536.6     6.50  55.598  -0.0764
  536.8     6.52  55.625  -0.0775
  537.0     6.52  55.652  -0.0789
  537.4     6.52  55.679  -0.0807
  537.7     6.52  55.706  -0.0823
  537.9     6.53  55.734  -0.0818
  538.3     6.52  55.761  -0.0837
  538.5     6.52  55.789  -0.0823
  538.7     6.50  55.816  -0.0865
  539.0     6.50  55.843  -0.0871
  539.3     6.50  55.871  -0.0874
  539.6     6.51  55.898  -0.0876
  539.8     6.54  55.925  -0.0872
  540.2     6.55  55.953  -0.0868
  540.3     6.57  55.980  -0.0880
  540.7     6.57  56.007  -0.0916
  541.0     6.58  56.034  -0.0926
  541.2     6.59  56.061  -0.0905
  541.5     6.54  56.094  -0.0920
  541.7     6.53  56.124  -0.0930
  541.9     6.51  56.151  -0.0901
  542.2     6.52  56.183  -0.0910
  542.6     6.51  56.210  -0.0905
  542.9     6.50  56.248  -0.0861
  543.2     6.49  56.276  -0.0856
  543.5     6.50  56.304  -0.0812
  543.8     6.49  56.333  -0.0772
  544.1     6.46  56.361  -0.0815
  544.3     6.49  56.398  -0.0845
  544.7     6.48  56.425  -0.0826
  545.0     6.51  56.454  -0.0826
  545.3     6.52  56.482  -0.0841
  545.5     6.50  56.509  -0.0862
  545.8     6.50  56.536  -0.0836
  546.1     6.53  56.564  -0.0825
  546.3     6.58  56.591  -0.0823
  546.7     6.52  56.619  -0.0837
  547.0     6.57  56.646  -0.0852
  547.2     6.58  56.676  -0.0846
  547.4     6.57  56.703  -0.0861
  547.7     6.59  56.731  -0.0848
  548.1     6.57  56.760  -0.0818
  548.3     6.61  56.787  -0.0834
  548.6     6.62  56.815  -0.0811
  548.9     6.61  56.842  -0.0805
  549.2     6.62  56.870  -0.0801
  549.5     6.63  56.898  -0.0811
  549.8     6.64  56.926  -0.0818
  550.0     6.63  56.953  -0.0817
  550.3     6.67  56.980  -0.0807
  550.5     6.64  57.008  -0.0784
  551.0     6.62  57.035  -0.0817
  551.3     6.68  57.073  -0.0830
  551.5     6.68  57.110  -0.0841
  552.0     6.68  57.139  -0.0803
  552.3     6.68  57.186  -0.0810
  552.6     6.68  57.215  -0.0792
  553.0     6.69  57.242  -0.0799
  553.3     6.69  57.270  -0.0825
  553.5     6.69  57.298  -0.0820
  553.7     6.69  57.325  -0.0808
  554.1     6.69  57.353  -0.0775
  554.3     6.68  57.380  -0.0798
  554.6     6.68  57.408  -0.0800
  554.8     6.68  57.435  -0.0757
  555.1     6.69  57.462  -0.0774
  555.4     6.66  57.490  -0.0836
  555.6     6.66  57.517  -0.0802
  555.9     6.68  57.555  -0.0807
  556.3     6.67  57.584  -0.0798
  556.6     6.67  57.612  -0.0769
  556.8     6.69  57.640  -0.0790
  557.1     6.68  57.667  -0.0752
  557.4     6.61  57.694  -0.0766
  557.6     6.67  57.722  -0.0769
  558.0     6.69  57.749  -0.0829
  558.1     6.69  57.777  -0.0809
  558.5     6.71  57.814  -0.0852
  558.9     6.66  57.877  -0.0870
  559.4     6.70  57.905  -0.0881
  559.8     6.72  57.933  -0.0885
  560.0     6.71  57.960  -0.0877
  560.3     6.68  57.987  -0.0875
  560.5     6.69  58.015  -0.0847
  560.8     6.75  58.042  -0.0833
  561.1     6.73  58.070  -0.0859
  561.4     6.78  58.098  -0.0822
  561.7     6.76  58.126  -0.0812
  562.1     6.79  58.153  -0.0808
  562.2     6.81  58.181  -0.0807
  562.6     6.79  58.210  -0.0829
  562.8     6.82  58.237  -0.0842
  563.1     6.78  58.265  -0.0837
  563.3     6.79  58.292  -0.0836
  563.6     6.73  58.330  -0.0824
  564.0     6.78  58.358  -0.0854
  564.1     6.77  58.386  -0.0866
  564.4     6.77  58.423  -0.0849
  564.8     6.76  58.451  -0.0830
  565.2     6.76  58.489  -0.0796
  565.5     6.75  58.516  -0.0806
  565.8     6.80  58.545  -0.0834
  566.2     6.73  58.572  -0.0871
  566.3     6.78  58.600  -0.0858
  566.8     6.79  58.668  -0.0885
  567.3     6.81  58.695  -0.0880
  567.6     6.85  58.723  -0.0862
  567.8     6.87  58.751  -0.0846
  568.1     6.85  58.778  -0.0840
  568.4     6.89  58.806  -0.0837
  568.7     6.87  58.834  -0.0852
  568.9     6.84  58.861  -0.0866
  569.3     6.89  58.889  -0.0840
  569.4     6.91  58.917  -0.0837
  569.9     6.89  58.945  -0.0836
  570.1     6.89  58.972  -0.0871
  570.3     6.90  59.000  -0.0896
  570.7     6.89  59.028  -0.0850
  571.0     6.89  59.073  -0.0879
  571.5     6.93  59.102  -0.0858
  571.7     6.92  59.130  -0.0913
  572.0     6.96  59.158  -0.0927
  572.3     6.97  59.185  -0.0939
  572.5     6.96  59.213  -0.0909
  572.9     6.99  59.240  -0.0897
  573.2     6.99  59.268  -0.0873
  573.3     6.97  59.296  -0.0909
  573.7     6.98  59.324  -0.0880
  573.9     6.98  59.351  -0.0879
  574.2     7.01  59.379  -0.0869
  574.5     7.04  59.406  -0.0876
  574.8     7.00  59.434  -0.0897
  574.9     7.03  59.462  -0.0883
  575.3     7.02  59.491  -0.0869
  575.7     7.01  59.518  -0.0850
  575.9     7.04  59.545  -0.0861
  576.2     7.07  59.573  -0.0858
  576.4     6.99  59.600  -0.0879
  576.8     7.08  59.628  -0.0881
  577.1     7.08  59.655  -0.0893
  577.4     7.14  59.683  -0.0881
  577.7     7.11  59.710  -0.0901
  577.9     7.09  59.738  -0.0891
  578.1     7.08  59.766  -0.0875
  578.4     7.07  59.793  -0.0854
  578.7     7.06  59.822  -0.0853
  579.0     7.03  59.850  -0.0875
  579.3     7.06  59.878  -0.0876
  579.5     7.05  59.906  -0.0905
  579.8     7.05  59.933  -0.0875
  580.0     7.05  59.961  -0.0907
  580.3     7.09  59.988  -0.0916
  580.6     7.08  60.016  -0.0922
  580.8     7.05  60.043  -0.0898
  581.2     7.06  60.071  -0.0908
  581.4     7.07  60.099  -0.0920
  581.7     7.08  60.127  -0.0869
  582.0     7.08  60.155  -0.0879
  582.3     7.09  60.182  -0.0895
  582.6     7.09  60.210  -0.0879
  582.8     7.11  60.237  -0.0881
  583.0     7.15  60.265  -0.0890
  583.3     7.12  60.292  -0.0914
  583.6     7.10  60.320  -0.0924
  583.9     7.11  60.347  -0.0901
  584.1     7.15  60.375  -0.0909
  584.5     7.16  60.402  -0.0900
  584.8     7.11  60.432  -0.0881
  585.0     7.14  60.459  -0.0880
  585.3     7.12  60.487  -0.0895
  585.5     7.13  60.514  -0.0868
  585.8     7.13  60.542  -0.0868
  586.1     7.13  60.569  -0.0891
  586.4     7.13  60.597  -0.0864
  586.5     7.14  60.625  -0.0934
  586.8     7.12  60.653  -0.0908
  587.1     7.14  60.680  -0.0921
  587.3     7.16  60.708  -0.0925
  587.7     7.12  60.745  -0.0930
  588.0     7.17  60.773  -0.0943
  588.3     7.14  60.801  -0.0970
  588.6     7.14  60.830  -0.0928
  588.9     7.15  60.868  -0.0939
  589.3     7.15  60.896  -0.0923
  589.5     7.17  60.924  -0.0933
  589.8     7.20  60.952  -0.0952
  590.0     7.18  60.979  -0.0960
  590.2     7.20  61.009  -0.0962
  590.6     7.20  61.036  -0.0974
  590.9     7.19  61.064  -0.0972
  591.0     7.17  61.091  -0.0972
  591.4     7.22  61.119  -0.0976
  591.6     7.22  61.147  -0.0985
  591.9     7.20  61.174  -0.1019
  592.1     7.20  61.201  -0.1006
  592.5     7.20  61.228  -0.1024
  592.7     7.21  61.267  -0.0995
  593.1     7.21  61.294  -0.1001
  593.3     7.24  61.322  -0.0973
  593.6     7.24  61.350  -0.0978
  593.9     7.28  61.387  -0.1028
  594.3     7.24  61.414  -0.1068
  594.5     7.27  61.441  -0.1085
  594.9     7.29  61.505  -0.1041
  595.4     7.32  61.533  -0.0986
  595.7     7.29  61.566  -0.0991
  596.0     7.29  61.598  -0.0950
  596.4     7.31  61.626  -0.0972
  596.6     7.32  61.654  -0.0949
  597.0     7.33  61.691  -0.0934
  597.2     7.32  61.719  -0.0880
  597.5     7.36  61.747  -0.0897
  597.8     7.37  61.787  -0.0928
  598.3     7.38  61.826  -0.0967
  598.6     7.39  61.853  -0.0920
  598.9     7.42  61.880  -0.0948
  599.1     7.39  61.918  -0.0937
  599.5     7.39  61.947  -0.0939
  599.9     7.45  61.974  -0.0962
  600.1     7.44  62.002  -0.1001
