   18.6     4.11   0.027   0.0031
   18.6     4.09   0.053   0.0008
   18.6     4.04   0.080   0.0076
   18.6     4.02   0.107   0.0098
   18.6     3.96   0.134   0.0117
   18.5     3.95   0.160   0.0095
   18.6     3.92   0.187   0.0091
   18.7     3.90   0.213   0.0054
   18.6     3.85   0.241   0.0057
   18.7     3.82   0.267   0.0121
   18.7     3.79   0.293   0.0111
   18.6     3.71   0.320   0.0068
   18.6     3.68   0.347   0.0134
   18.7     3.66   0.374   0.0168
   18.6     3.63   0.400   0.0172
   18.6     3.58   0.427   0.0202
   18.6     3.54   0.453   0.0149
   18.6     3.55   0.480   0.0113
   18.7     3.49   0.506   0.0105
   18.6     3.49   0.533   0.0099
   18.7     3.44   0.559   0.0064
   18.6     3.41   0.586   0.0107
   18.8     3.36   0.613   0.0123
   18.7     3.35   0.639   0.0143
   18.6     3.31   0.666   0.0182
   18.6     3.23   0.692   0.0250
   18.6     3.25   0.719   0.0276
   18.6     3.18   0.746   0.0274
   18.6     3.15   0.772   0.0258
   18.8     3.14   0.799   0.0237
   18.7     3.10   0.825   0.0250
   18.7     3.08   0.852   0.0230
   18.7     3.07   0.879   0.0226
   18.6     3.04   0.905   0.0191
   18.6     3.00   0.931   0.0185
   18.7     2.98   0.958   0.0229
   18.6     2.94   0.984   0.0214
   18.6     2.89   1.011   0.0224
   18.7     2.91   1.038   0.0177
   18.8     2.83   1.064   0.0235
   18.6     2.83   1.091   0.0288
   18.6     2.82   1.117   0.0260
   18.6     2.79   1.144   0.0272
   18.6     2.72   1.170   0.0269
   18.6     2.70   1.197   0.0265
   18.6     2.66   1.223   0.0280
   18.7     2.68   1.250   0.0260
   18.6     2.64   1.277   0.0306
   18.6     2.61   1.303   0.0273
   18.6     2.58   1.329   0.0339
   18.6     2.55   1.357   0.0314
   18.6     2.54   1.383   0.0342
   18.7     2.57   1.410   0.0315
   18.6     2.55   1.437   0.0259
   18.6     2.55   1.464   0.0255
   18.6     2.52   1.491   0.0303
   18.7     2.52   1.517   0.0316
   18.7     2.48   1.543   0.0334
   18.8     2.44   1.570   0.0306
   18.7     2.43   1.598   0.0263
   18.7     2.41   1.624   0.0272
   18.8     2.42   1.650   0.0272
   18.7     2.38   1.677   0.0266
   18.7     2.40   1.703   0.0252
   18.8     2.38   1.730   0.0257
   18.8     2.35   1.757   0.0276
   18.8     2.34   1.784   0.0293
   18.8     2.34   1.810   0.0238
   18.7     2.33   1.837   0.0333
   18.7     2.29   1.864   0.0304
   18.7     2.28   1.890   0.0275
   18.8     2.23   1.917   0.0234
   18.7     2.23   1.943   0.0253
   18.8     2.23   1.970   0.0271
   18.8     2.19   1.996   0.0252
   18.7     2.25   2.023   0.0284
   18.7     2.20   2.050   0.0297
   18.8     2.17   2.077   0.0304
   18.8     2.17   2.103   0.0295
   18.8     2.13   2.130   0.0299
   18.8     2.11   2.156   0.0302
   18.7     2.06   2.183   0.0303
   18.7     2.07   2.210   0.0272
   18.8     2.07   2.237   0.0278
   18.7     2.07   2.264   0.0257
   18.7     2.09   2.290   0.0235
   18.8     2.04   2.316   0.0231
   19.0     2.05   2.343   0.0254
   18.8     2.08   2.370   0.0279
   18.9     2.07   2.396   0.0268
   18.8     2.03   2.423   0.0251
   18.8     2.04   2.449   0.0281
   18.8     2.05   2.476   0.0267
   18.8     2.06   2.502   0.0283
   18.8     2.01   2.529   0.0262
   18.9     2.01   2.556   0.0237
   18.8     2.01   2.582   0.0255
   18.9     2.01   2.610   0.0245
   18.9     1.94   2.636   0.0258
   18.9     1.98   2.663   0.0222
   18.9     2.02   2.690   0.0219
   18.9     1.98   2.716   0.0225
   19.0     2.00   2.743   0.0237
   19.0     1.99   2.770   0.0255
   19.0     2.00   2.797   0.0292
   19.0     1.98   2.823   0.0279
   18.9     1.99   2.850   0.0281
   19.1     2.01   2.877   0.0301
   19.0     2.04   2.903   0.0307
   19.1     2.00   2.930   0.0285
   19.1     2.02   2.957   0.0306
   19.1     1.92   2.983   0.0286
   19.0     1.89   3.010   0.0322
   19.0     1.90   3.036   0.0309
   19.1     1.95   3.063   0.0313
   19.1     1.87   3.090   0.0327
   19.2     1.91   3.116   0.0331
   19.2     1.97   3.143   0.0276
   19.2     1.98   3.170   0.0269
   19.3     2.00   3.196   0.0245
   19.3     2.03   3.223   0.0235
   19.4     2.04   3.250   0.0247
   19.5     2.04   3.277   0.0245
   19.4     2.03   3.303   0.0192
   19.4     1.99   3.330   0.0237
   19.4     1.99   3.357   0.0228
   19.5     1.98   3.383   0.0242
   19.6     2.04   3.410   0.0271
   19.6     1.98   3.436   0.0243
   19.6     1.98   3.463   0.0269
   19.7     2.09   3.490   0.0253
   19.8     2.16   3.516   0.0247
   19.8     2.17   3.543   0.0248
   19.9     2.17   3.570   0.0271
   20.0     2.19   3.598   0.0317
   20.1     2.21   3.625   0.0233
   20.2     2.23   3.652   0.0268
   20.2     2.26   3.678   0.0256
   20.3     2.30   3.705   0.0268
   20.2     2.28   3.732   0.0242
   20.4     2.36   3.758   0.0243
   20.3     2.25   3.784   0.0237
   20.5     2.28   3.811   0.0266
   20.5     2.27   3.837   0.0252
   20.5     2.32   3.864   0.0258
   20.5     2.32   3.891   0.0267
   20.7     2.27   3.917   0.0227
   20.8     2.31   3.944   0.0201
   20.9     2.38   3.971   0.0221
   21.0     2.40   3.997   0.0194
   21.1     2.46   4.024   0.0203
   21.1     2.42   4.051   0.0193
   21.2     2.45   4.078   0.0298
   21.3     2.49   4.104   0.0210
   21.4     2.52   4.131   0.0180
   21.5     2.51   4.157   0.0181
   21.5     2.54   4.184   0.0169
   21.5     2.52   4.210   0.0210
   21.6     2.60   4.237   0.0234
   21.9     2.68   4.263   0.0190
   22.0     2.70   4.290   0.0191
   22.1     2.58   4.317   0.0238
   22.1     2.62   4.345   0.0263
   22.3     2.68   4.372   0.0260
   22.4     2.75   4.399   0.0220
   22.4     2.73   4.426   0.0215
   22.5     2.73   4.453   0.0246
   22.7     2.77   4.479   0.0251
   22.9     2.78   4.505   0.0251
   22.8     2.76   4.532   0.0275
   23.0     2.81   4.559   0.0246
   23.1     2.75   4.586   0.0237
   23.1     2.77   4.613   0.0266
   23.3     2.76   4.639   0.0269
   23.4     2.90   4.666   0.0276
   23.6     2.94   4.693   0.0247
   23.8     2.88   4.720   0.0250
   23.9     2.94   4.747   0.0229
   23.9     2.98   4.773   0.0257
   24.0     2.98   4.800   0.0268
   24.2     2.98   4.827   0.0260
   24.4     3.04   4.854   0.0225
   24.4     3.01   4.880   0.0229
   24.6     3.09   4.907   0.0228
   24.8     3.17   4.934   0.0240
   24.9     3.11   4.960   0.0247
   25.0     3.13   4.987   0.0228
   25.2     3.21   5.014   0.0221
   25.3     3.18   5.041   0.0223
   25.4     3.16   5.068   0.0241
   25.5     3.22   5.095   0.0232
   25.7     3.21   5.121   0.0192
   25.9     3.30   5.148   0.0184
   26.0     3.32   5.175   0.0191
   26.2     3.35   5.201   0.0231
   26.3     3.35   5.228   0.0229
   26.4     3.43   5.255   0.0233
   26.6     3.42   5.282   0.0246
   26.8     3.49   5.308   0.0243
   27.1     3.49   5.335   0.0261
   27.2     3.52   5.362   0.0238
   27.2     3.54   5.388   0.0254
   27.4     3.59   5.415   0.0280
   27.6     3.61   5.441   0.0256
   27.9     3.64   5.468   0.0272
   28.0     3.67   5.495   0.0288
   28.1     3.71   5.521   0.0242
   28.4     3.72   5.547   0.0210
   28.5     3.74   5.574   0.0210
   28.6     3.76   5.601   0.0211
   28.8     3.75   5.627   0.0234
   29.0     3.85   5.654   0.0230
   29.3     3.87   5.682   0.0224
   29.4     3.90   5.708   0.0234
   29.6     3.86   5.735   0.0217
   29.8     3.94   5.762   0.0196
   29.8     3.88   5.789   0.0218
   30.2     3.98   5.815   0.0200
   30.3     4.04   5.842   0.0182
   30.6     4.10   5.868   0.0178
   30.9     4.13   5.895   0.0160
   31.0     4.15   5.922   0.0187
   31.2     4.18   5.949   0.0142
   31.3     4.21   5.976   0.0159
   31.6     4.23   6.002   0.0155
   31.8     4.24   6.029   0.0189
   32.0     4.27   6.056   0.0233
   32.1     4.28   6.083   0.0247
   32.4     4.27   6.109   0.0264
   32.6     4.27   6.136   0.0254
   32.8     4.34   6.163   0.0237
   32.9     4.37   6.190   0.0258
   33.2     4.39   6.217   0.0256
   33.4     4.44   6.244   0.0253
   33.6     4.44   6.271   0.0226
   33.8     4.51   6.297   0.0250
   34.1     4.47   6.324   0.0221
   34.3     4.56   6.351   0.0199
   34.5     4.62   6.378   0.0206
   34.8     4.65   6.405   0.0204
   35.0     4.61   6.432   0.0182
   35.1     4.58   6.459   0.0183
   35.3     4.59   6.486   0.0197
   35.5     4.66   6.512   0.0208
   35.7     4.69   6.539   0.0190
   35.9     4.68   6.566   0.0203
   36.3     4.75   6.593   0.0188
   36.3     4.81   6.620   0.0185
   36.6     4.80   6.646   0.0232
   36.9     4.86   6.674   0.0255
   37.1     4.87   6.701   0.0249
   37.4     4.91   6.727   0.0244
   37.6     4.90   6.754   0.0199
   37.8     4.92   6.781   0.0204
   37.9     4.91   6.808   0.0234
   38.1     4.81   6.835   0.0282
   38.4     4.87   6.862   0.0275
   38.6     4.91   6.889   0.0261
   38.9     5.02   6.915   0.0251
   39.1     5.05   6.942   0.0262
   39.4     5.12   6.969   0.0286
   39.6     5.09   6.996   0.0291
   39.8     5.07   7.023   0.0318
   40.1     5.11   7.050   0.0302
   40.3     5.14   7.077   0.0313
   40.5     5.07   7.104   0.0310
   40.7     5.16   7.131   0.0323
   41.0     5.21   7.158   0.0238
   41.3     5.26   7.185   0.0274
   41.4     5.25   7.211   0.0268
   41.7     5.23   7.238   0.0292
   42.0     5.25   7.266   0.0310
   42.2     5.27   7.292   0.0269
   42.4     5.32   7.319   0.0199
   42.7     5.32   7.346   0.0273
   42.9     5.35   7.373   0.0260
   43.1     5.33   7.399   0.0229
   43.3     5.36   7.426   0.0187
   43.6     5.37   7.453   0.0239
   43.8     5.41   7.480   0.0233
   44.0     5.42   7.507   0.0233
   44.3     5.44   7.534   0.0211
   44.5     5.43   7.561   0.0233
   44.8     5.45   7.588   0.0227
   45.1     5.58   7.615   0.0224
   45.3     5.51   7.642   0.0234
   45.6     5.54   7.669   0.0227
   45.7     5.57   7.696   0.0198
   46.0     5.59   7.723   0.0232
   46.3     5.61   7.750   0.0181
   46.6     5.64   7.777   0.0199
   46.9     5.65   7.803   0.0244
   47.1     5.67   7.830   0.0238
   47.3     5.67   7.857   0.0247
   47.4     5.69   7.884   0.0232
   47.8     5.65   7.911   0.0251
   48.1     5.69   7.937   0.0258
   48.3     5.72   7.964   0.0227
   48.6     5.71   7.991   0.0253
   48.8     5.74   8.017   0.0253
   49.1     5.77   8.044   0.0259
   49.3     5.75   8.071   0.0244
   49.5     5.76   8.098   0.0215
   49.7     5.76   8.125   0.0230
   50.0     5.77   8.152   0.0259
   50.3     5.77   8.179   0.0275
   50.5     5.80   8.206   0.0260
   50.9     5.84   8.232   0.0250
   51.0     5.84   8.259   0.0228
   51.3     5.85   8.286   0.0241
   51.6     5.84   8.313   0.0247
   51.9     5.90   8.340   0.0235
   52.1     5.91   8.366   0.0202
   52.2     5.91   8.393   0.0181
   52.5     5.92   8.421   0.0176
   52.9     5.94   8.448   0.0190
   53.1     5.97   8.474   0.0211
   53.3     5.97   8.501   0.0187
   53.6     5.97   8.528   0.0183
   53.8     6.00   8.555   0.0230
   54.1     6.06   8.582   0.0235
   54.3     6.02   8.610   0.0244
   54.6     6.07   8.636   0.0255
   54.9     6.06   8.663   0.0279
   55.1     6.09   8.691   0.0323
   55.4     6.07   8.718   0.0329
   55.7     6.10   8.745   0.0315
   55.9     6.12   8.771   0.0260
   56.2     6.12   8.798   0.0252
   56.4     6.12   8.825   0.0258
   56.6     6.13   8.852   0.0266
   57.0     6.12   8.879   0.0296
   57.4     6.15   8.906   0.0257
   57.4     6.15   8.933   0.0236
   57.7     6.15   8.960   0.0256
   57.9     6.14   8.987   0.0277
   58.3     6.19   9.014   0.0251
   58.4     6.20   9.041   0.0247
   58.8     6.22   9.067   0.0244
   58.9     6.22   9.094   0.0199
   59.3     6.21   9.121   0.0213
   59.5     6.24   9.148   0.0246
   59.8     6.22   9.176   0.0259
   60.0     6.26   9.203   0.0250
   60.3     6.23   9.229   0.0217
   60.5     6.24   9.257   0.0198
   60.9     6.30   9.283   0.0184
   61.1     6.26   9.310   0.0177
   61.4     6.30   9.337   0.0197
   61.7     6.29   9.364   0.0217
   61.9     6.30   9.391   0.0221
   62.2     6.30   9.417   0.0197
   62.4     6.30   9.444   0.0183
   62.8     6.33   9.471   0.0207
   62.9     6.32   9.498   0.0197
   63.2     6.34   9.525   0.0186
   63.4     6.34   9.552   0.0202
   63.8     6.35   9.578   0.0221
   64.0     6.35   9.606   0.0249
   64.3     6.34   9.633   0.0269
   64.5     6.34   9.660   0.0232
   64.8     6.37   9.687   0.0235
   65.1     6.36   9.714   0.0242
   65.3     6.33   9.741   0.0261
   65.5     6.31   9.768   0.0285
   65.8     6.34   9.795   0.0246
   66.1     6.37   9.822   0.0216
   66.3     6.37   9.849   0.0160
   66.7     6.35   9.876   0.0174
   67.0     6.37   9.903   0.0189
   67.3     6.38   9.931   0.0202
   67.5     6.34   9.958   0.0201
   67.7     6.36   9.984   0.0233
   68.0     6.33  10.011   0.0238
   68.3     6.35  10.037   0.0240
   68.5     6.41  10.064   0.0248
   68.8     6.39  10.091   0.0252
   69.1     6.42  10.117   0.0234
   69.3     6.36  10.144   0.0242
   69.6     6.37  10.171   0.0268
   69.7     6.37  10.198   0.0251
   70.1     6.36  10.225   0.0287
   70.4     6.39  10.252   0.0293
   70.6     6.32  10.278   0.0301
   70.9     6.36  10.305   0.0303
   71.1     6.42  10.331   0.0280
   71.4     6.39  10.358   0.0309
   71.6     6.42  10.384   0.0289
   71.8     6.41  10.411   0.0288
   72.2     6.38  10.438   0.0327
   72.5     6.44  10.464   0.0345
   72.8     6.47  10.491   0.0357
   73.1     6.43  10.518   0.0345
   73.2     6.42  10.544   0.0315
   73.5     6.43  10.570   0.0319
   73.8     6.41  10.598   0.0250
   73.9     6.39  10.624   0.0250
   74.3     6.39  10.651   0.0259
   74.6     6.38  10.677   0.0281
   74.8     6.39  10.704   0.0274
   75.2     6.42  10.730   0.0303
   75.4     6.39  10.757   0.0314
   75.6     6.37  10.783   0.0296
   76.0     6.38  10.810   0.0276
   76.1     6.35  10.837   0.0242
   76.4     6.39  10.864   0.0251
   76.7     6.36  10.890   0.0282
   77.0     6.34  10.917   0.0312
   77.2     6.34  10.943   0.0294
   77.4     6.34  10.970   0.0285
   77.8     6.35  10.997   0.0227
   78.0     6.39  11.023   0.0221
   78.2     6.35  11.050   0.0236
   78.5     6.35  11.077   0.0241
   78.8     6.35  11.103   0.0259
   79.0     6.36  11.130   0.0242
   79.4     6.33  11.157   0.0236
   79.7     6.28  11.184   0.0245
   79.9     6.28  11.210   0.0253
   80.2     6.32  11.237   0.0287
   80.5     6.29  11.264   0.0299
   80.8     6.27  11.290   0.0284
   81.0     6.31  11.317   0.0277
   81.3     6.27  11.344   0.0261
   81.5     6.30  11.371   0.0295
   81.7     6.30  11.397   0.0330
   82.1     6.27  11.424   0.0317
   82.3     6.25  11.451   0.0289
   82.5     6.24  11.478   0.0311
   82.9     6.26  11.505   0.0310
   83.0     6.25  11.532   0.0333
   83.3     6.20  11.558   0.0310
   83.7     6.23  11.585   0.0311
   83.9     6.18  11.612   0.0314
   84.2     6.20  11.639   0.0291
   84.4     6.20  11.666   0.0300
   84.8     6.19  11.693   0.0288
   85.0     6.15  11.720   0.0274
   85.2     6.13  11.746   0.0270
   85.5     6.14  11.773   0.0279
   85.8     6.15  11.799   0.0259
   86.0     6.11  11.826   0.0243
   86.3     6.07  11.853   0.0217
   86.6     6.12  11.880   0.0230
   86.8     6.06  11.907   0.0217
   87.0     6.04  11.934   0.0205
   87.3     5.99  11.961   0.0212
   87.7     6.04  11.987   0.0249
   87.8     6.02  12.014   0.0242
   88.2     5.98  12.041   0.0223
   88.4     6.03  12.067   0.0218
   88.7     5.97  12.094   0.0228
   89.0     6.00  12.121   0.0202
   89.1     5.97  12.147   0.0204
   89.5     5.93  12.174   0.0194
   89.7     5.96  12.201   0.0203
   90.0     5.97  12.228   0.0203
   90.2     5.94  12.254   0.0236
   90.6     5.96  12.281   0.0242
   90.8     5.96  12.308   0.0251
   91.1     5.93  12.335   0.0259
   91.4     5.90  12.361   0.0260
   91.5     5.90  12.388   0.0237
   91.8     5.87  12.415   0.0217
   92.1     5.85  12.442   0.0227
   92.5     5.85  12.468   0.0212
   92.7     5.84  12.495   0.0235
   92.9     5.84  12.522   0.0272
   93.2     5.80  12.548   0.0256
   93.4     5.78  12.574   0.0290
   93.7     5.82  12.602   0.0284
   94.0     5.79  12.629   0.0270
   94.2     5.75  12.655   0.0306
   94.5     5.77  12.683   0.0299
   94.8     5.74  12.709   0.0293
   95.1     5.70  12.736   0.0313
   95.3     5.68  12.762   0.0292
   95.6     5.72  12.790   0.0302
   95.9     5.70  12.816   0.0301
   96.2     5.65  12.843   0.0352
   96.4     5.66  12.870   0.0295
   96.6     5.66  12.897   0.0315
   97.0     5.63  12.924   0.0271
   97.2     5.62  12.951   0.0300
   97.4     5.63  12.977   0.0282
   97.8     5.60  13.004   0.0305
   97.9     5.59  13.031   0.0311
   98.2     5.57  13.058   0.0249
   98.5     5.60  13.085   0.0294
   98.9     5.65  13.112   0.0293
   99.0     5.60  13.139   0.0327
   99.4     5.57  13.166   0.0288
   99.6     5.52  13.193   0.0255
   99.8     5.52  13.220   0.0277
  100.1     5.51  13.246   0.0260
  100.4     5.50  13.273   0.0286
  100.6     5.50  13.300   0.0266
  101.0     5.49  13.327   0.0274
  101.3     5.48  13.354   0.0269
  101.5     5.47  13.381   0.0250
  101.7     5.44  13.407   0.0257
  102.0     5.40  13.434   0.0273
  102.1     5.44  13.461   0.0265
  102.6     5.42  13.488   0.0261
  102.8     5.41  13.515   0.0256
  103.2     5.42  13.542   0.0262
  103.3     5.38  13.568   0.0252
  103.6     5.39  13.596   0.0241
  103.9     5.30  13.623   0.0221
  104.1     5.35  13.649   0.0154
  104.4     5.37  13.677   0.0229
  104.6     5.29  13.703   0.0185
  105.0     5.31  13.730   0.0260
  105.2     5.27  13.758   0.0207
  105.4     5.30  13.784   0.0196
  105.8     5.30  13.811   0.0225
  106.0     5.27  13.838   0.0249
  106.2     5.24  13.865   0.0290
  106.5     5.26  13.892   0.0290
  106.9     5.24  13.918   0.0264
  107.1     5.25  13.945   0.0292
  107.4     5.22  13.972   0.0258
  107.6     5.21  13.999   0.0281
  108.0     5.17  14.026   0.0292
  108.1     5.17  14.053   0.0273
  108.4     5.17  14.080   0.0299
  108.7     5.13  14.107   0.0298
  108.9     5.15  14.134   0.0289
  109.2     5.12  14.160   0.0316
  109.5     5.13  14.188   0.0284
  109.8     5.15  14.214   0.0251
  110.0     5.14  14.241   0.0278
  110.3     5.12  14.268   0.0289
  110.6     5.10  14.295   0.0295
  110.9     5.13  14.322   0.0290
  111.1     5.09  14.348   0.0332
  111.4     5.04  14.375   0.0299
  111.7     5.10  14.402   0.0303
  111.9     5.11  14.428   0.0292
  112.1     5.09  14.455   0.0273
  112.4     5.07  14.482   0.0254
  112.7     5.05  14.509   0.0227
  113.0     5.04  14.536   0.0219
  113.2     5.04  14.563   0.0232
  113.5     5.06  14.591   0.0231
  113.8     5.04  14.617   0.0258
  114.0     5.04  14.644   0.0282
  114.4     5.02  14.671   0.0241
  114.6     5.01  14.698   0.0267
  115.0     5.02  14.725   0.0231
  115.2     5.01  14.752   0.0212
  115.5     4.96  14.779   0.0191
  115.7     4.95  14.805   0.0172
  116.0     4.96  14.832   0.0156
  116.3     4.97  14.859   0.0154
  116.5     4.94  14.886   0.0161
  116.8     4.95  14.913   0.0134
  117.0     4.93  14.940   0.0132
  117.4     4.96  14.966   0.0137
  117.6     4.94  14.993   0.0132
  117.9     4.93  15.020   0.0119
  118.1     4.93  15.047   0.0172
  118.4     4.95  15.074   0.0144
  118.7     4.94  15.101   0.0118
  118.9     4.89  15.127   0.0152
  119.3     4.88  15.154   0.0162
  119.5     4.95  15.181   0.0149
  119.8     4.90  15.208   0.0106
  120.0     4.93  15.235   0.0127
  120.3     4.88  15.261   0.0143
  120.5     4.91  15.288   0.0125
  120.9     4.90  15.315   0.0111
  121.2     4.93  15.342   0.0093
  121.4     4.89  15.369   0.0118
  121.7     4.90  15.396   0.0090
  121.9     4.89  15.423   0.0150
  122.2     4.87  15.449   0.0143
  122.4     4.85  15.476   0.0117
  122.8     4.91  15.503   0.0129
  123.0     4.92  15.530   0.0072
  123.2     4.89  15.557   0.0098
  123.7     4.91  15.584   0.0132
  123.9     4.89  15.611   0.0120
  124.1     4.90  15.638   0.0130
  124.4     4.89  15.665   0.0126
  124.7     4.82  15.692   0.0095
  124.9     4.78  15.719   0.0122
  125.2     4.90  15.746   0.0118
  125.5     4.85  15.772   0.0138
  125.7     4.88  15.799   0.0115
  126.0     4.83  15.826   0.0129
  126.2     4.80  15.853   0.0159
  126.5     4.84  15.880   0.0136
  126.8     4.83  15.907   0.0071
  127.0     4.78  15.933   0.0073
  127.3     4.80  15.960   0.0097
  127.6     4.82  15.986   0.0096
  127.8     4.80  16.014   0.0085
  128.2     4.82  16.040   0.0126
  128.4     4.86  16.067   0.0151
  128.7     4.86  16.094   0.0170
  129.1     4.91  16.121   0.0132
  129.3     4.93  16.148   0.0137
  129.6     4.92  16.174   0.0137
  129.9     4.97  16.201   0.0153
  130.1     4.94  16.228   0.0137
  130.4     4.93  16.254   0.0125
  130.6     4.97  16.281   0.0094
  131.0     4.95  16.308   0.0110
  131.2     4.97  16.335   0.0052
  131.4     5.00  16.362   0.0072
  131.7     4.95  16.389   0.0075
  132.0     4.97  16.416   0.0090
  132.2     4.88  16.443   0.0109
  132.6     4.94  16.470   0.0111
  132.7     4.92  16.496   0.0137
  133.1     4.93  16.523   0.0154
  133.5     4.93  16.550   0.0141
  133.6     4.90  16.577   0.0110
  134.0     5.06  16.604   0.0063
  134.1     5.01  16.631   0.0191
  134.5     4.95  16.658   0.0226
  134.8     5.02  16.684   0.0233
  135.0     5.04  16.711   0.0295
  135.1     4.86  16.738   0.0220
  135.4     4.92  16.765   0.0208
  135.7     4.94  16.792   0.0204
  136.0     4.94  16.819   0.0206
  136.3     4.91  16.846   0.0217
  136.6     4.91  16.872   0.0205
  136.8     4.98  16.899   0.0155
  137.3     5.03  16.926   0.0107
  137.4     4.98  16.953   0.0127
  137.8     4.99  16.980   0.0162
  137.9     4.90  17.007   0.0132
  138.2     4.98  17.033   0.0153
  138.6     5.03  17.060   0.0150
  138.8     5.01  17.086   0.0117
  139.0     5.04  17.113   0.0127
  139.3     4.98  17.140   0.0084
  139.6     5.09  17.167   0.0112
  140.0     5.03  17.193   0.0048
  140.1     5.04  17.220   0.0073
  140.4     5.04  17.247   0.0059
  140.7     5.05  17.274   0.0061
  140.9     5.05  17.301   0.0064
  141.2     5.04  17.327  -0.0014
  141.5     5.01  17.354   0.0017
  141.8     5.03  17.381   0.0030
  142.1     5.05  17.408   0.0032
  142.4     5.07  17.435   0.0030
  142.6     5.07  17.462   0.0022
  142.9     5.04  17.489   0.0034
  143.2     5.13  17.515   0.0042
  143.4     5.07  17.542   0.0028
  143.7     5.10  17.569   0.0033
  143.9     5.11  17.596   0.0050
  144.3     5.16  17.623   0.0072
  144.6     5.12  17.650   0.0092
  144.9     5.14  17.677   0.0106
  145.0     5.14  17.703   0.0101
  145.3     5.15  17.730   0.0161
  145.8     5.18  17.757   0.0168
  146.0     5.24  17.784   0.0142
  146.3     5.10  17.811   0.0145
  146.4     5.18  17.837   0.0156
  146.8     5.25  17.865   0.0123
  147.2     5.23  17.891   0.0145
  147.4     5.27  17.918   0.0162
  147.7     5.35  17.945   0.0166
  148.0     5.26  17.972   0.0151
  148.3     5.30  17.998   0.0178
  148.5     5.27  18.025   0.0218
  148.8     5.29  18.052   0.0208
  149.2     5.29  18.079   0.0196
  149.4     5.28  18.105   0.0175
  149.5     5.26  18.132   0.0127
  149.9     5.26  18.159   0.0131
  150.1     5.27  18.186   0.0131
  150.5     5.32  18.213   0.0155
  150.7     5.30  18.240   0.0116
  151.0     5.30  18.267   0.0149
  151.3     5.34  18.293   0.0135
  151.6     5.38  18.320   0.0121
  151.8     5.39  18.347   0.0118
  152.1     5.36  18.374   0.0128
  152.4     5.36  18.401   0.0147
  152.6     5.36  18.428   0.0145
  152.9     5.37  18.455   0.0125
  153.2     5.45  18.482   0.0153
  153.4     5.44  18.509   0.0145
  153.8     5.42  18.535   0.0134
  154.1     5.42  18.562   0.0071
  154.3     5.46  18.590   0.0087
  154.6     5.45  18.616   0.0080
  154.9     5.46  18.643   0.0059
  155.1     5.45  18.670   0.0095
  155.5     5.48  18.697   0.0062
  155.8     5.46  18.724   0.0019
  156.0     5.47  18.751  -0.0003
  156.2     5.49  18.777   0.0018
  156.6     5.51  18.804   0.0028
  156.8     5.49  18.831   0.0042
  157.2     5.55  18.858   0.0054
  157.4     5.60  18.885  -0.0010
  157.8     5.58  18.912  -0.0005
  158.1     5.59  18.939   0.0008
  158.2     5.62  18.965   0.0000
  158.6     5.65  18.992   0.0013
  158.9     5.64  19.019   0.0013
  159.1     5.53  19.046   0.0036
  159.5     5.65  19.073   0.0046
  159.7     5.66  19.099   0.0064
  160.0     5.67  19.126   0.0051
  160.3     5.63  19.153   0.0061
  160.6     5.70  19.180   0.0070
  160.8     5.73  19.207   0.0076
  161.1     5.73  19.234   0.0097
  161.4     5.66  19.260   0.0119
  161.6     5.66  19.287   0.0091
  162.0     5.72  19.314   0.0082
  162.1     5.71  19.341   0.0086
  162.5     5.62  19.368   0.0109
  162.8     5.71  19.395   0.0114
  163.1     5.70  19.422   0.0152
  163.4     5.69  19.448   0.0140
  163.6     5.73  19.476   0.0166
  163.9     5.74  19.502   0.0167
  164.2     5.69  19.529   0.0174
  164.4     5.70  19.557   0.0135
  164.7     5.71  19.583   0.0135
  165.0     5.74  19.611   0.0159
  165.3     5.80  19.638   0.0165
  165.6     5.82  19.665   0.0167
  165.8     5.81  19.692   0.0155
  166.2     5.91  19.719   0.0122
  166.6     5.92  19.746   0.0126
  166.8     5.92  19.773   0.0142
  167.0     5.89  19.799   0.0172
  167.4     5.94  19.826   0.0145
  167.7     5.93  19.853   0.0174
  168.0     6.02  19.880   0.0165
  168.2     5.95  19.909   0.0133
  168.6     5.94  19.936   0.0147
  168.8     5.97  19.962   0.0150
  169.2     6.01  19.989   0.0106
  169.3     6.00  20.016   0.0111
  169.6     6.01  20.043   0.0122
  170.0     5.96  20.070   0.0126
  170.2     5.93  20.097   0.0114
  170.4     5.89  20.123   0.0099
  170.6     5.87  20.151   0.0098
  170.9     5.85  20.178   0.0119
  171.2     5.91  20.205   0.0088
  171.6     5.93  20.232   0.0114
  171.8     5.94  20.258   0.0146
  172.3     6.13  20.285   0.0004
  172.7     6.20  20.312   0.0046
  172.7     6.07  20.339   0.0150
  173.2     6.15  20.366   0.0201
  173.5     6.18  20.393   0.0194
  173.8     6.19  20.420   0.0149
  174.1     6.17  20.447   0.0155
  174.3     6.19  20.473   0.0262
  174.7     6.21  20.500   0.0185
  174.9     6.19  20.527   0.0143
  175.0     6.13  20.554   0.0125
  175.3     6.14  20.581   0.0104
  175.6     6.16  20.609   0.0084
  175.9     6.13  20.635   0.0055
  176.1     6.14  20.662   0.0121
  176.4     6.14  20.689   0.0133
  176.7     6.13  20.716   0.0143
  177.0     6.14  20.743   0.0142
  177.2     6.13  20.770   0.0136
  177.5     6.13  20.797   0.0037
  177.8     6.23  20.823   0.0029
  178.2     6.33  20.850   0.0019
  178.6     6.26  20.877  -0.0001
  178.9     6.27  20.904   0.0001
  179.0     6.25  20.931   0.0032
  179.3     6.27  20.958   0.0015
  179.7     6.34  20.985   0.0031
  180.0     6.35  21.012   0.0021
  180.3     6.38  21.039  -0.0039
  180.6     6.33  21.066  -0.0019
  180.7     6.28  21.093   0.0036
  180.9     6.20  21.120   0.0057
  181.2     6.22  21.146   0.0088
  181.6     6.27  21.173   0.0054
  181.8     6.26  21.200   0.0090
  182.1     6.27  21.227   0.0102
  182.3     6.29  21.254   0.0077
  182.7     6.26  21.280   0.0089
  183.0     6.28  21.308   0.0119
  183.2     6.33  21.335   0.0087
  183.5     6.29  21.362   0.0030
  183.7     6.35  21.389   0.0001
  184.0     6.30  21.415   0.0015
  184.3     6.33  21.442   0.0070
  184.6     6.33  21.469   0.0000
  184.8     6.35  21.496   0.0032
  185.2     6.35  21.523   0.0021
  185.5     6.35  21.550   0.0022
  185.7     6.39  21.577   0.0026
  186.0     6.38  21.604   0.0028
  186.3     6.39  21.631   0.0003
  186.6     6.40  21.657   0.0020
  186.9     6.46  21.684  -0.0008
  187.2     6.39  21.711  -0.0024
  187.5     6.41  21.738   0.0014
  187.7     6.39  21.765   0.0008
  188.0     6.43  21.792   0.0004
  188.3     6.42  21.819   0.0006
  188.5     6.41  21.846  -0.0015
  188.8     6.44  21.873   0.0024
  189.1     6.35  21.900   0.0046
  189.4     6.43  21.927   0.0008
  189.7     6.43  21.953   0.0039
  190.0     6.46  21.980   0.0027
  190.3     6.46  22.007   0.0027
  190.6     6.46  22.034   0.0008
  190.8     6.45  22.060   0.0003
  191.1     6.52  22.087   0.0034
  191.4     6.46  22.114   0.0015
  191.7     6.50  22.141  -0.0006
  191.9     6.51  22.168   0.0000
  192.2     6.51  22.195   0.0032
  192.6     6.48  22.222   0.0027
  192.9     6.57  22.249   0.0002
  193.1     6.49  22.276   0.0010
  193.4     6.53  22.303   0.0035
  193.8     6.62  22.330   0.0016
  194.0     6.61  22.357   0.0026
  194.2     6.58  22.384   0.0015
  194.5     6.55  22.411   0.0015
  194.8     6.55  22.438   0.0028
  195.1     6.56  22.465   0.0018
  195.2     6.59  22.492   0.0030
  195.7     6.64  22.519   0.0015
  195.9     6.57  22.546   0.0002
  196.2     6.60  22.573   0.0021
  196.4     6.64  22.601   0.0024
  196.7     6.59  22.627   0.0013
  197.1     6.59  22.654   0.0027
  197.4     6.65  22.681   0.0046
  197.7     6.71  22.708   0.0024
  197.8     6.63  22.734   0.0066
  198.2     6.69  22.761   0.0037
  198.5     6.71  22.788   0.0072
  198.7     6.69  22.815   0.0106
  199.0     6.65  22.842   0.0089
  199.3     6.68  22.869   0.0102
  199.5     6.66  22.896   0.0068
  199.9     6.68  22.923   0.0117
  200.1     6.64  22.949   0.0077
  200.5     6.69  22.976   0.0104
  200.7     6.71  23.003   0.0056
  201.0     6.72  23.030   0.0045
  201.3     6.70  23.057   0.0054
  201.5     6.68  23.084   0.0063
  201.8     6.65  23.111   0.0054
  202.2     6.72  23.138   0.0031
  202.3     6.69  23.165   0.0053
  202.6     6.72  23.192   0.0060
  202.9     6.72  23.218   0.0071
  203.2     6.74  23.246   0.0059
  203.4     6.75  23.273   0.0090
  203.7     6.73  23.300   0.0072
  204.0     6.74  23.327   0.0057
  204.2     6.70  23.354   0.0031
  204.7     6.72  23.380   0.0041
  204.9     6.80  23.407   0.0070
  205.2     6.80  23.434   0.0106
  205.5     6.79  23.461   0.0103
  205.7     6.79  23.488   0.0080
  206.0     6.79  23.515   0.0101
  206.2     6.79  23.542   0.0138
  206.6     6.81  23.569   0.0122
  206.9     6.81  23.597   0.0147
  207.2     6.84  23.623   0.0112
  207.4     6.84  23.651   0.0107
  207.7     6.83  23.678   0.0097
  208.0     6.86  23.704   0.0080
  208.3     6.88  23.731   0.0074
  208.5     6.82  23.758   0.0110
  208.8     6.87  23.785   0.0098
  209.1     6.80  23.812   0.0104
  209.5     6.86  23.839   0.0104
  209.6     6.86  23.866   0.0110
  209.9     6.86  23.893   0.0127
  210.2     6.85  23.920   0.0147
  210.5     6.88  23.947   0.0149
  210.8     6.89  23.973   0.0049
  211.1     6.89  24.000   0.0136
  211.2     6.92  24.027   0.0112
  211.6     6.92  24.054   0.0140
  211.8     6.94  24.081   0.0142
  212.1     6.98  24.108   0.0142
  212.5     6.99  24.135   0.0147
  212.7     7.01  24.161   0.0137
  213.1     7.01  24.189   0.0157
  213.3     7.02  24.215   0.0122
  213.5     7.03  24.242   0.0118
  213.9     7.03  24.269   0.0105
  214.1     7.03  24.296   0.0099
  214.5     7.01  24.323   0.0116
  214.6     7.01  24.350   0.0050
  214.9     6.96  24.377   0.0063
  215.1     7.06  24.404   0.0081
  215.5     7.06  24.431   0.0094
  215.8     7.10  24.458   0.0081
  216.1     7.18  24.484   0.0099
  216.4     7.20  24.512   0.0083
  216.7     7.18  24.539   0.0093
  217.0     7.21  24.566   0.0105
  217.2     7.25  24.593   0.0108
  217.6     7.19  24.620   0.0116
  217.8     7.23  24.646   0.0074
  218.0     7.22  24.673   0.0088
  218.4     7.19  24.700   0.0087
  218.5     7.19  24.727   0.0067
  218.9     7.22  24.754   0.0088
  219.2     7.27  24.780   0.0123
  219.5     7.31  24.807   0.0106
  219.7     7.28  24.834   0.0098
  219.9     7.27  24.861   0.0092
  220.2     7.28  24.887   0.0097
  220.5     7.33  24.914   0.0080
  220.9     7.30  24.941   0.0043
  221.1     7.33  24.968   0.0083
  221.4     7.32  24.995   0.0041
  221.6     7.34  25.021   0.0034
  222.0     7.35  25.048   0.0048
  222.2     7.36  25.075   0.0073
  222.6     7.39  25.102   0.0059
  222.8     7.41  25.129   0.0054
  223.0     7.46  25.156   0.0039
  223.4     7.47  25.183   0.0076
  223.7     7.45  25.210   0.0081
  224.0     7.52  25.237   0.0094
  224.3     7.50  25.264   0.0082
  224.5     7.52  25.291   0.0111
  224.8     7.58  25.318   0.0122
  225.1     7.54  25.345   0.0081
  225.4     7.59  25.372   0.0067
  225.7     7.62  25.399   0.0065
  226.0     7.64  25.426   0.0085
  226.1     7.62  25.452   0.0099
  226.5     7.64  25.479   0.0084
  226.9     7.67  25.506   0.0106
  227.1     7.67  25.533   0.0092
  227.4     7.71  25.560   0.0087
  227.7     7.65  25.587   0.0092
  228.0     7.74  25.614   0.0087
  228.3     7.76  25.641   0.0083
  228.5     7.77  25.668   0.0064
  228.8     7.75  25.695   0.0072
  229.1     7.77  25.722   0.0012
  229.3     7.77  25.749   0.0010
  229.7     7.77  25.776   0.0032
  230.0     7.81  25.803   0.0023
  230.3     7.77  25.830   0.0007
  230.6     7.88  25.857   0.0015
  230.9     7.85  25.885   0.0015
  231.1     7.82  25.911  -0.0004
  231.4     7.84  25.938  -0.0008
  231.7     7.85  25.965  -0.0030
  232.0     7.87  25.992   0.0006
  232.3     7.90  26.019  -0.0001
  232.5     7.91  26.046  -0.0074
  232.8     7.97  26.072  -0.0010
  233.1     7.95  26.100  -0.0070
  233.5     8.00  26.127  -0.0021
  233.8     8.01  26.153  -0.0033
  234.0     8.02  26.180  -0.0071
  234.3     8.02  26.207  -0.0104
  234.5     8.04  26.234  -0.0088
  234.8     7.98  26.261  -0.0067
  235.1     8.05  26.288  -0.0101
  235.4     8.05  26.315  -0.0085
  235.7     8.09  26.342  -0.0073
  236.0     8.10  26.369  -0.0066
  236.3     8.09  26.396  -0.0009
  236.6     8.12  26.423  -0.0040
  236.9     8.13  26.449  -0.0036
  237.2     8.11  26.476  -0.0064
  237.4     8.17  26.503  -0.0074
  237.7     8.16  26.530  -0.0108
  238.1     8.15  26.557  -0.0107
  238.3     8.16  26.584  -0.0120
  238.5     8.21  26.611  -0.0132
  238.9     8.19  26.638  -0.0162
  239.2     8.20  26.665  -0.0138
  239.5     8.21  26.692  -0.0159
  239.7     8.20  26.718  -0.0140
  240.0     8.23  26.745  -0.0148
  240.2     8.24  26.772  -0.0129
  240.6     8.24  26.799  -0.0069
  240.9     8.27  26.826  -0.0095
  241.2     8.34  26.853  -0.0114
  241.5     8.31  26.880  -0.0097
  241.6     8.32  26.907  -0.0114
  242.0     8.30  26.934  -0.0118
  242.3     8.35  26.961  -0.0112
  242.6     8.32  26.987  -0.0109
  242.8     8.34  27.014  -0.0070
  243.1     8.36  27.041  -0.0081
  243.5     8.37  27.068  -0.0098
  243.7     8.38  27.095  -0.0125
  244.0     8.40  27.122  -0.0124
  244.3     8.41  27.148  -0.0144
  244.6     8.40  27.176  -0.0134
  244.9     8.42  27.203  -0.0136
  245.1     8.43  27.229  -0.0148
  245.4     8.47  27.256  -0.0137
  245.7     8.48  27.283  -0.0172
  246.0     8.54  27.310  -0.0168
  246.2     8.50  27.337  -0.0166
  246.5     8.46  27.364  -0.0193
  246.8     8.45  27.390  -0.0171
  247.0     8.49  27.417  -0.0175
  247.4     8.50  27.444  -0.0167
  247.7     8.53  27.471  -0.0153
  247.9     8.52  27.498  -0.0156
  248.2     8.52  27.526  -0.0174
  248.5     8.53  27.552  -0.0180
  248.8     8.51  27.579  -0.0177
  249.2     8.53  27.607  -0.0176
  249.4     8.54  27.634  -0.0187
  249.7     8.56  27.661  -0.0175
  250.0     8.58  27.688  -0.0206
  250.2     8.59  27.716  -0.0223
  250.6     8.62  27.743  -0.0225
  250.8     8.63  27.770  -0.0200
  251.1     8.62  27.796  -0.0200
  251.3     8.64  27.823  -0.0204
  251.6     8.66  27.851  -0.0208
  252.0     8.67  27.877  -0.0232
  252.2     8.65  27.905  -0.0247
  252.5     8.67  27.932  -0.0198
  252.8     8.67  27.958  -0.0216
  253.1     8.69  27.985  -0.0233
  253.4     8.69  28.012  -0.0206
  253.5     8.71  28.039  -0.0237
  253.9     8.72  28.066  -0.0234
  254.2     8.74  28.093  -0.0241
  254.3     8.75  28.120  -0.0232
  254.7     8.77  28.147  -0.0203
  255.1     8.77  28.174  -0.0208
  255.3     8.78  28.201  -0.0222
  255.6     8.80  28.228  -0.0224
  255.8     8.79  28.255  -0.0250
  256.1     8.81  28.282  -0.0247
  256.5     8.79  28.308  -0.0235
  256.8     8.80  28.335  -0.0225
  257.0     8.82  28.362  -0.0204
  257.3     8.82  28.390  -0.0237
  257.5     8.83  28.417  -0.0259
  258.0     8.83  28.443  -0.0276
  258.2     8.86  28.471  -0.0252
  258.3     8.87  28.498  -0.0235
  258.8     8.89  28.525  -0.0236
  259.0     8.87  28.552  -0.0262
  259.2     8.87  28.579  -0.0291
  259.6     8.86  28.606  -0.0316
  259.8     8.88  28.634  -0.0315
  260.1     8.88  28.660  -0.0295
  260.3     8.82  28.687  -0.0251
  260.7     8.86  28.714  -0.0266
  260.9     8.81  28.741  -0.0285
  261.2     8.84  28.768  -0.0280
  261.5     8.90  28.795  -0.0255
  261.8     8.88  28.822  -0.0269
  262.0     8.90  28.849  -0.0236
  262.4     8.93  28.876  -0.0270
  262.6     8.92  28.903  -0.0271
  262.9     8.92  28.930  -0.0265
  263.2     8.92  28.957  -0.0252
  263.5     8.96  28.984  -0.0289
  263.7     8.94  29.011  -0.0276
  264.0     8.96  29.038  -0.0298
  264.3     8.93  29.064  -0.0290
  264.6     8.96  29.091  -0.0298
  264.9     8.92  29.118  -0.0280
  265.1     8.95  29.145  -0.0273
  265.4     8.94  29.172  -0.0283
  265.7     8.94  29.199  -0.0290
  266.0     8.96  29.226  -0.0248
  266.3     8.95  29.253  -0.0244
  266.5     8.97  29.279  -0.0256
  266.8     8.98  29.307  -0.0235
  267.1     8.95  29.333  -0.0252
  267.3     8.95  29.360  -0.0259
  267.6     8.92  29.387  -0.0289
  267.8     8.94  29.415  -0.0313
  268.2     8.95  29.441  -0.0306
  268.4     8.90  29.468  -0.0323
  268.7     8.93  29.495  -0.0337
  269.0     8.91  29.522  -0.0348
  269.4     8.89  29.549  -0.0325
  269.6     8.91  29.576  -0.0341
  269.8     8.90  29.604  -0.0355
  270.1     8.90  29.631  -0.0354
  270.5     8.92  29.658  -0.0358
  270.7     8.91  29.685  -0.0382
  271.0     8.88  29.712  -0.0348
  271.2     8.90  29.740  -0.0346
  271.6     8.90  29.767  -0.0391
  271.9     8.89  29.794  -0.0381
  272.0     8.84  29.821  -0.0395
  272.4     8.85  29.848  -0.0378
  272.7     8.91  29.875  -0.0361
  272.9     8.86  29.902  -0.0351
  273.2     8.88  29.929  -0.0389
  273.4     8.86  29.957  -0.0358
  273.7     8.85  29.984  -0.0306
  274.0     8.87  30.011  -0.0332
  274.4     8.89  30.038  -0.0311
  274.6     8.87  30.065  -0.0320
  274.9     8.86  30.092  -0.0329
  275.2     8.86  30.119  -0.0345
  275.4     8.84  30.146  -0.0315
  275.7     8.80  30.174  -0.0273
  276.0     8.83  30.201  -0.0279
  276.3     8.81  30.228  -0.0329
  276.6     8.84  30.255  -0.0330
  276.9     8.85  30.282  -0.0306
  277.1     8.83  30.309  -0.0307
  277.4     8.81  30.336  -0.0331
  277.7     8.80  30.363  -0.0350
  278.0     8.80  30.390  -0.0355
  278.4     8.82  30.417  -0.0358
  278.5     8.82  30.444  -0.0353
  278.9     8.80  30.471  -0.0353
  279.2     8.81  30.498  -0.0373
  279.5     8.74  30.526  -0.0386
  279.6     8.77  30.553  -0.0412
  279.9     8.77  30.580  -0.0406
  280.2     8.76  30.607  -0.0378
  280.6     8.77  30.634  -0.0404
  280.8     8.78  30.661  -0.0413
  281.1     8.75  30.688  -0.0409
  281.4     8.76  30.715  -0.0394
  281.7     8.77  30.743  -0.0374
  281.9     8.75  30.770  -0.0374
  282.3     8.77  30.797  -0.0405
  282.5     8.75  30.824  -0.0392
  282.8     8.78  30.851  -0.0359
  283.0     8.68  30.878  -0.0356
  283.4     8.69  30.905  -0.0347
  283.6     8.68  30.932  -0.0347
  283.9     8.68  30.959  -0.0368
  284.2     8.68  30.986  -0.0417
  284.4     8.68  31.013  -0.0384
  284.8     8.75  31.040  -0.0448
  285.0     8.68  31.067  -0.0430
  285.3     8.61  31.094  -0.0415
  285.6     8.69  31.121  -0.0419
  285.9     8.66  31.148  -0.0424
  286.2     8.62  31.175  -0.0369
  286.4     8.55  31.202  -0.0370
  286.7     8.63  31.229  -0.0382
  286.9     8.61  31.256  -0.0413
  287.3     8.61  31.283  -0.0376
  287.6     8.61  31.310  -0.0354
  287.8     8.60  31.337  -0.0386
  288.2     8.58  31.364  -0.0364
  288.5     8.57  31.391  -0.0368
  288.8     8.60  31.418  -0.0352
  289.0     8.60  31.445  -0.0325
  289.3     8.57  31.472  -0.0312
  289.7     8.52  31.499  -0.0343
  289.8     8.59  31.526  -0.0381
  290.1     8.57  31.553  -0.0364
  290.3     8.54  31.580  -0.0351
  290.7     8.57  31.607  -0.0388
  290.9     8.56  31.634  -0.0385
  291.2     8.49  31.661  -0.0410
  291.5     8.51  31.689  -0.0416
  291.8     8.52  31.716  -0.0414
  292.1     8.52  31.743  -0.0445
  292.3     8.52  31.770  -0.0440
  292.7     8.52  31.797  -0.0446
  293.0     8.50  31.823  -0.0478
  293.3     8.47  31.851  -0.0458
  293.5     8.47  31.878  -0.0447
  293.8     8.46  31.905  -0.0446
  294.0     8.47  31.932  -0.0469
  294.3     8.45  31.959  -0.0464
  294.6     8.47  31.986  -0.0464
  294.9     8.42  32.013  -0.0453
  295.1     8.43  32.040  -0.0455
  295.5     8.43  32.067  -0.0425
  295.7     8.41  32.094  -0.0421
  296.0     8.41  32.121  -0.0447
  296.3     8.37  32.147  -0.0445
  296.6     8.40  32.174  -0.0447
  296.8     8.38  32.201  -0.0442
  297.2     8.39  32.228  -0.0449
  297.5     8.38  32.255  -0.0442
  297.8     8.36  32.282  -0.0433
  298.0     8.37  32.310  -0.0436
  298.3     8.36  32.337  -0.0425
  298.5     8.36  32.364  -0.0448
  298.8     8.35  32.391  -0.0426
  299.1     8.34  32.418  -0.0426
  299.4     8.33  32.445  -0.0463
  299.7     8.31  32.472  -0.0498
  300.0     8.31  32.498  -0.0495
  300.2     8.32  32.526  -0.0515
  300.6     8.26  32.553  -0.0472
  300.8     8.32  32.580  -0.0457
  301.1     8.29  32.608  -0.0456
  301.4     8.33  32.635  -0.0459
  301.8     8.31  32.662  -0.0434
  302.0     8.27  32.689  -0.0428
  302.3     8.30  32.716  -0.0405
  302.5     8.31  32.743  -0.0409
  302.8     8.29  32.770  -0.0427
  303.1     8.31  32.797  -0.0421
  303.4     8.28  32.824  -0.0428
  303.7     8.28  32.851  -0.0454
  304.0     8.29  32.878  -0.0447
  304.3     8.27  32.905  -0.0439
  304.5     8.27  32.932  -0.0434
  304.8     8.24  32.959  -0.0454
  305.0     8.26  32.986  -0.0439
  305.4     8.23  33.013  -0.0429
  305.7     8.23  33.040  -0.0434
  306.0     8.23  33.068  -0.0422
  306.3     8.23  33.095  -0.0376
  306.6     8.21  33.122  -0.0377
  306.9     8.21  33.149  -0.0403
  307.1     8.19  33.176  -0.0445
  307.4     8.17  33.203  -0.0441
  307.7     8.16  33.230  -0.0401
  308.0     8.16  33.258  -0.0452
  308.3     8.13  33.285  -0.0435
  308.4     8.14  33.312  -0.0423
  308.8     8.11  33.339  -0.0425
  309.2     8.11  33.367  -0.0404
  309.5     8.14  33.394  -0.0403
  309.6     8.13  33.421  -0.0422
  310.0     8.13  33.448  -0.0400
  310.3     8.09  33.476  -0.0426
  310.4     8.06  33.503  -0.0466
  310.9     8.10  33.530  -0.0494
  311.1     8.08  33.557  -0.0460
  311.4     8.05  33.584  -0.0489
  311.7     8.07  33.611  -0.0483
  312.0     8.04  33.639  -0.0473
  312.2     8.05  33.665  -0.0457
  312.5     8.03  33.693  -0.0483
  312.8     8.04  33.720  -0.0459
  313.0     8.06  33.747  -0.0442
  313.4     8.04  33.774  -0.0469
  313.7     8.05  33.801  -0.0441
  313.9     8.10  33.828  -0.0484
  314.3     8.01  33.856  -0.0462
  314.5     8.03  33.883  -0.0483
  314.7     8.03  33.909  -0.0504
  315.0     8.02  33.937  -0.0497
  315.3     7.98  33.964  -0.0517
  315.5     7.98  33.991  -0.0521
  315.9     7.94  34.018  -0.0566
  316.2     7.97  34.045  -0.0558
  316.5     7.97  34.073  -0.0548
  316.7     7.91  34.100  -0.0520
  317.1     7.92  34.127  -0.0561
  317.4     7.97  34.155  -0.0546
  317.6     7.97  34.182  -0.0559
  318.0     7.95  34.209  -0.0584
  318.2     7.86  34.237  -0.0584
  318.6     7.98  34.264  -0.0558
  318.8     7.95  34.291  -0.0535
  319.2     7.91  34.318  -0.0564
  319.3     7.95  34.345  -0.0549
  319.7     7.93  34.372  -0.0682
  320.0     7.90  34.399  -0.0552
  320.2     7.91  34.426  -0.0603
  320.6     7.92  34.453  -0.0586
  320.9     7.91  34.480  -0.0591
  321.1     7.88  34.507  -0.0608
  321.3     7.89  34.534  -0.0609
  321.7     7.85  34.561  -0.0590
  321.9     7.83  34.589  -0.0571
  322.2     7.80  34.617  -0.0552
  322.5     7.82  34.643  -0.0542
  322.8     7.85  34.670  -0.0553
  323.1     7.83  34.698  -0.0586
  323.3     7.83  34.725  -0.0574
  323.6     7.80  34.752  -0.0593
  324.1     7.86  34.780  -0.0615
  324.4     7.85  34.807  -0.0590
  324.6     7.82  34.834  -0.0645
  324.9     7.74  34.861  -0.0632
  325.1     7.77  34.888  -0.0644
  325.5     7.74  34.915  -0.0609
  325.6     7.77  34.942  -0.0626
  325.9     7.80  34.969  -0.0616
  326.3     7.80  34.996  -0.0645
  326.7     7.81  35.023  -0.0658
  326.8     7.75  35.051  -0.0636
  327.2     7.75  35.078  -0.0633
  327.5     7.80  35.105  -0.0649
  327.7     7.83  35.132  -0.0604
  328.0     7.77  35.158  -0.0638
  328.4     7.75  35.186  -0.0640
  328.7     7.76  35.213  -0.0640
  328.9     7.73  35.240  -0.0638
  329.3     7.74  35.267  -0.0675
  329.5     7.69  35.293  -0.0678
  329.7     7.68  35.320  -0.0678
  330.0     7.68  35.347  -0.0665
  330.4     7.68  35.374  -0.0687
  330.6     7.71  35.401  -0.0679
  330.9     7.68  35.428  -0.0683
  331.2     7.71  35.455  -0.0678
  331.5     7.74  35.482  -0.0656
  331.8     7.70  35.509  -0.0647
  332.1     7.71  35.536  -0.0634
  332.4     7.68  35.563  -0.0622
  332.7     7.68  35.590  -0.0576
  333.0     7.71  35.617  -0.0588
  333.3     7.68  35.644  -0.0607
  333.5     7.73  35.671  -0.0624
  334.0     7.69  35.698  -0.0604
  334.2     7.68  35.725  -0.0653
  334.5     7.70  35.752  -0.0668
  334.8     7.60  35.779  -0.0675
  335.0     7.63  35.806  -0.0684
  335.3     7.61  35.833  -0.0674
  335.6     7.61  35.861  -0.0656
  335.8     7.63  35.888  -0.0659
  336.2     7.56  35.915  -0.0673
  336.5     7.60  35.942  -0.0695
  336.7     7.54  35.969  -0.0716
  337.0     7.48  35.996  -0.0730
  337.2     7.50  36.023  -0.0747
  337.5     7.54  36.050  -0.0777
  337.8     7.49  36.077  -0.0718
  338.1     7.54  36.104  -0.0711
  338.4     7.52  36.131  -0.0716
  338.7     7.48  36.158  -0.0725
  338.9     7.46  36.185  -0.0717
  339.3     7.52  36.213  -0.0736
  339.5     7.52  36.240  -0.0700
  339.8     7.58  36.267  -0.0676
  340.1     7.55  36.295  -0.0693
  340.5     7.48  36.322  -0.0673
  340.7     7.50  36.349  -0.0675
  340.9     7.43  36.376  -0.0648
  341.3     7.52  36.403  -0.0672
  341.6     7.51  36.429  -0.0628
  341.8     7.50  36.457  -0.0638
  342.2     7.52  36.484  -0.0640
  342.4     7.48  36.511  -0.0657
  342.7     7.43  36.538  -0.0643
  342.9     7.45  36.565  -0.0642
  343.3     7.43  36.592  -0.0613
  343.6     7.45  36.619  -0.0630
  343.8     7.45  36.646  -0.0617
  344.1     7.40  36.673  -0.0657
  344.4     7.42  36.700  -0.0635
  344.7     7.43  36.727  -0.0680
  345.1     7.41  36.754  -0.0663
  345.3     7.41  36.782  -0.0662
  345.6     7.42  36.809  -0.0678
  345.9     7.48  36.836  -0.0704
  346.2     7.44  36.863  -0.0697
  346.4     7.43  36.890  -0.0634
  346.6     7.45  36.917  -0.0649
  347.0     7.43  36.944  -0.0603
  347.2     7.41  36.971  -0.0639
  347.5     7.43  36.998  -0.0630
  347.9     7.41  37.025  -0.0647
  348.3     7.41  37.052  -0.0649
  348.5     7.37  37.079  -0.0655
  348.7     7.36  37.106  -0.0648
  349.1     7.37  37.133  -0.0697
  349.4     7.33  37.160  -0.0682
  349.6     7.31  37.188  -0.0659
  349.8     7.29  37.215  -0.0647
  350.2     7.27  37.242  -0.0640
  350.5     7.29  37.268  -0.0636
  350.7     7.32  37.295  -0.0618
  351.1     7.23  37.322  -0.0663
  351.3     7.24  37.350  -0.0649
  351.6     7.25  37.377  -0.0696
  351.8     7.23  37.403  -0.0700
  352.1     7.22  37.430  -0.0699
  352.5     7.25  37.457  -0.0710
  352.7     7.31  37.484  -0.0789
  353.1     7.31  37.511  -0.0693
  353.3     7.27  37.539  -0.0728
  353.5     7.27  37.565  -0.0679
  353.8     7.24  37.593  -0.0676
  354.2     7.26  37.620  -0.0689
  354.4     7.24  37.647  -0.0693
  354.7     7.21  37.675  -0.0689
  354.9     7.21  37.702  -0.0684
  355.3     7.30  37.729  -0.0668
  355.6     7.27  37.757  -0.0679
  355.9     7.26  37.784  -0.0704
  356.2     7.27  37.811  -0.0668
  356.5     7.23  37.838  -0.0644
  356.8     7.23  37.865  -0.0655
  357.0     7.17  37.892  -0.0661
  357.3     7.26  37.920  -0.0669
  357.5     7.24  37.947  -0.0684
  357.9     7.24  37.974  -0.0686
  358.1     7.20  38.001  -0.0691
  358.4     7.15  38.028  -0.0686
  358.6     7.21  38.055  -0.0664
  359.0     7.21  38.082  -0.0674
  359.3     7.20  38.109  -0.0665
  359.6     7.23  38.136  -0.0685
  359.8     7.23  38.163  -0.0696
  360.2     7.24  38.190  -0.0675
  360.5     7.22  38.217  -0.0670
  360.8     7.22  38.244  -0.0688
  360.9     7.20  38.271  -0.0674
  361.3     7.20  38.298  -0.0653
  361.6     7.25  38.326  -0.0648
  361.8     7.19  38.353  -0.0658
  362.1     7.19  38.380  -0.0655
  362.5     7.18  38.407  -0.0658
  362.7     7.18  38.434  -0.0692
  363.0     7.18  38.461  -0.0678
  363.2     7.18  38.488  -0.0642
  363.5     7.18  38.515  -0.0681
  363.8     7.11  38.542  -0.0692
  364.1     7.11  38.569  -0.0708
  364.4     7.14  38.597  -0.0684
  364.6     7.09  38.623  -0.0693
  364.9     7.08  38.651  -0.0679
  365.2     7.10  38.677  -0.0693
  365.4     7.14  38.704  -0.0676
  365.8     7.13  38.731  -0.0710
  366.1     7.10  38.759  -0.0707
  366.4     7.08  38.786  -0.0711
  366.5     7.08  38.814  -0.0701
  366.9     7.05  38.841  -0.0708
  367.2     7.04  38.868  -0.0727
  367.4     7.06  38.895  -0.0734
  367.6     7.04  38.922  -0.0716
  368.0     7.02  38.948  -0.0686
  368.3     7.02  38.976  -0.0707
  368.5     7.04  39.003  -0.0710
  368.9     7.05  39.030  -0.0704
  369.2     7.03  39.057  -0.0708
  369.4     7.02  39.084  -0.0712
  369.7     6.98  39.112  -0.0727
  369.9     6.95  39.139  -0.0743
  370.2     7.00  39.166  -0.0724
  370.5     7.00  39.193  -0.0745
  370.8     6.99  39.220  -0.0761
  371.1     6.99  39.247  -0.0781
  371.3     6.98  39.273  -0.0763
  371.6     6.97  39.300  -0.0747
  371.9     6.95  39.327  -0.0756
  372.2     6.97  39.355  -0.0740
  372.5     6.99  39.382  -0.0748
  372.8     6.99  39.408  -0.0742
  373.0     6.97  39.435  -0.0714
  373.3     6.96  39.462  -0.0728
  373.6     6.95  39.489  -0.0750
  373.9     6.94  39.516  -0.0747
  374.2     6.96  39.543  -0.0743
  374.4     6.95  39.570  -0.0748
  374.7     6.93  39.598  -0.0766
  375.0     6.95  39.626  -0.0760
  375.4     6.93  39.653  -0.0759
  375.6     6.95  39.680  -0.0767
  375.9     6.90  39.707  -0.0768
  376.1     6.92  39.734  -0.0754
  376.5     6.92  39.762  -0.0735
  376.7     6.88  39.789  -0.0756
  377.0     6.86  39.816  -0.0794
  377.2     6.84  39.843  -0.0751
  377.5     6.88  39.871  -0.0746
  377.8     6.83  39.898  -0.0756
  378.1     6.84  39.925  -0.0788
  378.4     6.85  39.952  -0.0787
  378.7     6.82  39.979  -0.0805
  378.9     6.81  40.006  -0.0794
  379.4     6.81  40.033  -0.0780
  379.5     6.83  40.060  -0.0770
  379.8     6.84  40.087  -0.0770
  380.0     6.80  40.114  -0.0743
  380.4     6.84  40.141  -0.0751
  380.8     6.85  40.168  -0.0764
  380.9     6.79  40.196  -0.0770
  381.1     6.80  40.222  -0.0761
  381.6     6.81  40.250  -0.0770
  381.8     6.85  40.277  -0.0794
  382.1     6.77  40.304  -0.0790
  382.4     6.76  40.331  -0.0788
  382.6     6.85  40.358  -0.0816
  383.0     6.82  40.385  -0.0802
  383.1     6.81  40.412  -0.0826
  383.4     6.78  40.439  -0.0823
  383.7     6.80  40.466  -0.0833
  384.0     6.79  40.493  -0.0835
  384.3     6.76  40.521  -0.0840
  384.6     6.76  40.548  -0.0850
  384.8     6.77  40.575  -0.0834
  385.2     6.81  40.603  -0.0799
  385.5     6.82  40.630  -0.0830
  385.8     6.77  40.657  -0.0815
  386.0     6.78  40.684  -0.0811
  386.4     6.79  40.711  -0.0807
  386.7     6.81  40.738  -0.0790
  386.9     6.76  40.765  -0.0791
  387.2     6.78  40.792  -0.0776
  387.5     6.75  40.819  -0.0754
  387.8     6.74  40.846  -0.0776
  388.1     6.76  40.873  -0.0814
  388.3     6.75  40.900  -0.0806
  388.6     6.74  40.927  -0.0826
  388.9     6.78  40.954  -0.0837
  389.3     6.76  40.982  -0.0787
  389.6     6.77  41.009  -0.0816
  389.8     6.78  41.036  -0.0807
  390.0     6.76  41.063  -0.0825
  390.3     6.75  41.090  -0.0821
  390.7     6.78  41.117  -0.0813
  391.0     6.77  41.144  -0.0794
  391.2     6.74  41.171  -0.0799
  391.5     6.73  41.199  -0.0805
  391.7     6.71  41.226  -0.0830
  392.0     6.76  41.253  -0.0803
  392.2     6.69  41.280  -0.0804
  392.5     6.69  41.307  -0.0805
  392.8     6.64  41.334  -0.0806
  393.0     6.67  41.361  -0.0821
  393.4     6.71  41.389  -0.0785
  393.6     6.65  41.415  -0.0794
  393.8     6.60  41.442  -0.0821
  394.1     6.59  41.470  -0.0781
  394.4     6.61  41.497  -0.0743
  394.7     6.63  41.524  -0.0777
  395.0     6.60  41.551  -0.0781
  395.2     6.59  41.578  -0.0810
  395.5     6.58  41.606  -0.0824
  395.9     6.57  41.633  -0.0806
  396.1     6.51  41.660  -0.0778
  396.5     6.60  41.687  -0.0793
  396.7     6.61  41.714  -0.0827
  397.0     6.59  41.741  -0.0833
  397.2     6.57  41.768  -0.0887
  397.5     6.55  41.796  -0.0850
  397.8     6.60  41.823  -0.0813
  398.1     6.58  41.850  -0.0816
  398.4     6.57  41.877  -0.0847
  398.7     6.55  41.905  -0.0827
  398.9     6.56  41.932  -0.0819
  399.2     6.54  41.959  -0.0822
  399.5     6.57  41.986  -0.0822
  399.8     6.53  42.013  -0.0844
  400.1     6.54  42.040  -0.0883
  400.3     6.53  42.067  -0.0904
  400.6     6.52  42.095  -0.0880
  400.9     6.55  42.122  -0.0877
  401.3     6.55  42.149  -0.0862
  401.5     6.56  42.176  -0.0857
  401.8     6.44  42.204  -0.0845
  402.0     6.50  42.231  -0.0868
  402.3     6.52  42.259  -0.0845
  402.6     6.47  42.285  -0.0813
  402.9     6.47  42.313  -0.0820
  403.2     6.48  42.340  -0.0827
  403.4     6.54  42.367  -0.0822
  403.7     6.49  42.394  -0.0863
  404.0     6.46  42.421  -0.0863
  404.3     6.53  42.449  -0.0890
  404.6     6.47  42.476  -0.0867
  404.9     6.35  42.503  -0.0840
  405.0     6.43  42.530  -0.0851
  405.5     6.46  42.558  -0.0889
  405.7     6.43  42.586  -0.0885
  406.0     6.44  42.613  -0.0869
  406.2     6.28  42.640  -0.0901
  406.5     6.42  42.667  -0.0893
  406.8     6.43  42.694  -0.0929
  407.1     6.43  42.722  -0.0896
  407.3     6.38  42.749  -0.0883
  407.6     6.39  42.777  -0.0864
  407.9     6.43  42.804  -0.0916
  408.2     6.38  42.831  -0.0911
  408.5     6.39  42.858  -0.0884
  408.8     6.47  42.885  -0.0909
  409.0     6.45  42.912  -0.0918
  409.4     6.39  42.939  -0.0920
  409.7     6.30  42.967  -0.0920
  409.9     6.37  42.994  -0.0959
  410.3     6.37  43.022  -0.0917
  410.5     6.35  43.049  -0.0909
  410.8     6.37  43.076  -0.0891
  411.0     6.30  43.103  -0.0885
  411.3     6.36  43.130  -0.0904
  411.7     6.38  43.157  -0.0866
  411.9     6.36  43.185  -0.0881
  412.0     6.33  43.213  -0.0890
  412.4     6.37  43.240  -0.0869
  412.8     6.40  43.267  -0.0866
  413.1     6.36  43.295  -0.0895
  413.4     6.36  43.323  -0.0881
  413.6     6.32  43.349  -0.0893
  413.9     6.33  43.377  -0.0873
  414.2     6.33  43.404  -0.0869
  414.5     6.31  43.432  -0.0857
  414.7     6.31  43.458  -0.0951
  415.1     6.33  43.485  -0.0863
  415.4     6.39  43.512  -0.0831
  415.6     6.36  43.539  -0.0847
  416.0     6.42  43.566  -0.0814
  416.3     6.38  43.594  -0.0843
  416.5     6.37  43.621  -0.0875
  416.8     6.36  43.648  -0.0846
  417.1     6.38  43.676  -0.0834
  417.4     6.40  43.703  -0.0824
  417.7     6.37  43.730  -0.0842
  417.9     6.37  43.758  -0.0854
  418.2     6.37  43.785  -0.0846
  418.6     6.44  43.812  -0.0853
  418.8     6.31  43.839  -0.0828
  419.0     6.33  43.867  -0.0869
  419.4     6.30  43.894  -0.0882
  419.5     6.27  43.921  -0.0863
  419.9     6.31  43.948  -0.0817
  420.2     6.31  43.975  -0.0823
  420.5     6.23  44.002  -0.0819
  420.7     6.26  44.029  -0.0848
  421.1     6.25  44.057  -0.0849
  421.3     6.25  44.083  -0.0862
  421.5     6.24  44.110  -0.0834
  421.8     6.26  44.137  -0.0865
  422.1     6.28  44.164  -0.0878
  422.4     6.28  44.192  -0.0868
  422.6     6.23  44.218  -0.0872
  423.0     6.20  44.245  -0.0867
  423.1     6.13  44.272  -0.0836
  423.3     6.11  44.300  -0.0829
  423.7     6.10  44.327  -0.0880
  424.0     6.16  44.354  -0.0860
  424.3     6.19  44.381  -0.0856
  424.8     6.23  44.408  -0.0837
  424.9     6.21  44.435  -0.0814
  425.3     6.23  44.463  -0.0801
  425.5     6.23  44.490  -0.0803
  425.8     6.17  44.517  -0.0801
  426.0     6.09  44.545  -0.0810
  426.3     6.15  44.572  -0.0815
  426.6     6.13  44.600  -0.0830
  427.0     6.21  44.627  -0.0841
  427.3     6.21  44.654  -0.0834
  427.5     6.11  44.681  -0.0830
  427.9     6.19  44.709  -0.0830
  428.0     6.10  44.736  -0.0886
  428.4     6.12  44.763  -0.0902
  428.7     6.16  44.791  -0.0896
  428.9     6.16  44.817  -0.0915
  429.2     6.13  44.845  -0.0885
  429.5     6.10  44.872  -0.0859
  429.9     6.11  44.899  -0.0892
  430.1     6.10  44.926  -0.0881
  430.3     6.12  44.954  -0.0852
  430.5     6.04  44.981  -0.0852
  430.8     5.96  45.008  -0.0832
  431.2     6.07  45.035  -0.0859
  431.4     6.07  45.063  -0.0855
  431.8     6.09  45.090  -0.0863
  432.1     6.07  45.117  -0.0857
  432.2     6.03  45.144  -0.0844
  432.5     6.04  45.171  -0.0866
  432.8     6.03  45.198  -0.0927
  433.1     6.04  45.225  -0.0904
  433.3     6.02  45.252  -0.0880
  433.7     6.01  45.280  -0.0856
  434.0     6.04  45.307  -0.0892
  434.2     6.05  45.334  -0.0902
  434.5     6.03  45.362  -0.0873
  434.8     6.07  45.389  -0.0885
  435.1     6.05  45.417  -0.0875
  435.4     6.06  45.444  -0.0947
  435.7     5.99  45.471  -0.0968
  435.8     5.85  45.499  -0.0909
  436.3     5.95  45.526  -0.0904
  436.5     5.93  45.553  -0.0906
  436.7     5.96  45.581  -0.0928
  436.9     5.95  45.609  -0.0938
  437.3     5.93  45.636  -0.0965
  437.6     5.99  45.663  -0.0955
  437.9     6.02  45.690  -0.0946
  438.1     5.96  45.717  -0.0910
  438.4     5.94  45.745  -0.0916
  438.6     5.88  45.772  -0.0918
  438.9     5.83  45.799  -0.0934
  439.2     5.88  45.826  -0.0903
  439.5     5.93  45.853  -0.0899
  439.8     5.92  45.881  -0.0911
  440.1     5.92  45.908  -0.0944
  440.3     5.88  45.935  -0.0970
  440.7     5.87  45.963  -0.0983
  441.0     5.94  45.990  -0.0952
  441.2     5.89  46.018  -0.0958
  441.5     5.86  46.045  -0.0975
  441.7     5.84  46.072  -0.0976
  442.0     5.84  46.100  -0.1009
  442.3     5.82  46.127  -0.1012
  442.5     5.83  46.154  -0.1007
  442.9     5.88  46.181  -0.0992
  443.1     5.82  46.209  -0.0967
  443.4     5.82  46.236  -0.0969
  443.7     5.87  46.263  -0.0955
  443.9     5.81  46.290  -0.0969
  444.2     5.84  46.317  -0.0989
  444.5     5.82  46.344  -0.1039
  444.8     5.82  46.371  -0.0999
  445.1     5.81  46.398  -0.1028
  445.3     5.82  46.426  -0.1003
  445.6     5.78  46.453  -0.0998
  445.9     5.79  46.480  -0.0988
  446.1     5.75  46.507  -0.0997
  446.4     5.76  46.534  -0.0975
  446.7     5.75  46.561  -0.0959
  447.0     5.73  46.589  -0.0975
  447.1     5.77  46.616  -0.0956
  447.4     5.73  46.643  -0.0972
  447.8     5.72  46.670  -0.0975
  448.1     5.74  46.697  -0.0997
  448.4     5.81  46.724  -0.0965
  448.8     5.81  46.751  -0.0956
  448.9     5.75  46.778  -0.0982
  449.1     5.78  46.806  -0.0970
  449.4     5.77  46.833  -0.0963
  449.8     5.80  46.860  -0.0970
  450.2     5.79  46.887  -0.0981
  450.3     5.75  46.914  -0.0990
  450.7     5.82  46.941  -0.1074
  450.9     5.74  46.968  -0.1007
  451.1     5.71  46.995  -0.1017
  451.4     5.70  47.022  -0.1013
  451.7     5.68  47.049  -0.0990
  451.9     5.69  47.076  -0.0999
  452.2     5.66  47.103  -0.0992
  452.5     5.71  47.130  -0.0993
  452.8     5.66  47.157  -0.0985
  453.0     5.63  47.184  -0.0978
  453.2     5.61  47.211  -0.0986
  453.6     5.64  47.238  -0.0965
  454.0     5.82  47.265  -0.0954
  454.2     5.73  47.292  -0.1005
  454.5     5.79  47.320  -0.0967
  454.8     5.75  47.347  -0.0997
  455.0     5.71  47.374  -0.1007
  455.2     5.74  47.401  -0.1022
  455.6     5.71  47.428  -0.0964
  455.9     5.75  47.455  -0.0988
  456.2     5.75  47.483  -0.1045
  456.5     5.80  47.510  -0.0980
  456.7     5.74  47.537  -0.1035
  456.9     5.75  47.564  -0.1049
  457.3     5.70  47.593  -0.1024
  457.4     5.68  47.620  -0.1005
  457.7     5.59  47.647  -0.0980
  457.9     5.60  47.674  -0.0951
  458.3     5.68  47.701  -0.0995
  458.6     5.73  47.728  -0.0971
  459.0     5.71  47.755  -0.0966
  459.2     5.67  47.783  -0.1008
  459.3     5.61  47.810  -0.0963
  459.6     5.61  47.837  -0.0984
  460.0     5.71  47.864  -0.0974
  460.3     5.73  47.891  -0.0939
  460.5     5.74  47.918  -0.0973
  460.8     5.69  47.945  -0.0954
  461.1     5.69  47.972  -0.0979
  461.3     5.66  48.000  -0.1000
  461.7     5.73  48.027  -0.0970
  461.9     5.69  48.054  -0.0944
  462.2     5.71  48.082  -0.0960
  462.5     5.68  48.109  -0.1006
  462.8     5.67  48.135  -0.1019
  463.0     5.66  48.163  -0.0981
  463.3     5.68  48.190  -0.0991
  463.7     5.74  48.217  -0.0992
  464.0     5.76  48.245  -0.1006
  464.3     5.75  48.272  -0.0982
  464.5     5.74  48.299  -0.0999
  464.6     5.72  48.326  -0.0997
  465.1     5.68  48.354  -0.1040
  465.3     5.72  48.381  -0.1012
  465.4     5.67  48.409  -0.1004
  465.8     5.64  48.436  -0.0974
  466.1     5.68  48.463  -0.0961
  466.2     5.63  48.490  -0.0975
  466.6     5.65  48.517  -0.1020
  466.9     5.61  48.544  -0.0992
  467.2     5.63  48.571  -0.0980
  467.5     5.63  48.599  -0.0982
  467.7     5.63  48.626  -0.0973
  467.9     5.63  48.653  -0.0930
  468.3     5.60  48.680  -0.0964
  468.5     5.60  48.707  -0.0963
  468.8     5.58  48.734  -0.0984
  469.0     5.56  48.762  -0.0987
  469.2     5.57  48.790  -0.0981
  469.5     5.55  48.817  -0.0972
  469.8     5.61  48.845  -0.0988
  470.1     5.54  48.872  -0.0996
  470.4     5.53  48.899  -0.1004
  470.5     5.54  48.926  -0.0953
  470.9     5.56  48.953  -0.0936
  471.1     5.54  48.981  -0.0968
  471.4     5.52  49.008  -0.0951
  471.7     5.52  49.035  -0.1010
  472.0     5.57  49.063  -0.0974
  472.3     5.53  49.089  -0.0987
  472.5     5.54  49.117  -0.1021
  472.8     5.54  49.144  -0.1005
  473.2     5.54  49.171  -0.0995
  473.4     5.58  49.198  -0.1001
  473.6     5.52  49.225  -0.0989
  473.9     5.55  49.253  -0.1018
  474.2     5.58  49.280  -0.0984
  474.5     5.55  49.307  -0.1004
  474.8     5.57  49.334  -0.1005
  475.0     5.51  49.362  -0.1049
  475.2     5.54  49.389  -0.1022
  475.5     5.51  49.416  -0.0988
  475.8     5.53  49.443  -0.0996
  476.1     5.54  49.471  -0.0990
  476.5     5.52  49.498  -0.1006
  476.7     5.53  49.526  -0.1002
  476.9     5.50  49.553  -0.1031
  477.2     5.51  49.580  -0.1001
  477.6     5.51  49.609  -0.1019
  477.8     5.52  49.636  -0.1027
  478.0     5.52  49.663  -0.1035
  478.4     5.55  49.690  -0.0976
  478.7     5.51  49.718  -0.1017
  478.9     5.58  49.745  -0.1039
  479.2     5.53  49.772  -0.1027
  479.4     5.53  49.799  -0.1028
  479.7     5.51  49.826  -0.1015
  480.0     5.48  49.854  -0.0981
  480.2     5.47  49.881  -0.0978
  480.7     5.55  49.908  -0.0990
  480.8     5.54  49.935  -0.0968
  481.2     5.56  49.963  -0.0975
  481.4     5.55  49.990  -0.1017
  481.6     5.54  50.017  -0.1036
  482.0     5.53  50.045  -0.1031
  482.2     5.49  50.072  -0.0986
  482.5     5.51  50.099  -0.1021
  482.8     5.53  50.126  -0.1007
  483.0     5.55  50.153  -0.1032
  483.4     5.53  50.180  -0.1017
  483.6     5.48  50.208  -0.1023
  483.9     5.53  50.235  -0.1010
  484.2     5.52  50.262  -0.1013
  484.4     5.49  50.289  -0.1058
  484.8     5.51  50.316  -0.1040
  485.0     5.51  50.343  -0.1046
  485.2     5.48  50.371  -0.1009
  485.6     5.57  50.398  -0.1033
  485.9     5.57  50.426  -0.1015
  486.1     5.52  50.453  -0.1002
  486.4     5.55  50.480  -0.1046
  486.7     5.55  50.507  -0.1016
  486.9     5.56  50.534  -0.1035
  487.2     5.57  50.562  -0.1019
  487.5     5.55  50.590  -0.1045
  487.7     5.52  50.617  -0.1038
  488.1     5.52  50.644  -0.1063
  488.3     5.51  50.671  -0.1045
  488.5     5.51  50.698  -0.1054
  488.8     5.48  50.726  -0.1051
  489.0     5.47  50.753  -0.1071
  489.4     5.47  50.780  -0.1039
  489.7     5.50  50.808  -0.1071
  490.0     5.48  50.835  -0.1087
  490.2     5.43  50.862  -0.1094
  490.5     5.38  50.890  -0.1062
  490.8     5.41  50.917  -0.1041
  491.0     5.40  50.945  -0.1071
  491.3     5.42  50.972  -0.1073
  491.5     5.39  50.999  -0.1102
  491.9     5.39  51.027  -0.1066
  492.2     5.40  51.054  -0.1041
  492.4     5.41  51.081  -0.1032
  492.7     5.48  51.108  -0.1050
  493.0     5.42  51.135  -0.1030
  493.3     5.41  51.162  -0.1032
  493.5     5.42  51.190  -0.1057
  493.8     5.39  51.217  -0.1079
  494.1     5.43  51.244  -0.1063
  494.3     5.43  51.271  -0.1046
  494.6     5.44  51.298  -0.0996
  494.9     5.42  51.326  -0.1033
  495.2     5.38  51.353  -0.1115
  495.5     5.41  51.380  -0.1111
  495.7     5.40  51.407  -0.1065
  496.0     5.38  51.435  -0.1078
  496.3     5.45  51.462  -0.1105
  496.5     5.40  51.489  -0.1115
  496.9     5.42  51.516  -0.1100
  497.2     5.41  51.544  -0.1096
  497.4     5.42  51.571  -0.1070
  497.7     5.40  51.599  -0.1095
  498.0     5.40  51.627  -0.1081
  498.3     5.45  51.654  -0.1065
  498.6     5.46  51.681  -0.1055
  498.8     5.38  51.709  -0.1067
  499.1     5.41  51.736  -0.1112
  499.5     5.45  51.763  -0.1084
  499.7     5.44  51.790  -0.1084
  500.0     5.38  51.817  -0.1114
  500.1     5.42  51.845  -0.1079
  500.5     5.41  51.872  -0.1042
  500.8     5.38  51.899  -0.1017
  501.0     5.39  51.927  -0.1040
  501.3     5.38  51.954  -0.1067
  501.6     5.40  51.981  -0.1056
  501.8     5.36  52.008  -0.1053
  502.0     5.35  52.035  -0.1087
  502.4     5.41  52.062  -0.1117
  502.7     5.36  52.090  -0.1107
  503.0     5.35  52.118  -0.1100
  503.2     5.38  52.145  -0.1061
  503.5     5.38  52.173  -0.1048
  503.8     5.36  52.201  -0.1059
  504.0     5.42  52.228  -0.1049
  504.3     5.40  52.255  -0.1048
  504.6     5.35  52.283  -0.1071
  504.9     5.36  52.310  -0.1066
  505.2     5.42  52.338  -0.1042
  505.4     5.39  52.365  -0.1066
  505.7     5.39  52.392  -0.1081
  506.0     5.37  52.420  -0.1062
  506.3     5.37  52.447  -0.1047
  506.5     5.39  52.474  -0.1006
  506.8     5.38  52.501  -0.1033
  507.0     5.38  52.529  -0.1008
  507.3     5.33  52.556  -0.1016
  507.7     5.41  52.584  -0.1027
  508.0     5.36  52.612  -0.1019
  508.2     5.37  52.639  -0.1039
  508.5     5.35  52.666  -0.1033
  508.7     5.36  52.694  -0.1015
  509.1     5.33  52.722  -0.1042
  509.3     5.40  52.749  -0.1050
  509.5     5.32  52.777  -0.1021
  509.8     5.39  52.804  -0.1020
  510.1     5.37  52.832  -0.1039
  510.4     5.34  52.859  -0.1024
  510.7     5.36  52.886  -0.1024
  510.9     5.33  52.914  -0.1034
  511.1     5.34  52.941  -0.1032
  511.5     5.32  52.968  -0.1051
  511.7     5.27  52.996  -0.1050
  512.0     5.35  53.023  -0.1098
  512.2     5.32  53.050  -0.1090
  512.6     5.26  53.077  -0.1092
  512.8     5.26  53.105  -0.1076
  513.1     5.29  53.132  -0.1096
  513.4     5.32  53.159  -0.1072
  513.7     5.26  53.186  -0.1096
  513.8     5.31  53.214  -0.1114
  514.3     5.37  53.241  -0.1150
  514.5     5.35  53.268  -0.1125
  514.7     5.29  53.296  -0.1099
  515.0     5.36  53.323  -0.1146
  515.3     5.34  53.350  -0.1140
  515.6     5.40  53.378  -0.1130
  515.8     5.32  53.405  -0.1080
  516.2     5.30  53.432  -0.1116
  516.4     5.31  53.459  -0.1088
  516.7     5.32  53.486  -0.1113
  516.9     5.30  53.514  -0.1131
  517.2     5.32  53.542  -0.1093
  517.5     5.30  53.569  -0.1083
  517.9     5.32  53.597  -0.1106
  518.2     5.30  53.624  -0.1142
  518.4     5.28  53.651  -0.1093
  518.7     5.29  53.679  -0.1103
  518.9     5.31  53.706  -0.1121
  519.1     5.29  53.734  -0.1097
  519.5     5.28  53.761  -0.1084
  519.7     5.30  53.788  -0.1110
  520.0     5.29  53.815  -0.1105
  520.3     5.33  53.842  -0.1126
  520.6     5.31  53.870  -0.1087
  520.8     5.31  53.897  -0.1074
  521.2     5.31  53.924  -0.1076
  521.4     5.28  53.951  -0.1109
  521.6     5.32  53.979  -0.1104
  522.1     5.32  54.006  -0.1101
  522.2     5.26  54.033  -0.1119
  522.5     5.29  54.060  -0.1104
  522.8     5.26  54.088  -0.1101
  523.0     5.27  54.115  -0.1129
  523.3     5.27  54.142  -0.1102
  523.6     5.29  54.170  -0.1085
  523.9     5.29  54.197  -0.1124
  524.2     5.30  54.224  -0.1094
  524.4     5.26  54.251  -0.1098
  524.7     5.27  54.279  -0.1108
  524.9     5.36  54.306  -0.1114
  525.2     5.33  54.333  -0.1092
  525.5     5.29  54.361  -0.1126
  525.7     5.27  54.388  -0.1107
  526.2     5.29  54.416  -0.1110
  526.3     5.27  54.443  -0.1089
  526.6     5.28  54.470  -0.1084
  526.8     5.26  54.498  -0.1110
  527.1     5.29  54.525  -0.1099
  527.3     5.25  54.552  -0.1043
  527.7     5.28  54.580  -0.1022
  528.0     5.27  54.608  -0.1069
  528.2     5.24  54.635  -0.1059
  528.4     5.25  54.662  -0.1043
  528.8     5.25  54.690  -0.1018
  529.0     5.32  54.717  -0.1037
  529.4     5.29  54.745  -0.1078
  529.5     5.32  54.772  -0.1070
  529.8     5.30  54.799  -0.1068
  530.1     5.27  54.826  -0.1076
  530.5     5.30  54.854  -0.1086
  530.7     5.30  54.881  -0.1103
  530.8     5.28  54.908  -0.1110
  531.2     5.24  54.936  -0.1110
  531.6     5.27  54.963  -0.1135
  531.8     5.28  54.990  -0.1110
  531.9     5.27  55.017  -0.1083
  532.2     5.29  55.045  -0.1073
  532.6     5.21  55.072  -0.1106
  532.8     5.26  55.099  -0.1117
  533.0     5.24  55.126  -0.1105
  533.3     5.29  55.153  -0.1092
  533.6     5.32  55.180  -0.1092
  533.9     5.24  55.208  -0.1066
  534.1     5.25  55.235  -0.1060
  534.4     5.22  55.262  -0.1071
  534.6     5.27  55.289  -0.1081
  535.0     5.26  55.316  -0.1091
  535.2     5.21  55.344  -0.1076
  535.4     5.20  55.371  -0.1082
  535.8     5.26  55.398  -0.1047
  536.0     5.24  55.426  -0.1026
  536.3     5.24  55.453  -0.1048
  536.5     5.24  55.480  -0.1042
  536.9     5.19  55.507  -0.1052
  537.1     5.18  55.534  -0.1052
  537.4     5.22  55.561  -0.1023
  537.6     5.23  55.589  -0.1043
  538.0     5.23  55.617  -0.1065
  538.1     5.24  55.644  -0.1060
  538.5     5.26  55.671  -0.1085
  538.8     5.27  55.698  -0.1075
  539.1     5.30  55.726  -0.1064
  539.3     5.29  55.753  -0.1060
  539.6     5.30  55.780  -0.1136
  539.9     5.28  55.808  -0.1098
  540.2     5.29  55.835  -0.1101
  540.5     5.28  55.862  -0.1124
  540.7     5.26  55.889  -0.1092
  541.0     5.27  55.917  -0.1124
  541.3     5.28  55.944  -0.1124
  541.6     5.28  55.971  -0.1116
  541.9     5.31  55.998  -0.1122
  542.1     5.28  56.026  -0.1064
  542.3     5.28  56.053  -0.1053
  542.6     5.28  56.080  -0.1078
  543.0     5.28  56.107  -0.1060
  543.2     5.24  56.134  -0.1052
  543.5     5.25  56.161  -0.1012
  543.8     5.27  56.188  -0.1057
  544.0     5.24  56.215  -0.1055
  544.2     5.24  56.243  -0.1101
  544.5     5.24  56.270  -0.1054
  544.8     5.24  56.297  -0.1035
  545.1     5.27  56.325  -0.1030
  545.3     5.19  56.352  -0.1049
  545.6     5.29  56.380  -0.1072
  545.9     5.27  56.407  -0.1077
  546.2     5.23  56.434  -0.1073
  546.5     5.22  56.461  -0.1059
  546.7     5.21  56.489  -0.1064
  546.9     5.17  56.516  -0.1050
  547.2     5.14  56.544  -0.1105
  547.5     5.20  56.571  -0.1108
  547.8     5.23  56.600  -0.1074
  548.0     5.19  56.627  -0.1127
  548.3     5.21  56.654  -0.1129
  548.6     5.22  56.681  -0.1146
  548.9     5.13  56.708  -0.1174
  549.0     5.21  56.736  -0.1162
  549.3     5.21  56.763  -0.1144
  549.7     5.22  56.790  -0.1166
  550.0     5.24  56.817  -0.1147
  550.1     5.20  56.845  -0.1143
  550.4     5.21  56.872  -0.1137
  550.7     5.17  56.900  -0.1136
  551.0     5.21  56.927  -0.1121
  551.2     5.22  56.954  -0.1153
  551.6     5.20  56.981  -0.1147
  551.9     5.23  57.009  -0.1160
  552.1     5.22  57.036  -0.1121
  552.4     5.17  57.063  -0.1123
  552.7     5.21  57.090  -0.1139
  553.0     5.22  57.118  -0.1150
  553.2     5.21  57.146  -0.1134
  553.4     5.20  57.174  -0.1131
  553.8     5.20  57.202  -0.1110
  554.0     5.20  57.229  -0.1139
  554.3     5.20  57.256  -0.1114
  554.5     5.20  57.284  -0.1110
  554.9     5.20  57.311  -0.1133
  555.1     5.24  57.338  -0.1158
  555.4     5.22  57.365  -0.1131
  555.6     5.24  57.393  -0.1110
  556.0     5.27  57.420  -0.1145
  556.2     5.20  57.448  -0.1164
  556.4     5.25  57.475  -0.1132
  556.8     5.24  57.502  -0.1118
  557.1     5.31  57.530  -0.1153
  557.3     5.27  57.557  -0.1110
  557.6     5.26  57.585  -0.1157
  558.0     5.29  57.612  -0.1207
  558.4     5.34  57.640  -0.1199
  558.6     5.28  57.667  -0.1207
  558.8     5.24  57.694  -0.1188
  559.0     5.28  57.722  -0.1133
  559.3     5.35  57.749  -0.1160
  559.7     5.31  57.776  -0.1153
  559.8     5.21  57.803  -0.1155
  559.9     5.19  57.830  -0.1164
  560.3     5.17  57.865  -0.1156
  560.6     5.18  57.892  -0.1160
  560.9     5.19  57.924  -0.1160
  561.2     5.14  57.953  -0.1118
  561.5     5.12  57.980  -0.1084
  561.7     5.13  58.008  -0.1089
  562.0     5.15  58.035  -0.1086
  562.3     5.13  58.063  -0.1109
  562.6     5.15  58.090  -0.1090
  562.9     5.10  58.117  -0.1080
  563.1     5.16  58.145  -0.1083
  563.5     5.16  58.173  -0.1065
  563.7     5.18  58.201  -0.1081
  564.0     5.16  58.228  -0.1087
  564.3     5.13  58.255  -0.1107
  564.6     5.16  58.292  -0.1131
  565.0     5.16  58.321  -0.1156
  565.1     5.10  58.349  -0.1139
  565.5     5.18  58.377  -0.1197
  565.7     5.16  58.404  -0.1198
  566.0     5.14  58.432  -0.1170
  566.3     5.09  58.459  -0.1155
  566.5     5.12  58.486  -0.1157
  566.8     5.10  58.515  -0.1138
  567.1     5.12  58.542  -0.1158
  567.3     5.11  58.570  -0.1129
  567.6     5.11  58.598  -0.1155
  567.9     5.10  58.625  -0.1136
  568.3     5.16  58.653  -0.1139
  568.5     5.14  58.680  -0.1136
  568.6     5.10  58.708  -0.1137
  569.0     5.12  58.736  -0.1133
  569.2     5.12  58.764  -0.1165
  569.5     5.13  58.792  -0.1115
  569.8     5.14  58.819  -0.1088
  570.1     5.14  58.847  -0.1078
  570.3     5.10  58.874  -0.1101
  570.7     5.12  58.902  -0.1123
  570.9     5.10  58.929  -0.1117
  571.1     5.11  58.957  -0.1120
  571.5     5.10  58.984  -0.1112
  571.6     5.09  59.012  -0.1105
  572.0     5.10  59.041  -0.1103
  572.3     5.18  59.069  -0.1117
  572.6     5.10  59.097  -0.1159
  572.8     5.09  59.124  -0.1121
  573.1     5.13  59.153  -0.1093
  573.4     5.14  59.190  -0.1106
  573.8     5.13  59.220  -0.1093
  574.1     5.14  59.247  -0.1124
  574.4     5.16  59.274  -0.1176
  574.7     5.17  59.302  -0.1161
  574.8     5.16  59.329  -0.1165
  575.2     5.13  59.357  -0.1181
  575.5     5.16  59.385  -0.1174
  575.7     5.17  59.412  -0.1167
  576.0     5.12  59.440  -0.1154
  576.2     5.16  59.467  -0.1151
  576.6     5.16  59.494  -0.1197
  576.9     5.18  59.522  -0.1177
  577.1     5.13  59.549  -0.1172
  577.4     5.19  59.577  -0.1189
  577.7     5.15  59.605  -0.1192
  577.9     5.13  59.633  -0.1182
  578.2     5.18  59.660  -0.1161
  578.6     5.17  59.688  -0.1177
  578.8     5.15  59.716  -0.1138
  579.1     5.15  59.743  -0.1154
  579.4     5.20  59.770  -0.1167
  579.6     5.13  59.798  -0.1149
  580.0     5.14  59.825  -0.1137
  580.3     5.15  59.853  -0.1167
  580.5     5.10  59.891  -0.1148
  580.8     5.14  59.920  -0.1144
  581.1     5.15  59.958  -0.1174
  581.5     5.13  59.988  -0.1162
  581.7     5.16  60.015  -0.1159
  582.1     5.10  60.043  -0.1179
  582.3     5.11  60.072  -0.1147
  582.6     5.13  60.099  -0.1183
  582.9     5.10  60.127  -0.1200
  583.1     5.14  60.154  -0.1182
  583.5     5.13  60.183  -0.1194
  583.7     5.10  60.210  -0.1217
  584.0     5.11  60.237  -0.1229
  584.2     5.12  60.265  -0.1202
  584.5     5.13  60.292  -0.1207
  584.7     5.15  60.320  -0.1236
  585.0     5.09  60.347  -0.1222
  585.4     5.09  60.375  -0.1211
  585.6     5.12  60.402  -0.1207
  585.8     5.10  60.430  -0.1195
  586.1     5.11  60.457  -0.1227
  586.5     5.13  60.484  -0.1210
  586.8     5.15  60.511  -0.1211
  587.0     5.14  60.540  -0.1212
  587.3     5.12  60.567  -0.1208
  587.5     5.11  60.595  -0.1193
  587.8     5.11  60.623  -0.1199
  588.1     5.14  60.651  -0.1204
  588.3     5.15  60.678  -0.1209
  588.7     5.14  60.705  -0.1185
  588.9     5.12  60.734  -0.1182
  589.2     5.12  60.761  -0.1216
  589.5     5.15  60.788  -0.1199
  589.8     5.18  60.816  -0.1202
  590.0     5.20  60.843  -0.1195
  590.4     5.24  60.871  -0.1195
  590.7     5.21  60.899  -0.1224
  590.9     5.17  60.927  -0.1224
  591.1     5.11  60.954  -0.1206
  591.5     5.12  60.982  -0.1178
  591.6     5.12  61.010  -0.1202
  592.2     5.20  61.048  -0.1218
  592.3     5.10  61.075  -0.1205
  592.6     5.13  61.103  -0.1191
  592.9     5.11  61.130  -0.1210
  593.3     5.10  61.158  -0.1160
  593.6     5.17  61.186  -0.1193
  593.8     5.16  61.214  -0.1186
  594.1     5.07  61.242  -0.1210
  594.3     5.09  61.269  -0.1190
  594.5     5.11  61.297  -0.1212
  594.9     5.07  61.324  -0.1186
  595.1     5.09  61.352  -0.1195
  595.5     5.14  61.380  -0.1213
  595.7     5.16  61.408  -0.1220
  596.0     5.11  61.435  -0.1200
  596.3     5.13  61.463  -0.1225
  596.6     5.16  61.490  -0.1215
  596.9     5.16  61.518  -0.1198
  597.1     5.16  61.546  -0.1203
  597.5     5.18  61.573  -0.1177
  597.8     5.17  61.602  -0.1196
  598.1     5.16  61.629  -0.1202
  598.2     5.16  61.657  -0.1169
  598.5     5.14  61.684  -0.1196
  598.9     5.14  61.712  -0.1210
  599.1     5.17  61.739  -0.1259
  599.4     5.18  61.767  -0.1221
  599.7     5.13  61.795  -0.1216
  600.0     5.15  61.822  -0.1219
