   17.4     0.32   0.027  -0.0051
   17.3     0.31   0.053  -0.0018
   17.3     0.36   0.081  -0.0001
   17.4     0.36   0.108  -0.0004
   17.3     0.37   0.135   0.0041
   17.3     0.37   0.162   0.0008
   17.4     0.36   0.189  -0.0010
   17.4     0.35   0.216  -0.0047
   17.3     0.38   0.243  -0.0021
   17.3     0.37   0.270  -0.0009
   17.4     0.36   0.296   0.0239
   17.3     0.36   0.323   0.0240
   17.3     0.37   0.350   0.0236
   17.4     0.36   0.377   0.0195
   17.4     0.34   0.404   0.0202
   17.4     0.34   0.431   0.0157
   17.4     0.34   0.458   0.0164
   17.3     0.37   0.485   0.0184
   17.4     0.36   0.511   0.0210
   17.4     0.35   0.539   0.0224
   17.4     0.35   0.566   0.0247
   17.4     0.34   0.592   0.0244
   17.4     0.33   0.619   0.0259
   17.3     0.35   0.646   0.0265
   17.4     0.31   0.672   0.0339
   17.3     0.32   0.699   0.0287
   17.4     0.35   0.726   0.0257
   17.4     0.35   0.752   0.0277
   17.4     0.36   0.779   0.0298
   17.4     0.33   0.805   0.0391
   17.4     0.32   0.833   0.0377
   17.4     0.35   0.860   0.0205
   17.4     0.37   0.887   0.0184
   17.4     0.35   0.914   0.0142
   17.4     0.36   0.942   0.0195
   17.4     0.34   0.968   0.0191
   17.4     0.34   0.995   0.0205
   17.3     0.38   1.022   0.0237
   17.4     0.32   1.048   0.0220
   17.4     0.34   1.075   0.0237
   17.4     0.35   1.101   0.0198
   17.3     0.32   1.128   0.0216
   17.4     0.35   1.155   0.0188
   17.4     0.33   1.182   0.0204
   17.4     0.32   1.208   0.0261
   17.4     0.31   1.235   0.0297
   17.4     0.32   1.261   0.0248
   17.5     0.33   1.288   0.0243
   17.4     0.30   1.315   0.0210
   17.4     0.32   1.342   0.0037
   17.3     0.30   1.369   0.0123
   17.4     0.28   1.395   0.0157
   17.3     0.34   1.422   0.0165
   17.3     0.29   1.448   0.0197
   17.4     0.35   1.475   0.0164
   17.4     0.35   1.502   0.0151
   17.5     0.36   1.528   0.0133
   17.5     0.36   1.555   0.0041
   17.4     0.34   1.582  -0.0521
   17.4     0.32   1.609   0.0064
   17.3     0.32   1.635   0.0161
   17.4     0.36   1.662   0.0163
   17.4     0.30   1.689   0.0050
   17.4     0.28   1.715   0.0047
   17.4     0.27   1.742   0.0122
   17.4     0.35   1.769   0.0224
   17.4     0.33   1.795   0.0228
   17.3     0.24   1.822   0.0313
   17.4     0.29   1.849   0.0286
   17.4     0.27   1.876   0.0249
   17.3     0.24   1.902   0.0270
   17.4     0.22   1.928   0.0283
   17.4     0.27   1.955   0.0241
   17.5     0.31   1.983   0.0191
   17.4     0.29   2.009   0.0210
   17.4     0.24   2.036   0.0142
   17.4     0.27   2.062   0.0161
   17.4     0.23   2.089   0.0128
   17.4     0.29   2.116   0.0098
   17.4     0.24   2.143  -0.0292
   17.3     0.24   2.170   0.0106
   17.4     0.25   2.197   0.0309
   17.3     0.26   2.224   0.0166
   17.4     0.27   2.251   0.0219
   17.4     0.24   2.277   0.0204
   17.4     0.27   2.304   0.0289
   17.4     0.27   2.331   0.0345
   17.4     0.27   2.359   0.0335
   17.4     0.30   2.385   0.0338
   17.5     0.23   2.413   0.0319
   17.5     0.25   2.439   0.0320
   17.4     0.25   2.466   0.0299
   17.5     0.25   2.492   0.0364
   17.5     0.27   2.519   0.0402
   17.5     0.24   2.545   0.0400
   17.5     0.30   2.572   0.0400
   17.5     0.30   2.599   0.0361
   17.5     0.29   2.626   0.0307
   17.5     0.33   2.652   0.0315
   17.6     0.28   2.679   0.0328
   17.5     0.27   2.706   0.0378
   17.5     0.33   2.733   0.0305
   17.6     0.29   2.760   0.0303
   17.6     0.29   2.787   0.0317
   17.6     0.32   2.814   0.0300
   17.7     0.30   2.840   0.0364
   17.6     0.33   2.867   0.0327
   17.7     0.33   2.894   0.0331
   17.7     0.36   2.921   0.0326
   17.7     0.36   2.949   0.0301
   17.7     0.34   2.976   0.0298
   17.8     0.30   3.002   0.0302
   17.8     0.30   3.029   0.0299
   17.8     0.28   3.056   0.0308
   17.8     0.36   3.083   0.0318
   17.9     0.33   3.110   0.0335
   18.0     0.33   3.137   0.0319
   18.0     0.33   3.164   0.0323
   18.0     0.36   3.192   0.0341
   18.0     0.32   3.218   0.0209
   18.1     0.30   3.245   0.0244
   18.0     0.26   3.272   0.0257
   18.1     0.29   3.299   0.0216
   18.1     0.36   3.326   0.0219
   18.2     0.33   3.353   0.0216
   18.2     0.32   3.380   0.0212
   18.2     0.31   3.407   0.0190
   18.4     0.33   3.434   0.0140
   18.4     0.34   3.460   0.0153
   18.4     0.35   3.487   0.0195
   18.4     0.35   3.514   0.0225
   18.5     0.35   3.540   0.0257
   18.6     0.32   3.567   0.0234
   18.5     0.30   3.594   0.0205
   18.7     0.32   3.621   0.0246
   18.7     0.29   3.649   0.0136
   18.9     0.35   3.676  -0.0753
   18.9     0.29   3.703   0.0018
   18.9     0.28   3.729   0.0162
   19.0     0.35   3.756   0.0207
   19.1     0.33   3.783   0.0215
   19.1     0.33   3.810   0.0204
   19.2     0.33   3.837   0.0191
   19.4     0.30   3.865   0.0155
   19.4     0.33   3.892   0.0136
   19.5     0.31   3.918  -0.0693
   19.4     0.32   3.946  -0.0139
   19.5     0.29   3.973   0.0142
   19.7     0.30   3.999   0.0129
   19.8     0.28   4.026   0.0101
   19.8     0.25   4.053   0.0162
   19.9     0.24   4.080   0.0093
   20.0     0.29   4.108   0.0132
   20.1     0.28   4.135   0.0178
   20.2     0.24   4.162   0.0124
   20.4     0.23   4.190   0.0136
   20.5     0.25   4.217   0.0156
   20.5     0.17   4.244   0.0168
   20.6     0.23   4.271   0.0143
   20.8     0.20   4.298   0.0163
   20.9     0.17   4.325   0.0226
   20.9     0.17   4.352   0.0239
   21.0     0.14   4.379   0.0228
   21.2     0.18   4.406   0.0240
   21.4     0.15   4.434   0.0249
   21.4     0.15   4.460   0.0205
   21.6     0.14   4.488   0.0176
   21.7     0.15   4.515   0.0186
   21.8     0.13   4.541   0.0228
   21.9     0.11   4.568   0.0204
   22.0     0.11   4.595   0.0187
   22.2     0.10   4.622   0.0178
   22.3     0.05   4.649   0.0189
   22.4     0.04   4.676   0.0166
   22.5     0.03   4.703   0.0157
   22.7     0.04   4.730   0.0140
   22.8     0.04   4.757   0.0108
   23.0    -0.04   4.784   0.0163
   23.2    -0.03   4.811   0.0140
   23.3    -0.04   4.838   0.0089
   23.4    -0.06   4.864   0.0100
   23.6    -0.13   4.891   0.0058
   23.7    -0.16   4.918   0.0003
   23.9    -0.14   4.946  -0.0034
   24.1    -0.12   4.973   0.0043
   24.2    -0.20   5.000   0.0062
   24.4    -0.23   5.027   0.0037
   24.6    -0.20   5.054   0.0013
   24.6    -0.22   5.081   0.0052
   24.9    -0.21   5.108   0.0002
   24.9    -0.26   5.135  -0.0013
   25.1    -0.31   5.161  -0.0042
   25.3    -0.32   5.188   0.0063
   25.4    -0.26   5.215   0.0131
   25.6    -0.35   5.242   0.0078
   25.7    -0.41   5.268   0.0036
   25.9    -0.41   5.295   0.0016
   26.0    -0.42   5.322   0.0030
   26.3    -0.48   5.349   0.0018
   26.4    -0.48   5.376   0.0021
   26.6    -0.47   5.403  -0.0067
   26.8    -0.52   5.430   0.0036
   26.9    -0.57   5.457   0.0045
   27.1    -0.58   5.484  -0.0008
   27.2    -0.63   5.511  -0.0056
   27.5    -0.62   5.538   0.0053
   27.7    -0.64   5.565   0.0108
   27.9    -0.72   5.592   0.0102
   28.1    -0.77   5.619   0.0016
   28.2    -0.75   5.646   0.0017
   28.4    -0.80   5.673   0.0075
   28.7    -0.82   5.701   0.0079
   28.9    -0.80   5.728  -0.0016
   29.0    -0.86   5.755   0.0012
   29.3    -0.88   5.782   0.0030
   29.4    -0.91   5.809   0.0098
   29.7    -0.93   5.836   0.0102
   29.8    -0.96   5.863   0.0079
   30.2    -0.93   5.890   0.0123
   30.2    -1.02   5.918   0.0084
   30.5    -1.06   5.945   0.0124
   30.8    -1.07   5.973   0.0118
   30.9    -1.14   6.000   0.0043
   31.1    -1.16   6.027  -0.0202
   31.4    -1.19   6.054  -0.0055
   31.5    -1.23   6.081  -0.0210
   31.6    -1.30   6.108   0.0063
   31.9    -1.35   6.135   0.0032
   32.1    -1.38   6.162   0.0009
   32.4    -1.38   6.189  -0.0008
   32.6    -1.42   6.216   0.0047
   32.8    -1.43   6.243   0.0060
   33.1    -1.46   6.271   0.0028
   33.3    -1.52   6.298   0.0078
   33.4    -1.57   6.325   0.0044
   33.7    -1.55   6.352   0.0045
   33.9    -1.55   6.379   0.0111
   34.2    -1.59   6.406   0.0127
   34.4    -1.66   6.433   0.0150
   34.6    -1.64   6.459   0.0123
   34.8    -1.71   6.487   0.0116
   35.1    -1.73   6.514   0.0106
   35.3    -1.77   6.541   0.0107
   35.5    -1.82   6.568   0.0128
   35.6    -1.86   6.595   0.0167
   36.0    -1.91   6.622   0.0164
   36.2    -1.92   6.649   0.0155
   36.4    -1.97   6.676   0.0100
   36.6    -2.01   6.703   0.0084
   36.8    -2.07   6.730   0.0050
   37.1    -2.08   6.757  -0.0241
   37.3    -2.09   6.784   0.0092
   37.6    -2.13   6.811   0.0118
   37.8    -2.15   6.838   0.0119
   38.1    -2.21   6.865   0.0100
   38.3    -2.23   6.892   0.0130
   38.5    -2.33   6.919   0.0168
   38.8    -2.30   6.947   0.0144
   39.0    -2.38   6.974   0.0071
   39.2    -2.39   7.001   0.0062
   39.6    -2.40   7.028   0.0128
   39.7    -2.43   7.055  -0.0573
   40.0    -2.49   7.082  -0.0011
   40.3    -2.49   7.109   0.0093
   40.5    -2.56   7.136   0.0137
   40.7    -2.60   7.164   0.0116
   41.0    -2.66   7.191   0.0145
   41.2    -2.65   7.218   0.0168
   41.4    -2.70   7.245   0.0200
   41.6    -2.72   7.273   0.0149
   42.0    -2.79   7.300   0.0145
   42.2    -2.79   7.327  -0.0273
   42.5    -2.85   7.354  -0.0164
   42.8    -2.89   7.381   0.0086
   42.9    -2.92   7.408   0.0117
   43.2    -2.97   7.435   0.0152
   43.5    -2.98   7.462   0.0135
   43.7    -3.02   7.489   0.0155
   43.9    -3.05   7.516   0.0150
   44.2    -3.10   7.544   0.0120
   44.5    -3.12   7.571   0.0172
   44.8    -3.18   7.597   0.0148
   45.0    -3.20   7.624   0.0185
   45.2    -3.25   7.651   0.0137
   45.4    -3.29   7.678   0.0145
   45.6    -3.30   7.706   0.0145
   45.9    -3.34   7.733   0.0208
   46.2    -3.38   7.760   0.0233
   46.4    -3.42   7.787   0.0222
   46.7    -3.45   7.814   0.0230
   46.9    -3.49   7.841   0.0240
   47.2    -3.49   7.868   0.0224
   47.5    -3.51   7.895   0.0275
   47.7    -3.55   7.922   0.0214
   48.0    -3.60   7.949   0.0194
   48.3    -3.63   7.977   0.0116
   48.5    -3.63   8.003   0.0173
   48.7    -3.69   8.030   0.0190
   48.9    -3.73   8.058   0.0066
   49.3    -3.75   8.085  -0.0036
   49.5    -3.79   8.112  -0.0009
   49.7    -3.83   8.139  -0.0210
   49.9    -3.87   8.166   0.0083
   50.3    -3.88   8.193   0.0158
   50.6    -3.87   8.220   0.0170
   50.8    -3.90   8.247   0.0166
   51.0    -3.98   8.274   0.0134
   51.2    -4.04   8.301   0.0106
   51.6    -4.02   8.328   0.0065
   51.9    -3.96   8.355   0.0058
   52.3    -3.98   8.382   0.0108
   52.4    -4.03   8.409   0.0103
   52.7    -3.99   8.436   0.0096
   53.0    -4.07   8.463   0.0057
   53.2    -4.03   8.490   0.0039
   53.4    -4.05   8.517  -0.0065
   53.7    -4.10   8.544   0.0038
   54.0    -4.14   8.572   0.0054
   54.3    -4.14   8.599   0.0057
   54.6    -4.16   8.626   0.0064
   54.8    -4.22   8.652   0.0041
   55.0    -4.25   8.680   0.0032
   55.4    -4.29   8.707   0.0007
   55.6    -4.32   8.734   0.0001
   55.9    -4.34   8.761   0.0008
   56.1    -4.39   8.788  -0.0013
   56.4    -4.40   8.815   0.0014
   56.7    -4.45   8.842   0.0087
   56.8    -4.44   8.870   0.0050
   57.2    -4.46   8.896   0.0072
   57.4    -4.48   8.923  -0.0002
   57.7    -4.50   8.951   0.0032
   58.0    -4.52   8.978   0.0016
   58.2    -4.56   9.005   0.0028
   58.5    -4.59   9.033   0.0051
   58.8    -4.66   9.059   0.0016
   59.0    -4.63   9.086  -0.0044
   59.2    -4.68   9.113   0.0128
   59.6    -4.71   9.140   0.0075
   59.8    -4.69   9.167   0.0029
   60.2    -4.70   9.195  -0.0352
   60.3    -4.75   9.222  -0.0421
   60.7    -4.75   9.249   0.0106
   61.0    -4.82   9.276   0.0105
   61.2    -4.79   9.303   0.0145
   61.4    -4.82   9.330   0.0204
   61.8    -4.83   9.358   0.0171
   62.0    -4.85   9.384   0.0181
   62.2    -4.91   9.411   0.0171
   62.6    -4.91   9.439   0.0176
   62.8    -4.99   9.466   0.0209
   63.1    -4.98   9.492   0.0213
   63.3    -5.03   9.520   0.0222
   63.5    -5.04   9.547   0.0216
   63.9    -5.14   9.574   0.0159
   64.1    -5.11   9.601   0.0065
   64.3    -5.17   9.628   0.0118
   64.7    -5.18   9.655   0.0040
   64.9    -5.16   9.682   0.0006
   65.2    -5.20   9.709   0.0018
   65.5    -5.27   9.736  -0.0004
   65.5    -5.34   9.764  -0.0133
   65.9    -5.35   9.791  -0.0022
   66.2    -5.37   9.818  -0.0441
   66.5    -5.37   9.845  -0.0111
   66.7    -5.40   9.872   0.0036
   66.9    -5.44   9.899   0.0016
   67.3    -5.41   9.926  -0.0040
   67.6    -5.39   9.954  -0.0033
   67.9    -5.45   9.981   0.0030
   68.1    -5.44  10.008   0.0113
   68.3    -5.51  10.035   0.0064
   68.6    -5.49  10.061   0.0066
   68.9    -5.52  10.089   0.0008
   69.1    -5.54  10.116   0.0060
   69.5    -5.60  10.143   0.0051
   69.7    -5.66  10.170   0.0050
   69.9    -5.66  10.198   0.0012
   70.2    -5.68  10.224  -0.0001
   70.4    -5.73  10.252  -0.0048
   70.8    -5.75  10.279  -0.0021
   71.0    -5.75  10.306   0.0001
   71.3    -5.76  10.333  -0.0019
   71.5    -5.77  10.360   0.0013
   71.8    -5.82  10.387  -0.0031
   72.0    -5.81  10.414  -0.0311
   72.3    -5.86  10.441  -0.0283
   72.6    -5.82  10.468   0.0025
   72.9    -5.87  10.496   0.0009
   73.2    -5.86  10.522   0.0070
   73.4    -5.90  10.550  -0.0021
   73.6    -5.93  10.577  -0.0021
   73.8    -6.00  10.604  -0.0021
   74.1    -6.00  10.631  -0.0062
   74.5    -6.04  10.658   0.0007
   74.8    -6.03  10.685   0.0019
   74.9    -6.07  10.712   0.0087
   75.2    -6.15  10.739   0.0045
   75.4    -6.20  10.766   0.0033
   75.8    -6.13  10.793   0.0067
   76.0    -6.16  10.821   0.0085
   76.3    -6.26  10.848   0.0103
   76.6    -6.20  10.875   0.0135
   76.9    -6.24  10.902  -0.0058
   77.2    -6.29  10.929   0.0048
   77.3    -6.31  10.956  -0.0035
   77.5    -6.30  10.983   0.0039
   77.8    -6.38  11.010  -0.0613
   78.1    -6.38  11.038  -0.0178
   78.4    -6.38  11.064   0.0017
   78.7    -6.40  11.092  -0.0008
   79.1    -6.36  11.119   0.0075
   79.3    -6.42  11.146   0.0014
   79.6    -6.42  11.173   0.0033
   79.8    -6.45  11.201   0.0043
   80.1    -6.48  11.228   0.0092
   80.3    -6.49  11.255   0.0002
   80.6    -6.55  11.282   0.0042
   80.9    -6.56  11.309   0.0122
   81.1    -6.56  11.336   0.0080
   81.4    -6.58  11.363   0.0076
   81.7    -6.55  11.390  -0.0004
   81.9    -6.63  11.417  -0.0480
   82.1    -6.68  11.445  -0.0194
   82.4    -6.67  11.472   0.0067
   82.7    -6.73  11.499   0.0083
   83.0    -6.67  11.526   0.0039
   83.3    -6.68  11.553   0.0014
   83.4    -6.76  11.580   0.0059
   83.7    -6.81  11.607  -0.0368
   84.0    -6.79  11.634  -0.0099
   84.3    -6.84  11.662   0.0040
   84.6    -6.86  11.689   0.0052
   84.7    -6.88  11.716   0.0037
   85.0    -6.92  11.743   0.0069
   85.3    -6.93  11.770   0.0082
   85.6    -6.93  11.797  -0.0012
   85.9    -6.94  11.824  -0.0074
   86.1    -6.92  11.851   0.0103
   86.4    -6.97  11.878   0.0122
   86.7    -6.99  11.905   0.0136
   87.0    -7.00  11.933   0.0191
   87.2    -7.01  11.960   0.0065
   87.5    -7.01  11.987  -0.0556
   87.8    -7.05  12.014  -0.0039
   88.1    -7.07  12.041  -0.0041
   88.4    -7.06  12.069  -0.0047
   88.6    -7.08  12.097  -0.0058
   88.9    -7.13  12.124  -0.0041
   89.1    -7.14  12.151  -0.0188
   89.4    -7.16  12.178  -0.0192
   89.7    -7.12  12.205  -0.0413
   89.9    -7.23  12.233  -0.0449
   90.2    -7.25  12.260  -0.0275
   90.5    -7.19  12.287  -0.0043
   90.7    -7.22  12.314  -0.0358
   90.9    -7.29  12.341  -0.0097
   91.1    -7.30  12.368  -0.0100
   91.4    -7.32  12.395  -0.0051
   91.8    -7.36  12.422   0.0077
   92.0    -7.36  12.449   0.0096
   92.3    -7.38  12.476   0.0108
   92.6    -7.37  12.504   0.0091
   92.9    -7.37  12.531   0.0025
   93.2    -7.40  12.558  -0.0472
   93.3    -7.47  12.585  -0.0077
   93.6    -7.49  12.612  -0.0017
   93.9    -7.49  12.639  -0.0003
   94.2    -7.51  12.666  -0.0016
   94.4    -7.53  12.693  -0.0032
   94.6    -7.59  12.720  -0.0034
   94.9    -7.61  12.747  -0.0155
   95.2    -7.63  12.774  -0.0051
   95.5    -7.58  12.801  -0.0029
   95.7    -7.62  12.828  -0.0124
   96.0    -7.64  12.855  -0.0555
   96.3    -7.63  12.883  -0.0053
   96.5    -7.71  12.910  -0.0058
   96.8    -7.68  12.937  -0.0115
   97.1    -7.57  12.964  -0.0084
   97.3    -7.72  12.991  -0.0050
   97.6    -7.72  13.018  -0.0054
   97.9    -7.72  13.046  -0.0068
   98.2    -7.75  13.073  -0.0091
   98.4    -7.75  13.100  -0.0067
   98.8    -7.77  13.127  -0.0008
   98.9    -7.78  13.154  -0.0031
   99.3    -7.82  13.182  -0.0062
   99.5    -7.85  13.210  -0.0031
   99.7    -7.91  13.237  -0.0061
   99.9    -7.91  13.264  -0.0042
  100.3    -7.86  13.291  -0.0068
  100.5    -7.90  13.319  -0.0033
  100.8    -7.95  13.346  -0.0038
  101.0    -7.99  13.373  -0.0016
  101.2    -8.00  13.400  -0.0058
  101.5    -8.02  13.428  -0.0052
  101.9    -8.04  13.455  -0.0131
  102.1    -8.07  13.482  -0.0156
  102.3    -8.11  13.509  -0.0125
  102.6    -8.15  13.536  -0.0123
  102.9    -8.10  13.563  -0.0004
  103.1    -8.13  13.590  -0.0027
  103.4    -8.14  13.617  -0.0112
  103.6    -8.21  13.644  -0.0099
  103.9    -8.21  13.671  -0.0109
  104.2    -8.20  13.698  -0.0535
  104.4    -8.22  13.725  -0.0705
  104.6    -8.20  13.752  -0.0142
  105.0    -8.22  13.779  -0.0118
  105.3    -8.21  13.806  -0.0094
  105.6    -8.26  13.833  -0.0154
  105.7    -8.28  13.860  -0.0102
  106.0    -8.33  13.887  -0.0121
  106.2    -8.34  13.915  -0.0144
  106.6    -8.36  13.942  -0.0174
  106.8    -8.43  13.970  -0.0125
  107.1    -8.38  13.997  -0.0082
  107.5    -8.40  14.024  -0.0203
  107.6    -8.42  14.051  -0.0867
  107.9    -8.46  14.078  -0.0409
  108.2    -8.44  14.105  -0.0230
  108.5    -8.54  14.133  -0.0247
  108.6    -8.54  14.159  -0.0335
  108.9    -8.49  14.186  -0.0566
  109.3    -8.44  14.213  -0.0161
  109.6    -8.42  14.241  -0.0134
  109.8    -8.50  14.268  -0.0087
  110.0    -8.55  14.295  -0.0091
  110.3    -8.54  14.322  -0.0098
  110.5    -8.55  14.349  -0.0073
  110.8    -8.59  14.377  -0.0104
  111.2    -8.60  14.404  -0.0112
  111.4    -8.59  14.431  -0.0124
  111.7    -8.57  14.458  -0.0095
  112.0    -8.60  14.485  -0.0117
  112.4    -8.61  14.512  -0.0163
  112.6    -8.63  14.540  -0.0167
  112.7    -8.71  14.567  -0.0146
  113.0    -8.69  14.594  -0.0169
  113.4    -8.70  14.621  -0.0294
  113.6    -8.69  14.648  -0.0272
  113.9    -8.74  14.675  -0.0269
  114.2    -8.75  14.702  -0.0239
  114.4    -8.80  14.730  -0.0215
  114.5    -8.84  14.757  -0.0287
  114.9    -8.86  14.784  -0.0341
  115.2    -8.79  14.811  -0.0381
  115.4    -8.85  14.838  -0.0296
  115.8    -8.88  14.866  -0.0310
  116.0    -8.90  14.893  -0.0345
  116.3    -8.92  14.920  -0.0317
  116.5    -8.93  14.948  -0.0333
  116.8    -8.95  14.975  -0.0313
  117.1    -8.97  15.002  -0.0271
  117.4    -8.98  15.029  -0.0300
  117.6    -9.00  15.057  -0.0340
  117.9    -9.01  15.084  -0.0355
  118.1    -8.99  15.111  -0.0275
  118.4    -9.00  15.139  -0.0288
  118.7    -9.01  15.166  -0.0317
  119.0    -9.04  15.194  -0.0298
  119.2    -9.06  15.221  -0.0344
  119.5    -9.08  15.248  -0.0351
  119.8    -9.10  15.275  -0.0355
  120.0    -9.15  15.302  -0.0295
  120.4    -9.13  15.329  -0.0280
  120.6    -9.11  15.356  -0.0281
  121.0    -9.12  15.383  -0.0225
  121.2    -9.16  15.410  -0.0210
  121.4    -9.20  15.438  -0.0215
  121.7    -9.22  15.465  -0.0216
  122.0    -9.23  15.491  -0.0244
  122.2    -9.27  15.518  -0.0241
  122.4    -9.30  15.545  -0.0319
  122.7    -9.34  15.572  -0.0306
  123.1    -9.35  15.599  -0.0267
  123.2    -9.40  15.626  -0.0288
  123.5    -9.40  15.653  -0.0281
  123.8    -9.46  15.680  -0.0250
  124.1    -9.52  15.708  -0.0235
  124.4    -9.54  15.735  -0.0241
  124.6    -9.56  15.762  -0.0286
  124.9    -9.62  15.789  -0.0290
  125.2    -9.70  15.816  -0.0270
  125.5    -9.82  15.843  -0.0298
  125.7    -9.89  15.871  -0.0283
  126.1    -9.98  15.898  -0.0362
  126.4   -10.08  15.925  -0.0313
  126.6   -10.19  15.953  -0.0346
  126.8   -10.32  15.980  -0.0373
  127.1   -10.47  16.007  -0.0387
  127.3   -10.69  16.034  -0.0377
  127.6   -10.87  16.061  -0.0414
  127.9   -11.12  16.088  -0.0444
  128.2   -11.39  16.115  -0.0459
  128.4   -11.73  16.142  -0.0451
  128.7   -12.11  16.169  -0.0481
  128.9   -12.48  16.197  -0.0484
  129.3   -12.90  16.223  -0.0506
  129.6   -13.31  16.251  -0.0530
  129.8   -13.75  16.278  -0.0528
  130.1   -14.19  16.304  -0.0509
  130.4   -14.68  16.332  -0.0569
  130.6   -15.15  16.359  -0.0622
  130.9   -15.69  16.386  -0.0598
  131.2   -16.24  16.414  -0.0595
  131.4   -16.73  16.441  -0.0675
  131.6   -17.26  16.468  -0.0636
  132.0   -17.79  16.495  -0.0704
  132.2   -18.28  16.522  -0.0783
  132.4   -18.80  16.549  -0.0725
  132.8   -19.23  16.576  -0.0741
  133.0   -19.73  16.603  -0.0704
  133.3   -20.20  16.630  -0.0720
  133.5   -20.69  16.657  -0.0854
  133.9   -21.03  16.684  -0.0989
  134.0   -21.50  16.711  -0.0960
  134.3   -21.93  16.738  -0.0952
  134.7   -22.30  16.765  -0.1027
  134.9   -22.70  16.792  -0.1055
  135.1   -23.11  16.819  -0.1059
  135.3   -23.46  16.846  -0.1086
  135.7   -23.80  16.873  -0.1106
  135.9   -24.16  16.900  -0.1110
  136.2   -24.47  16.927  -0.1019
  136.4   -24.88  16.955  -0.1067
  136.7   -25.21  16.982  -0.1081
  137.0   -25.49  17.009  -0.1698
  137.2   -25.80  17.036  -0.1312
  137.4   -26.24  17.064  -0.1161
  137.6   -26.46  17.091  -0.1174
  137.9   -26.78  17.119  -0.1151
  138.3   -27.07  17.146  -0.1156
  138.5   -27.36  17.173  -0.1178
  138.7   -27.63  17.200  -0.1158
  139.0   -27.93  17.228  -0.1158
  139.3   -28.21  17.255  -0.1124
  139.5   -28.46  17.282  -0.1114
  139.8   -28.71  17.309  -0.1187
  140.0   -28.97  17.336  -0.1170
  140.3   -29.28  17.364  -0.1213
  140.6   -29.50  17.391  -0.1650
  140.8   -29.74  17.418  -0.1730
  141.0   -30.03  17.445  -0.1264
  141.3   -30.27  17.472  -0.1339
  141.6   -30.52  17.499  -0.1255
  141.8   -30.73  17.527  -0.1252
  142.2   -30.94  17.554  -0.1273
  142.4   -31.19  17.581  -0.1295
  142.6   -31.42  17.608  -0.1260
  142.9   -31.65  17.635  -0.1279
  143.1   -31.89  17.663  -0.1289
  143.4   -32.11  17.690  -0.1256
  143.7   -32.32  17.717  -0.1239
  143.9   -32.55  17.744  -0.1281
  144.3   -32.73  17.771  -0.1375
  144.4   -32.95  17.798  -0.1407
  144.7   -33.15  17.825  -0.1401
  144.9   -33.38  17.852  -0.1393
  145.3   -33.62  17.879  -0.1329
  145.6   -33.79  17.907  -0.1335
  145.8   -34.01  17.935  -0.1309
  146.1   -34.21  17.962  -0.1460
  146.3   -34.45  17.989  -0.1372
  146.6   -34.65  18.016  -0.1357
  146.8   -34.81  18.043  -0.1423
  147.1   -35.04  18.070  -0.1483
  147.3   -35.21  18.097  -0.1475
  147.6   -35.39  18.125  -0.1454
  147.8   -35.64  18.152  -0.1445
  148.1   -35.82  18.179  -0.1424
  148.4   -36.00  18.206  -0.1416
  148.7   -36.17  18.233  -0.1458
  149.0   -36.34  18.260  -0.1461
  149.2   -36.50  18.287  -0.1424
  149.4   -36.70  18.314  -0.1421
  149.7   -36.93  18.342  -0.1438
  149.8   -37.15  18.369  -0.1443
  150.2   -37.30  18.396  -0.1478
  150.5   -37.46  18.423  -0.1548
  150.7   -37.63  18.451  -0.1585
  151.0   -37.84  18.478  -0.1612
  151.2   -38.04  18.505  -0.1621
  151.5   -38.20  18.532  -0.1628
  151.7   -38.34  18.559  -0.1603
  151.9   -38.55  18.586  -0.1592
  152.2   -38.73  18.614  -0.1586
  152.5   -38.91  18.640  -0.1612
  152.8   -39.04  18.667  -0.1942
  153.1   -39.19  18.695  -0.1825
  153.3   -39.40  18.722  -0.1699
  153.5   -39.53  18.749  -0.1643
  153.8   -39.73  18.776  -0.1649
  154.1   -39.88  18.804  -0.1652
  154.2   -40.02  18.830  -0.1655
  154.5   -40.20  18.858  -0.1686
  154.9   -40.39  18.885  -0.1687
  155.2   -40.53  18.912  -0.1720
  155.4   -40.70  18.939  -0.1711
  155.6   -40.88  18.966  -0.1720
  155.8   -41.03  18.993  -0.1746
  156.2   -41.19  19.020  -0.2086
  156.4   -41.27  19.047  -0.1838
  156.6   -41.51  19.074  -0.1763
  157.0   -41.63  19.102  -0.1800
  157.2   -41.76  19.129  -0.1874
  157.5   -41.92  19.156  -0.1874
  157.7   -42.09  19.183  -0.1812
  157.9   -42.23  19.210  -0.1840
  158.3   -42.39  19.237  -0.1865
  158.6   -42.55  19.264  -0.1852
  158.8   -42.69  19.291  -0.1839
  159.0   -42.85  19.318  -0.1883
  159.3   -43.00  19.346  -0.1941
  159.5   -43.15  19.373  -0.1956
  159.8   -43.27  19.400  -0.1932
  160.1   -43.44  19.427  -0.1995
  160.3   -43.58  19.454  -0.1968
  160.6   -43.72  19.482  -0.1945
  160.8   -43.89  19.509  -0.1939
  161.1   -44.02  19.536  -0.1973
  161.3   -44.14  19.563  -0.1964
  161.6   -44.28  19.590  -0.2045
  161.9   -44.44  19.618  -0.2076
  162.1   -44.60  19.645  -0.2093
  162.4   -44.73  19.672  -0.2091
  162.6   -44.88  19.699  -0.2110
  162.9   -44.99  19.727  -0.2088
  163.1   -45.14  19.754  -0.2098
  163.5   -45.28  19.781  -0.2114
  163.6   -45.43  19.808  -0.2092
  164.1   -45.56  19.835  -0.2131
  164.3   -45.66  19.862  -0.2148
  164.4   -45.82  19.890  -0.2130
  164.7   -45.91  19.917  -0.2127
  165.0   -46.04  19.944  -0.2117
  165.3   -46.18  19.972  -0.2148
  165.6   -46.28  19.998  -0.2208
  165.8   -46.42  20.025  -0.2239
  166.2   -46.56  20.053  -0.2240
  166.3   -46.67  20.080  -0.2267
  166.6   -46.74  20.107  -0.2256
  166.9   -46.90  20.134  -0.2278
  167.1   -46.99  20.161  -0.2330
  167.4   -47.11  20.188  -0.2363
  167.6   -47.24  20.216  -0.2373
  168.0   -47.36  20.243  -0.2413
  168.3   -47.43  20.270  -0.2408
  168.5   -47.55  20.297  -0.2430
  168.7   -47.67  20.324  -0.2413
  169.1   -47.76  20.351  -0.2402
  169.3   -47.89  20.378  -0.2388
  169.5   -47.99  20.405  -0.2377
  169.9   -48.07  20.432  -0.2426
  170.1   -48.19  20.459  -0.2509
  170.3   -48.32  20.486  -0.2462
  170.6   -48.41  20.513  -0.2465
  170.9   -48.47  20.540  -0.2468
  171.2   -48.58  20.567  -0.2453
  171.4   -48.74  20.594  -0.2498
  171.6   -48.78  20.621  -0.2568
  171.9   -48.91  20.648  -0.2560
  172.1   -49.02  20.676  -0.2554
  172.4   -49.09  20.703  -0.2538
  172.7   -49.12  20.730  -0.2681
  172.9   -49.26  20.758  -0.2645
  173.2   -49.33  20.785  -0.2622
  173.4   -49.40  20.812  -0.2607
  173.7   -49.50  20.839  -0.2615
  174.0   -49.58  20.866  -0.2678
  174.2   -49.65  20.893  -0.2634
  174.5   -49.73  20.921  -0.2698
  174.8   -49.75  20.948  -0.2751
  175.0   -49.83  20.976  -0.2700
  175.4   -49.90  21.003  -0.2987
  175.6   -49.97  21.030  -0.2703
  175.8   -50.04  21.058  -0.2696
  176.1   -50.09  21.085  -0.2739
  176.5   -50.16  21.112  -0.2783
  176.6   -50.21  21.139  -0.2755
  176.9   -50.25  21.167  -0.2777
  177.2   -50.28  21.195  -0.2781
  177.5   -50.33  21.222  -0.2789
  177.7   -50.39  21.249  -0.2840
  178.0   -50.42  21.276  -0.2819
  178.2   -50.44  21.304  -0.2875
  178.6   -50.39  21.331  -0.2874
  178.8   -50.49  21.358  -0.2861
  179.0   -50.53  21.385  -0.2857
  179.4   -50.58  21.413  -0.2878
  179.6   -50.61  21.440  -0.2933
  179.7   -50.59  21.467  -0.2942
  180.2   -50.58  21.494  -0.2922
  180.3   -50.61  21.522  -0.2947
  180.7   -50.60  21.550  -0.2992
  180.9   -50.60  21.577  -0.2993
  181.2   -50.62  21.604  -0.3071
  181.4   -50.61  21.631  -0.3120
  181.7   -50.61  21.658  -0.3088
  181.9   -50.56  21.686  -0.3149
  182.3   -50.54  21.714  -0.3181
  182.5   -50.51  21.741  -0.3395
  182.9   -50.51  21.768  -0.3067
  183.1   -50.49  21.795  -0.3087
  183.3   -50.45  21.823  -0.3069
  183.6   -50.41  21.850  -0.3096
  183.9   -50.35  21.877  -0.3158
  184.1   -50.30  21.904  -0.3141
  184.3   -50.29  21.932  -0.3126
  184.7   -50.24  21.959  -0.3099
  184.9   -50.16  21.987  -0.3132
  185.2   -50.12  22.014  -0.3159
  185.5   -50.08  22.041  -0.3156
  185.7   -49.97  22.068  -0.3145
  186.0   -49.92  22.096  -0.3305
  186.3   -49.85  22.123  -0.3317
  186.6   -49.73  22.150  -0.3505
  186.9   -49.64  22.177  -0.3367
  187.0   -49.57  22.205  -0.3300
  187.4   -49.48  22.232  -0.3344
  187.6   -49.37  22.259  -0.3327
  187.9   -49.25  22.286  -0.3349
  188.2   -49.12  22.313  -0.3554
  188.4   -49.04  22.341  -0.3520
  188.7   -48.93  22.368  -0.3412
  188.9   -48.83  22.395  -0.3452
  189.2   -48.71  22.423  -0.3500
  189.5   -48.59  22.450  -0.3477
  189.7   -48.49  22.477  -0.3442
  190.0   -48.34  22.504  -0.3483
  190.3   -48.21  22.532  -0.3455
  190.7   -48.08  22.559  -0.3427
  190.8   -47.97  22.586  -0.3448
  191.1   -47.77  22.613  -0.3467
  191.4   -47.64  22.641  -0.3521
  191.6   -47.52  22.668  -0.3548
  192.0   -47.39  22.695  -0.3536
  192.2   -47.26  22.722  -0.3931
  192.5   -47.07  22.750  -0.3587
  192.7   -46.95  22.777  -0.3573
  193.0   -46.80  22.804  -0.3608
  193.3   -46.68  22.831  -0.3665
  193.5   -46.54  22.858  -0.4159
  193.8   -46.37  22.885  -0.3658
  194.1   -46.22  22.913  -0.3603
  194.4   -46.07  22.941  -0.3593
  194.6   -45.89  22.968  -0.3593
  194.9   -45.79  22.995  -0.3659
  195.2   -45.60  23.022  -0.3669
  195.4   -45.42  23.049  -0.3673
  195.7   -45.29  23.076  -0.3668
  196.0   -45.12  23.103  -0.3666
  196.3   -44.99  23.130  -0.3667
  196.6   -44.78  23.158  -0.3660
  196.9   -44.65  23.185  -0.3673
  197.1   -44.50  23.212  -0.3656
  197.4   -44.39  23.240  -0.3731
  197.6   -44.19  23.268  -0.3915
  197.9   -44.03  23.295  -0.3803
  198.2   -43.89  23.322  -0.3747
  198.5   -43.69  23.349  -0.3756
  198.7   -43.60  23.376  -0.3808
  199.1   -43.39  23.404  -0.3764
  199.3   -43.27  23.431  -0.3760
  199.6   -43.10  23.458  -0.3812
  199.9   -42.93  23.485  -0.3838
  200.1   -42.79  23.513  -0.3810
  200.4   -42.62  23.540  -0.3839
  200.7   -42.44  23.568  -0.3827
  201.0   -42.32  23.595  -0.3872
  201.2   -42.20  23.622  -0.3885
  201.4   -42.04  23.649  -0.3889
  201.8   -41.88  23.676  -0.4051
  202.0   -41.73  23.703  -0.3896
  202.3   -41.49  23.731  -0.3862
  202.5   -41.41  23.758  -0.3823
  202.8   -41.25  23.785  -0.3830
  203.0   -41.13  23.812  -0.3905
  203.4   -40.93  23.839  -0.3912
  203.7   -40.76  23.867  -0.4113
  203.9   -40.60  23.894  -0.4105
  204.3   -40.40  23.921  -0.3905
  204.5   -40.28  23.949  -0.3984
  204.8   -40.14  23.976  -0.4020
  205.0   -39.95  24.003  -0.3977
  205.3   -39.77  24.031  -0.3962
  205.6   -39.63  24.058  -0.3995
  205.9   -39.48  24.085  -0.4432
  206.1   -39.29  24.112  -0.4104
  206.4   -39.18  24.139  -0.3987
  206.8   -39.01  24.166  -0.3956
  207.0   -38.81  24.194  -0.4095
  207.3   -38.64  24.221  -0.4055
  207.5   -38.47  24.248  -0.4008
  207.8   -38.25  24.275  -0.4030
  208.1   -38.14  24.303  -0.4113
  208.4   -37.93  24.330  -0.4117
  208.6   -37.77  24.357  -0.4130
  209.0   -37.61  24.384  -0.4108
  209.1   -37.46  24.411  -0.4137
  209.4   -37.31  24.439  -0.4127
  209.8   -37.13  24.466  -0.4176
  210.0   -36.93  24.493  -0.4145
  210.3   -36.80  24.520  -0.4207
  210.6   -36.68  24.547  -0.4180
  210.9   -36.48  24.574  -0.4175
  211.1   -36.33  24.602  -0.4156
  211.3   -36.16  24.629  -0.4164
  211.8   -35.94  24.657  -0.4189
  212.0   -35.80  24.684  -0.4268
  212.3   -35.64  24.711  -0.4254
  212.6   -35.53  24.739  -0.4235
  212.8   -35.30  24.766  -0.4590
  213.1   -35.18  24.793  -0.4382
  213.4   -35.03  24.821  -0.4280
  213.7   -34.88  24.848  -0.4265
  213.9   -34.73  24.876  -0.4206
  214.2   -34.57  24.903  -0.4192
  214.5   -34.37  24.930  -0.4228
  214.8   -34.20  24.958  -0.4224
  215.1   -34.06  24.986  -0.4206
  215.4   -33.95  25.013  -0.4213
  215.6   -33.78  25.040  -0.4238
  216.0   -33.63  25.067  -0.4284
  216.3   -33.47  25.095  -0.4231
  216.5   -33.28  25.122  -0.4263
  216.7   -33.15  25.149  -0.4314
  217.1   -33.00  25.177  -0.4353
  217.3   -32.81  25.204  -0.4304
  217.5   -32.67  25.231  -0.4233
  217.9   -32.48  25.258  -0.4291
  218.2   -32.33  25.286  -0.4255
  218.6   -32.16  25.313  -0.4234
  218.7   -32.00  25.341  -0.4218
  219.1   -31.84  25.368  -0.4211
  219.4   -31.68  25.396  -0.4255
  219.7   -31.57  25.423  -0.4236
  220.0   -31.37  25.450  -0.4245
  220.2   -31.24  25.477  -0.4248
  220.5   -31.09  25.504  -0.4222
  220.9   -30.93  25.532  -0.4242
  221.1   -30.77  25.559  -0.4261
  221.3   -30.62  25.586  -0.4379
  221.7   -30.45  25.614  -0.4237
  222.0   -30.30  25.641  -0.4264
  222.2   -30.16  25.668  -0.4258
  222.5   -29.97  25.696  -0.4242
  222.7   -29.86  25.722  -0.4275
  223.1   -29.66  25.750  -0.4532
  223.3   -29.55  25.777  -0.4297
  223.6   -29.35  25.804  -0.4277
  223.8   -29.21  25.832  -0.4322
  224.2   -29.11  25.859  -0.4310
  224.5   -28.89  25.886  -0.4298
  224.9   -28.68  25.913  -0.4291
  225.0   -28.52  25.941  -0.4335
  225.3   -28.42  25.968  -0.4419
  225.6   -28.26  25.996  -0.4438
  225.9   -28.06  26.023  -0.4451
  226.2   -27.95  26.051  -0.4397
  226.5   -27.76  26.078  -0.4335
  226.8   -27.56  26.105  -0.4822
  227.0   -27.42  26.132  -0.4499
  227.3   -27.29  26.159  -0.4396
  227.7   -27.09  26.186  -0.4405
  227.9   -26.95  26.214  -0.4413
  228.1   -26.83  26.241  -0.4412
  228.4   -26.58  26.268  -0.4397
  228.8   -26.43  26.295  -0.4360
  229.0   -26.31  26.323  -0.4372
  229.4   -26.08  26.350  -0.4390
  229.7   -25.94  26.377  -0.4439
  230.0   -25.69  26.405  -0.4395
  230.3   -25.58  26.432  -0.4433
  230.5   -25.40  26.459  -0.4450
  230.9   -25.22  26.486  -0.4469
  231.0   -25.03  26.514  -0.4499
  231.4   -24.89  26.541  -0.4434
  231.7   -24.70  26.568  -0.4420
  232.0   -24.53  26.596  -0.4483
  232.2   -24.34  26.623  -0.4520
  232.5   -24.16  26.650  -0.4565
  232.8   -23.95  26.678  -0.4511
  233.1   -23.75  26.706  -0.4541
  233.4   -23.55  26.733  -0.4515
  233.7   -23.36  26.760  -0.4484
  233.9   -23.18  26.788  -0.4495
  234.3   -23.02  26.815  -0.4497
  234.6   -22.79  26.842  -0.4438
  234.8   -22.64  26.870  -0.4450
  235.2   -22.44  26.897  -0.4435
  235.4   -22.26  26.924  -0.4508
  235.7   -22.03  26.952  -0.4523
  236.0   -21.86  26.979  -0.4482
  236.3   -21.66  27.007  -0.4436
  236.6   -21.45  27.035  -0.4446
  236.9   -21.29  27.062  -0.4459
  237.1   -21.03  27.089  -0.4475
  237.5   -20.93  27.117  -0.4939
  237.9   -20.67  27.144  -0.4547
  238.0   -20.50  27.171  -0.4504
  238.4   -20.33  27.199  -0.4504
  238.7   -20.18  27.226  -0.4512
  239.1   -20.00  27.253  -0.4528
  239.2   -19.87  27.280  -0.4529
  239.6   -19.68  27.308  -0.4609
  239.8   -19.50  27.335  -0.4525
  240.1   -19.28  27.363  -0.4537
  240.4   -19.11  27.390  -0.4563
  240.8   -18.93  27.417  -0.4611
  241.1   -18.75  27.445  -0.4576
  241.4   -18.60  27.472  -0.4569
  241.7   -18.41  27.499  -0.4611
  241.9   -18.23  27.527  -0.4593
  242.3   -18.05  27.555  -0.4592
  242.6   -17.89  27.582  -0.4604
  242.8   -17.77  27.610  -0.4645
  243.2   -17.58  27.637  -0.4628
  243.5   -17.39  27.664  -0.4654
  243.7   -17.25  27.692  -0.4628
  244.1   -17.11  27.720  -0.4624
  244.4   -16.91  27.747  -0.4952
  244.6   -16.76  27.775  -0.4679
  244.9   -16.59  27.802  -0.4691
  245.1   -16.43  27.830  -0.4672
  245.6   -16.24  27.857  -0.4670
  245.8   -16.08  27.884  -0.4669
  246.1   -15.94  27.911  -0.4672
  246.4   -15.80  27.939  -0.4639
  246.7   -15.59  27.967  -0.4646
  247.1   -15.43  27.994  -0.4660
  247.3   -15.28  28.022  -0.4661
  247.7   -15.12  28.049  -0.4626
  248.0   -14.98  28.076  -0.4672
  248.1   -14.79  28.104  -0.4691
  248.5   -14.56  28.131  -0.4687
  248.9   -14.48  28.158  -0.4728
  249.2   -14.31  28.185  -0.4784
  249.4   -14.19  28.213  -0.4777
  249.7   -13.99  28.240  -0.4912
  250.0   -13.82  28.267  -0.4914
  250.3   -13.68  28.294  -0.4899
  250.7   -13.50  28.322  -0.4920
  250.9   -13.33  28.349  -0.4918
  251.2   -13.14  28.377  -0.4897
  251.5   -13.00  28.404  -0.4774
  251.9   -12.80  28.431  -0.4755
  252.1   -12.64  28.459  -0.4867
  252.5   -12.51  28.486  -0.4894
  252.8   -12.31  28.513  -0.4887
  253.0   -12.16  28.540  -0.4857
  253.3   -11.99  28.568  -0.4848
  253.7   -11.80  28.595  -0.4840
  253.9   -11.63  28.622  -0.4909
  254.2   -11.50  28.649  -0.4943
  254.5   -11.31  28.676  -0.4939
  254.9   -11.14  28.703  -0.4929
  255.1   -11.01  28.730  -0.4970
  255.3   -10.80  28.758  -0.4972
  255.6   -10.60  28.785  -0.4952
  256.0   -10.45  28.812  -0.4959
  256.3   -10.29  28.839  -0.4983
  256.6   -10.14  28.867  -0.4941
  257.0    -9.95  28.894  -0.4963
  257.2    -9.74  28.922  -0.4992
  257.6    -9.54  28.950  -0.5000
  257.9    -9.38  28.978  -0.5004
  258.2    -9.18  29.005  -0.5044
  258.5    -9.04  29.032  -0.5026
  258.8    -8.84  29.059  -0.4992
  259.1    -8.64  29.086  -0.5038
  259.4    -8.51  29.114  -0.5081
  259.6    -8.28  29.141  -0.5074
  260.0    -8.12  29.168  -0.5086
  260.3    -7.92  29.196  -0.5119
  260.5    -7.71  29.223  -0.5092
  260.9    -7.54  29.251  -0.5124
  261.1    -7.36  29.278  -0.5114
  261.5    -7.16  29.305  -0.5131
  261.7    -7.05  29.332  -0.5071
  262.1    -6.79  29.359  -0.5011
  262.3    -6.62  29.387  -0.4998
  262.6    -6.42  29.414  -0.4999
  262.9    -6.22  29.441  -0.5010
  263.3    -6.03  29.468  -0.5036
  263.5    -5.81  29.496  -0.5007
  263.8    -5.58  29.523  -0.4993
  264.2    -5.42  29.551  -0.4962
  264.5    -5.25  29.578  -0.4984
  264.8    -5.06  29.605  -0.5008
  265.0    -4.82  29.632  -0.5008
  265.5    -4.67  29.659  -0.5023
  265.7    -4.48  29.686  -0.5057
  265.9    -4.28  29.714  -0.5071
  266.3    -4.04  29.741  -0.5104
  266.6    -3.89  29.768  -0.5130
  266.9    -3.71  29.795  -0.4993
  267.1    -3.48  29.822  -0.5060
  267.4    -3.34  29.849  -0.5078
  267.9    -3.11  29.877  -0.5058
  268.1    -2.91  29.904  -0.5092
  268.4    -2.74  29.932  -0.5091
  268.9    -2.53  29.959  -0.5099
  269.1    -2.38  29.986  -0.5047
  269.4    -2.19  30.014  -0.5047
  269.6    -2.02  30.041  -0.5030
  270.0    -1.82  30.068  -0.5060
  270.2    -1.63  30.096  -0.5024
  270.6    -1.45  30.123  -0.5073
  270.9    -1.29  30.151  -0.5089
  271.1    -1.16  30.178  -0.5107
  271.4    -0.96  30.206  -0.5109
  271.8    -0.76  30.233  -0.5106
  272.0    -0.64  30.260  -0.5098
  272.4    -0.45  30.287  -0.5098
  272.6    -0.30  30.314  -0.5204
  272.9    -0.13  30.341  -0.5539
  273.2     0.00  30.369  -0.5158
  273.5     0.13  30.396  -0.5135
  273.8     0.28  30.423  -0.5118
  274.0     0.40  30.451  -0.5143
  274.4     0.59  30.478  -0.5148
  274.7     0.73  30.505  -0.5173
  275.0     0.87  30.533  -0.5182
  275.3     0.99  30.560  -0.5174
  275.6     1.11  30.587  -0.5207
  275.9     1.25  30.615  -0.5244
  276.2     1.37  30.642  -0.5248
  276.6     1.46  30.669  -0.5274
  276.8     1.64  30.697  -0.5269
  277.1     1.73  30.724  -0.5297
  277.5     1.84  30.751  -0.5275
  277.7     1.94  30.778  -0.5249
  278.0     2.11  30.806  -0.5288
  278.3     2.11  30.833  -0.5318
  278.6     2.22  30.860  -0.5378
  278.9     2.34  30.888  -0.5392
  279.2     2.42  30.915  -0.5407
  279.5     2.49  30.943  -0.5407
  279.9     2.59  30.970  -0.5394
  280.1     2.67  30.997  -0.5401
  280.5     2.72  31.024  -0.5408
  280.8     2.84  31.052  -0.5443
  281.0     2.91  31.079  -0.5411
  281.3     2.99  31.106  -0.5424
  281.7     3.09  31.134  -0.5411
  282.0     3.22  31.161  -0.5412
  282.2     3.24  31.188  -0.5379
  282.6     3.34  31.216  -0.5322
  282.8     3.39  31.243  -0.5266
  283.1     3.46  31.270  -0.5305
  283.4     3.52  31.298  -0.5320
  283.7     3.54  31.325  -0.5302
  284.1     3.64  31.352  -0.5303
  284.3     3.70  31.379  -0.5266
  284.7     3.73  31.407  -0.5264
  285.0     3.80  31.435  -0.5275
  285.3     3.89  31.462  -0.5294
  285.4     3.91  31.489  -0.5318
  285.8     3.96  31.516  -0.5360
  286.1     3.98  31.543  -0.5355
  286.4     4.05  31.571  -0.5360
  286.7     4.09  31.598  -0.5372
  287.0     4.12  31.626  -0.5366
  287.3     4.17  31.653  -0.5380
  287.6     4.21  31.680  -0.5384
  288.0     4.25  31.708  -0.5405
  288.2     4.27  31.735  -0.5379
  288.5     4.34  31.762  -0.5395
  288.8     4.36  31.790  -0.5404
  289.1     4.39  31.818  -0.5401
  289.4     4.41  31.845  -0.5412
  289.7     4.44  31.873  -0.5406
  289.9     4.47  31.901  -0.5390
  290.3     4.52  31.928  -0.5396
  290.5     4.54  31.956  -0.5427
  290.8     4.58  31.984  -0.5432
  291.2     4.63  32.011  -0.5448
  291.5     4.59  32.039  -0.5459
  291.8     4.64  32.066  -0.5477
  292.0     4.64  32.094  -0.5441
  292.3     4.67  32.121  -0.5451
  292.6     4.66  32.148  -0.5468
  292.9     4.69  32.175  -0.5474
  293.2     4.75  32.203  -0.5459
  293.5     4.75  32.231  -0.5505
  293.8     4.77  32.259  -0.5488
  294.1     4.79  32.286  -0.5483
  294.3     4.78  32.314  -0.5499
  294.6     4.80  32.341  -0.5475
  294.9     4.84  32.368  -0.5460
  295.2     4.83  32.396  -0.5471
  295.5     4.83  32.424  -0.5480
  295.8     4.86  32.452  -0.5451
  296.1     4.85  32.479  -0.5465
  296.4     4.85  32.507  -0.5484
  296.6     4.86  32.534  -0.5518
  297.1     4.89  32.562  -0.5523
  297.3     4.87  32.589  -0.5586
  297.6     4.90  32.617  -0.5556
  297.9     4.90  32.644  -0.5571
  298.3     4.92  32.671  -0.5556
  298.6     4.90  32.699  -0.5588
  298.7     4.93  32.726  -0.5558
  299.0     4.94  32.754  -0.5765
  299.4     4.95  32.781  -0.5603
  299.6     4.95  32.808  -0.5608
  300.0     4.97  32.835  -0.5606
