   22.4     0.89   0.027  -0.0026
   22.5     0.85   0.053  -0.0036
   22.5     0.89   0.080  -0.0009
   22.4     0.84   0.107  -0.0020
   22.5     0.87   0.133   0.0002
   22.5     0.85   0.160   0.0022
   22.4     0.82   0.187   0.0012
   22.5     0.80   0.214  -0.0042
   22.6     0.79   0.240  -0.0006
   22.5     0.79   0.267  -0.0023
   22.7     0.77   0.293  -0.0062
   22.6     0.75   0.320   0.0002
   22.6     0.77   0.347   0.0019
   22.6     0.75   0.373  -0.0023
   22.8     0.73   0.400   0.0010
   22.7     0.74   0.427  -0.0010
   22.7     0.74   0.454  -0.0043
   22.7     0.73   0.481  -0.0007
   22.8     0.70   0.508   0.0014
   22.8     0.71   0.535   0.0009
   22.8     0.70   0.562   0.0036
   22.8     0.69   0.589   0.0026
   22.9     0.67   0.615   0.0045
   22.9     0.68   0.642   0.0035
   22.8     0.67   0.668  -0.0045
   22.8     0.64   0.695   0.0011
   23.0     0.63   0.721   0.0020
   22.9     0.65   0.748  -0.0030
   22.9     0.66   0.775  -0.0036
   22.9     0.63   0.802  -0.0017
   23.0     0.59   0.829  -0.0068
   23.0     0.59   0.855  -0.0067
   23.0     0.59   0.882  -0.0026
   23.0     0.60   0.909   0.0000
   23.1     0.57   0.935  -0.0011
   23.1     0.56   0.962   0.0010
   23.1     0.58   0.989  -0.0032
   23.1     0.57   1.016  -0.0010
   23.2     0.56   1.042  -0.0018
   23.2     0.56   1.069   0.0004
   23.2     0.53   1.096  -0.0000
   23.2     0.51   1.122   0.0006
   23.2     0.54   1.149  -0.0011
   23.2     0.53   1.176  -0.0021
   23.2     0.51   1.203  -0.0011
   23.3     0.54   1.229   0.0031
   23.3     0.50   1.256   0.0046
   23.3     0.50   1.283   0.0039
   23.3     0.53   1.310   0.0005
   23.4     0.48   1.336   0.0085
   23.4     0.49   1.363   0.0055
   23.4     0.50   1.390   0.0041
   23.4     0.48   1.417   0.0008
   23.4     0.44   1.444   0.0037
   23.4     0.46   1.471   0.0041
   23.5     0.46   1.498   0.0045
   23.5     0.43   1.524   0.0026
   23.4     0.45   1.551   0.0030
   23.6     0.44   1.578   0.0059
   23.5     0.45   1.605   0.0040
   23.5     0.43   1.631   0.0046
   23.6     0.43   1.658   0.0011
   23.6     0.40   1.684   0.0027
   23.6     0.40   1.711   0.0033
   23.6     0.40   1.738   0.0007
   23.6     0.44   1.765   0.0003
   23.6     0.39   1.792   0.0015
   23.6     0.39   1.818   0.0041
   23.7     0.37   1.846   0.0031
   23.7     0.39   1.872   0.0000
   23.7     0.36   1.899   0.0010
   23.7     0.35   1.925   0.0015
   23.6     0.36   1.952   0.0023
   23.7     0.35   1.979  -0.0014
   23.6     0.35   2.005   0.0019
   23.8     0.35   2.032   0.0047
   23.8     0.36   2.059   0.0036
   23.8     0.34   2.085   0.0067
   23.8     0.31   2.112   0.0048
   23.9     0.32   2.139   0.0066
   23.8     0.35   2.165   0.0060
   23.8     0.32   2.192   0.0053
   23.9     0.34   2.219   0.0017
   23.9     0.31   2.245   0.0006
   23.9     0.32   2.272   0.0027
   24.0     0.31   2.299   0.0063
   23.9     0.32   2.325   0.0058
   24.0     0.33   2.352   0.0038
   24.0     0.32   2.378   0.0048
   24.0     0.28   2.405   0.0060
   23.9     0.29   2.432   0.0070
   23.9     0.31   2.459   0.0008
   23.9     0.30   2.485   0.0037
   23.9     0.23   2.512   0.0038
   23.9     0.25   2.539  -0.0027
   24.0     0.27   2.566  -0.0087
   24.0     0.30   2.592  -0.0005
   24.0     0.25   2.618   0.0035
   24.0     0.27   2.645   0.0043
   24.1     0.23   2.672   0.0060
   24.1     0.25   2.699   0.0038
   24.1     0.25   2.726   0.0063
   24.1     0.25   2.753   0.0038
   24.1     0.23   2.780   0.0034
   24.1     0.22   2.807   0.0033
   24.1     0.27   2.834   0.0052
   24.2     0.24   2.860   0.0041
   24.2     0.22   2.886   0.0057
   24.2     0.23   2.913   0.0072
   24.2     0.24   2.940   0.0111
   24.2     0.25   2.967   0.0082
   24.1     0.23   2.993   0.0083
   24.2     0.21   3.020   0.0089
   24.3     0.24   3.047   0.0108
   24.2     0.20   3.075   0.0088
   24.2     0.23   3.102   0.0061
   24.2     0.22   3.129   0.0079
   24.3     0.19   3.155   0.0099
   24.3     0.21   3.182   0.0122
   24.4     0.23   3.209   0.0070
   24.3     0.22   3.235   0.0098
   24.2     0.23   3.262   0.0076
   24.3     0.20   3.289   0.0048
   24.2     0.19   3.316   0.0077
   24.3     0.18   3.342   0.0054
   24.3     0.18   3.368   0.0057
   24.3     0.20   3.395   0.0062
   24.4     0.19   3.422   0.0074
   24.4     0.17   3.449   0.0048
   24.4     0.17   3.476   0.0045
   24.4     0.18   3.503   0.0075
   24.4     0.16   3.530   0.0081
   24.4     0.19   3.557   0.0079
   24.5     0.16   3.584   0.0052
   24.4     0.17   3.610   0.0067
   24.5     0.18   3.637   0.0087
   24.4     0.14   3.664   0.0086
   24.5     0.16   3.691   0.0098
   24.5     0.16   3.718   0.0094
   24.5     0.17   3.745   0.0103
   24.5     0.14   3.771   0.0128
   24.4     0.16   3.798   0.0099
   24.5     0.15   3.826   0.0041
   24.5     0.16   3.852  -0.0172
   24.5     0.16   3.879   0.0086
   24.5     0.15   3.905   0.0081
   24.5     0.15   3.932   0.0046
   24.6     0.17   3.959   0.0038
   24.6     0.16   3.986   0.0056
   24.5     0.13   4.014   0.0046
   24.5     0.15   4.041   0.0059
   24.6     0.15   4.067   0.0099
   24.6     0.14   4.095   0.0087
   24.6     0.15   4.122   0.0067
   24.6     0.13   4.149   0.0129
   24.6     0.16   4.176   0.0097
   24.6     0.13   4.202   0.0109
   24.5     0.15   4.229   0.0119
   24.6     0.13   4.256   0.0103
   24.7     0.13   4.283   0.0095
   24.7     0.11   4.309   0.0108
   24.6     0.13   4.336   0.0095
   24.7     0.11   4.363   0.0094
   24.7     0.10   4.390   0.0138
   24.7     0.15   4.417   0.0151
   24.8     0.11   4.444   0.0136
   24.8     0.10   4.471   0.0126
   24.7     0.11   4.498   0.0112
   24.8     0.12   4.525   0.0116
   24.7     0.10   4.552   0.0097
   24.7     0.11   4.578   0.0094
   24.7     0.11   4.605   0.0115
   24.8     0.14   4.632   0.0083
   24.8     0.12   4.659   0.0075
   24.8     0.10   4.685   0.0045
   24.7     0.11   4.712   0.0031
   24.7     0.13   4.740   0.0038
   24.8     0.09   4.767   0.0043
   24.7     0.11   4.793   0.0055
   24.8     0.07   4.820   0.0050
   24.8     0.13   4.847   0.0064
   24.8     0.10   4.874   0.0084
   24.8     0.11   4.901   0.0053
   24.9     0.10   4.928   0.0082
   24.8     0.11   4.954   0.0034
   24.7     0.09   4.981   0.0070
   24.8     0.09   5.009   0.0067
   24.8     0.13   5.035   0.0058
   24.9     0.10   5.062   0.0046
   24.8     0.11   5.089   0.0042
   25.0     0.09   5.115   0.0063
   24.9     0.08   5.142   0.0077
   24.9     0.08   5.169   0.0056
   24.8     0.02   5.196   0.0053
   24.7     0.04   5.222   0.0028
   24.8     0.07   5.249   0.0042
   24.8     0.10   5.276   0.0037
   24.9     0.12   5.303   0.0043
   24.8     0.07   5.331   0.0037
   24.9     0.07   5.358   0.0038
   24.9     0.06   5.385   0.0050
   24.8     0.05   5.412   0.0108
   24.9     0.03   5.438   0.0070
   24.9     0.04   5.466   0.0060
   24.9     0.06   5.493   0.0069
   25.0     0.08   5.520   0.0018
   25.0     0.04   5.548   0.0069
   24.9     0.08   5.574   0.0082
   25.0     0.09   5.602   0.0051
   24.9     0.04   5.629   0.0019
   25.0     0.08   5.656   0.0021
   25.0     0.11   5.683   0.0047
   24.9     0.09   5.710   0.0011
   25.0     0.10   5.736   0.0036
   25.0     0.09   5.763   0.0051
   25.1     0.10   5.790  -0.0015
   25.1     0.10   5.817  -0.0005
   25.1     0.05   5.844   0.0017
   25.1     0.06   5.871   0.0039
   25.0     0.04   5.898   0.0014
   25.0     0.10   5.926  -0.0025
   25.1     0.07   5.953  -0.0009
   25.1     0.10   5.980  -0.0017
   25.1     0.08   6.006   0.0021
   25.1     0.12   6.033  -0.0014
   25.0     0.12   6.060  -0.0037
   25.2     0.08   6.087  -0.0027
   25.0     0.06   6.114  -0.0002
   25.1     0.05   6.141  -0.0023
   25.1     0.06   6.167  -0.0179
   25.1     0.04   6.194  -0.0008
   25.1     0.05   6.221   0.0030
   25.3     0.12   6.248   0.0026
   25.2     0.08   6.275  -0.0027
   25.2     0.07   6.303   0.0022
   25.2     0.13   6.330   0.0011
   25.3     0.14   6.356   0.0059
   25.2     0.06   6.383   0.0028
   25.4     0.13   6.410   0.0013
   25.3     0.12   6.437   0.0015
   25.3     0.15   6.464  -0.0005
   25.3     0.11   6.491   0.0002
   25.3     0.11   6.517   0.0015
   25.2     0.09   6.545   0.0020
   25.4     0.05   6.571  -0.0002
   25.3     0.06   6.598  -0.0028
   25.4     0.09   6.626  -0.0026
   25.4     0.10   6.653   0.0019
   25.4     0.12   6.680   0.0003
   25.4     0.07   6.707   0.0029
   25.4     0.10   6.734   0.0035
   25.5     0.10   6.761   0.0029
   25.4     0.09   6.788   0.0004
   25.3     0.11   6.815   0.0046
   25.6     0.07   6.843   0.0024
   25.4     0.11   6.870   0.0023
   25.5     0.08   6.897   0.0009
   25.6     0.06   6.924   0.0022
   25.6     0.10   6.951   0.0037
   25.6     0.09   6.978   0.0004
   25.7     0.16   7.004  -0.0011
   25.6     0.17   7.031   0.0022
   25.7     0.17   7.058   0.0059
   25.7     0.18   7.085   0.0052
   25.8     0.18   7.112   0.0051
   25.8     0.19   7.138   0.0055
   25.9     0.20   7.165   0.0056
   25.9     0.19   7.192   0.0016
   26.0     0.27   7.220   0.0023
   26.0     0.28   7.247   0.0071
   26.1     0.31   7.274   0.0108
   26.1     0.33   7.301   0.0104
   26.2     0.36   7.328   0.0091
   26.2     0.33   7.355   0.0088
   26.3     0.37   7.382   0.0094
   26.1     0.28   7.409   0.0095
   26.1     0.23   7.436   0.0110
   26.1     0.26   7.464   0.0059
   26.2     0.23   7.490   0.0076
   26.2     0.28   7.517   0.0038
   26.3     0.26   7.544   0.0076
   26.3     0.25   7.571   0.0034
   26.4     0.26   7.598   0.0019
   26.3     0.23   7.624   0.0045
   26.4     0.24   7.651   0.0068
   26.5     0.28   7.678   0.0031
   26.4     0.27   7.704   0.0035
   26.5     0.28   7.732   0.0043
   26.6     0.29   7.759   0.0018
   26.7     0.30   7.785   0.0012
   26.7     0.33   7.812   0.0032
   26.7     0.33   7.839   0.0051
   26.8     0.33   7.866   0.0061
   26.8     0.32   7.893   0.0066
   26.9     0.35   7.920   0.0042
   27.0     0.34   7.947   0.0060
   27.0     0.32   7.974   0.0025
   27.0     0.28   8.001   0.0059
   27.0     0.30   8.028   0.0074
   27.1     0.33   8.055   0.0070
   27.2     0.33   8.082   0.0040
   27.1     0.32   8.109   0.0049
   27.2     0.30   8.136   0.0064
   27.2     0.33   8.164   0.0067
   27.3     0.34   8.191   0.0000
   27.4     0.35   8.217   0.0029
   27.4     0.35   8.244  -0.0008
   27.5     0.30   8.271   0.0040
   27.5     0.32   8.298   0.0067
   27.6     0.34   8.326   0.0015
   27.6     0.36   8.353   0.0026
   27.7     0.35   8.380   0.0014
   27.7     0.35   8.407   0.0030
   27.8     0.29   8.434   0.0025
   27.9     0.34   8.461   0.0068
   27.8     0.39   8.489   0.0034
   28.1     0.40   8.515   0.0030
   28.1     0.42   8.542   0.0013
   28.2     0.40   8.569   0.0007
   28.2     0.39   8.596   0.0029
   28.4     0.41   8.623  -0.0006
   28.3     0.40   8.651  -0.0008
   28.3     0.39   8.678   0.0051
   28.5     0.40   8.704   0.0042
   28.5     0.38   8.732   0.0032
   28.6     0.39   8.759   0.0043
   28.7     0.42   8.786   0.0078
   28.8     0.39   8.813   0.0053
   28.8     0.41   8.841   0.0049
   29.0     0.40   8.867   0.0055
   28.9     0.39   8.895   0.0037
   28.9     0.40   8.922   0.0046
   29.1     0.39   8.949   0.0032
   29.1     0.39   8.976  -0.0011
   29.1     0.36   9.003  -0.0033
   29.3     0.41   9.031  -0.0030
   29.3     0.39   9.058  -0.0019
   29.4     0.43   9.085  -0.0043
   29.5     0.41   9.113  -0.0022
   29.6     0.41   9.140   0.0005
   29.7     0.43   9.167   0.0027
   29.7     0.42   9.194   0.0014
   29.8     0.43   9.221  -0.0018
   30.0     0.41   9.248  -0.0038
   30.0     0.40   9.275  -0.0024
   29.9     0.43   9.302  -0.0016
   30.1     0.41   9.329   0.0029
   30.2     0.43   9.357   0.0025
   30.3     0.40   9.384   0.0027
   30.3     0.43   9.411   0.0049
   30.4     0.43   9.439   0.0021
   30.6     0.43   9.466   0.0028
   30.5     0.42   9.493   0.0023
   30.7     0.43   9.520   0.0038
   30.7     0.41   9.547   0.0064
   30.7     0.41   9.574   0.0074
   30.9     0.42   9.601   0.0064
   31.0     0.42   9.628   0.0080
   31.0     0.38   9.655   0.0123
   31.1     0.42   9.682   0.0081
   31.3     0.38   9.709   0.0026
   31.3     0.41   9.736   0.0043
   31.3     0.42   9.763  -0.0020
   31.5     0.39   9.790   0.0041
   31.6     0.40   9.817   0.0035
   31.6     0.38   9.845   0.0014
   31.8     0.41   9.872  -0.0005
   31.9     0.39   9.899  -0.0034
   31.9     0.39   9.926  -0.0064
   32.0     0.38   9.953   0.0043
   32.1     0.40   9.980   0.0015
   32.2     0.36  10.007  -0.0011
   32.4     0.38  10.034   0.0042
   32.4     0.39  10.061   0.0051
   32.5     0.37  10.087   0.0014
   32.5     0.34  10.115  -0.0002
   32.7     0.38  10.141   0.0016
   32.8     0.37  10.168   0.0051
   32.9     0.40  10.195   0.0012
   33.0     0.41  10.222   0.0022
   33.0     0.37  10.248  -0.0004
   33.1     0.43  10.276   0.0003
   33.3     0.35  10.303   0.0030
   33.3     0.39  10.330   0.0024
   33.5     0.38  10.357   0.0003
   33.5     0.38  10.384  -0.0011
   33.6     0.40  10.411   0.0001
   33.7     0.38  10.438  -0.0003
   33.8     0.40  10.465  -0.0051
   33.9     0.37  10.492  -0.0040
   34.0     0.34  10.519  -0.0030
   34.1     0.38  10.546  -0.0033
   34.3     0.35  10.573  -0.0043
   34.4     0.39  10.600  -0.0060
   34.5     0.37  10.627  -0.0078
   34.6     0.37  10.654  -0.0091
   34.7     0.37  10.681  -0.0068
   34.7     0.36  10.708  -0.0034
   34.8     0.36  10.735  -0.0056
   34.9     0.35  10.762  -0.0076
   35.1     0.35  10.789  -0.0101
   35.2     0.34  10.816  -0.0070
   35.2     0.33  10.844  -0.0068
   35.4     0.35  10.871  -0.0084
   35.5     0.33  10.898  -0.0067
   35.6     0.34  10.926  -0.0057
   35.7     0.33  10.953  -0.0073
   35.7     0.32  10.980  -0.0045
   35.9     0.31  11.007  -0.0044
   36.0     0.31  11.034  -0.0071
   36.1     0.31  11.061  -0.0053
   36.1     0.32  11.089  -0.0055
   36.3     0.35  11.115  -0.0065
   36.4     0.32  11.142  -0.0056
   36.5     0.29  11.170  -0.0071
   36.6     0.31  11.197  -0.0072
   36.8     0.32  11.224  -0.0041
   36.8     0.32  11.251  -0.0085
   37.0     0.28  11.278  -0.0115
   37.2     0.27  11.304  -0.0117
   37.2     0.28  11.332  -0.0083
   37.3     0.28  11.358  -0.0077
   37.4     0.32  11.386  -0.0074
   37.4     0.29  11.413  -0.0057
   37.6     0.24  11.440  -0.0064
   37.7     0.26  11.467  -0.0075
   37.8     0.29  11.494  -0.0069
   38.0     0.25  11.520  -0.0034
   38.1     0.25  11.548  -0.0057
   38.2     0.24  11.575  -0.0073
   38.3     0.23  11.602  -0.0055
   38.4     0.24  11.629  -0.0053
   38.5     0.24  11.657  -0.0067
   38.7     0.22  11.684  -0.0047
   38.8     0.26  11.711  -0.0050
   38.9     0.18  11.738  -0.0034
   38.9     0.23  11.765  -0.0070
   39.1     0.20  11.792  -0.0073
   39.1     0.16  11.819  -0.0090
   39.3     0.17  11.846  -0.0101
   39.3     0.18  11.873  -0.0095
   39.6     0.18  11.900  -0.0113
   39.7     0.21  11.927  -0.0150
   39.8     0.21  11.954  -0.0122
   39.9     0.13  11.981  -0.0110
   40.0     0.19  12.009  -0.0092
   40.2     0.21  12.036  -0.0132
   40.2     0.18  12.063  -0.0138
   40.5     0.20  12.090  -0.0145
   40.5     0.18  12.117  -0.0127
   40.6     0.14  12.144  -0.0119
   40.7     0.13  12.171  -0.0116
   40.9     0.16  12.198  -0.0142
   40.9     0.18  12.225  -0.0114
   41.1     0.18  12.252  -0.0077
   41.2     0.15  12.279  -0.0067
   41.4     0.16  12.306  -0.0062
   41.4     0.18  12.334  -0.0070
   41.6     0.14  12.360  -0.0104
   41.7     0.15  12.387  -0.0147
   41.9     0.11  12.415  -0.0134
   41.9     0.16  12.442  -0.0100
   42.0     0.13  12.469  -0.0089
   42.3     0.14  12.496  -0.0117
   42.3     0.14  12.523  -0.0113
   42.5     0.14  12.550  -0.0164
   42.5     0.09  12.577  -0.0186
   42.7     0.10  12.604  -0.0124
   42.7     0.10  12.632  -0.0127
   42.9     0.11  12.659  -0.0139
   43.0     0.12  12.686  -0.0154
   43.1     0.14  12.712  -0.0143
   43.2     0.10  12.740  -0.0150
   43.4     0.11  12.767  -0.0118
   43.4     0.10  12.794  -0.0152
   43.6     0.14  12.822  -0.0175
   43.9     0.09  12.849  -0.0162
   43.9     0.11  12.876  -0.0135
   44.0     0.09  12.903  -0.0178
   44.2     0.09  12.930  -0.0175
   44.3     0.12  12.957  -0.0170
   44.4     0.07  12.984  -0.0173
   44.5     0.10  13.011  -0.0163
   44.8     0.08  13.038  -0.0166
   44.7     0.07  13.065  -0.0156
   44.9     0.07  13.092  -0.0166
   45.0     0.06  13.119  -0.0181
   45.1     0.09  13.146  -0.0124
   45.3     0.07  13.173  -0.0078
   45.3     0.05  13.200  -0.0089
   45.5     0.07  13.227  -0.0129
   45.6     0.04  13.254  -0.0102
   45.8     0.02  13.281  -0.0106
   45.9     0.02  13.308  -0.0085
   46.1     0.03  13.335  -0.0082
   46.2     0.02  13.362  -0.0107
   46.3     0.05  13.389  -0.0091
   46.4     0.01  13.416  -0.0112
   46.5    -0.02  13.443  -0.0137
   46.6    -0.02  13.470  -0.0124
   46.7    -0.01  13.497  -0.0132
   46.8    -0.05  13.524  -0.0121
   47.0    -0.04  13.552  -0.0143
   47.2     0.00  13.579  -0.0168
   47.4    -0.02  13.606  -0.0179
   47.4    -0.02  13.633  -0.0148
   47.5    -0.01  13.660  -0.0167
   47.8    -0.02  13.687  -0.0187
   47.7    -0.03  13.714  -0.0173
   47.9    -0.08  13.741  -0.0180
   48.1    -0.03  13.768  -0.0178
   48.2     0.01  13.795  -0.0188
   48.4     0.06  13.823  -0.0202
   48.4     0.00  13.850  -0.0218
   48.7     0.15  13.877  -0.0125
   48.8     0.11  13.904  -0.0115
   48.9     0.01  13.932  -0.0124
   48.9    -0.14  13.958  -0.0126
   49.1     0.07  13.985  -0.0067
   49.2    -0.03  14.013  -0.0137
   49.2    -0.16  14.040  -0.0163
   49.3    -0.12  14.067  -0.0144
   49.6    -0.10  14.095  -0.0140
   49.6    -0.14  14.122  -0.0177
   49.8    -0.16  14.149  -0.0197
   49.9    -0.14  14.176  -0.0188
   50.1    -0.12  14.203  -0.0187
   50.2    -0.14  14.229  -0.0217
   50.3    -0.09  14.257  -0.0236
   50.6    -0.07  14.283  -0.0238
   50.7    -0.08  14.311  -0.0220
   50.9    -0.06  14.337  -0.0221
   50.9    -0.05  14.364  -0.0212
   51.0    -0.05  14.391  -0.0224
   51.2    -0.06  14.418  -0.0204
   51.3    -0.09  14.446  -0.0207
   51.5    -0.06  14.473  -0.0206
   51.6    -0.09  14.500  -0.0189
   51.6    -0.22  14.527  -0.0125
   51.7    -0.22  14.554  -0.0103
   51.8    -0.23  14.581  -0.0141
   52.0    -0.26  14.608  -0.0144
   52.0    -0.27  14.635  -0.0160
   52.2    -0.25  14.662  -0.0101
   52.3    -0.27  14.690  -0.0089
   52.4    -0.29  14.717  -0.0106
   52.6    -0.24  14.744  -0.0120
   52.7    -0.25  14.771  -0.0138
   52.8    -0.29  14.797  -0.0138
   53.0    -0.29  14.825  -0.0132
   53.1    -0.28  14.852  -0.0121
   53.2    -0.31  14.879  -0.0130
   53.4    -0.31  14.906  -0.0109
   53.4    -0.31  14.933  -0.0097
   53.5    -0.33  14.960  -0.0109
   53.6    -0.32  14.987  -0.0145
   53.8    -0.31  15.014  -0.0119
   53.9    -0.33  15.041  -0.0130
   54.0    -0.32  15.068  -0.0111
   54.2    -0.34  15.095  -0.0097
   54.3    -0.32  15.123  -0.0126
   54.5    -0.38  15.150  -0.0120
   54.5    -0.36  15.177  -0.0140
   54.6    -0.37  15.204  -0.0142
   54.8    -0.37  15.231  -0.0117
   55.0    -0.37  15.258  -0.0133
   55.1    -0.35  15.286  -0.0147
   55.2    -0.38  15.312  -0.0113
   55.3    -0.38  15.339  -0.0147
   55.5    -0.38  15.366  -0.0140
   55.6    -0.40  15.393  -0.0087
   55.8    -0.39  15.420  -0.0086
   55.9    -0.39  15.447  -0.0106
   56.1    -0.41  15.474  -0.0119
   56.0    -0.40  15.501  -0.0147
   56.2    -0.43  15.529  -0.0097
   56.4    -0.41  15.555  -0.0128
   56.6    -0.42  15.583  -0.0086
   56.7    -0.41  15.610  -0.0091
   56.7    -0.42  15.637  -0.0123
   56.9    -0.45  15.665  -0.0141
   57.0    -0.45  15.692  -0.0139
   57.1    -0.45  15.719  -0.0106
   57.2    -0.46  15.746  -0.0123
   57.5    -0.50  15.773  -0.0112
   57.5    -0.47  15.800  -0.0134
   57.5    -0.49  15.827  -0.0166
   57.8    -0.48  15.854  -0.0140
   57.9    -0.48  15.881  -0.0130
   58.0    -0.54  15.908  -0.0120
   58.1    -0.49  15.935  -0.0145
   58.4    -0.49  15.963  -0.0156
   58.5    -0.51  15.990  -0.0113
   58.4    -0.50  16.017  -0.0109
   58.7    -0.47  16.045  -0.0121
   58.8    -0.52  16.072  -0.0151
   58.9    -0.52  16.099  -0.0160
   59.1    -0.51  16.126  -0.0171
   59.1    -0.47  16.153  -0.0142
   59.3    -0.49  16.180  -0.0144
   59.4    -0.53  16.208  -0.0121
   59.5    -0.54  16.235  -0.0149
   59.7    -0.53  16.262  -0.0133
   59.8    -0.58  16.289  -0.0123
   60.0    -0.54  16.316  -0.0137
   60.1    -0.53  16.343  -0.0139
   60.2    -0.58  16.370  -0.0127
   60.4    -0.57  16.397  -0.0145
   60.4    -0.58  16.424  -0.0194
   60.6    -0.58  16.452  -0.0166
   60.7    -0.61  16.479  -0.0166
   60.8    -0.59  16.505  -0.0167
   60.9    -0.61  16.533  -0.0154
   61.2    -0.61  16.559  -0.0165
   61.2    -0.63  16.586  -0.0143
   61.4    -0.63  16.614  -0.0163
   61.5    -0.65  16.641  -0.0166
   61.6    -0.65  16.668  -0.0167
   61.8    -0.64  16.695  -0.0156
   61.8    -0.66  16.722  -0.0202
   62.0    -0.65  16.749  -0.0147
   62.1    -0.65  16.776  -0.0113
   62.3    -0.67  16.803  -0.0144
   62.3    -0.70  16.830  -0.0182
   62.5    -0.69  16.857  -0.0144
   62.6    -0.70  16.884  -0.0159
   62.8    -0.68  16.911  -0.0192
   62.9    -0.70  16.937  -0.0166
   63.0    -0.69  16.964  -0.0180
   63.2    -0.71  16.991  -0.0211
   63.3    -0.70  17.018  -0.0187
   63.4    -0.74  17.045  -0.0172
   63.6    -0.71  17.072  -0.0196
   63.7    -0.73  17.099  -0.0184
   63.8    -0.74  17.126  -0.0210
   63.9    -0.73  17.153  -0.0217
   64.0    -0.77  17.179  -0.0191
   64.1    -0.77  17.207  -0.0167
   64.2    -0.77  17.234  -0.0167
   64.4    -0.78  17.261  -0.0174
   64.5    -0.78  17.287  -0.0147
   64.6    -0.77  17.315  -0.0178
   64.8    -0.81  17.342  -0.0207
   64.9    -0.79  17.369  -0.0194
   65.0    -0.81  17.396  -0.0202
   65.1    -0.81  17.422  -0.0193
   65.4    -0.82  17.449  -0.0186
   65.4    -0.82  17.477  -0.0162
   65.5    -0.84  17.504  -0.0182
   65.7    -0.84  17.530  -0.0162
   65.7    -0.85  17.557  -0.0186
   65.9    -0.86  17.584  -0.0160
   66.0    -0.87  17.611  -0.0175
   66.1    -0.88  17.638  -0.0115
   66.3    -0.89  17.665  -0.0117
   66.5    -0.88  17.692  -0.0137
   66.5    -0.91  17.719  -0.0129
   66.7    -0.90  17.746  -0.0162
   66.8    -0.88  17.774  -0.0170
   67.0    -0.91  17.801  -0.0154
   67.2    -0.94  17.828  -0.0174
   67.2    -0.93  17.855  -0.0195
   67.3    -0.91  17.883  -0.0176
   67.4    -0.97  17.909  -0.0185
   67.6    -0.93  17.936  -0.0205
   67.6    -0.96  17.964  -0.0204
   67.8    -0.97  17.991  -0.0202
   68.0    -0.96  18.018  -0.0181
   68.1    -0.99  18.046  -0.0204
   68.2    -1.01  18.073  -0.0179
   68.4    -1.02  18.100  -0.0194
   68.4    -1.00  18.127  -0.0203
   68.6    -1.01  18.153  -0.0188
   68.7    -1.02  18.180  -0.0195
   68.8    -0.99  18.208  -0.0161
   69.0    -1.04  18.234  -0.0173
   69.1    -1.04  18.262  -0.0219
   69.3    -1.03  18.289  -0.0187
   69.4    -1.06  18.316  -0.0202
   69.5    -1.08  18.343  -0.0237
   69.7    -1.07  18.370  -0.0245
   69.8    -1.10  18.397  -0.0280
   69.9    -1.08  18.424  -0.0266
   70.1    -1.07  18.451  -0.0249
   70.2    -1.11  18.478  -0.0245
   70.2    -1.10  18.505  -0.0228
   70.4    -1.14  18.532  -0.0188
   70.6    -1.10  18.559  -0.0225
   70.7    -1.17  18.586  -0.0203
   70.8    -1.15  18.614  -0.0209
   70.9    -1.15  18.641  -0.0229
   71.0    -1.18  18.668  -0.0246
   71.3    -1.17  18.695  -0.0279
   71.3    -1.18  18.722  -0.0302
   71.4    -1.16  18.749  -0.0290
   71.5    -1.21  18.776  -0.0258
   71.7    -1.21  18.803  -0.0253
   71.8    -1.18  18.831  -0.0256
   72.0    -1.21  18.858  -0.0221
   72.2    -1.20  18.885  -0.0236
   72.1    -1.23  18.912  -0.0220
   72.3    -1.23  18.940  -0.0232
   72.5    -1.25  18.967  -0.0259
   72.6    -1.25  18.994  -0.0215
   72.7    -1.29  19.021  -0.0262
   72.9    -1.27  19.048  -0.0272
   73.1    -1.28  19.076  -0.0299
   73.2    -1.26  19.103  -0.0266
   73.3    -1.26  19.130  -0.0302
   73.4    -1.27  19.157  -0.0272
   73.5    -1.31  19.184  -0.0297
   73.6    -1.32  19.211  -0.0273
   73.7    -1.32  19.238  -0.0273
   74.0    -1.33  19.265  -0.0279
   74.1    -1.33  19.292  -0.0299
   74.2    -1.34  19.320  -0.0323
   74.3    -1.34  19.346  -0.0294
   74.5    -1.37  19.373  -0.0334
   74.6    -1.37  19.400  -0.0286
   74.7    -1.36  19.427  -0.0326
   74.8    -1.38  19.454  -0.0323
   75.0    -1.41  19.481  -0.0306
   75.1    -1.42  19.509  -0.0336
   75.2    -1.43  19.535  -0.0356
   75.3    -1.45  19.562  -0.0319
   75.6    -1.45  19.590  -0.0330
   75.6    -1.45  19.616  -0.0297
   75.7    -1.44  19.644  -0.0310
   75.8    -1.47  19.671  -0.0322
   75.9    -1.51  19.698  -0.0294
   76.1    -1.50  19.725  -0.0317
   76.3    -1.51  19.752  -0.0346
   76.4    -1.53  19.779  -0.0336
   76.6    -1.55  19.806  -0.0327
   76.7    -1.54  19.834  -0.0306
   76.7    -1.54  19.861  -0.0321
   76.9    -1.58  19.888  -0.0321
   77.0    -1.55  19.915  -0.0347
   77.2    -1.59  19.942  -0.0314
   77.2    -1.59  19.969  -0.0345
   77.4    -1.58  19.996  -0.0325
   77.6    -1.55  20.023  -0.0338
   77.7    -1.60  20.051  -0.0317
   77.8    -1.61  20.078  -0.0291
   77.9    -1.63  20.105  -0.0299
   78.1    -1.61  20.132  -0.0313
   78.1    -1.66  20.159  -0.0310
   78.3    -1.66  20.187  -0.0313
   78.4    -1.64  20.214  -0.0287
   78.6    -1.65  20.241  -0.0281
   78.7    -1.67  20.268  -0.0331
   78.9    -1.64  20.296  -0.0374
   78.9    -1.69  20.323  -0.0316
   79.1    -1.70  20.350  -0.0309
   79.3    -1.71  20.377  -0.0351
   79.3    -1.69  20.404  -0.0353
   79.4    -1.74  20.432  -0.0337
   79.6    -1.75  20.459  -0.0347
   79.6    -1.74  20.485  -0.0351
   79.8    -1.77  20.512  -0.0334
   79.9    -1.77  20.540  -0.0346
   80.0    -1.77  20.567  -0.0341
   80.2    -1.78  20.594  -0.0380
   80.3    -1.81  20.621  -0.0353
   80.4    -1.81  20.648  -0.0378
   80.6    -1.79  20.675  -0.0362
   80.7    -1.81  20.702  -0.0358
   80.8    -1.83  20.729  -0.0367
   80.9    -1.82  20.756  -0.0372
   81.1    -1.84  20.783  -0.0347
   81.2    -1.86  20.810  -0.0365
   81.3    -1.85  20.838  -0.0391
   81.4    -1.89  20.865  -0.0455
   81.6    -1.87  20.892  -0.0411
   81.7    -1.87  20.919  -0.0387
   81.7    -1.88  20.946  -0.0395
   82.0    -1.89  20.973  -0.0373
   82.1    -1.90  21.000  -0.0364
   82.3    -1.90  21.027  -0.0339
   82.4    -1.90  21.054  -0.0334
   82.5    -1.94  21.082  -0.0373
   82.5    -1.92  21.109  -0.0369
   82.7    -1.98  21.136  -0.0359
   82.8    -1.97  21.163  -0.0374
   82.9    -1.99  21.190  -0.0358
   83.1    -2.01  21.217  -0.0334
   83.3    -2.00  21.245  -0.0302
   83.2    -2.01  21.272  -0.0289
   83.5    -2.02  21.299  -0.0292
   83.6    -2.03  21.326  -0.0344
   83.8    -2.03  21.353  -0.0404
   83.8    -2.02  21.380  -0.0383
   83.9    -2.07  21.407  -0.0400
   84.2    -2.08  21.434  -0.0388
   84.2    -2.06  21.461  -0.0371
   84.4    -2.09  21.489  -0.0389
   84.5    -2.09  21.515  -0.0374
   84.6    -2.07  21.542  -0.0365
   84.7    -2.11  21.569  -0.0364
   84.9    -2.09  21.596  -0.0363
   85.0    -2.12  21.624  -0.0330
   85.2    -2.12  21.651  -0.0322
   85.2    -2.13  21.678  -0.0320
   85.4    -2.14  21.705  -0.0343
   85.5    -2.15  21.732  -0.0354
   85.6    -2.19  21.759  -0.0391
   85.8    -2.14  21.786  -0.0414
   85.9    -2.17  21.813  -0.0385
   86.0    -2.19  21.841  -0.0401
   86.2    -2.19  21.868  -0.0389
   86.3    -2.19  21.895  -0.0377
   86.4    -2.29  21.923  -0.0425
   86.6    -2.27  21.950  -0.0481
   86.6    -2.26  21.977  -0.0405
   86.8    -2.26  22.004  -0.0417
   86.9    -2.30  22.032  -0.0407
   87.1    -2.29  22.059  -0.0417
   87.1    -2.32  22.086  -0.0405
   87.3    -2.35  22.113  -0.0419
   87.4    -2.39  22.140  -0.0392
   87.5    -2.36  22.167  -0.0409
   87.7    -2.34  22.195  -0.0437
   87.8    -2.34  22.221  -0.0457
   88.0    -2.34  22.248  -0.0464
   88.1    -2.33  22.276  -0.0569
   88.1    -2.38  22.303  -0.0470
   88.3    -2.45  22.330  -0.0477
   88.5    -2.43  22.358  -0.0433
   88.6    -2.40  22.385  -0.0432
   88.7    -2.43  22.412  -0.0462
   89.0    -2.42  22.439  -0.0410
   89.0    -2.47  22.466  -0.0416
   89.0    -2.50  22.494  -0.0419
   89.1    -2.56  22.520  -0.0421
   89.3    -2.58  22.548  -0.0452
   89.5    -2.52  22.575  -0.0601
   89.6    -2.55  22.602  -0.0548
   89.7    -2.55  22.629  -0.0499
   89.8    -2.57  22.657  -0.0484
   90.0    -2.57  22.683  -0.0441
   90.0    -2.57  22.710  -0.0435
   90.2    -2.60  22.737  -0.0458
   90.3    -2.62  22.765  -0.0427
   90.3    -2.65  22.792  -0.0443
   90.6    -2.61  22.820  -0.0509
   90.8    -2.61  22.848  -0.0589
   90.9    -2.61  22.874  -0.0482
   91.1    -2.59  22.902  -0.0443
   91.1    -2.64  22.929  -0.0419
   91.2    -2.65  22.956  -0.0476
   91.4    -2.64  22.983  -0.0469
   91.5    -2.64  23.010  -0.0460
   91.7    -2.70  23.037  -0.0481
   91.9    -2.71  23.065  -0.0514
   91.9    -2.72  23.092  -0.0470
   91.9    -2.78  23.120  -0.0535
   92.1    -2.77  23.147  -0.0559
   92.2    -2.82  23.174  -0.0586
   92.4    -2.82  23.201  -0.0550
   92.5    -2.80  23.228  -0.0676
   92.6    -2.83  23.255  -0.0574
   92.7    -2.83  23.282  -0.0508
   92.8    -2.86  23.310  -0.0457
   93.0    -2.86  23.337  -0.0477
   93.1    -2.89  23.364  -0.0475
   93.2    -2.89  23.391  -0.0456
   93.3    -2.88  23.418  -0.0444
   93.5    -2.91  23.445  -0.0495
   93.7    -2.89  23.473  -0.0493
   93.9    -2.92  23.500  -0.0512
   93.8    -2.93  23.527  -0.0492
   94.0    -2.94  23.554  -0.0461
   94.2    -2.97  23.582  -0.0462
   94.3    -2.97  23.609  -0.0453
   94.4    -2.98  23.636  -0.0470
   94.5    -2.99  23.663  -0.0450
   94.6    -3.04  23.690  -0.0464
   94.8    -3.08  23.717  -0.0464
   94.9    -3.07  23.745  -0.0472
   94.9    -3.10  23.772  -0.0473
   95.1    -3.09  23.799  -0.0499
   95.3    -3.09  23.826  -0.0424
   95.3    -3.14  23.854  -0.0431
   95.5    -3.18  23.881  -0.0455
   95.6    -3.14  23.909  -0.0524
   95.7    -3.15  23.935  -0.0549
   95.9    -3.17  23.962  -0.0588
   96.1    -3.18  23.990  -0.0521
   96.2    -3.21  24.016  -0.0448
   96.3    -3.21  24.044  -0.0472
   96.4    -3.25  24.071  -0.0578
   96.6    -3.23  24.098  -0.0572
   96.7    -3.23  24.125  -0.0539
   96.8    -3.25  24.152  -0.0599
   97.0    -3.21  24.180  -0.0524
   97.0    -3.29  24.207  -0.0522
   97.1    -3.31  24.234  -0.0474
   97.3    -3.27  24.261  -0.0454
   97.3    -3.34  24.288  -0.0425
   97.5    -3.35  24.315  -0.0463
   97.7    -3.35  24.342  -0.0462
   97.8    -3.38  24.369  -0.0487
   97.9    -3.38  24.396  -0.0458
   98.0    -3.41  24.424  -0.0483
   98.2    -3.42  24.451  -0.0497
   98.4    -3.44  24.478  -0.0431
   98.5    -3.43  24.505  -0.0446
   98.6    -3.46  24.532  -0.0457
   98.8    -3.49  24.559  -0.0471
   98.8    -3.44  24.586  -0.0499
   99.1    -3.44  24.614  -0.0533
   99.1    -3.47  24.641  -0.0521
   99.2    -3.54  24.668  -0.0548
   99.4    -3.54  24.695  -0.0514
   99.5    -3.54  24.723  -0.0563
   99.6    -3.57  24.750  -0.0566
   99.8    -3.58  24.777  -0.0606
   99.9    -3.60  24.804  -0.0602
   99.9    -3.62  24.832  -0.0580
  100.1    -3.64  24.859  -0.0574
  100.3    -3.66  24.886  -0.0582
  100.5    -3.66  24.913  -0.0562
  100.6    -3.65  24.940  -0.0554
  100.7    -3.70  24.967  -0.0619
  100.7    -3.73  24.995  -0.0587
  101.0    -3.75  25.022  -0.0525
  101.0    -3.79  25.049  -0.0511
  101.1    -3.83  25.076  -0.0543
  101.2    -3.84  25.103  -0.0576
  101.3    -3.85  25.129  -0.0586
  101.6    -3.85  25.157  -0.0593
  101.6    -3.84  25.184  -0.0589
  101.8    -3.85  25.211  -0.0594
  101.8    -3.90  25.238  -0.0612
  102.0    -3.95  25.265  -0.0631
  102.1    -3.97  25.293  -0.0661
  102.3    -4.00  25.320  -0.0655
  102.4    -4.01  25.347  -0.0656
  102.6    -4.03  25.375  -0.0661
  102.8    -3.99  25.402  -0.0641
  102.9    -4.02  25.429  -0.0670
  103.0    -4.06  25.457  -0.0642
  103.1    -4.10  25.484  -0.0633
  103.2    -4.15  25.511  -0.0589
  103.3    -4.15  25.539  -0.0608
  103.4    -4.22  25.566  -0.0598
  103.5    -4.19  25.593  -0.0594
  103.7    -4.28  25.620  -0.0592
  103.9    -4.21  25.647  -0.0565
  104.0    -4.25  25.675  -0.0573
  104.1    -4.28  25.702  -0.0604
  104.3    -4.33  25.729  -0.0647
  104.4    -4.32  25.756  -0.0616
  104.6    -4.35  25.783  -0.0593
  104.7    -4.38  25.810  -0.0626
  104.8    -4.40  25.838  -0.0626
  105.0    -4.44  25.865  -0.0614
  105.1    -4.49  25.892  -0.0571
  105.2    -4.49  25.920  -0.0568
  105.4    -4.51  25.947  -0.0636
  105.5    -4.55  25.974  -0.0606
  105.6    -4.57  26.001  -0.0576
  105.7    -4.59  26.028  -0.0596
  105.9    -4.63  26.055  -0.0621
  106.0    -4.66  26.083  -0.0586
  106.2    -4.68  26.110  -0.0607
  106.3    -4.73  26.137  -0.0586
  106.4    -4.76  26.165  -0.0575
  106.6    -4.84  26.193  -0.0564
  106.6    -4.87  26.220  -0.0595
  106.8    -4.89  26.247  -0.0532
  106.8    -4.92  26.274  -0.0593
  107.1    -4.96  26.302  -0.0627
  107.2    -4.99  26.329  -0.0603
  107.3    -5.03  26.356  -0.0617
  107.4    -5.09  26.383  -0.0631
  107.5    -5.07  26.410  -0.0695
  107.7    -5.12  26.437  -0.0608
  107.8    -5.18  26.464  -0.0627
  107.9    -5.23  26.492  -0.0591
  108.0    -5.26  26.519  -0.0607
  108.1    -5.34  26.546  -0.0638
  108.4    -5.39  26.573  -0.0659
  108.5    -5.42  26.601  -0.0643
  108.6    -5.46  26.628  -0.0616
  108.7    -5.52  26.655  -0.0606
  108.8    -5.56  26.682  -0.0595
  108.9    -5.62  26.710  -0.0586
  109.1    -5.68  26.736  -0.0604
  109.3    -5.70  26.764  -0.0572
  109.3    -5.77  26.791  -0.0609
  109.3    -5.83  26.818  -0.0621
  109.6    -5.89  26.846  -0.0606
  109.6    -5.93  26.873  -0.0599
  109.8    -5.98  26.900  -0.0582
  110.0    -6.06  26.927  -0.0631
  110.1    -6.08  26.955  -0.0633
  110.1    -6.13  26.982  -0.0649
  110.3    -6.19  27.010  -0.0653
  110.5    -6.25  27.037  -0.0630
  110.6    -6.28  27.064  -0.0627
  110.6    -6.34  27.091  -0.0676
  110.9    -6.40  27.119  -0.0591
  111.0    -6.47  27.146  -0.0631
  111.2    -6.53  27.173  -0.0667
  111.2    -6.57  27.201  -0.0709
  111.4    -6.63  27.228  -0.0635
  111.5    -6.66  27.255  -0.0683
  111.6    -6.74  27.282  -0.0720
  111.8    -6.77  27.310  -0.0681
  111.9    -6.85  27.336  -0.0647
  112.0    -6.90  27.363  -0.0679
  112.2    -6.94  27.391  -0.0691
  112.2    -7.01  27.418  -0.0696
  112.5    -7.04  27.446  -0.0690
  112.6    -7.09  27.473  -0.0700
  112.7    -7.15  27.500  -0.0711
  112.8    -7.23  27.527  -0.0736
  112.9    -7.28  27.554  -0.0730
  113.1    -7.31  27.581  -0.0765
  113.2    -7.38  27.609  -0.0771
  113.3    -7.43  27.636  -0.0741
  113.4    -7.51  27.664  -0.0759
  113.6    -7.56  27.691  -0.0740
  113.7    -7.59  27.718  -0.0774
  113.8    -7.64  27.745  -0.0767
  114.0    -7.69  27.772  -0.0787
  114.1    -7.76  27.800  -0.0786
  114.1    -7.82  27.828  -0.0768
  114.3    -7.89  27.855  -0.0752
  114.4    -7.94  27.882  -0.0765
  114.7    -8.00  27.909  -0.0773
  114.7    -8.01  27.936  -0.0761
  114.9    -8.08  27.964  -0.0801
  115.0    -8.08  27.991  -0.0756
  115.2    -8.14  28.018  -0.0751
  115.2    -8.21  28.045  -0.0764
  115.4    -8.27  28.072  -0.0754
  115.5    -8.33  28.100  -0.0766
  115.7    -8.37  28.127  -0.0737
  115.7    -8.42  28.154  -0.0781
  115.8    -8.47  28.182  -0.0791
  116.0    -8.55  28.209  -0.0802
  116.2    -8.56  28.237  -0.0824
  116.3    -8.61  28.264  -0.0804
  116.5    -8.69  28.292  -0.0804
  116.6    -8.72  28.319  -0.0803
  116.7    -8.78  28.346  -0.0799
  116.8    -8.80  28.373  -0.0809
  117.0    -8.93  28.401  -0.0811
  117.0    -8.94  28.429  -0.0837
  117.1    -9.00  28.456  -0.0872
  117.3    -9.06  28.484  -0.0864
  117.5    -9.10  28.511  -0.0887
  117.5    -9.15  28.538  -0.0850
  117.7    -9.20  28.566  -0.0874
  117.8    -9.26  28.593  -0.0883
  117.9    -9.29  28.621  -0.0822
  118.0    -9.35  28.648  -0.0769
  118.2    -9.40  28.675  -0.0814
  118.3    -9.44  28.702  -0.0825
  118.5    -9.46  28.729  -0.0821
  118.7    -9.54  28.757  -0.0818
  118.7    -9.63  28.784  -0.0839
  118.8    -9.63  28.811  -0.0826
  118.9    -9.71  28.839  -0.0795
  119.1    -9.75  28.866  -0.0855
  119.2    -9.79  28.893  -0.0891
  119.3    -9.84  28.921  -0.0880
  119.5    -9.90  28.948  -0.0881
  119.6    -9.93  28.976  -0.0907
  119.7   -10.00  29.003  -0.0916
  119.9   -10.04  29.030  -0.0879
  119.9   -10.09  29.058  -0.0885
  120.1   -10.12  29.085  -0.0863
  120.3   -10.18  29.112  -0.0874
  120.3   -10.23  29.140  -0.0887
  120.5   -10.28  29.166  -0.0884
  120.6   -10.34  29.194  -0.0912
  120.8   -10.38  29.221  -0.0929
  120.8   -10.42  29.249  -0.0949
  121.1   -10.45  29.276  -0.0964
  121.1   -10.53  29.303  -0.0948
  121.2   -10.56  29.330  -0.0938
  121.4   -10.62  29.357  -0.0908
  121.6   -10.62  29.384  -0.0929
  121.6   -10.66  29.412  -0.0926
  121.8   -10.73  29.439  -0.0975
  121.9   -10.78  29.466  -0.1003
  122.0   -10.82  29.493  -0.0979
  122.2   -10.86  29.521  -0.1011
  122.3   -10.93  29.548  -0.0997
  122.4   -10.98  29.575  -0.1024
  122.5   -10.98  29.603  -0.1039
  122.7   -11.04  29.630  -0.1065
  122.8   -11.10  29.657  -0.1036
  123.0   -11.11  29.684  -0.1010
  123.0   -11.18  29.712  -0.1001
  123.2   -11.22  29.739  -0.1005
  123.3   -11.25  29.767  -0.1000
  123.4   -11.31  29.794  -0.1012
  123.6   -11.36  29.822  -0.1018
  123.6   -11.40  29.849  -0.1004
  123.8   -11.42  29.876  -0.1022
  123.9   -11.47  29.904  -0.1039
  124.0   -11.53  29.931  -0.1063
  124.3   -11.55  29.958  -0.1046
  124.3   -11.60  29.986  -0.1052
  124.4   -11.62  30.013  -0.1070
  124.6   -11.67  30.041  -0.1052
  124.7   -11.72  30.068  -0.1040
  124.8   -11.73  30.095  -0.1057
  124.9   -11.75  30.122  -0.1081
  125.1   -11.82  30.149  -0.1047
  125.2   -11.86  30.177  -0.1062
  125.4   -11.92  30.204  -0.1081
  125.5   -11.94  30.231  -0.1095
  125.4   -11.98  30.258  -0.1121
  125.8   -12.03  30.285  -0.1124
  125.9   -12.04  30.312  -0.1129
  126.0   -12.10  30.340  -0.1102
  126.1   -12.14  30.367  -0.1136
  126.2   -12.16  30.394  -0.1113
  126.4   -12.21  30.421  -0.1085
  126.4   -12.25  30.449  -0.1077
  126.6   -12.29  30.476  -0.1072
  126.7   -12.33  30.504  -0.1069
  126.8   -12.37  30.531  -0.1101
  127.0   -12.43  30.558  -0.1101
  127.1   -12.46  30.585  -0.1107
  127.2   -12.43  30.612  -0.1127
  127.5   -12.50  30.640  -0.1164
  127.5   -12.54  30.666  -0.1159
  127.7   -12.57  30.694  -0.1148
  127.8   -12.61  30.721  -0.1131
  127.9   -12.67  30.748  -0.1112
  128.0   -12.70  30.776  -0.1122
  128.1   -12.73  30.803  -0.1148
  128.3   -12.79  30.831  -0.1204
  128.4   -12.76  30.858  -0.1239
  128.5   -12.83  30.885  -0.1197
  128.6   -12.88  30.912  -0.1207
  128.8   -12.92  30.939  -0.1185
  128.9   -12.94  30.966  -0.1185
  129.0   -12.99  30.994  -0.1181
  129.1   -13.00  31.021  -0.1193
  129.3   -13.05  31.048  -0.1192
  129.4   -13.10  31.076  -0.1197
  129.5   -13.10  31.103  -0.1218
  129.7   -13.15  31.130  -0.1174
  129.7   -13.19  31.158  -0.1252
  129.8   -13.22  31.185  -0.1265
  130.0   -13.25  31.212  -0.1292
  130.1   -13.26  31.240  -0.1265
  130.3   -13.30  31.267  -0.1266
  130.4   -13.35  31.294  -0.1242
  130.5   -13.35  31.321  -0.1256
  130.7   -13.38  31.348  -0.1242
  130.8   -13.39  31.376  -0.1274
  130.9   -13.45  31.403  -0.1275
  131.0   -13.48  31.430  -0.1205
  131.2   -13.52  31.457  -0.1250
  131.3   -13.54  31.484  -0.1246
  131.4   -13.51  31.511  -0.1190
  131.6   -13.61  31.539  -0.1223
  131.7   -13.65  31.567  -0.1253
  131.9   -13.69  31.594  -0.1258
  132.1   -13.69  31.621  -0.1302
  132.1   -13.69  31.648  -0.1267
  132.1   -13.73  31.675  -0.1256
  132.4   -13.76  31.703  -0.1264
  132.5   -13.79  31.730  -0.1253
  132.6   -13.82  31.758  -0.1302
  132.7   -13.83  31.785  -0.1293
  132.9   -13.86  31.812  -0.1297
  133.0   -13.90  31.840  -0.1264
  133.0   -13.90  31.867  -0.1288
  133.2   -13.93  31.894  -0.1277
  133.3   -13.94  31.921  -0.1278
  133.5   -13.95  31.948  -0.1327
  133.6   -13.97  31.976  -0.1330
  133.8   -14.02  32.003  -0.1329
  133.9   -14.04  32.030  -0.1350
  133.9   -14.06  32.058  -0.1349
  134.2   -14.09  32.085  -0.1344
  134.3   -14.07  32.113  -0.1329
  134.4   -14.08  32.140  -0.1314
  134.6   -14.14  32.167  -0.1340
  134.7   -14.14  32.195  -0.1355
  134.8   -14.14  32.223  -0.1339
  134.9   -14.20  32.250  -0.1321
  135.0   -14.18  32.277  -0.1337
  135.1   -14.20  32.305  -0.1331
  135.3   -14.20  32.332  -0.1319
  135.6   -14.25  32.359  -0.1320
  135.6   -14.26  32.386  -0.1310
  135.7   -14.25  32.414  -0.1337
  135.9   -14.29  32.441  -0.1329
  136.0   -14.31  32.468  -0.1326
  136.0   -14.34  32.495  -0.1318
  136.2   -14.35  32.522  -0.1309
  136.4   -14.35  32.549  -0.1326
  136.4   -14.39  32.576  -0.1379
  136.6   -14.40  32.604  -0.1341
  136.8   -14.41  32.631  -0.1352
  136.9   -14.42  32.658  -0.1358
  137.0   -14.44  32.685  -0.1338
  137.1   -14.46  32.712  -0.1342
  137.3   -14.45  32.740  -0.1357
  137.5   -14.46  32.767  -0.1392
  137.6   -14.48  32.795  -0.1413
  137.7   -14.50  32.823  -0.1402
  137.8   -14.53  32.850  -0.1402
  137.9   -14.56  32.877  -0.1380
  138.0   -14.53  32.904  -0.1371
  138.1   -14.58  32.931  -0.1368
  138.4   -14.62  32.959  -0.1372
  138.4   -14.61  32.986  -0.1364
  138.7   -14.61  33.014  -0.1363
  138.7   -14.64  33.041  -0.1377
  138.9   -14.62  33.069  -0.1414
  139.1   -14.52  33.096  -0.1422
  139.2   -14.60  33.124  -0.1413
  139.3   -14.57  33.151  -0.1429
  139.4   -14.57  33.178  -0.1472
  139.5   -14.52  33.205  -0.1505
  139.6   -14.49  33.232  -0.1490
  139.8   -14.51  33.260  -0.1514
  139.9   -14.45  33.287  -0.1491
  140.0   -14.44  33.314  -0.1476
  140.1   -14.43  33.341  -0.1486
  140.4   -14.40  33.368  -0.1504
  140.4   -14.35  33.395  -0.1498
  140.6   -14.37  33.423  -0.1521
  140.8   -14.35  33.450  -0.1492
  140.8   -14.33  33.478  -0.1511
  141.1   -14.32  33.505  -0.1506
  141.2   -14.27  33.532  -0.1505
  141.3   -14.27  33.560  -0.1533
  141.4   -14.27  33.587  -0.1564
  141.6   -14.24  33.614  -0.1554
  141.6   -14.24  33.641  -0.1541
  141.8   -14.25  33.669  -0.1552
  141.9   -14.25  33.696  -0.1562
  142.0   -14.21  33.723  -0.1585
  142.2   -14.23  33.749  -0.1612
  142.3   -14.17  33.777  -0.1636
  142.4   -14.21  33.804  -0.1606
  142.5   -14.19  33.832  -0.1590
  142.7   -14.15  33.859  -0.1580
  142.8   -14.17  33.886  -0.1583
  142.9   -14.13  33.913  -0.1621
  143.1   -14.10  33.941  -0.1647
  143.3   -14.12  33.968  -0.1659
  143.4   -14.10  33.995  -0.1644
  143.5   -14.09  34.022  -0.1665
  143.6   -14.08  34.050  -0.1662
  143.8   -14.07  34.077  -0.1661
  143.9   -14.08  34.105  -0.1633
  144.0   -14.07  34.132  -0.1627
  144.2   -14.06  34.160  -0.1683
  144.3   -14.02  34.187  -0.1680
  144.3   -14.00  34.214  -0.1688
  144.6   -13.99  34.241  -0.1689
  144.7   -13.99  34.269  -0.1689
  144.8   -13.99  34.296  -0.1684
  145.0   -13.98  34.324  -0.1721
  145.1   -14.01  34.351  -0.1710
  145.2   -13.93  34.378  -0.1705
  145.3   -13.95  34.405  -0.1725
  145.5   -13.92  34.433  -0.1695
  145.7   -13.96  34.461  -0.1705
  145.8   -13.85  34.489  -0.1770
  145.8   -13.91  34.516  -0.1733
  146.0   -13.91  34.544  -0.1703
  146.2   -13.85  34.571  -0.1707
  146.4   -13.85  34.598  -0.1757
  146.3   -13.85  34.626  -0.1724
  146.5   -13.85  34.653  -0.1740
  146.7   -13.82  34.680  -0.1740
  146.8   -13.86  34.708  -0.1720
  146.9   -13.85  34.735  -0.1740
  147.2   -13.82  34.762  -0.1760
  147.2   -13.81  34.790  -0.1749
  147.4   -13.82  34.817  -0.1730
  147.6   -13.76  34.845  -0.1713
  147.6   -13.73  34.872  -0.1726
  147.8   -13.74  34.899  -0.1731
  147.9   -13.72  34.927  -0.1758
  148.1   -13.72  34.954  -0.1792
  148.2   -13.70  34.981  -0.1782
  148.1   -13.67  35.008  -0.1817
  148.4   -13.70  35.036  -0.1816
  148.6   -13.68  35.063  -0.1805
  148.6   -13.66  35.090  -0.1776
  148.8   -13.62  35.118  -0.1785
  148.9   -13.62  35.145  -0.1782
  149.1   -13.60  35.172  -0.1797
  149.2   -13.58  35.200  -0.1765
  149.4   -13.58  35.227  -0.1773
  149.5   -13.59  35.254  -0.1825
  149.6   -13.52  35.282  -0.1838
  149.8   -13.53  35.309  -0.1875
  149.9   -13.46  35.336  -0.1862
  149.9   -13.50  35.363  -0.1826
  150.2   -13.49  35.391  -0.1785
  150.4   -13.46  35.418  -0.1833
  150.4   -13.46  35.445  -0.1846
  150.6   -13.46  35.472  -0.1858
  150.6   -13.43  35.500  -0.1886
  150.8   -13.43  35.527  -0.1890
  151.0   -13.38  35.554  -0.1909
  151.0   -13.46  35.582  -0.1911
  151.2   -13.36  35.609  -0.1945
  151.4   -13.34  35.636  -0.1949
  151.4   -13.33  35.664  -0.1974
  151.6   -13.37  35.691  -0.1986
  151.8   -13.31  35.718  -0.1972
  151.9   -13.30  35.746  -0.1982
  151.9   -13.30  35.773  -0.1982
  152.1   -13.28  35.801  -0.1978
  152.3   -13.24  35.829  -0.1950
  152.4   -13.21  35.856  -0.1961
  152.5   -13.20  35.884  -0.2002
  152.7   -13.18  35.911  -0.1986
  152.7   -13.19  35.939  -0.1956
  152.9   -13.17  35.966  -0.1962
  153.0   -13.19  35.993  -0.1962
  153.2   -13.16  36.020  -0.1961
  153.3   -13.10  36.048  -0.1948
  153.6   -13.09  36.075  -0.1943
  153.6   -13.10  36.102  -0.1952
  153.6   -13.09  36.129  -0.1999
  153.8   -13.07  36.157  -0.2010
  154.0   -13.03  36.184  -0.2010
  154.1   -13.03  36.212  -0.1987
  154.2   -13.02  36.239  -0.1980
  154.3   -12.99  36.266  -0.1978
  154.5   -12.99  36.294  -0.1984
  154.6   -13.05  36.321  -0.1983
  154.7   -13.01  36.348  -0.1973
  155.0   -12.99  36.375  -0.1971
  155.0   -12.94  36.402  -0.2006
  155.2   -12.90  36.430  -0.2033
  155.3   -12.92  36.457  -0.2034
  155.4   -12.91  36.484  -0.2039
  155.7   -12.89  36.511  -0.2093
  155.7   -12.86  36.539  -0.2097
  155.8   -12.85  36.566  -0.2093
  156.0   -12.82  36.593  -0.2080
  156.1   -12.86  36.621  -0.2057
  156.2   -12.81  36.648  -0.2038
  156.3   -12.79  36.676  -0.2060
  156.4   -12.76  36.703  -0.2073
  156.6   -12.73  36.730  -0.2089
  156.7   -12.77  36.758  -0.2033
  156.9   -12.72  36.785  -0.2023
  157.0   -12.71  36.813  -0.2008
  157.2   -12.69  36.841  -0.2032
  157.2   -12.70  36.868  -0.2061
  157.4   -12.67  36.895  -0.2045
  157.6   -12.64  36.922  -0.2073
  157.7   -12.64  36.950  -0.2122
  157.8   -12.60  36.977  -0.2117
  157.9   -12.59  37.005  -0.2107
  158.1   -12.57  37.032  -0.2102
  158.2   -12.55  37.059  -0.2097
  158.4   -12.54  37.087  -0.2113
  158.5   -12.52  37.114  -0.2166
  158.7   -12.51  37.141  -0.2133
  158.7   -12.51  37.168  -0.2096
  158.9   -12.47  37.196  -0.2150
  159.0   -12.44  37.223  -0.2115
  159.1   -12.42  37.250  -0.2160
  159.3   -12.41  37.278  -0.2148
  159.4   -12.44  37.305  -0.2152
  159.6   -12.40  37.332  -0.2148
  159.7   -12.41  37.359  -0.2122
  159.8   -12.33  37.386  -0.2162
  160.0   -12.29  37.414  -0.2130
  160.0   -12.32  37.441  -0.2147
  160.1   -12.31  37.468  -0.2158
  160.4   -12.25  37.495  -0.2163
  160.4   -12.23  37.522  -0.2180
  160.6   -12.27  37.549  -0.2177
  160.7   -12.26  37.576  -0.2147
  160.8   -12.22  37.603  -0.2173
  161.1   -12.17  37.631  -0.2155
  161.2   -12.16  37.658  -0.2175
  161.3   -12.13  37.685  -0.2201
  161.4   -12.13  37.713  -0.2188
  161.6   -12.08  37.741  -0.2204
  161.7   -12.05  37.768  -0.2218
  161.8   -12.03  37.795  -0.2232
  162.0   -11.99  37.823  -0.2216
  162.1   -12.00  37.851  -0.2195
  162.3   -11.98  37.879  -0.2218
  162.3   -11.92  37.906  -0.2247
  162.5   -11.94  37.933  -0.2281
  162.6   -11.90  37.960  -0.2307
  162.8   -11.89  37.988  -0.2289
  162.9   -11.84  38.015  -0.2270
  163.1   -11.85  38.043  -0.2281
  163.2   -11.84  38.070  -0.2295
  163.3   -11.82  38.097  -0.2273
  163.5   -11.81  38.125  -0.2289
  163.5   -11.77  38.153  -0.2307
  163.8   -11.74  38.181  -0.2311
  163.8   -11.70  38.208  -0.2334
  164.0   -11.67  38.235  -0.2336
  164.1   -11.68  38.262  -0.2315
  164.2   -11.63  38.290  -0.2335
  164.5   -11.62  38.317  -0.2353
  164.6   -11.57  38.345  -0.2370
  164.7   -11.56  38.372  -0.2377
  164.8   -11.60  38.400  -0.2385
  165.0   -11.53  38.427  -0.2366
  165.1   -11.51  38.454  -0.2350
  165.2   -11.52  38.482  -0.2354
  165.4   -11.47  38.508  -0.2351
  165.5   -11.44  38.535  -0.2349
  165.6   -11.39  38.563  -0.2351
  165.8   -11.37  38.590  -0.2322
  165.9   -11.34  38.617  -0.2347
  166.1   -11.36  38.645  -0.2344
  166.1   -11.33  38.672  -0.2349
  166.3   -11.31  38.699  -0.2324
  166.5   -11.26  38.727  -0.2298
  166.7   -11.24  38.755  -0.2340
  166.8   -11.23  38.783  -0.2334
  166.9   -11.17  38.810  -0.2350
  167.1   -11.16  38.838  -0.2369
  167.1   -11.10  38.866  -0.2386
  167.3   -11.10  38.893  -0.2369
  167.5   -11.08  38.921  -0.2408
  167.5   -11.04  38.949  -0.2368
  167.8   -11.01  38.976  -0.2384
  167.8   -10.98  39.003  -0.2372
  167.9   -10.97  39.031  -0.2395
  168.1   -10.96  39.058  -0.2404
  168.2   -10.93  39.086  -0.2405
  168.3   -10.91  39.114  -0.2406
  168.5   -10.87  39.141  -0.2378
  168.6   -10.87  39.168  -0.2403
  168.8   -10.80  39.196  -0.2437
  168.9   -10.80  39.223  -0.2489
  169.1   -10.79  39.250  -0.2463
  169.2   -10.73  39.278  -0.2425
  169.4   -10.74  39.305  -0.2428
  169.5   -10.69  39.333  -0.2439
  169.5   -10.65  39.360  -0.2465
  169.8   -10.66  39.388  -0.2517
  169.9   -10.61  39.415  -0.2483
  170.0   -10.52  39.443  -0.2504
  170.1   -10.53  39.470  -0.2504
  170.3   -10.46  39.498  -0.2493
  170.5   -10.41  39.525  -0.2545
  170.7   -10.30  39.552  -0.2484
  170.7   -10.35  39.579  -0.2484
  170.8   -10.37  39.607  -0.2522
  171.0   -10.35  39.634  -0.2515
  171.1   -10.29  39.662  -0.2516
  171.2   -10.25  39.690  -0.2521
  171.3   -10.22  39.717  -0.2518
  171.5   -10.13  39.745  -0.2501
  171.7   -10.08  39.772  -0.2507
  171.7   -10.12  39.799  -0.2502
  172.0   -10.11  39.827  -0.2460
  172.1   -10.06  39.855  -0.2479
  172.3   -10.02  39.882  -0.2476
  172.3   -10.02  39.910  -0.2474
  172.5    -9.97  39.937  -0.2458
  172.6    -9.92  39.965  -0.2484
  172.8    -9.90  39.992  -0.2500
  173.0    -9.86  40.019  -0.2547
  173.0    -9.86  40.047  -0.2573
  173.1    -9.80  40.074  -0.2534
  173.3    -9.83  40.102  -0.2556
  173.4    -9.73  40.129  -0.2613
  173.6    -9.70  40.156  -0.2592
  173.7    -9.67  40.184  -0.2594
  173.8    -9.64  40.212  -0.2584
  174.0    -9.60  40.239  -0.2522
  174.2    -9.59  40.266  -0.2538
  174.3    -9.54  40.294  -0.2555
  174.4    -9.51  40.321  -0.2563
  174.5    -9.49  40.349  -0.2589
  174.6    -9.43  40.376  -0.2695
  174.8    -9.40  40.403  -0.2702
  175.0    -9.37  40.431  -0.2675
  175.2    -9.35  40.459  -0.2591
  175.3    -9.33  40.486  -0.2680
  175.3    -9.28  40.514  -0.2690
  175.6    -9.23  40.541  -0.2694
  175.7    -9.16  40.568  -0.2712
  175.8    -9.18  40.595  -0.2604
  176.0    -9.12  40.623  -0.2561
  176.1    -9.08  40.651  -0.2616
  176.2    -9.06  40.678  -0.2635
  176.3    -9.04  40.706  -0.2544
  176.5    -9.01  40.734  -0.2612
  176.6    -8.95  40.761  -0.2670
  176.7    -8.97  40.789  -0.2707
  176.9    -8.88  40.816  -0.2703
  177.0    -8.80  40.845  -0.2740
  177.1    -8.78  40.872  -0.2707
  177.3    -8.72  40.900  -0.2724
  177.4    -8.77  40.927  -0.2746
  177.5    -8.76  40.955  -0.2757
  177.7    -8.67  40.982  -0.2745
  177.9    -8.62  41.009  -0.2735
  177.9    -8.59  41.037  -0.2748
  178.1    -8.55  41.064  -0.2756
  178.2    -8.52  41.092  -0.2795
  178.5    -8.48  41.119  -0.2792
  178.5    -8.46  41.147  -0.2772
  178.6    -8.39  41.175  -0.2765
  178.8    -8.39  41.203  -0.2790
  179.0    -8.30  41.230  -0.2784
  179.1    -8.27  41.257  -0.2789
  179.2    -8.27  41.285  -0.2791
  179.3    -8.22  41.312  -0.2772
  179.5    -8.22  41.340  -0.2773
  179.6    -8.14  41.367  -0.2781
  179.7    -8.10  41.395  -0.2804
  180.0    -8.05  41.422  -0.2815
  180.2    -7.99  41.450  -0.2831
  180.2    -7.95  41.477  -0.2822
  180.3    -7.92  41.504  -0.2849
  180.5    -7.86  41.532  -0.2836
  180.5    -7.82  41.560  -0.2842
  180.8    -7.79  41.587  -0.2831
  180.8    -7.74  41.615  -0.2795
  181.1    -7.68  41.642  -0.2836
  181.2    -7.64  41.670  -0.2810
  181.4    -7.62  41.697  -0.2797
  181.4    -7.56  41.725  -0.2841
  181.6    -7.53  41.752  -0.2854
  181.7    -7.46  41.780  -0.2782
  181.9    -7.44  41.807  -0.2804
  182.1    -7.38  41.836  -0.2806
  182.1    -7.32  41.863  -0.2795
  182.2    -7.29  41.891  -0.2776
  182.5    -7.24  41.918  -0.2776
  182.5    -7.22  41.946  -0.2775
  182.6    -7.15  41.973  -0.2778
  182.8    -7.11  42.001  -0.2790
  182.9    -7.09  42.029  -0.2818
  183.1    -7.01  42.056  -0.2826
  183.3    -6.99  42.083  -0.2794
  183.4    -6.95  42.111  -0.2829
  183.6    -6.85  42.139  -0.2789
  183.7    -6.82  42.166  -0.2812
  183.8    -6.79  42.194  -0.2849
  183.9    -6.74  42.221  -0.2855
  184.1    -6.69  42.249  -0.2866
  184.2    -6.66  42.277  -0.2796
  184.3    -6.61  42.304  -0.2821
  184.5    -6.56  42.332  -0.2857
  184.7    -6.51  42.359  -0.2826
  184.8    -6.47  42.387  -0.2824
  184.8    -6.44  42.414  -0.2832
  185.0    -6.34  42.442  -0.2847
  185.2    -6.34  42.470  -0.2819
  185.3    -6.27  42.497  -0.2836
  185.4    -6.23  42.525  -0.2851
  185.6    -6.16  42.552  -0.2851
  185.7    -6.11  42.580  -0.2826
  185.9    -6.07  42.607  -0.2860
  186.1    -6.03  42.634  -0.2877
  186.3    -5.96  42.662  -0.2871
  186.3    -5.91  42.689  -0.2843
  186.4    -5.85  42.717  -0.2861
  186.7    -5.78  42.745  -0.2870
  186.8    -5.75  42.772  -0.2865
  187.0    -5.71  42.800  -0.2862
  187.0    -5.64  42.828  -0.2865
  187.2    -5.59  42.855  -0.2849
  187.4    -5.54  42.883  -0.2828
  187.5    -5.49  42.910  -0.2851
  187.7    -5.43  42.938  -0.2864
  187.8    -5.39  42.965  -0.2852
  188.0    -5.41  42.993  -0.2890
  188.1    -5.26  43.020  -0.2900
  188.2    -5.20  43.048  -0.2874
  188.4    -5.14  43.075  -0.2898
  188.5    -5.09  43.103  -0.2895
  188.7    -5.05  43.130  -0.2858
  188.8    -4.98  43.157  -0.2867
  188.9    -4.95  43.185  -0.2890
  189.0    -4.87  43.213  -0.2930
  189.2    -4.81  43.240  -0.2925
  189.4    -4.76  43.268  -0.2898
  189.5    -4.73  43.296  -0.2913
  189.6    -4.63  43.323  -0.2891
  189.8    -4.60  43.350  -0.2891
  189.9    -4.54  43.377  -0.2889
  190.0    -4.47  43.405  -0.2847
  190.2    -4.40  43.433  -0.2862
  190.4    -4.36  43.460  -0.2876
  190.5    -4.36  43.487  -0.2886
  190.6    -4.22  43.516  -0.2876
  190.8    -4.16  43.543  -0.2900
  191.0    -4.08  43.571  -0.2929
  191.1    -4.02  43.598  -0.2912
  191.3    -3.96  43.626  -0.2892
  191.4    -3.89  43.653  -0.2876
  191.5    -3.80  43.681  -0.2889
  191.7    -3.75  43.708  -0.2883
  191.8    -3.69  43.736  -0.2887
  192.0    -3.64  43.763  -0.2905
  192.1    -3.55  43.791  -0.2875
  192.2    -3.47  43.818  -0.2870
  192.5    -3.39  43.846  -0.2899
  192.6    -3.32  43.874  -0.2902
  192.7    -3.26  43.901  -0.2898
  192.8    -3.19  43.928  -0.2857
  192.9    -3.12  43.956  -0.2883
  193.2    -3.02  43.983  -0.2861
  193.3    -2.97  44.011  -0.2888
  193.4    -2.91  44.038  -0.2858
  193.6    -2.82  44.066  -0.2883
  193.7    -2.76  44.093  -0.2900
  193.9    -2.71  44.121  -0.2884
  194.1    -2.60  44.148  -0.2896
  194.1    -2.54  44.176  -0.2930
  194.3    -2.46  44.204  -0.2907
  194.3    -2.44  44.231  -0.2912
  194.5    -2.37  44.259  -0.2869
  194.7    -2.32  44.286  -0.2888
  194.8    -2.22  44.314  -0.2899
  195.1    -2.14  44.341  -0.2932
  195.2    -2.04  44.369  -0.2912
  195.3    -2.00  44.397  -0.2933
  195.3    -2.00  44.424  -0.2901
  195.5    -1.92  44.452  -0.2912
  195.7    -1.81  44.479  -0.2881
  195.9    -1.73  44.507  -0.2897
  196.0    -1.65  44.534  -0.2932
  196.2    -1.56  44.561  -0.2922
  196.2    -1.54  44.589  -0.2902
  196.5    -1.45  44.617  -0.2926
  196.6    -1.44  44.644  -0.2907
  196.8    -1.33  44.671  -0.2923
  196.9    -1.24  44.699  -0.2887
  197.2    -1.15  44.727  -0.2838
  197.3    -1.09  44.754  -0.2829
  197.4    -1.02  44.782  -0.2813
  197.5    -1.00  44.809  -0.2873
  197.7    -0.92  44.838  -0.2884
  197.8    -0.84  44.865  -0.2906
  198.1    -0.78  44.892  -0.2895
  198.1    -0.72  44.920  -0.2900
  198.3    -0.65  44.947  -0.2880
  198.5    -0.62  44.974  -0.2894
  198.5    -0.56  45.002  -0.2917
  198.7    -0.48  45.030  -0.2958
  198.9    -0.42  45.057  -0.2941
  198.9    -0.42  45.084  -0.2917
  199.1    -0.31  45.112  -0.2928
  199.3    -0.26  45.139  -0.2936
  199.5    -0.21  45.167  -0.2914
  199.6    -0.15  45.194  -0.2884
  199.8    -0.10  45.222  -0.2889
  199.9    -0.01  45.249  -0.2899
  200.0     0.02  45.277  -0.2903
