   18.1     2.03   0.027   0.0004
   18.1     2.05   0.053  -0.0022
   18.1     1.99   0.080  -0.0018
   18.1     1.99   0.110  -0.0041
   18.2     1.97   0.137  -0.0063
   18.1     1.97   0.165  -0.0072
   18.1     1.95   0.192  -0.0060
   18.2     1.94   0.219  -0.0021
   18.1     1.91   0.245  -0.0055
   18.2     1.93   0.272  -0.0076
   18.1     1.90   0.299  -0.0090
   18.0     1.86   0.326  -0.0105
   18.1     1.89   0.352  -0.0075
   18.2     1.86   0.379  -0.0070
   18.0     1.84   0.406  -0.0036
   18.1     1.84   0.432  -0.0075
   18.1     1.85   0.459  -0.0046
   18.2     1.80   0.485  -0.0060
   18.1     1.79   0.512  -0.0043
   18.1     1.79   0.539  -0.0033
   18.2     1.78   0.566  -0.0039
   18.2     1.78   0.593  -0.0027
   18.1     1.75   0.620  -0.0004
   18.1     1.76   0.647   0.0021
   18.0     1.72   0.674   0.0034
   18.1     1.72   0.700   0.0037
   18.1     1.71   0.727   0.0012
   18.1     1.72   0.754   0.0076
   18.1     1.70   0.781   0.0068
   18.2     1.72   0.808   0.0057
   18.1     1.67   0.835   0.0051
   18.0     1.65   0.862   0.0095
   18.0     1.64   0.889   0.0098
   18.1     1.65   0.916   0.0110
   18.1     1.64   0.943   0.0138
   18.1     1.65   0.970   0.0139
   18.2     1.60   0.996   0.0135
   18.1     1.59   1.023   0.0125
   18.0     1.61   1.050   0.0117
   18.1     1.59   1.077   0.0096
   18.1     1.58   1.104   0.0081
   18.1     1.55   1.131   0.0069
   18.1     1.54   1.158   0.0078
   18.2     1.54   1.185   0.0056
   18.1     1.49   1.212   0.0081
   18.1     1.50   1.239   0.0088
   18.2     1.53   1.266   0.0061
   18.1     1.50   1.293   0.0049
   18.2     1.49   1.320   0.0024
   18.1     1.48   1.347   0.0041
   18.1     1.47   1.374   0.0015
   18.1     1.47   1.400   0.0000
   18.1     1.47   1.427   0.0029
   18.1     1.44   1.454  -0.0042
   18.1     1.44   1.481  -0.0100
   18.0     1.42   1.509  -0.0054
   18.0     1.43   1.535  -0.0050
   18.1     1.41   1.562  -0.0055
   18.1     1.40   1.589  -0.0080
   18.1     1.39   1.616  -0.0088
   18.2     1.39   1.643  -0.0090
   18.1     1.38   1.670  -0.0074
   18.1     1.39   1.696  -0.0063
   18.1     1.36   1.732  -0.0098
   18.1     1.34   1.760  -0.0111
   18.1     1.35   1.788  -0.0075
   18.1     1.36   1.816  -0.0072
   18.2     1.35   1.843  -0.0093
   18.1     1.32   1.871  -0.0037
   18.1     1.34   1.897  -0.0031
   18.0     1.30   1.925  -0.0010
   18.1     1.27   1.952   0.0013
   18.1     1.27   1.979   0.0012
   18.1     1.26   2.005  -0.0007
   18.1     1.30   2.032   0.0042
   18.0     1.28   2.059   0.0065
   18.1     1.24   2.086   0.0052
   18.1     1.21   2.113   0.0031
   18.1     1.28   2.141   0.0045
   18.0     1.27   2.168   0.0032
   18.0     1.20   2.195   0.0077
   18.0     1.16   2.221   0.0094
   18.0     1.21   2.249   0.0110
   18.0     1.19   2.276   0.0119
   18.1     1.17   2.303   0.0095
   18.0     1.19   2.330   0.0088
   18.0     1.14   2.357   0.0061
   18.0     1.14   2.384   0.0058
   18.1     1.18   2.410   0.0062
   18.1     1.17   2.437   0.0085
   18.1     1.20   2.464  -0.0153
   18.0     1.12   2.491   0.0008
   18.1     1.16   2.517   0.0123
   18.1     1.16   2.545   0.0087
   18.0     1.12   2.572   0.0090
   18.1     1.12   2.598   0.0084
   18.0     1.15   2.625   0.0048
   18.1     1.11   2.652   0.0059
   18.1     1.13   2.680   0.0079
   18.1     1.11   2.706   0.0071
   18.1     1.09   2.734   0.0071
   18.1     1.11   2.760   0.0077
   18.0     1.08   2.787   0.0134
   18.1     1.07   2.814   0.0105
   18.0     1.07   2.841   0.0110
   18.0     1.03   2.867   0.0103
   18.0     1.03   2.894   0.0065
   18.1     1.08   2.921   0.0049
   18.0     1.07   2.947   0.0094
   18.1     1.05   2.974   0.0073
   18.0     0.99   3.001   0.0065
   18.0     1.00   3.028   0.0099
   18.1     1.02   3.055   0.0085
   18.2     1.04   3.082   0.0059
   18.1     1.01   3.108   0.0028
   18.1     1.00   3.135   0.0007
   18.1     1.02   3.162   0.0028
   18.2     1.00   3.189   0.0038
   18.0     1.01   3.216   0.0049
   18.2     1.00   3.243   0.0015
   18.1     0.95   3.270   0.0057
   18.0     0.97   3.297   0.0068
   18.0     0.96   3.324   0.0074
   18.0     0.97   3.351   0.0059
   18.0     0.97   3.377   0.0038
   18.0     0.90   3.404   0.0028
   18.1     0.94   3.432   0.0032
   18.1     0.97   3.458   0.0034
   18.2     0.99   3.486   0.0057
   18.1     0.98   3.513   0.0065
   18.2     0.97   3.541   0.0066
   18.2     0.96   3.568   0.0056
   18.1     0.97   3.595   0.0055
   18.1     0.96   3.622   0.0053
   18.2     0.99   3.649   0.0040
   18.2     0.95   3.676   0.0015
   18.2     0.94   3.703  -0.0093
   18.1     0.96   3.730  -0.0184
   18.1     0.96   3.757  -0.0199
   18.2     0.96   3.784  -0.0164
   18.2     0.98   3.811  -0.0176
   18.2     0.95   3.838  -0.0185
   18.3     0.98   3.865  -0.0176
   18.1     0.94   3.892  -0.0157
   18.1     0.95   3.919  -0.0152
   18.2     0.90   3.946  -0.0164
   18.2     0.90   3.973  -0.0120
   18.1     0.90   3.999  -0.0155
   18.2     0.91   4.026  -0.0149
   18.2     0.94   4.053  -0.0163
   18.2     0.89   4.080  -0.0158
   18.2     0.90   4.107  -0.0146
   18.2     0.91   4.134  -0.0122
   18.2     0.91   4.161  -0.0135
   18.2     0.91   4.188  -0.0148
   18.3     0.90   4.215  -0.0129
   18.3     0.89   4.243  -0.0159
   18.3     0.91   4.270  -0.0137
   18.2     0.89   4.296  -0.0140
   18.2     0.88   4.324  -0.0166
   18.2     0.86   4.351  -0.0157
   18.2     0.88   4.378  -0.0170
   18.3     0.93   4.405  -0.0170
   18.5     0.91   4.432  -0.0254
   18.2     0.91   4.458  -0.0178
   18.4     0.87   4.486  -0.0161
   18.4     0.88   4.513  -0.0142
   18.3     0.87   4.540  -0.0158
   18.4     0.88   4.567  -0.0156
   18.3     0.87   4.594  -0.0118
   18.4     0.91   4.621  -0.0097
   18.4     0.86   4.649  -0.0090
   18.4     0.84   4.676  -0.0076
   18.3     0.85   4.703  -0.0095
   18.3     0.88   4.730  -0.0105
   18.4     0.86   4.757  -0.0131
   18.4     0.85   4.784  -0.0139
   18.4     0.86   4.811  -0.0111
   18.5     0.86   4.838  -0.0093
   18.6     0.87   4.865  -0.0056
   18.5     0.86   4.892  -0.0055
   18.6     0.86   4.920  -0.0088
   18.6     0.86   4.947  -0.0107
   18.5     0.84   4.974  -0.0081
   18.6     0.81   5.001  -0.0097
   18.6     0.84   5.028  -0.0088
   18.7     0.83   5.055  -0.0092
   18.7     0.89   5.082  -0.0101
   18.7     0.93   5.108  -0.0130
   18.7     0.76   5.135  -0.0093
   18.6     0.79   5.162  -0.0114
   18.7     0.79   5.189  -0.0043
   18.8     0.87   5.216  -0.0039
   18.9     0.86   5.243  -0.0092
   18.9     0.93   5.270  -0.0035
   18.9     0.82   5.297  -0.0082
   18.9     0.79   5.324  -0.0060
   18.9     0.82   5.351  -0.0071
   18.9     0.83   5.378  -0.0085
   19.0     0.84   5.405  -0.0103
   19.1     0.89   5.432  -0.0148
   19.1     0.89   5.458  -0.0132
   19.2     0.94   5.485  -0.0084
   19.0     0.85   5.512  -0.0044
   19.0     0.82   5.539  -0.0035
   19.2     0.84   5.566  -0.0023
   19.2     0.79   5.593  -0.0024
   19.2     0.82   5.620  -0.0019
   19.2     0.80   5.647  -0.0013
   19.2     0.77   5.674  -0.0024
   19.3     0.82   5.701  -0.0004
   19.3     0.80   5.729  -0.0033
   19.3     0.76   5.756  -0.0057
   19.3     0.76   5.783  -0.0060
   19.4     0.73   5.810  -0.0063
   19.4     0.77   5.838  -0.0055
   19.5     0.76   5.865  -0.0080
   19.4     0.75   5.891  -0.0067
   19.5     0.75   5.919  -0.0057
   19.4     0.74   5.946  -0.0088
   19.6     0.72   5.973  -0.0079
   19.6     0.74   6.000  -0.0047
   19.7     0.77   6.027  -0.0073
   19.7     0.73   6.054  -0.0071
   19.8     0.72   6.081  -0.0081
   19.8     0.68   6.108  -0.0051
   19.8     0.71   6.136  -0.0032
   19.9     0.73   6.162  -0.0053
   19.9     0.71   6.190  -0.0047
   20.0     0.68   6.217  -0.0103
   20.0     0.71   6.244  -0.0108
   20.1     0.70   6.271  -0.0138
   20.1     0.71   6.298  -0.0109
   20.1     0.64   6.325  -0.0091
   20.2     0.68   6.352  -0.0085
   20.3     0.69   6.379  -0.0106
   20.4     0.66   6.406  -0.0098
   20.3     0.67   6.433  -0.0104
   20.4     0.70   6.460  -0.0103
   20.5     0.67   6.487  -0.0115
   20.5     0.66   6.514  -0.0115
   20.6     0.65   6.541  -0.0122
   20.6     0.63   6.568  -0.0125
   20.7     0.65   6.595  -0.0135
   20.8     0.64   6.621  -0.0105
   20.8     0.64   6.649  -0.0090
   20.9     0.63   6.675  -0.0098
   20.9     0.63   6.703  -0.0081
   21.0     0.65   6.730  -0.0091
   21.0     0.62   6.757  -0.0084
   21.1     0.58   6.784  -0.0054
   21.2     0.58   6.811  -0.0063
   21.2     0.58   6.838  -0.0055
   21.3     0.57   6.865   0.0009
   21.3     0.55   6.892  -0.0004
   21.4     0.59   6.920  -0.0028
   21.5     0.54   6.947  -0.0047
   21.5     0.57   6.974  -0.0062
   21.6     0.58   7.002  -0.0063
   21.7     0.54   7.029  -0.0028
   21.8     0.54   7.056  -0.0014
   21.8     0.50   7.083  -0.0068
   22.0     0.53   7.111  -0.0079
   22.0     0.51   7.137  -0.0050
   22.0     0.50   7.164  -0.0049
   22.0     0.50   7.192  -0.0028
   22.1     0.49   7.219  -0.0014
   22.3     0.47   7.245   0.0040
   22.4     0.46   7.272   0.0013
   22.3     0.48   7.299   0.0022
   22.5     0.48   7.326  -0.0004
   22.4     0.42   7.353  -0.0055
   22.5     0.44   7.381  -0.0045
   22.6     0.41   7.408  -0.0023
   22.8     0.41   7.435  -0.0013
   22.8     0.39   7.462  -0.0046
   22.9     0.39   7.489  -0.0058
   23.0     0.38   7.516  -0.0046
   23.0     0.38   7.543  -0.0040
   23.2     0.36   7.570  -0.0028
   23.2     0.34   7.597  -0.0066
   23.3     0.36   7.623  -0.0100
   23.4     0.32   7.650  -0.0072
   23.5     0.37   7.678  -0.0091
   23.6     0.32   7.705  -0.0072
   23.6     0.34   7.733  -0.0069
   23.6     0.30   7.760  -0.0132
   23.7     0.30   7.787  -0.0080
   23.9     0.29   7.814  -0.0120
   23.9     0.29   7.841  -0.0171
   24.0     0.30   7.868  -0.0157
   24.1     0.28   7.895  -0.0131
   24.2     0.28   7.922  -0.0178
   24.3     0.22   7.949  -0.0182
   24.4     0.24   7.977  -0.0160
   24.5     0.18   8.004  -0.0194
   24.5     0.20   8.030  -0.0162
   24.6     0.22   8.057  -0.0166
   24.6     0.19   8.084  -0.0193
   24.8     0.19   8.111  -0.0245
   24.8     0.19   8.139  -0.0216
   24.9     0.15   8.165  -0.0168
   25.0     0.13   8.192  -0.0165
   25.1     0.15   8.220  -0.0190
   25.1     0.12   8.246  -0.0229
   25.3     0.10   8.273  -0.0198
   25.4     0.10   8.300  -0.0187
   25.5     0.08   8.327  -0.0184
   25.5     0.08   8.354  -0.0144
   25.7     0.08   8.381  -0.0077
   25.7     0.07   8.408  -0.0059
   25.8     0.03   8.435  -0.0081
   25.8     0.06   8.462  -0.0002
   26.0     0.01   8.489  -0.0056
   26.1     0.01   8.516  -0.0004
   26.2    -0.00   8.543   0.0004
   26.3    -0.02   8.570   0.0014
   26.4    -0.00   8.597   0.0060
   26.5    -0.02   8.624   0.0005
   26.6    -0.04   8.651   0.0027
   26.7    -0.03   8.678  -0.0025
   26.8    -0.04   8.705  -0.0031
   26.9    -0.05   8.733  -0.0008
   27.1    -0.04   8.760   0.0011
   27.1    -0.03   8.787   0.0016
   27.1    -0.08   8.814   0.0054
   27.3    -0.11   8.841   0.0058
   27.4    -0.14   8.868   0.0036
   27.6    -0.10   8.895   0.0113
   27.6    -0.11   8.922   0.0218
   27.7    -0.12   8.949   0.0199
   27.8    -0.12   8.976   0.0199
   28.0    -0.13   9.003   0.0169
   28.1    -0.15   9.030   0.0174
   28.1    -0.18   9.057   0.0085
   28.3    -0.23   9.085   0.0068
   28.3    -0.23   9.112   0.0060
   28.4    -0.24   9.139   0.0045
   28.6    -0.27   9.166   0.0046
   28.6    -0.25   9.193   0.0040
   28.7    -0.25   9.220   0.0036
   28.8    -0.25   9.246   0.0047
   28.9    -0.29   9.273   0.0059
   29.0    -0.27   9.300   0.0043
   29.2    -0.28   9.328   0.0023
   29.2    -0.29   9.354   0.0036
   29.4    -0.29   9.382   0.0059
   29.5    -0.30   9.409   0.0055
   29.6    -0.30   9.436   0.0044
   29.7    -0.33   9.463   0.0095
   29.9    -0.33   9.491   0.0096
   29.9    -0.35   9.517   0.0111
   30.0    -0.38   9.544   0.0098
   30.1    -0.39   9.571   0.0124
   30.3    -0.36   9.598   0.0111
   30.4    -0.42   9.625   0.0121
   30.5    -0.40   9.652   0.0109
   30.6    -0.45   9.679   0.0128
   30.7    -0.46   9.706   0.0104
   30.7    -0.45   9.734   0.0141
   30.8    -0.50   9.760   0.0119
   30.9    -0.50   9.787   0.0121
   31.0    -0.52   9.815   0.0104
   31.2    -0.57   9.842   0.0115
   31.3    -0.55   9.870   0.0120
   31.3    -0.55   9.896   0.0115
   31.5    -0.53   9.923   0.0151
   31.6    -0.55   9.951   0.0161
   31.7    -0.57   9.978   0.0156
   31.8    -0.55  10.005   0.0158
   32.0    -0.56  10.032   0.0153
   32.1    -0.57  10.059   0.0156
   32.1    -0.60  10.086   0.0089
   32.2    -0.61  10.113   0.0099
   32.4    -0.61  10.140   0.0120
   32.4    -0.66  10.167   0.0125
   32.6    -0.64  10.194  -0.0187
   32.7    -0.63  10.221   0.0082
   32.9    -0.65  10.248   0.0044
   33.0    -0.64  10.275   0.0085
   33.0    -0.67  10.302   0.0045
   33.1    -0.70  10.329   0.0019
   33.2    -0.72  10.356   0.0003
   33.4    -0.72  10.383   0.0023
   33.4    -0.69  10.409   0.0051
   33.6    -0.73  10.437   0.0044
   33.7    -0.71  10.464   0.0088
   33.8    -0.75  10.491   0.0096
   33.9    -0.71  10.518   0.0101
   34.1    -0.73  10.545   0.0105
   34.2    -0.76  10.572   0.0102
   34.3    -0.74  10.599   0.0063
   34.4    -0.78  10.626   0.0076
   34.5    -0.77  10.653   0.0086
   34.5    -0.76  10.680   0.0090
   34.8    -0.76  10.708   0.0078
   34.9    -0.82  10.736   0.0076
   35.0    -0.83  10.762   0.0074
   35.1    -0.82  10.790   0.0076
   35.3    -0.86  10.817   0.0061
   35.2    -0.81  10.845   0.0043
   35.4    -0.85  10.872   0.0082
   35.6    -0.86  10.898   0.0084
   35.6    -0.85  10.926   0.0071
   35.8    -0.86  10.953   0.0064
   35.9    -0.88  10.980   0.0057
   35.9    -0.89  11.007   0.0063
   36.1    -0.91  11.035   0.0044
   36.2    -0.93  11.061   0.0030
   36.4    -0.93  11.088   0.0047
   36.6    -0.92  11.115   0.0078
   36.6    -0.91  11.143   0.0085
   36.7    -0.94  11.170   0.0095
   36.7    -0.94  11.197   0.0077
   36.9    -0.94  11.224   0.0047
   36.9    -0.94  11.251   0.0053
   37.2    -0.96  11.278   0.0028
   37.2    -0.98  11.305   0.0031
   37.5    -1.00  11.333   0.0046
   37.5    -1.01  11.360   0.0048
   37.6    -1.00  11.387   0.0066
   37.7    -0.98  11.414   0.0076
   37.9    -1.04  11.441   0.0097
   38.0    -1.02  11.469   0.0072
   38.1    -1.00  11.496   0.0051
   38.3    -1.00  11.523   0.0054
   38.3    -1.02  11.550   0.0040
   38.6    -1.02  11.577   0.0055
   38.5    -1.04  11.604   0.0038
   38.7    -1.02  11.631   0.0060
   38.9    -1.02  11.658   0.0024
   39.0    -1.06  11.685  -0.0027
   39.0    -1.08  11.712  -0.0026
   39.2    -1.10  11.740   0.0007
   39.4    -1.10  11.767  -0.0005
   39.5    -1.09  11.795   0.0035
   39.5    -1.13  11.822   0.0019
   39.7    -1.11  11.849   0.0054
   39.8    -1.12  11.876   0.0072
   40.0    -1.12  11.903   0.0042
   39.9    -1.15  11.930   0.0074
   40.2    -1.13  11.957   0.0082
   40.3    -1.18  11.984   0.0049
   40.4    -1.14  12.012   0.0046
   40.5    -1.13  12.039   0.0058
   40.7    -1.16  12.067   0.0096
   40.8    -1.16  12.094   0.0072
   40.9    -1.18  12.122   0.0052
   41.0    -1.15  12.149   0.0070
   41.1    -1.18  12.176   0.0056
   41.2    -1.20  12.203   0.0064
   41.3    -1.24  12.230   0.0076
   41.6    -1.22  12.257   0.0083
   41.7    -1.27  12.284   0.0082
   41.7    -1.22  12.312   0.0097
   41.8    -1.26  12.339   0.0093
   41.9    -1.26  12.365   0.0082
   42.1    -1.26  12.392   0.0081
   42.1    -1.26  12.419   0.0062
   42.3    -1.28  12.447   0.0092
   42.5    -1.27  12.474   0.0115
   42.6    -1.35  12.501   0.0118
   42.7    -1.27  12.528   0.0118
   42.8    -1.30  12.555   0.0065
   42.9    -1.32  12.582   0.0083
   43.2    -1.31  12.609   0.0091
   43.1    -1.36  12.637   0.0079
   43.3    -1.33  12.664   0.0122
   43.5    -1.35  12.691   0.0111
   43.6    -1.33  12.717   0.0084
   43.7    -1.36  12.745   0.0095
   43.9    -1.36  12.772   0.0067
   44.0    -1.34  12.799   0.0056
   44.0    -1.36  12.826   0.0058
   44.2    -1.39  12.853   0.0056
   44.3    -1.39  12.880   0.0097
   44.4    -1.39  12.907   0.0115
   44.5    -1.39  12.934   0.0075
   44.7    -1.40  12.961   0.0065
   44.9    -1.39  12.989   0.0076
   44.9    -1.42  13.015   0.0018
   45.1    -1.43  13.042   0.0064
   45.2    -1.42  13.070   0.0063
   45.3    -1.42  13.097   0.0023
   45.4    -1.45  13.124   0.0018
   45.6    -1.43  13.151  -0.0037
   45.7    -1.45  13.178  -0.0074
   45.7    -1.46  13.205  -0.0063
   45.9    -1.50  13.232  -0.0033
   46.0    -1.48  13.258  -0.0023
   46.1    -1.50  13.285  -0.0028
   46.3    -1.48  13.313  -0.0044
   46.4    -1.50  13.340  -0.0073
   46.5    -1.52  13.367  -0.0037
   46.7    -1.51  13.394  -0.0049
   46.7    -1.47  13.421  -0.0073
   46.8    -1.52  13.447  -0.0057
   47.1    -1.50  13.474  -0.0048
   47.2    -1.49  13.501  -0.0020
   47.3    -1.48  13.529  -0.0007
   47.5    -1.51  13.556   0.0028
   47.5    -1.57  13.583   0.0007
   47.8    -1.52  13.609  -0.0016
   47.9    -1.52  13.637   0.0008
   48.0    -1.47  13.664   0.0028
   48.2    -1.46  13.691   0.0029
   48.2    -1.49  13.717   0.0006
   48.3    -1.49  13.745   0.0002
   48.6    -1.45  13.772  -0.0022
   48.7    -1.46  13.798  -0.0003
   48.7    -1.48  13.825  -0.0028
   48.9    -1.50  13.852  -0.0025
   48.9    -1.52  13.879  -0.0004
   49.1    -1.50  13.906  -0.0002
   49.2    -1.53  13.933  -0.0041
   49.3    -1.49  13.960  -0.0050
   49.5    -1.52  13.987  -0.0026
   49.6    -1.49  14.015   0.0003
   49.8    -1.51  14.042  -0.0034
   49.9    -1.51  14.068  -0.0057
   50.0    -1.53  14.095  -0.0064
   50.2    -1.54  14.122  -0.0054
   50.4    -1.48  14.149  -0.0067
   50.4    -1.54  14.177  -0.0070
   50.5    -1.53  14.204  -0.0028
   50.6    -1.56  14.231  -0.0017
   50.7    -1.56  14.258  -0.0011
   50.9    -1.56  14.285  -0.0013
   51.0    -1.55  14.312  -0.0037
   51.1    -1.59  14.340  -0.0024
   51.3    -1.58  14.367  -0.0008
   51.5    -1.57  14.394  -0.0058
   51.6    -1.54  14.421  -0.0029
   51.6    -1.56  14.448  -0.0067
   51.8    -1.60  14.476  -0.0058
   51.9    -1.59  14.503  -0.0011
   52.0    -1.60  14.530  -0.0006
   52.1    -1.57  14.557  -0.0038
   52.3    -1.60  14.584  -0.0033
   52.4    -1.60  14.612  -0.0011
   52.4    -1.59  14.640  -0.0008
   52.7    -1.63  14.667   0.0010
   52.8    -1.59  14.694  -0.0009
   52.8    -1.59  14.722  -0.0019
   53.1    -1.64  14.748  -0.0019
   53.1    -1.67  14.775   0.0024
   53.3    -1.65  14.803   0.0017
   53.3    -1.66  14.830  -0.0005
   53.4    -1.64  14.857  -0.0004
   53.7    -1.64  14.885  -0.0018
   53.7    -1.66  14.912  -0.0046
   53.8    -1.66  14.939  -0.0069
   54.0    -1.63  14.967  -0.0105
   54.2    -1.69  14.994  -0.0108
   54.3    -1.65  15.022  -0.0149
   54.4    -1.68  15.049  -0.0129
   54.5    -1.69  15.076  -0.0163
   54.7    -1.70  15.103  -0.0149
   54.7    -1.70  15.130  -0.0144
   54.9    -1.72  15.158  -0.0125
   55.1    -1.71  15.184  -0.0080
   55.2    -1.69  15.212  -0.0032
   55.3    -1.73  15.239  -0.0084
   55.4    -1.71  15.266  -0.0055
   55.5    -1.72  15.293  -0.0043
   55.6    -1.72  15.320  -0.0054
   55.8    -1.74  15.347  -0.0022
   55.9    -1.71  15.374  -0.0031
   56.1    -1.73  15.402   0.0047
   56.2    -1.75  15.428   0.0061
   56.3    -1.76  15.455   0.0038
   56.4    -1.74  15.483   0.0090
   56.5    -1.76  15.511   0.0106
   56.7    -1.75  15.538   0.0092
   56.8    -1.77  15.565   0.0091
   56.9    -1.75  15.592   0.0091
   57.0    -1.73  15.619   0.0043
   57.1    -1.79  15.646   0.0038
   57.2    -1.85  15.673   0.0021
   57.4    -1.87  15.700   0.0014
   57.4    -1.87  15.728   0.0026
   57.6    -1.86  15.755   0.0035
   57.7    -1.84  15.783   0.0050
   57.9    -1.87  15.810   0.0005
   58.0    -1.86  15.836   0.0017
   58.1    -1.88  15.863   0.0026
   58.2    -1.87  15.890   0.0024
   58.3    -1.87  15.917   0.0036
   58.4    -1.89  15.945   0.0005
   58.6    -1.89  15.972   0.0007
   58.7    -1.92  15.999   0.0045
   58.8    -1.93  16.027   0.0014
   59.0    -1.88  16.054   0.0063
   59.2    -1.80  16.081   0.0082
   59.2    -1.87  16.108   0.0054
   59.4    -1.85  16.135   0.0086
   59.5    -1.86  16.162   0.0112
   59.6    -1.86  16.189   0.0075
   59.8    -1.86  16.216   0.0087
   59.9    -1.88  16.243   0.0077
   60.0    -1.89  16.270   0.0080
   60.0    -1.90  16.297   0.0067
   60.2    -1.91  16.324   0.0065
   60.4    -1.85  16.351   0.0074
   60.5    -1.85  16.378   0.0064
   60.6    -1.90  16.405   0.0131
   60.8    -1.88  16.432   0.0090
   60.8    -1.91  16.459   0.0104
   61.0    -1.90  16.486   0.0107
   61.1    -1.90  16.513   0.0090
   61.2    -1.94  16.540   0.0087
   61.4    -1.89  16.567   0.0046
   61.4    -1.95  16.595   0.0022
   61.5    -1.92  16.622  -0.0005
   61.7    -1.93  16.649   0.0037
   61.9    -1.94  16.676   0.0042
   62.0    -1.93  16.703   0.0043
   62.2    -1.98  16.730   0.0048
   62.2    -1.97  16.758   0.0029
   62.4    -1.95  16.785   0.0002
   62.5    -1.96  16.812   0.0032
   62.6    -1.97  16.839   0.0035
   62.6    -1.99  16.866   0.0024
   62.9    -2.00  16.893   0.0015
   63.0    -1.95  16.920   0.0007
   63.1    -1.95  16.947   0.0027
   63.3    -1.99  16.975  -0.0010
   63.3    -1.99  17.002  -0.0038
   63.4    -2.01  17.030  -0.0042
   63.6    -1.97  17.057   0.0006
   63.7    -1.95  17.084   0.0023
   63.8    -1.97  17.111   0.0029
   64.0    -1.98  17.138   0.0011
   64.0    -2.00  17.165   0.0017
   64.2    -2.06  17.192   0.0032
   64.3    -2.00  17.220   0.0029
   64.5    -1.97  17.247  -0.0271
   64.6    -2.02  17.274   0.0052
   64.8    -2.05  17.302   0.0007
   64.9    -2.02  17.329  -0.0030
   65.0    -2.00  17.356  -0.0013
   65.1    -2.04  17.383  -0.0008
   65.3    -2.07  17.410  -0.0039
   65.3    -2.05  17.437   0.0018
   65.5    -2.06  17.464   0.0015
   65.6    -2.03  17.492   0.0023
   65.9    -1.94  17.518  -0.0025
   65.9    -1.96  17.546  -0.0080
   65.9    -2.06  17.573  -0.0046
   66.1    -2.11  17.600  -0.0063
   66.2    -2.12  17.627  -0.0059
   66.4    -2.05  17.654   0.0051
   66.5    -2.05  17.681   0.0007
   66.5    -2.18  17.709  -0.0049
   66.7    -2.22  17.737  -0.0070
   66.6    -2.26  17.764  -0.0063
   66.8    -2.23  17.791  -0.0014
   66.9    -2.23  17.818   0.0002
   67.2    -2.20  17.845   0.0006
   67.3    -2.21  17.872   0.0028
   67.4    -2.22  17.899   0.0039
   67.5    -2.24  17.926   0.0012
   67.7    -2.22  17.954   0.0022
   67.8    -2.19  17.981   0.0040
   67.9    -2.21  18.008   0.0015
   67.9    -2.20  18.036   0.0019
   68.1    -2.24  18.063   0.0048
   68.3    -2.21  18.090   0.0016
   68.4    -2.20  18.117   0.0009
   68.5    -2.23  18.144  -0.0009
   68.6    -2.24  18.171  -0.0028
   68.7    -2.26  18.198   0.0034
   68.8    -2.27  18.226  -0.0003
   69.0    -2.15  18.253  -0.0061
   69.3    -2.11  18.280  -0.0048
   69.3    -2.21  18.307  -0.0002
   69.4    -2.26  18.334  -0.0031
   69.5    -2.27  18.361  -0.0045
   69.7    -2.26  18.388  -0.0007
   69.8    -2.27  18.415  -0.0014
   69.9    -2.29  18.442  -0.0002
   70.0    -2.30  18.469   0.0007
   70.1    -2.25  18.496  -0.0032
   70.2    -2.28  18.523   0.0006
   70.5    -2.23  18.550  -0.0034
   70.6    -2.25  18.577  -0.0219
   70.8    -2.25  18.604   0.0020
   70.8    -2.31  18.631   0.0003
   71.0    -2.28  18.659   0.0047
   71.0    -2.28  18.686   0.0049
   71.0    -2.29  18.713   0.0027
   71.4    -2.29  18.741   0.0020
   71.4    -2.31  18.768   0.0041
   71.6    -2.29  18.795   0.0000
   71.7    -2.30  18.823   0.0004
   71.7    -2.29  18.850   0.0007
   71.9    -2.32  18.877  -0.0004
   72.0    -2.33  18.905  -0.0093
   72.2    -2.32  18.932  -0.0067
   72.4    -2.42  18.959   0.0019
   72.4    -2.32  18.986  -0.0065
   72.5    -2.32  19.013  -0.0051
   72.6    -2.34  19.040  -0.0069
   72.8    -2.36  19.067  -0.0062
   72.9    -2.33  19.095  -0.0049
   73.1    -2.33  19.122  -0.0108
   73.2    -2.35  19.149  -0.0122
   73.3    -2.34  19.176  -0.0063
   73.5    -2.35  19.203  -0.0059
   73.6    -2.39  19.230  -0.0109
   73.6    -2.38  19.257  -0.0081
   73.8    -2.37  19.285  -0.0071
   73.9    -2.39  19.312  -0.0118
   74.1    -2.36  19.339  -0.0052
   74.2    -2.39  19.366  -0.0023
   74.3    -2.38  19.393  -0.0088
   74.4    -2.39  19.420  -0.0068
   74.5    -2.38  19.447  -0.0101
   74.7    -2.43  19.475  -0.0033
   74.9    -2.43  19.502  -0.0031
   74.9    -2.42  19.529  -0.0099
   75.1    -2.39  19.556  -0.0101
   75.2    -2.39  19.583  -0.0031
   75.4    -2.40  19.610  -0.0060
   75.5    -2.44  19.638  -0.0042
   75.6    -2.40  19.665  -0.0007
   75.7    -2.43  19.692  -0.0070
   75.8    -2.43  19.719  -0.0078
   76.0    -2.45  19.747  -0.0092
   76.1    -2.45  19.774  -0.0078
   76.2    -2.49  19.801  -0.0078
   76.3    -2.46  19.829  -0.0076
   76.5    -2.48  19.856  -0.0124
   76.6    -2.46  19.883  -0.0171
   76.7    -2.47  19.910  -0.0100
   77.0    -2.51  19.937  -0.0098
   76.9    -2.49  19.964  -0.0140
   77.1    -2.47  19.991  -0.0180
   77.3    -2.50  20.018  -0.0173
   77.4    -2.49  20.045  -0.0190
   77.5    -2.49  20.073  -0.0256
   77.6    -2.52  20.100  -0.0249
   77.7    -2.50  20.127  -0.0213
   77.8    -2.51  20.154  -0.0206
   78.0    -2.51  20.180  -0.0163
   78.1    -2.52  20.208  -0.0162
   78.3    -2.53  20.234  -0.0166
   78.4    -2.52  20.261  -0.0202
   78.5    -2.53  20.289  -0.0210
   78.6    -2.53  20.316  -0.0194
   78.7    -2.55  20.343  -0.0219
   78.8    -2.55  20.370  -0.0249
   79.0    -2.51  20.397  -0.0253
   79.2    -2.42  20.424  -0.0335
   79.2    -2.62  20.452  -0.0288
   79.3    -2.63  20.479  -0.0268
   79.5    -2.58  20.507  -0.0150
   79.7    -2.49  20.534  -0.0151
   79.8    -2.54  20.560  -0.0116
   79.8    -2.59  20.587  -0.0165
   80.0    -2.63  20.615  -0.0132
   80.1    -2.55  20.643  -0.0172
   80.2    -2.63  20.670  -0.0166
   80.3    -2.64  20.698  -0.0160
   80.5    -2.62  20.726  -0.0168
   80.6    -2.61  20.754  -0.0207
   80.7    -2.64  20.781  -0.0213
   80.9    -2.59  20.808  -0.0129
   81.0    -2.63  20.836  -0.0191
   81.2    -2.52  20.863  -0.0240
   81.3    -2.47  20.890  -0.0214
   81.4    -2.56  20.917  -0.0203
   81.5    -2.61  20.944  -0.0133
   81.6    -2.63  20.972  -0.0134
   81.7    -2.62  20.999  -0.0133
   81.8    -2.62  21.026  -0.0131
   82.0    -2.63  21.053  -0.0188
   82.1    -2.61  21.080  -0.0194
   82.2    -2.66  21.108  -0.0128
   82.4    -2.61  21.135  -0.0140
   82.5    -2.62  21.162  -0.0160
   82.6    -2.66  21.189  -0.0162
   82.7    -2.64  21.216  -0.0129
   83.0    -2.63  21.243  -0.0165
   83.0    -2.65  21.271  -0.0239
   83.2    -2.64  21.298  -0.0249
   83.3    -2.66  21.326  -0.0231
   83.4    -2.63  21.353  -0.0219
   83.5    -2.67  21.380  -0.0154
   83.6    -2.69  21.407  -0.0199
   83.8    -2.68  21.435  -0.0176
   83.9    -2.67  21.461  -0.0187
   84.0    -2.66  21.489  -0.0168
   84.2    -2.68  21.516  -0.0173
   84.2    -2.66  21.543  -0.0150
   84.4    -2.70  21.570  -0.0173
   84.5    -2.68  21.597  -0.0199
   84.7    -2.68  21.624  -0.0221
   84.9    -2.65  21.652  -0.0193
   84.8    -2.67  21.679  -0.0208
   85.0    -2.69  21.706  -0.0210
   85.2    -2.67  21.734  -0.0232
   85.3    -2.69  21.761  -0.0216
   85.4    -2.69  21.788  -0.0250
   85.5    -2.70  21.816  -0.0272
   85.7    -2.70  21.843  -0.0262
   85.9    -2.71  21.870  -0.0232
   86.0    -2.71  21.897  -0.0272
   86.1    -2.71  21.924  -0.0243
   86.3    -2.70  21.952  -0.0236
   86.3    -2.73  21.979  -0.0225
   86.5    -2.71  22.007  -0.0236
   86.6    -2.75  22.034  -0.0209
   86.7    -2.74  22.061  -0.0212
   86.9    -2.75  22.089  -0.0185
   87.0    -2.74  22.116  -0.0235
   87.1    -2.75  22.143  -0.0222
   87.1    -2.77  22.170  -0.0199
   87.3    -2.77  22.197  -0.0184
   87.5    -2.77  22.224  -0.0216
   87.6    -2.77  22.251  -0.0205
   87.8    -2.78  22.278  -0.0275
   87.9    -2.78  22.306  -0.0263
   88.0    -2.81  22.333  -0.0238
   88.0    -2.77  22.360  -0.0190
   88.2    -2.80  22.388  -0.0202
   88.3    -2.81  22.415  -0.0217
   88.5    -2.85  22.441  -0.0224
   88.6    -2.79  22.469  -0.0240
   88.8    -2.81  22.497  -0.0247
   88.8    -2.83  22.524  -0.0280
   89.0    -2.80  22.552  -0.0293
   89.1    -2.83  22.579  -0.0290
   89.1    -2.84  22.606  -0.0292
   89.4    -2.84  22.633  -0.0304
   89.4    -2.83  22.660  -0.0287
   89.6    -2.82  22.688  -0.0287
   89.7    -2.84  22.715  -0.0245
   89.9    -2.84  22.743  -0.0255
   90.0    -2.85  22.770  -0.0225
   90.2    -2.85  22.798  -0.0284
   90.2    -2.84  22.825  -0.0289
   90.4    -2.86  22.853  -0.0309
   90.5    -2.88  22.879  -0.0252
   90.6    -2.87  22.907  -0.0265
   90.7    -2.85  22.934  -0.0293
   90.9    -2.88  22.961  -0.0278
   91.0    -2.88  22.989  -0.0266
   91.1    -2.88  23.016  -0.0233
   91.2    -2.88  23.044  -0.0265
   91.3    -2.91  23.070  -0.0312
   91.5    -2.91  23.098  -0.0284
   91.5    -2.93  23.125  -0.0278
   91.8    -2.91  23.152  -0.0288
   91.9    -2.93  23.179  -0.0320
   91.9    -2.90  23.206  -0.0381
   92.1    -2.93  23.234  -0.0301
   92.2    -2.94  23.260  -0.0320
   92.3    -2.90  23.288  -0.0259
   92.5    -2.96  23.315  -0.0270
   92.5    -2.92  23.343  -0.0298
   92.7    -2.97  23.371  -0.0301
   92.8    -2.96  23.398  -0.0298
   93.1    -2.95  23.425  -0.0271
   93.1    -3.00  23.452  -0.0299
   93.2    -3.02  23.479  -0.0295
   93.4    -3.00  23.507  -0.0307
   93.4    -3.00  23.534  -0.0291
   93.7    -3.01  23.560  -0.0315
   93.8    -3.02  23.587  -0.0350
   93.8    -3.01  23.615  -0.0253
   94.0    -3.01  23.642  -0.0246
   94.1    -3.08  23.669  -0.0225
   94.2    -3.05  23.696  -0.0252
   94.4    -3.09  23.724  -0.0234
   94.5    -3.07  23.752  -0.0285
   94.6    -3.07  23.779  -0.0327
   94.7    -3.07  23.807  -0.0306
   94.8    -3.08  23.834  -0.0304
   95.0    -3.07  23.861  -0.0342
   95.2    -3.06  23.888  -0.0305
   95.2    -3.08  23.915  -0.0303
   95.4    -3.09  23.942  -0.0319
   95.5    -3.09  23.970  -0.0352
   95.6    -3.10  23.997  -0.0263
   95.7    -3.12  24.024  -0.0281
   95.9    -3.10  24.052  -0.0289
   96.0    -3.10  24.079  -0.0292
   96.1    -3.13  24.106  -0.0334
   96.3    -3.12  24.133  -0.0346
   96.3    -3.14  24.161  -0.0342
   96.6    -3.13  24.188  -0.0360
   96.8    -3.12  24.215  -0.0363
   96.8    -3.15  24.242  -0.0299
   96.8    -3.13  24.269  -0.0336
   97.0    -3.19  24.296  -0.0258
   97.1    -3.18  24.324  -0.0285
   97.3    -3.21  24.351  -0.0290
   97.4    -3.23  24.379  -0.0319
   97.6    -3.22  24.406  -0.0229
   97.7    -3.23  24.433  -0.0253
   97.8    -3.22  24.460  -0.0265
   97.8    -3.27  24.488  -0.0308
   98.0    -3.24  24.515  -0.0347
   98.2    -3.28  24.542  -0.0381
   98.3    -3.24  24.569  -0.0337
   98.4    -3.23  24.597  -0.0336
   98.6    -3.27  24.624  -0.0383
   98.7    -3.29  24.652  -0.0351
   98.8    -3.28  24.679  -0.0383
   99.0    -3.28  24.706  -0.0432
   99.1    -3.29  24.734  -0.0381
   99.3    -3.28  24.761  -0.0360
   99.3    -3.29  24.789  -0.0466
   99.4    -3.29  24.816  -0.0465
   99.6    -3.31  24.843  -0.0465
   99.7    -3.33  24.871  -0.0437
   99.9    -3.33  24.898  -0.0403
  100.0    -3.31  24.926  -0.0373
  100.2    -3.33  24.953  -0.0387
  100.3    -3.34  24.980  -0.0386
  100.3    -3.37  25.008  -0.0432
  100.4    -3.38  25.035  -0.0363
  100.6    -3.44  25.062  -0.0350
  100.6    -3.40  25.089  -0.0370
  100.8    -3.43  25.117  -0.0403
  100.9    -3.44  25.144  -0.0376
  101.1    -3.45  25.172  -0.0381
  101.2    -3.49  25.199  -0.0413
  101.3    -3.50  25.226  -0.0402
  101.3    -3.52  25.253  -0.0408
  101.5    -3.52  25.280  -0.0478
  101.7    -3.48  25.308  -0.0423
  101.9    -3.51  25.336  -0.0464
  102.0    -3.53  25.363  -0.0423
  102.1    -3.56  25.390  -0.0406
  102.2    -3.59  25.418  -0.0444
  102.4    -3.58  25.445  -0.0487
  102.5    -3.56  25.472  -0.0480
  102.6    -3.57  25.499  -0.0423
  102.7    -3.61  25.527  -0.0458
  102.8    -3.64  25.554  -0.0430
  102.9    -3.67  25.581  -0.0477
  103.2    -3.63  25.609  -0.0449
  103.3    -3.59  25.636  -0.0484
  103.4    -3.61  25.664  -0.0881
  103.6    -3.63  25.691  -0.0440
  103.7    -3.68  25.719  -0.0473
  103.9    -3.65  25.746  -0.0439
  103.9    -3.68  25.773  -0.0499
  104.1    -3.72  25.801  -0.0457
  104.2    -3.74  25.829  -0.0441
  104.3    -3.74  25.856  -0.0459
  104.4    -3.76  25.883  -0.0368
  104.6    -3.80  25.910  -0.0375
  104.7    -3.82  25.937  -0.0465
  104.8    -3.80  25.965  -0.0440
  104.9    -3.80  25.992  -0.0474
  105.0    -3.83  26.019  -0.0466
  105.2    -3.83  26.046  -0.0477
  105.3    -3.83  26.074  -0.0447
  105.4    -3.85  26.101  -0.0485
  105.5    -3.88  26.129  -0.0547
  105.7    -3.90  26.157  -0.0518
  105.9    -3.88  26.184  -0.0513
  105.9    -3.91  26.211  -0.0493
  106.1    -3.96  26.238  -0.0509
  106.2    -3.94  26.265  -0.0469
  106.4    -3.98  26.292  -0.0533
  106.5    -3.99  26.320  -0.0500
  106.5    -4.02  26.347  -0.0539
  106.7    -4.03  26.374  -0.0509
  106.8    -4.04  26.402  -0.0484
  106.9    -4.08  26.429  -0.0490
  107.1    -4.07  26.456  -0.0520
  107.3    -4.06  26.484  -0.0501
  107.3    -4.12  26.511  -0.0506
  107.5    -4.13  26.538  -0.0563
  107.7    -4.10  26.566  -0.0517
  107.7    -4.21  26.593  -0.0522
  107.8    -4.18  26.621  -0.0608
  107.9    -4.22  26.648  -0.0562
  108.1    -4.26  26.675  -0.0581
  108.2    -4.28  26.702  -0.0595
  108.4    -4.28  26.730  -0.0613
  108.4    -4.31  26.757  -0.0635
  108.6    -4.30  26.785  -0.0629
  108.7    -4.34  26.812  -0.0635
  108.9    -4.38  26.840  -0.0598
  109.1    -4.33  26.867  -0.0600
  109.2    -4.41  26.894  -0.0608
  109.3    -4.43  26.921  -0.0603
  109.4    -4.44  26.948  -0.0667
  109.4    -4.46  26.976  -0.0634
  109.7    -4.51  27.003  -0.0654
  109.7    -4.57  27.031  -0.0622
  109.9    -4.56  27.058  -0.0648
  110.0    -4.60  27.086  -0.0614
  110.1    -4.62  27.113  -0.0634
  110.2    -4.66  27.140  -0.0630
  110.4    -4.66  27.168  -0.0708
  110.5    -4.75  27.195  -0.0682
  110.7    -4.74  27.222  -0.0598
  110.7    -4.74  27.249  -0.0604
  110.9    -4.80  27.277  -0.0610
  111.0    -4.82  27.304  -0.0629
  111.2    -4.85  27.331  -0.0678
  111.2    -4.89  27.359  -0.0664
  111.4    -4.91  27.386  -0.0679
  111.6    -4.97  27.413  -0.0702
  111.8    -5.02  27.440  -0.0683
  111.9    -5.08  27.468  -0.0648
  112.1    -5.11  27.495  -0.0636
  112.1    -5.18  27.522  -0.0632
  112.2    -5.26  27.549  -0.0684
  112.2    -5.33  27.577  -0.0663
  112.5    -5.43  27.604  -0.0660
  112.7    -5.45  27.631  -0.0729
  112.7    -5.53  27.658  -0.0753
  112.9    -5.63  27.686  -0.0718
  113.0    -5.71  27.713  -0.0710
  113.1    -5.79  27.741  -0.0677
  113.3    -5.89  27.768  -0.0704
  113.4    -5.97  27.795  -0.0667
  113.5    -6.08  27.823  -0.0662
  113.6    -6.21  27.850  -0.0654
  113.8    -6.31  27.878  -0.0687
  113.8    -6.45  27.905  -0.0646
  114.1    -6.57  27.932  -0.0690
  114.1    -6.71  27.959  -0.0680
  114.2    -6.86  27.986  -0.0754
  114.4    -6.98  28.013  -0.0825
  114.4    -7.12  28.041  -0.0770
  114.7    -7.29  28.068  -0.0796
  114.6    -7.44  28.095  -0.0731
  114.8    -7.68  28.122  -0.0705
  114.9    -7.84  28.150  -0.0734
  115.1    -8.05  28.177  -0.0799
  115.3    -8.18  28.205  -0.0740
  115.4    -8.27  28.232  -0.0755
  115.5    -8.50  28.259  -0.0762
  115.7    -8.64  28.286  -0.0789
  115.7    -8.85  28.314  -0.0871
  115.9    -9.04  28.341  -0.0847
  116.1    -9.21  28.368  -0.0885
  116.1    -9.38  28.395  -0.0882
  116.3    -9.58  28.422  -0.0838
  116.4    -9.71  28.449  -0.0848
  116.5    -9.93  28.477  -0.0880
  116.7   -10.10  28.504  -0.0846
  116.8   -10.23  28.531  -0.0880
  116.9   -10.38  28.558  -0.0917
  117.1   -10.53  28.585  -0.0868
  117.1   -10.71  28.612  -0.0902
  117.3   -10.85  28.640  -0.0856
  117.5   -11.01  28.667  -0.0788
  117.6   -11.12  28.695  -0.0824
  117.7   -11.29  28.723  -0.0869
  117.9   -11.43  28.750  -0.0859
  118.0   -11.58  28.777  -0.0899
  118.1   -11.71  28.805  -0.0858
  118.2   -11.82  28.832  -0.0863
  118.3   -11.97  28.859  -0.0880
  118.5   -12.10  28.886  -0.0909
  118.6   -12.25  28.913  -0.0898
  118.7   -12.36  28.941  -0.0871
  118.8   -12.51  28.968  -0.0926
  119.0   -12.59  28.996  -0.0917
  119.2   -12.71  29.023  -0.0907
  119.3   -12.84  29.051  -0.0952
  119.4   -12.99  29.078  -0.0931
  119.5   -13.08  29.105  -0.0988
  119.6   -13.19  29.132  -0.0975
  119.7   -13.33  29.160  -0.1034
  119.9   -13.44  29.187  -0.1020
  120.0   -13.55  29.214  -0.0976
  120.1   -13.67  29.242  -0.0993
  120.3   -13.77  29.269  -0.1015
  120.3   -13.91  29.296  -0.1009
  120.4   -14.05  29.323  -0.0940
  120.6   -14.11  29.350  -0.0976
  120.7   -14.20  29.377  -0.0991
  120.8   -14.30  29.404  -0.0989
  120.9   -14.40  29.432  -0.0971
  121.0   -14.50  29.459  -0.0963
  121.1   -14.61  29.486  -0.1007
  121.3   -14.70  29.514  -0.0979
  121.5   -14.83  29.541  -0.0932
  121.6   -14.92  29.569  -0.1037
  121.8   -14.96  29.596  -0.0979
  121.8   -15.12  29.623  -0.0992
  122.0   -15.19  29.651  -0.0977
  122.1   -15.28  29.678  -0.1060
  122.2   -15.38  29.705  -0.1122
  122.3   -15.47  29.734  -0.1070
  122.4   -15.58  29.760  -0.1072
  122.5   -15.63  29.788  -0.1077
  122.7   -15.72  29.815  -0.1062
  122.8   -15.84  29.842  -0.1040
  123.0   -15.93  29.870  -0.1059
  123.1   -16.04  29.897  -0.1074
  123.3   -16.09  29.924  -0.1144
  123.4   -16.19  29.952  -0.1104
  123.4   -16.29  29.979  -0.1119
  123.6   -16.35  30.006  -0.1151
  123.7   -16.46  30.033  -0.1110
  123.8   -16.57  30.060  -0.1113
  123.9   -16.66  30.087  -0.1115
  124.0   -16.73  30.115  -0.1122
  124.2   -16.78  30.142  -0.1119
  124.3   -16.86  30.169  -0.1156
  124.4   -16.93  30.197  -0.1175
  124.5   -17.00  30.223  -0.1193
  124.7   -17.13  30.251  -0.1174
  124.7   -17.20  30.278  -0.1191
  124.9   -17.28  30.306  -0.1207
  125.1   -17.36  30.333  -0.1184
  125.2   -17.41  30.360  -0.1201
  125.3   -17.50  30.388  -0.1248
  125.4   -17.59  30.415  -0.1199
  125.5   -17.67  30.442  -0.1208
  125.6   -17.73  30.469  -0.1192
  125.8   -17.82  30.497  -0.1184
  125.9   -17.86  30.524  -0.1271
  126.1   -17.98  30.551  -0.1229
  126.1   -18.06  30.578  -0.1254
  126.3   -18.09  30.606  -0.1272
  126.4   -18.16  30.633  -0.1192
  126.4   -18.25  30.660  -0.1245
  126.6   -18.32  30.687  -0.1240
  126.8   -18.43  30.714  -0.1251
  127.0   -18.47  30.742  -0.1209
  127.1   -18.52  30.769  -0.1235
  127.2   -18.61  30.796  -0.1265
  127.3   -18.67  30.824  -0.1270
  127.4   -18.78  30.852  -0.1252
  127.5   -18.84  30.879  -0.1316
  127.7   -18.92  30.906  -0.1258
  127.8   -18.94  30.934  -0.1247
  128.0   -19.03  30.961  -0.1282
  128.1   -19.09  30.989  -0.1308
  128.2   -19.20  31.016  -0.1318
  128.3   -19.23  31.043  -0.1295
  128.4   -19.31  31.070  -0.1347
  128.5   -19.38  31.097  -0.1328
  128.7   -19.45  31.124  -0.1348
  128.8   -19.52  31.151  -0.1321
  128.9   -19.57  31.178  -0.1331
  129.1   -19.66  31.205  -0.1387
  129.2   -19.73  31.233  -0.1421
  129.3   -19.78  31.260  -0.1395
  129.5   -19.84  31.288  -0.1423
  129.6   -19.89  31.315  -0.1364
  129.5   -19.99  31.342  -0.1366
  129.8   -20.07  31.370  -0.1360
  129.9   -20.14  31.397  -0.1348
  130.1   -20.18  31.424  -0.1381
  130.1   -20.21  31.451  -0.1418
  130.3   -20.30  31.479  -0.1394
  130.3   -20.36  31.506  -0.1465
  130.5   -20.45  31.533  -0.1429
  130.8   -20.51  31.560  -0.1426
  130.8   -20.59  31.587  -0.1466
  130.9   -20.62  31.614  -0.1472
  131.0   -20.70  31.641  -0.1486
  131.1   -20.73  31.669  -0.1432
  131.3   -20.78  31.696  -0.1457
  131.4   -20.85  31.724  -0.1461
  131.5   -20.93  31.751  -0.1448
  131.6   -20.99  31.778  -0.1512
  131.8   -21.09  31.805  -0.1456
  131.8   -21.11  31.832  -0.1452
  132.0   -21.17  31.860  -0.1437
  132.1   -21.22  31.887  -0.1502
  132.2   -21.30  31.915  -0.1514
  132.4   -21.35  31.942  -0.1523
  132.5   -21.43  31.969  -0.1468
  132.7   -21.49  31.996  -0.1452
  132.7   -21.54  32.023  -0.1447
  132.9   -21.58  32.050  -0.1479
  133.0   -21.63  32.077  -0.1495
  133.1   -21.68  32.105  -0.1480
  133.2   -21.72  32.132  -0.1488
  133.4   -21.81  32.159  -0.1496
  133.5   -21.87  32.186  -0.1505
  133.6   -21.93  32.214  -0.1493
  133.7   -21.95  32.241  -0.1494
  133.8   -22.03  32.268  -0.1504
  134.0   -22.06  32.296  -0.1482
  134.1   -22.14  32.323  -0.1463
  134.2   -22.21  32.350  -0.1558
  134.3   -22.26  32.377  -0.1541
  134.5   -22.28  32.404  -0.1521
  134.7   -22.34  32.431  -0.1600
  134.7   -22.39  32.459  -0.1562
  134.9   -22.46  32.486  -0.1557
  135.0   -22.52  32.514  -0.1594
  135.1   -22.58  32.541  -0.1608
  135.2   -22.61  32.569  -0.1582
  135.4   -22.64  32.597  -0.1614
  135.5   -22.73  32.624  -0.1654
  135.6   -22.78  32.652  -0.1654
  135.8   -22.82  32.679  -0.1636
  135.9   -22.91  32.706  -0.1647
  136.0   -22.96  32.734  -0.1628
  136.2   -22.97  32.761  -0.1607
  136.3   -23.03  32.788  -0.1612
  136.4   -23.10  32.815  -0.1629
  136.6   -23.14  32.842  -0.1605
  136.6   -23.19  32.870  -0.1627
  136.8   -23.24  32.896  -0.1636
  136.8   -23.26  32.924  -0.1640
  137.0   -23.34  32.951  -0.1634
  137.2   -23.42  32.979  -0.1644
  137.2   -23.43  33.006  -0.1667
  137.3   -23.51  33.033  -0.1664
  137.5   -23.54  33.061  -0.1666
  137.7   -23.62  33.088  -0.1672
  137.7   -23.65  33.115  -0.1656
  137.9   -23.67  33.142  -0.1681
  137.9   -23.76  33.170  -0.1672
  138.1   -23.81  33.197  -0.1691
  138.3   -23.84  33.224  -0.1729
  138.3   -23.90  33.252  -0.1760
  138.5   -23.92  33.279  -0.1723
  138.7   -23.96  33.307  -0.1722
  138.7   -24.06  33.334  -0.1709
  138.9   -24.11  33.361  -0.1756
  138.9   -24.13  33.388  -0.1739
  139.3   -24.14  33.416  -0.1768
  139.2   -24.17  33.444  -0.1785
  139.4   -24.25  33.471  -0.1780
  139.6   -24.28  33.498  -0.1812
  139.6   -24.33  33.526  -0.1809
  139.8   -24.37  33.553  -0.1818
  139.9   -24.43  33.581  -0.1809
  140.1   -24.44  33.608  -0.1828
  140.2   -24.50  33.636  -0.1816
  140.4   -24.56  33.663  -0.1820
  140.4   -24.62  33.690  -0.1852
  140.6   -24.65  33.717  -0.1849
  140.6   -24.69  33.745  -0.1885
  140.8   -24.71  33.773  -0.1897
  141.0   -24.79  33.800  -0.1879
  141.1   -24.80  33.827  -0.1871
  141.2   -24.86  33.854  -0.1879
  141.3   -24.92  33.882  -0.1892
  141.5   -24.94  33.908  -0.1911
  141.6   -24.96  33.936  -0.1937
  141.7   -25.01  33.963  -0.1936
  141.9   -25.07  33.991  -0.1959
  142.0   -25.10  34.018  -0.1962
  142.1   -25.11  34.046  -0.1932
  142.2   -25.17  34.073  -0.1957
  142.3   -25.19  34.100  -0.1965
  142.5   -25.23  34.127  -0.1966
  142.7   -25.27  34.154  -0.1952
  142.7   -25.31  34.182  -0.1959
  142.8   -25.36  34.209  -0.1987
  143.0   -25.38  34.236  -0.1976
  143.1   -25.45  34.263  -0.1998
  143.3   -25.46  34.290  -0.2011
  143.4   -25.49  34.318  -0.2016
  143.6   -25.52  34.345  -0.2010
  143.7   -25.55  34.373  -0.2029
  143.8   -25.60  34.400  -0.2019
  144.0   -25.58  34.427  -0.2047
  144.0   -25.65  34.455  -0.2057
  144.2   -25.66  34.482  -0.2054
  144.3   -25.66  34.509  -0.2069
  144.4   -25.74  34.536  -0.2063
  144.6   -25.77  34.563  -0.2078
  144.7   -25.80  34.591  -0.2090
  144.8   -25.85  34.618  -0.2047
  145.0   -25.83  34.646  -0.2024
  145.1   -25.88  34.674  -0.2056
  145.2   -25.92  34.701  -0.2072
  145.4   -25.97  34.729  -0.2083
  145.5   -25.97  34.757  -0.2135
  145.7   -26.00  34.784  -0.2150
  145.8   -26.01  34.811  -0.2127
  146.0   -26.02  34.838  -0.2146
  146.0   -26.09  34.865  -0.2136
  146.2   -26.14  34.892  -0.2159
  146.3   -26.16  34.920  -0.2129
  146.4   -26.18  34.947  -0.2151
  146.6   -26.20  34.976  -0.2194
  146.8   -26.20  35.003  -0.2183
  146.8   -26.25  35.030  -0.2178
  147.1   -26.28  35.058  -0.2187
  147.1   -26.31  35.085  -0.2236
  147.3   -26.30  35.113  -0.2212
  147.4   -26.38  35.140  -0.2161
  147.5   -26.38  35.167  -0.2152
  147.6   -26.41  35.195  -0.2166
  147.8   -26.41  35.222  -0.2179
  147.9   -26.46  35.249  -0.2168
  148.1   -26.50  35.276  -0.2138
  148.2   -26.48  35.304  -0.2248
  148.5   -26.41  35.331  -0.2267
  148.4   -26.43  35.358  -0.2268
  148.5   -26.55  35.385  -0.2205
  148.7   -26.56  35.412  -0.2184
  148.8   -26.57  35.440  -0.2231
  148.9   -26.57  35.467  -0.2215
  149.1   -26.62  35.495  -0.2237
  149.1   -26.66  35.522  -0.2234
  149.3   -26.69  35.550  -0.2238
  149.4   -26.70  35.577  -0.2269
  149.4   -26.70  35.604  -0.2302
  149.7   -26.73  35.632  -0.2290
  149.8   -26.73  35.660  -0.2256
  149.9   -26.76  35.687  -0.2323
  150.0   -26.75  35.714  -0.2329
  150.3   -26.79  35.742  -0.2312
  150.4   -26.83  35.770  -0.2339
  150.4   -26.81  35.797  -0.2356
  150.7   -26.81  35.824  -0.2312
  150.8   -26.85  35.852  -0.2349
  150.8   -26.86  35.880  -0.2369
  151.0   -26.87  35.907  -0.2392
  151.1   -26.86  35.935  -0.2419
  151.3   -26.84  35.962  -0.2433
  151.4   -26.87  35.990  -0.2454
  151.5   -26.89  36.017  -0.2453
  151.6   -26.87  36.045  -0.2443
  151.8   -26.89  36.072  -0.2431
  151.9   -26.91  36.100  -0.2438
  152.1   -26.89  36.127  -0.2410
  152.3   -26.89  36.155  -0.2452
  152.3   -26.89  36.183  -0.2476
  152.6   -26.90  36.210  -0.2460
  152.6   -26.90  36.237  -0.2414
  152.8   -26.89  36.265  -0.2418
  152.9   -26.93  36.292  -0.2441
  153.0   -26.86  36.320  -0.2433
  153.2   -26.91  36.348  -0.2430
  153.3   -26.91  36.375  -0.2418
  153.4   -26.88  36.402  -0.2420
  153.6   -26.85  36.430  -0.2391
  153.6   -26.87  36.457  -0.2423
  153.8   -26.86  36.484  -0.2427
  154.0   -26.88  36.512  -0.2457
  154.1   -26.88  36.539  -0.2465
  154.1   -26.88  36.567  -0.2499
  154.3   -26.85  36.594  -0.2512
  154.5   -26.83  36.621  -0.2537
  154.6   -26.80  36.649  -0.2502
  154.8   -26.81  36.676  -0.2531
  154.9   -26.79  36.704  -0.2508
  155.1   -26.81  36.732  -0.2512
  155.2   -26.78  36.759  -0.2528
  155.3   -26.77  36.787  -0.2518
  155.4   -26.75  36.814  -0.2520
  155.6   -26.76  36.841  -0.2530
  155.7   -26.76  36.869  -0.2547
  155.8   -26.70  36.896  -0.2558
  156.0   -26.66  36.923  -0.2583
  156.1   -26.67  36.951  -0.2587
  156.2   -26.65  36.979  -0.2649
  156.3   -26.66  37.006  -0.2612
  156.5   -26.63  37.034  -0.2624
  156.5   -26.58  37.061  -0.2625
  156.7   -26.59  37.088  -0.2627
  156.8   -26.57  37.115  -0.2633
  157.0   -26.54  37.143  -0.2644
  157.2   -26.52  37.170  -0.2667
  157.3   -26.49  37.197  -0.2647
  157.4   -26.45  37.224  -0.2627
  157.5   -26.42  37.252  -0.2678
  157.7   -26.40  37.279  -0.2655
  157.7   -26.37  37.307  -0.2682
  157.9   -26.38  37.335  -0.2693
  158.1   -26.37  37.362  -0.2702
  158.3   -26.29  37.390  -0.2703
  158.3   -26.24  37.417  -0.2711
  158.4   -26.26  37.445  -0.2731
  158.6   -26.20  37.472  -0.2739
  158.7   -26.17  37.500  -0.2756
  158.9   -26.12  37.527  -0.2720
  159.0   -26.09  37.555  -0.2723
  159.1   -26.04  37.582  -0.2725
  159.3   -25.99  37.610  -0.2733
  159.5   -25.95  37.637  -0.2771
  159.6   -25.93  37.665  -0.2755
  159.7   -25.87  37.693  -0.2731
  159.7   -25.86  37.721  -0.2727
  160.0   -25.81  37.748  -0.2742
  160.1   -25.79  37.776  -0.2736
  160.2   -25.71  37.803  -0.2784
  160.4   -25.65  37.831  -0.2769
  160.5   -25.65  37.858  -0.2788
  160.6   -25.64  37.886  -0.2801
  160.7   -25.59  37.914  -0.2786
  160.9   -25.52  37.941  -0.2806
  161.0   -25.52  37.968  -0.2851
  161.2   -25.47  37.996  -0.2839
  161.4   -25.39  38.023  -0.2845
  161.5   -25.33  38.050  -0.2829
  161.6   -25.27  38.078  -0.2843
  161.7   -25.25  38.105  -0.2869
  161.8   -25.21  38.133  -0.2864
  162.0   -25.16  38.160  -0.2868
  162.0   -25.14  38.188  -0.2894
  162.2   -25.10  38.215  -0.2838
  162.4   -25.01  38.243  -0.2851
  162.6   -24.96  38.270  -0.2896
  162.6   -24.90  38.297  -0.2916
  162.8   -24.88  38.325  -0.2914
  163.0   -24.81  38.352  -0.2884
  163.0   -24.77  38.380  -0.2898
  163.1   -24.69  38.408  -0.2890
  163.3   -24.64  38.435  -0.2871
  163.5   -24.60  38.463  -0.2873
  163.6   -24.55  38.491  -0.2887
  163.7   -24.47  38.518  -0.2886
  163.9   -24.41  38.546  -0.2927
  164.0   -24.37  38.573  -0.2900
  164.0   -24.40  38.601  -0.2910
  164.3   -24.29  38.628  -0.2897
  164.3   -24.18  38.656  -0.2908
  164.5   -24.15  38.683  -0.2923
  164.6   -24.11  38.711  -0.2899
  164.7   -24.03  38.740  -0.2928
  165.0   -23.96  38.767  -0.3064
  165.0   -23.92  38.795  -0.3067
  165.2   -23.89  38.822  -0.2948
  165.2   -23.83  38.849  -0.2944
  165.4   -23.74  38.877  -0.2944
  165.6   -23.70  38.905  -0.2908
  165.8   -23.64  38.932  -0.2887
  165.9   -23.53  38.960  -0.2948
  166.0   -23.51  38.987  -0.2950
  166.2   -23.44  39.015  -0.2985
  166.3   -23.37  39.042  -0.2988
  166.5   -23.27  39.070  -0.3028
  166.6   -23.19  39.097  -0.3053
  166.7   -23.16  39.125  -0.3012
  166.8   -23.18  39.153  -0.2995
  166.9   -23.11  39.180  -0.3004
  167.0   -23.05  39.207  -0.3016
  167.1   -23.02  39.235  -0.3017
  167.3   -22.95  39.262  -0.3050
  167.3   -22.89  39.290  -0.3056
  167.5   -22.84  39.318  -0.3068
  167.7   -22.78  39.345  -0.3057
  167.8   -22.71  39.372  -0.3035
  167.9   -22.70  39.399  -0.3051
  168.1   -22.62  39.427  -0.3092
  168.2   -22.55  39.454  -0.3146
  168.4   -22.48  39.482  -0.3174
  168.5   -22.44  39.509  -0.3155
  168.6   -22.37  39.537  -0.3122
  168.8   -22.30  39.565  -0.3174
  168.9   -22.29  39.592  -0.3168
  169.0   -22.20  39.620  -0.3173
  169.1   -22.17  39.647  -0.3146
  169.2   -22.11  39.675  -0.3132
  169.4   -22.04  39.702  -0.3156
  169.5   -22.02  39.730  -0.3140
  169.6   -21.92  39.759  -0.3215
  169.8   -21.86  39.786  -0.3225
  170.0   -21.78  39.814  -0.3197
  170.1   -21.77  39.842  -0.3187
  170.3   -21.72  39.869  -0.3188
  170.4   -21.58  39.897  -0.3165
  170.5   -21.56  39.924  -0.3182
  170.6   -21.47  39.952  -0.3187
  170.7   -21.44  39.980  -0.3201
  170.9   -21.36  40.007  -0.3218
  171.0   -21.34  40.035  -0.3227
  171.2   -21.25  40.062  -0.3195
  171.2   -21.19  40.090  -0.3200
  171.4   -21.13  40.117  -0.3230
  171.6   -21.06  40.145  -0.3208
  171.7   -21.02  40.172  -0.3239
  171.8   -20.96  40.200  -0.3210
  171.9   -20.90  40.227  -0.3246
  172.0   -20.84  40.255  -0.3258
  172.3   -20.78  40.282  -0.3266
  172.3   -20.71  40.310  -0.3227
  172.5   -20.64  40.337  -0.3230
  172.6   -20.54  40.364  -0.3225
  172.7   -20.52  40.392  -0.3220
  172.9   -20.45  40.419  -0.3266
  173.1   -20.40  40.447  -0.3239
  173.2   -20.31  40.474  -0.3240
  173.3   -20.25  40.502  -0.3265
  173.4   -20.18  40.530  -0.3271
  173.6   -20.12  40.557  -0.3301
  173.7   -20.00  40.585  -0.3472
  173.9   -19.93  40.612  -0.3348
  174.0   -19.88  40.640  -0.3363
  174.0   -19.81  40.667  -0.3405
  174.2   -19.71  40.695  -0.3408
  174.3   -19.66  40.723  -0.3377
  174.6   -19.58  40.750  -0.3363
  174.6   -19.50  40.778  -0.3443
  174.8   -19.44  40.805  -0.3487
  174.9   -19.37  40.833  -0.3489
  175.1   -19.30  40.860  -0.3508
  175.1   -19.21  40.888  -0.3508
  175.4   -19.14  40.915  -0.3473
  175.4   -19.06  40.942  -0.3470
  175.5   -19.03  40.970  -0.3475
  175.8   -18.95  40.997  -0.3483
  175.9   -18.87  41.024  -0.3458
  176.0   -18.82  41.052  -0.3429
  176.2   -18.75  41.079  -0.3456
  176.3   -18.69  41.107  -0.3442
  176.4   -18.62  41.134  -0.3461
  176.6   -18.52  41.162  -0.3470
  176.8   -18.47  41.189  -0.3526
  176.9   -18.40  41.217  -0.3519
  177.0   -18.31  41.244  -0.3485
  177.1   -18.25  41.272  -0.3470
  177.2   -18.18  41.299  -0.3457
  177.4   -18.10  41.327  -0.3477
  177.6   -18.05  41.354  -0.3468
  177.7   -17.98  41.382  -0.3485
  177.9   -17.92  41.409  -0.3501
  177.9   -17.84  41.437  -0.3481
  178.1   -17.78  41.465  -0.3454
  178.3   -17.72  41.492  -0.3482
  178.3   -17.64  41.520  -0.3460
  178.6   -17.58  41.547  -0.3477
  178.7   -17.51  41.575  -0.3498
  178.8   -17.45  41.602  -0.3502
  178.9   -17.38  41.629  -0.3534
  179.0   -17.29  41.657  -0.3516
  179.2   -17.24  41.684  -0.3480
  179.4   -17.16  41.712  -0.3497
  179.6   -17.09  41.740  -0.3525
  179.7   -17.00  41.768  -0.3528
  179.7   -16.97  41.795  -0.3527
  179.9   -16.89  41.823  -0.3552
  180.0   -16.82  41.851  -0.3536
  180.2   -16.76  41.879  -0.3521
  180.3   -16.65  41.906  -0.3517
  180.5   -16.58  41.934  -0.3493
  180.6   -16.54  41.961  -0.3506
  180.8   -16.49  41.989  -0.3529
  180.9   -16.39  42.017  -0.3521
  181.1   -16.29  42.044  -0.3513
  181.2   -16.22  42.071  -0.3535
  181.3   -16.16  42.099  -0.3524
  181.5   -16.12  42.127  -0.3503
  181.6   -16.05  42.154  -0.3534
  181.8   -15.93  42.182  -0.3546
  181.8   -15.82  42.209  -0.3562
  182.0   -15.82  42.237  -0.3562
  182.2   -15.73  42.264  -0.3551
  182.3   -15.64  42.292  -0.3557
  182.4   -15.59  42.319  -0.3577
  182.7   -15.55  42.346  -0.3617
  182.7   -15.46  42.374  -0.3602
  182.9   -15.41  42.401  -0.3605
  183.1   -15.32  42.429  -0.3625
  183.2   -15.26  42.457  -0.3592
  183.3   -15.18  42.485  -0.3627
  183.4   -15.14  42.512  -0.3591
  183.7   -15.04  42.539  -0.3616
  183.8   -14.97  42.567  -0.3636
  184.0   -14.91  42.594  -0.3662
  184.1   -14.83  42.622  -0.3655
  184.2   -14.75  42.649  -0.3655
  184.4   -14.70  42.677  -0.3701
  184.4   -14.66  42.704  -0.3694
  184.7   -14.67  42.732  -0.3715
  184.8   -14.46  42.760  -0.3703
  184.8   -14.43  42.787  -0.3681
  184.9   -14.38  42.814  -0.3687
  185.2   -14.30  42.842  -0.3702
  185.3   -14.20  42.870  -0.3721
  185.6   -14.12  42.897  -0.3723
  185.7   -14.07  42.925  -0.3713
  185.8   -14.03  42.952  -0.3676
  185.9   -13.93  42.980  -0.3700
  186.1   -13.89  43.007  -0.3732
  186.2   -13.76  43.035  -0.3723
  186.3   -13.72  43.062  -0.3756
  186.7   -13.68  43.090  -0.3778
  186.6   -13.62  43.117  -0.3753
  186.7   -13.54  43.145  -0.3746
  186.9   -13.47  43.172  -0.3758
  187.0   -13.45  43.200  -0.3793
  187.2   -13.37  43.227  -0.3807
  187.4   -13.30  43.255  -0.3807
  187.5   -13.20  43.282  -0.3776
  187.6   -13.14  43.310  -0.3793
  187.7   -13.10  43.337  -0.3777
  187.9   -13.02  43.365  -0.3789
  188.0   -12.96  43.392  -0.3755
  188.2   -12.88  43.420  -0.3748
  188.3   -12.79  43.447  -0.3750
  188.5   -12.72  43.475  -0.3775
  188.6   -12.67  43.503  -0.3782
  188.9   -12.59  43.530  -0.3826
  189.0   -12.53  43.557  -0.3818
  189.1   -12.46  43.585  -0.3795
  189.2   -12.40  43.612  -0.3785
  189.4   -12.29  43.640  -0.3764
  189.5   -12.23  43.667  -0.3709
  189.7   -12.17  43.695  -0.3779
  189.8   -12.13  43.723  -0.3785
  190.0   -12.00  43.751  -0.3768
  190.2   -11.96  43.778  -0.3813
  190.2   -11.90  43.806  -0.3780
  190.3   -11.84  43.834  -0.3746
  190.6   -11.73  43.861  -0.3772
  190.6   -11.68  43.889  -0.3775
  190.8   -11.58  43.916  -0.3780
  191.0   -11.51  43.944  -0.3768
  191.1   -11.46  43.972  -0.3762
  191.3   -11.39  43.999  -0.3787
  191.5   -11.29  44.027  -0.3791
  191.6   -11.20  44.055  -0.3769
  191.7   -11.13  44.082  -0.3757
  191.9   -11.09  44.109  -0.3797
  192.1   -11.02  44.136  -0.3812
  192.2   -10.92  44.164  -0.3834
  192.3   -10.84  44.191  -0.3816
  192.5   -10.77  44.219  -0.3831
  192.5   -10.71  44.246  -0.3855
  192.7   -10.64  44.273  -0.3845
  193.0   -10.56  44.301  -0.3839
  193.0   -10.50  44.329  -0.3852
  193.2   -10.42  44.356  -0.3871
  193.3   -10.34  44.384  -0.3837
  193.4   -10.30  44.411  -0.3842
  193.6   -10.21  44.439  -0.3850
  193.8   -10.16  44.466  -0.3845
  193.9   -10.09  44.494  -0.3826
  194.0   -10.02  44.521  -0.3853
  194.2    -9.93  44.549  -0.3876
  194.4    -9.86  44.576  -0.3894
  194.5    -9.80  44.604  -0.3911
  194.7    -9.72  44.631  -0.3893
  194.8    -9.65  44.659  -0.3887
  195.0    -9.58  44.686  -0.3868
  195.2    -9.53  44.714  -0.3863
  195.3    -9.45  44.742  -0.3884
  195.5    -9.35  44.770  -0.3901
  195.6    -9.29  44.797  -0.3865
  195.8    -9.25  44.825  -0.3853
  195.9    -9.19  44.852  -0.3870
  196.1    -9.09  44.880  -0.3851
  196.2    -9.01  44.908  -0.3871
  196.4    -8.94  44.935  -0.3922
  196.6    -8.85  44.963  -0.3898
  196.7    -8.81  44.990  -0.3866
  196.9    -8.71  45.018  -0.3863
  197.0    -8.62  45.045  -0.3870
  197.2    -8.62  45.073  -0.3906
  197.3    -8.50  45.100  -0.3889
  197.5    -8.43  45.127  -0.3887
  197.6    -8.34  45.155  -0.3876
  197.8    -8.27  45.182  -0.3855
  197.8    -8.15  45.209  -0.3855
  198.2    -8.05  45.237  -0.3892
  198.1    -8.02  45.265  -0.3907
  198.4    -7.94  45.292  -0.3901
  198.7    -7.84  45.320  -0.3933
  198.8    -7.77  45.347  -0.3909
  198.9    -7.71  45.375  -0.3901
  199.1    -7.62  45.402  -0.3908
  199.2    -7.53  45.430  -0.3895
  199.4    -7.46  45.458  -0.3892
  199.4    -7.38  45.485  -0.3892
  199.7    -7.29  45.513  -0.3884
  199.8    -7.21  45.541  -0.3870
  199.9    -7.09  45.568  -0.3883
  200.1    -6.98  45.596  -0.3878
