   18.6     0.34   0.026   0.0071
   18.6     0.35   0.053   0.0053
   18.6     0.34   0.080   0.0038
   18.5     0.32   0.107   0.0097
   18.5     0.36   0.134   0.0094
   18.5     0.35   0.160   0.0124
   18.6     0.37   0.187   0.0121
   18.6     0.41   0.214   0.0110
   18.6     0.44   0.240   0.0090
   18.5     0.45   0.267   0.0121
   18.6     0.41   0.293   0.0079
   18.6     0.38   0.320   0.0130
   18.6     0.42   0.346   0.0103
   18.6     0.45   0.373   0.0067
   18.6     0.40   0.399   0.0093
   18.5     0.46   0.426   0.0103
   18.6     0.45   0.453   0.0079
   18.6     0.44   0.479   0.0085
   18.6     0.47   0.506   0.0090
   18.5     0.43   0.532   0.0060
   18.7     0.47   0.559   0.0074
   18.7     0.44   0.585   0.0060
   18.6     0.39   0.611   0.0033
   18.5     0.43   0.638   0.0047
   18.6     0.40   0.665   0.0105
   18.6     0.43   0.692   0.0095
   18.6     0.43   0.718   0.0129
   18.6     0.41   0.745   0.0158
   18.6     0.42   0.771   0.0167
   18.5     0.45   0.798   0.0126
   18.6     0.41   0.824   0.0147
   18.5     0.46   0.851   0.0135
   18.6     0.44   0.877   0.0169
   18.6     0.43   0.904   0.0207
   18.7     0.46   0.930   0.0191
   18.6     0.50   0.957   0.0196
   18.5     0.39   0.983   0.0199
   18.6     0.41   1.010   0.0249
   18.6     0.44   1.036   0.0250
   18.6     0.45   1.063   0.0205
   18.7     0.46   1.089   0.0212
   18.6     0.47   1.116   0.0189
   18.6     0.43   1.142   0.0121
   18.7     0.49   1.169   0.0153
   18.7     0.45   1.196   0.0209
   18.6     0.43   1.223   0.0213
   18.6     0.40   1.249   0.0185
   18.6     0.45   1.277   0.0169
   18.6     0.42   1.303   0.0139
   18.7     0.40   1.330   0.0116
   18.6     0.42   1.357   0.0037
   18.6     0.43   1.383   0.0026
   18.6     0.45   1.410   0.0071
   18.6     0.44   1.437   0.0019
   18.6     0.40   1.463   0.0041
   18.6     0.40   1.490   0.0085
   18.6     0.42   1.516   0.0032
   18.6     0.42   1.542   0.0078
   18.6     0.43   1.569   0.0133
   18.5     0.42   1.595   0.0107
   18.6     0.44   1.622   0.0134
   18.6     0.48   1.649   0.0089
   18.7     0.45   1.675   0.0114
   18.6     0.46   1.702   0.0191
   18.7     0.45   1.728   0.0207
   18.6     0.46   1.755   0.0162
   18.6     0.45   1.781   0.0138
   18.6     0.43   1.808   0.0088
   18.6     0.46   1.834   0.0072
   18.6     0.42   1.861   0.0107
   18.7     0.44   1.887   0.0116
   18.7     0.50   1.914   0.0053
   18.7     0.53   1.941   0.0209
   18.7     0.47   1.967   0.0200
   18.7     0.47   1.995   0.0107
   18.7     0.49   2.021   0.0182
   18.7     0.54   2.047   0.0212
   18.7     0.50   2.074   0.0204
   18.5     0.51   2.100   0.0242
   18.7     0.51   2.127   0.0171
   18.7     0.53   2.154   0.0147
   18.8     0.55   2.180   0.0137
   18.8     0.53   2.208   0.0103
   18.7     0.54   2.234   0.0109
   18.7     0.55   2.261   0.0149
   18.7     0.56   2.288   0.0189
   18.8     0.58   2.315   0.0235
   18.8     0.57   2.342   0.0256
   18.8     0.59   2.369   0.0224
   18.8     0.60   2.396   0.0237
   18.7     0.61   2.422   0.0239
   18.7     0.63   2.449   0.0227
   18.8     0.64   2.476   0.0219
   18.8     0.64   2.502   0.0239
   18.9     0.65   2.529   0.0232
   18.9     0.67   2.556   0.0218
   18.9     0.67   2.582   0.0175
   18.9     0.68   2.609   0.0211
   18.8     0.70   2.635   0.0168
   18.8     0.70   2.662   0.0180
   18.9     0.72   2.689   0.0198
   18.9     0.72   2.715   0.0240
   18.9     0.76   2.741   0.0270
   19.0     0.76   2.768   0.0203
   19.0     0.74   2.794   0.0187
   19.0     0.77   2.821   0.0181
   18.9     0.77   2.847   0.0198
   19.0     0.84   2.874   0.0220
   19.0     0.80   2.900   0.0218
   19.1     0.86   2.927   0.0183
   19.1     0.87   2.953   0.0193
   19.1     0.86   2.980   0.0186
   19.1     0.86   3.006   0.0196
   19.2     0.94   3.033   0.0188
   19.2     0.91   3.059   0.0179
   19.3     0.96   3.086   0.0127
   19.2     0.97   3.112   0.0109
   19.3     0.96   3.139   0.0114
   19.3     1.04   3.165   0.0157
   19.4     1.05   3.193   0.0174
   19.5     1.05   3.220   0.0162
   19.4     1.07   3.247   0.0143
   19.4     1.11   3.273   0.0091
   19.5     1.15   3.300   0.0176
   19.5     1.18   3.327   0.0160
   19.6     1.23   3.353   0.0161
   19.6     1.26   3.380   0.0186
   19.7     1.28   3.406   0.0206
   19.7     1.30   3.432   0.0167
   19.7     1.33   3.459   0.0128
   19.8     1.36   3.486   0.0085
   19.8     1.37   3.514   0.0073
   20.0     1.33   3.540   0.0107
   20.0     1.41   3.567   0.0122
   20.1     1.41   3.593   0.0111
   20.0     1.45   3.621   0.0096
   20.1     1.50   3.647   0.0050
   20.2     1.53   3.674   0.0065
   20.2     1.58   3.701   0.0035
   20.2     1.56   3.727   0.0003
   20.4     1.63   3.754   0.0032
   20.5     1.65   3.780   0.0069
   20.5     1.66   3.808   0.0054
   20.6     1.71   3.835   0.0078
   20.6     1.74   3.861  -0.0093
   20.8     1.84   3.888  -0.0148
   20.9     1.84   3.915  -0.0168
   20.9     1.94   3.942  -0.0171
   21.1     1.94   3.968  -0.0130
   21.1     1.97   3.995  -0.0191
   21.2     2.03   4.021  -0.0210
   21.3     2.07   4.048  -0.0261
   21.4     2.10   4.075  -0.0246
   21.5     2.14   4.101  -0.0297
   21.5     2.11   4.128  -0.0293
   21.7     2.21   4.155  -0.0299
   21.7     2.24   4.181  -0.0258
   21.9     2.29   4.209  -0.0242
   21.9     2.28   4.236  -0.0266
   22.0     2.33   4.262  -0.0330
   22.1     2.36   4.289  -0.0306
   22.2     2.39   4.316  -0.0322
   22.5     2.52   4.342  -0.0325
   22.5     2.52   4.369  -0.0312
   22.6     2.62   4.396  -0.0346
   22.7     2.65   4.422  -0.0361
   22.8     2.68   4.449  -0.0356
   23.0     2.74   4.476  -0.0360
   23.0     2.78   4.502  -0.0387
   23.3     2.81   4.529  -0.0424
   23.3     2.84   4.556  -0.0452
   23.5     2.91   4.582  -0.0416
   23.5     2.96   4.609  -0.0403
   23.7     2.99   4.636  -0.0383
   23.8     3.01   4.662  -0.0358
   24.0     3.07   4.689  -0.0393
   24.1     3.14   4.716  -0.0405
   24.2     3.17   4.742  -0.0419
   24.3     3.22   4.769  -0.0419
   24.4     3.23   4.795  -0.0401
   24.6     3.26   4.821  -0.0444
   24.6     3.27   4.848  -0.0464
   24.8     3.40   4.875  -0.0446
   24.9     3.42   4.901  -0.0431
   25.1     3.45   4.928  -0.0436
   25.2     3.52   4.954  -0.0427
   25.3     3.56   4.981  -0.0447
   25.5     3.56   5.008  -0.0449
   25.6     3.59   5.035  -0.0459
   25.8     3.69   5.062  -0.0477
   26.0     3.75   5.089  -0.0471
   26.1     3.79   5.115  -0.0433
   26.3     3.84   5.142  -0.0437
   26.5     3.93   5.169  -0.0435
   26.8     4.09   5.196  -0.0450
   27.0     4.14   5.223  -0.0454
   27.1     4.17   5.250  -0.0440
   27.1     4.14   5.276  -0.0418
   27.3     4.18   5.303  -0.0370
   27.5     4.20   5.329  -0.0357
   27.5     4.16   5.356  -0.0344
   27.8     4.40   5.383  -0.0374
   28.0     4.43   5.410  -0.0469
   28.1     4.40   5.436  -0.0526
   28.3     4.39   5.464  -0.0486
   28.4     4.46   5.490  -0.0464
   28.6     4.57   5.518  -0.0523
   28.9     4.57   5.544  -0.0494
   29.0     4.66   5.571  -0.0448
   29.3     4.72   5.598  -0.0401
   29.2     4.71   5.625  -0.0413
   29.5     4.70   5.652  -0.0414
   29.7     4.79   5.678  -0.0387
   29.9     4.86   5.705  -0.0355
   30.0     4.87   5.731  -0.0350
   30.3     4.93   5.758  -0.0375
   30.4     5.01   5.785  -0.0346
   30.6     5.04   5.812  -0.0373
   30.8     5.07   5.839  -0.0385
   31.0     5.09   5.866  -0.0354
   31.2     5.11   5.892  -0.0370
   31.5     5.23   5.919  -0.0386
   31.5     5.28   5.946  -0.0408
   31.6     5.28   5.972  -0.0385
   32.1     5.38   5.999  -0.0352
   32.1     5.42   6.026  -0.0339
   32.4     5.47   6.053  -0.0365
   32.8     5.66   6.080  -0.0376
   32.9     5.64   6.107  -0.0408
   33.1     5.57   6.134  -0.0389
   33.2     5.57   6.161  -0.0389
   33.4     5.56   6.187  -0.0421
   33.7     5.59   6.215  -0.0447
   33.7     5.67   6.241  -0.0427
   34.0     5.68   6.268  -0.0424
   34.2     5.75   6.295  -0.0428
   34.4     5.79   6.322  -0.0438
   34.7     5.86   6.349  -0.0465
   34.8     5.95   6.376  -0.0475
   35.1     5.97   6.403  -0.0473
   35.3     6.01   6.429  -0.0426
   35.5     6.05   6.456  -0.0391
   35.8     6.08   6.483  -0.0379
   36.0     6.14   6.510  -0.0452
   36.3     6.22   6.537  -0.0430
   36.4     6.25   6.564  -0.0417
   36.7     6.29   6.591  -0.0408
   36.9     6.34   6.617  -0.0404
   37.1     6.34   6.644  -0.0404
   37.4     6.38   6.671  -0.0422
   37.5     6.42   6.698  -0.0441
   37.8     6.45   6.725  -0.0423
   38.1     6.49   6.752  -0.0398
   38.2     6.55   6.779  -0.0444
   38.4     6.60   6.806  -0.0501
   38.6     6.63   6.833  -0.0489
   38.9     6.65   6.859  -0.0490
   39.2     6.67   6.886  -0.0427
   39.3     6.72   6.913  -0.0412
   39.6     6.75   6.939  -0.0452
   39.8     6.82   6.966  -0.0428
   40.1     6.84   6.994  -0.0423
   40.3     6.90   7.021  -0.0447
   40.6     6.95   7.047  -0.0484
   40.8     6.99   7.074  -0.0463
   41.0     7.02   7.101  -0.0453
   41.2     6.99   7.128  -0.0424
   41.3     7.05   7.154  -0.0425
   41.7     7.06   7.181  -0.0453
   42.0     7.11   7.209  -0.0452
   42.1     7.14   7.236  -0.0469
   42.4     7.18   7.262  -0.0471
   42.7     7.22   7.289  -0.0466
   42.9     7.26   7.316  -0.0479
   43.1     7.29   7.343  -0.0483
   43.3     7.31   7.370  -0.0465
   43.6     7.37   7.396  -0.0472
   43.8     7.40   7.423  -0.0513
   44.0     7.48   7.450  -0.0483
   44.3     7.46   7.477  -0.0453
   44.5     7.51   7.504  -0.0415
   44.7     7.53   7.530  -0.0395
   45.0     7.54   7.557  -0.0364
   45.2     7.59   7.584  -0.0349
   45.6     7.59   7.611  -0.0337
   45.7     7.64   7.638  -0.0387
   46.1     7.69   7.665  -0.0385
   46.4     7.74   7.691  -0.0369
   46.5     7.77   7.718  -0.0386
   46.8     7.78   7.745  -0.0350
   47.0     7.85   7.772  -0.0333
   47.4     7.85   7.799  -0.0356
   47.5     7.87   7.826  -0.0411
   47.7     7.89   7.852  -0.0421
   48.0     7.89   7.879  -0.0411
   48.4     7.94   7.906  -0.0429
   48.4     7.95   7.932  -0.0420
   48.8     7.99   7.959  -0.0392
   48.8     7.99   7.986  -0.0379
   49.2     8.03   8.013  -0.0362
   49.5     8.12   8.040  -0.0331
   49.8     8.08   8.067  -0.0318
   49.9     8.09   8.094  -0.0333
   50.4     8.15   8.121  -0.0423
   50.5     8.17   8.148  -0.0402
   50.8     8.19   8.175  -0.0387
   50.9     8.23   8.202  -0.0402
   51.3     8.31   8.229  -0.0397
   51.5     8.31   8.256  -0.0403
   51.9     8.31   8.283  -0.0380
   52.0     8.34   8.310  -0.0369
   52.4     8.30   8.336  -0.0395
   52.4     8.32   8.363  -0.0371
   52.8     8.37   8.390  -0.0349
   52.9     8.38   8.417  -0.0395
   53.3     8.43   8.444  -0.0391
   53.6     8.44   8.471  -0.0400
   53.7     8.51   8.498  -0.0385
   54.0     8.54   8.525  -0.0431
   54.3     8.57   8.551  -0.0458
   54.6     8.60   8.578  -0.0427
   54.9     8.61   8.605  -0.0411
   55.1     8.65   8.632  -0.0451
   55.4     8.67   8.659  -0.0472
   55.7     8.69   8.685  -0.0511
   56.0     8.69   8.712  -0.0512
   56.2     8.69   8.739  -0.0537
   56.4     8.67   8.766  -0.0564
   56.6     8.73   8.793  -0.0540
   56.9     8.74   8.820  -0.0506
   57.1     8.73   8.847  -0.0498
   57.5     8.84   8.873  -0.0493
   57.7     8.84   8.900  -0.0467
   58.0     8.87   8.927  -0.0487
   58.2     8.86   8.954  -0.0478
   58.5     8.88   8.981  -0.0517
   58.7     8.89   9.008  -0.0538
   58.9     8.92   9.035  -0.0528
   59.3     8.92   9.062  -0.0542
   59.6     8.91   9.089  -0.0594
   59.8     8.96   9.115  -0.0555
   60.1     8.97   9.142  -0.0557
   60.2     9.02   9.169  -0.0608
   60.5     9.02   9.197  -0.0571
   60.7     9.06   9.224  -0.0558
   61.1     9.08   9.251  -0.0555
   61.4     9.07   9.277  -0.0529
   61.6     9.08   9.305  -0.0538
   61.9     9.11   9.332  -0.0543
   62.2     9.12   9.359  -0.0538
   62.3     9.10   9.386  -0.0530
   62.7     9.17   9.413  -0.0562
   63.0     9.22   9.440  -0.0559
   63.3     9.20   9.468  -0.0578
   63.5     9.24   9.495  -0.0565
   63.7     9.22   9.521  -0.0558
   64.0     9.23   9.548  -0.0595
   64.3     9.26   9.576  -0.0576
   64.6     9.29   9.602  -0.0601
   64.8     9.29   9.629  -0.0588
   65.1     9.32   9.656  -0.0623
   65.3     9.30   9.683  -0.0626
   65.6     9.35   9.710  -0.0619
   65.8     9.37   9.737  -0.0615
   66.1     9.36   9.764  -0.0622
   66.4     9.35   9.791  -0.0625
   66.7     9.38   9.817  -0.0608
   67.0     9.41   9.844  -0.0601
   67.3     9.43   9.871  -0.0565
   67.4     9.42   9.897  -0.0532
   67.8     9.47   9.925  -0.0533
   68.0     9.45   9.952  -0.0563
   68.2     9.45   9.978  -0.0599
   68.4     9.46  10.005  -0.0626
   68.9     9.50  10.032  -0.0625
   69.1     9.53  10.059  -0.0613
   69.4     9.55  10.086  -0.0613
   69.6     9.55  10.113  -0.0616
   69.7     9.49  10.140  -0.0631
   70.1     9.48  10.167  -0.0655
   70.3     9.44  10.196  -0.0622
   70.6     9.41  10.222  -0.0587
   71.0     9.54  10.249  -0.0576
   71.2     9.55  10.276  -0.0623
   71.4     9.57  10.302  -0.0589
   71.7     9.56  10.329  -0.0593
   71.9     9.50  10.356  -0.0581
   72.2     9.55  10.383  -0.0581
   72.4     9.60  10.409  -0.0607
   72.7     9.61  10.436  -0.0623
   73.0     9.57  10.463  -0.0617
   73.3     9.59  10.490  -0.0646
   73.6     9.62  10.516  -0.0679
   73.9     9.58  10.543  -0.0702
   74.0     9.60  10.570  -0.0721
   74.4     9.63  10.596  -0.0733
   74.6     9.65  10.623  -0.0699
   74.8     9.64  10.649  -0.0706
   75.1     9.68  10.677  -0.0712
   75.5     9.67  10.704  -0.0680
   75.7     9.62  10.731  -0.0664
   76.1     9.70  10.757  -0.0635
   76.3     9.73  10.783  -0.0607
   76.5     9.70  10.810  -0.0588
   76.7     9.71  10.836  -0.0600
   77.1     9.77  10.863  -0.0570
   77.2     9.70  10.890  -0.0622
   77.5     9.72  10.916  -0.0607
   77.8     9.70  10.943  -0.0595
   78.1     9.66  10.970  -0.0621
   78.4     9.77  10.996  -0.0621
   78.6     9.76  11.023  -0.0640
   78.9     9.72  11.050  -0.0687
   79.2     9.76  11.077  -0.0646
   79.3     9.63  11.103  -0.0637
   79.7     9.66  11.130  -0.0629
   79.8     9.70  11.158  -0.0620
   80.0     9.64  11.184  -0.0630
   80.4     9.70  11.212  -0.0598
   80.7     9.71  11.239  -0.0606
   81.0     9.79  11.266  -0.0638
   81.3     9.82  11.292  -0.0639
   81.6     9.82  11.319  -0.0646
   81.9     9.79  11.346  -0.0639
   82.3     9.82  11.373  -0.0675
   82.4     9.80  11.400  -0.0672
   82.8     9.84  11.427  -0.0677
   83.0     9.79  11.453  -0.0660
   83.2     9.72  11.480  -0.0643
   83.3     9.74  11.507  -0.0667
   83.6     9.73  11.534  -0.0630
   84.0     9.76  11.560  -0.0633
   84.3     9.82  11.587  -0.0656
   84.6     9.84  11.614  -0.0668
   84.8     9.82  11.641  -0.0663
   85.1     9.78  11.668  -0.0713
   85.3     9.79  11.695  -0.0724
   85.6     9.79  11.721  -0.0734
   85.9     9.76  11.748  -0.0735
   86.1     9.79  11.775  -0.0710
   86.4     9.81  11.802  -0.0678
   86.7     9.80  11.829  -0.0694
   87.0     9.76  11.855  -0.0725
   87.2     9.80  11.882  -0.0737
   87.5     9.77  11.909  -0.0692
   87.8     9.74  11.936  -0.0672
   87.9     9.75  11.963  -0.0708
   88.3     9.83  11.990  -0.0770
   88.7     9.79  12.016  -0.0729
   88.9     9.79  12.043  -0.0723
   89.1     9.78  12.070  -0.0709
   89.4     9.75  12.097  -0.0720
   89.6     9.71  12.124  -0.0702
   89.9     9.78  12.150  -0.0730
   90.2     9.80  12.177  -0.0733
   90.5     9.79  12.205  -0.0740
   90.7     9.73  12.232  -0.0726
   91.1     9.79  12.258  -0.0741
   91.3     9.78  12.285  -0.0699
   91.7     9.82  12.312  -0.0669
   91.9     9.85  12.339  -0.0658
   92.2     9.86  12.366  -0.0680
   92.4     9.88  12.393  -0.0684
   92.7     9.88  12.420  -0.0611
   92.9     9.85  12.447  -0.0627
   93.3     9.81  12.474  -0.0657
   93.5     9.83  12.501  -0.0626
   93.8     9.81  12.528  -0.0610
   94.1     9.83  12.555  -0.0614
   94.4     9.83  12.582  -0.0632
   94.6     9.83  12.608  -0.0601
   94.9     9.84  12.635  -0.0608
   95.1     9.80  12.662  -0.0587
   95.5     9.84  12.689  -0.0623
   95.7     9.82  12.716  -0.0626
   96.0     9.80  12.742  -0.0641
   96.1     9.79  12.768  -0.0627
   96.5     9.75  12.795  -0.0639
   96.8     9.77  12.822  -0.0685
   97.1     9.80  12.849  -0.0709
   97.3     9.77  12.876  -0.0742
   97.6     9.77  12.903  -0.0744
   97.8     9.78  12.930  -0.0754
   98.0     9.66  12.957  -0.0760
   98.3     9.76  12.984  -0.0760
   98.6     9.76  13.011  -0.0769
   98.9     9.75  13.037  -0.0783
   99.2     9.73  13.064  -0.0775
   99.5     9.76  13.091  -0.0790
   99.8     9.77  13.118  -0.0789
  100.0     9.78  13.145  -0.0787
  100.2     9.75  13.172  -0.0773
  100.4     9.67  13.199  -0.0745
  100.7     9.67  13.226  -0.0750
  101.0     9.66  13.253  -0.0798
  101.3     9.72  13.280  -0.0768
  101.5     9.70  13.307  -0.0802
  101.8     9.68  13.333  -0.0828
  102.1     9.67  13.360  -0.0778
  102.4     9.67  13.387  -0.0731
  102.7     9.70  13.414  -0.0762
  102.9     9.68  13.441  -0.0723
  103.2     9.69  13.468  -0.0748
  103.6     9.70  13.495  -0.0715
  103.6     9.67  13.522  -0.0777
  104.0     9.65  13.549  -0.0764
  104.4     9.65  13.576  -0.0785
  104.6     9.67  13.602  -0.0798
  104.7     9.60  13.629  -0.0789
  105.0     9.59  13.656  -0.0768
  105.3     9.61  13.682  -0.0777
  105.6     9.60  13.709  -0.0814
  105.9     9.60  13.736  -0.0815
  106.3     9.65  13.763  -0.0843
  106.4     9.61  13.790  -0.0828
  106.8     9.65  13.816  -0.0818
  107.0     9.67  13.843  -0.0781
  107.3     9.59  13.870  -0.0771
  107.7     9.61  13.897  -0.0785
  108.0     9.64  13.923  -0.0756
  107.9     9.60  13.950  -0.0797
  108.5     9.64  13.977  -0.0810
  108.7     9.67  14.004  -0.0839
  108.9     9.63  14.031  -0.0860
  109.3     9.65  14.058  -0.0816
  109.5     9.63  14.085  -0.0799
  109.8     9.64  14.111  -0.0778
  110.0     9.62  14.138  -0.0762
  110.2     9.57  14.165  -0.0746
  110.6     9.59  14.192  -0.0751
  110.7     9.52  14.219  -0.0771
  111.1     9.56  14.246  -0.0783
  111.4     9.61  14.273  -0.0823
  111.6     9.57  14.300  -0.0826
  111.8     9.50  14.326  -0.0824
  112.1     9.52  14.353  -0.0801
  112.3     9.49  14.380  -0.0825
  112.6     9.47  14.407  -0.0833
  112.9     9.46  14.434  -0.0824
  113.1     9.44  14.461  -0.0828
  113.4     9.47  14.488  -0.0834
  113.8     9.44  14.515  -0.0819
  114.0     9.47  14.542  -0.0852
  114.5     9.48  14.569  -0.0880
  114.7     9.49  14.596  -0.0867
  114.9     9.47  14.622  -0.0833
  115.1     9.50  14.649  -0.0868
  115.4     9.47  14.676  -0.0855
  115.7     9.47  14.703  -0.0882
  115.9     9.47  14.730  -0.0867
  116.2     9.44  14.757  -0.0837
  116.5     9.41  14.783  -0.0825
  116.7     9.41  14.810  -0.0813
  117.0     9.40  14.837  -0.0773
  117.3     9.42  14.864  -0.0774
  117.5     9.45  14.891  -0.0783
  117.8     9.43  14.918  -0.0811
  118.1     9.42  14.945  -0.0786
  118.5     9.41  14.972  -0.0776
  118.7     9.43  14.998  -0.0779
  118.9     9.41  15.025  -0.0793
  119.2     9.41  15.052  -0.0781
  119.5     9.39  15.079  -0.0808
  119.8     9.37  15.105  -0.0787
  119.9     9.33  15.132  -0.0809
  120.3     9.35  15.159  -0.0811
  120.5     9.32  15.186  -0.0780
  120.8     9.28  15.214  -0.0745
  120.9     9.28  15.241  -0.0798
  121.2     9.29  15.268  -0.0824
  121.6     9.23  15.295  -0.0793
  121.9     9.31  15.321  -0.0856
  122.1     9.26  15.348  -0.0834
  122.3     9.23  15.375  -0.0799
  122.7     9.30  15.402  -0.0783
  122.9     9.35  15.429  -0.0781
  123.2     9.27  15.456  -0.0823
  123.4     9.30  15.483  -0.0806
  123.8     9.29  15.509  -0.0809
  124.0     9.29  15.536  -0.0769
  124.4     9.24  15.563  -0.0819
  124.6     9.31  15.590  -0.0883
  124.8     9.25  15.617  -0.0876
  125.1     9.23  15.644  -0.0865
  125.3     9.26  15.671  -0.0916
  125.8     9.31  15.698  -0.0917
  125.9     9.29  15.724  -0.0924
  126.2     9.25  15.751  -0.0923
  126.6     9.27  15.778  -0.0872
  126.9     9.28  15.805  -0.0895
  127.0     9.28  15.832  -0.0899
  127.4     9.31  15.859  -0.0904
  127.6     9.28  15.885  -0.0890
  128.0     9.30  15.912  -0.0879
  128.2     9.27  15.939  -0.0916
  128.5     9.26  15.966  -0.0886
  128.8     9.28  15.993  -0.0941
  128.9     9.24  16.020  -0.0939
  129.3     9.27  16.047  -0.0917
  129.6     9.27  16.073  -0.0914
  129.8     9.28  16.100  -0.0885
  130.1     9.27  16.128  -0.0915
  130.4     9.22  16.154  -0.0823
  130.7     9.24  16.181  -0.0873
  130.9     9.20  16.209  -0.0869
  131.2     9.20  16.235  -0.0811
  131.5     9.20  16.262  -0.0826
  131.7     9.18  16.289  -0.0842
  132.0     9.20  16.316  -0.0830
  132.3     9.19  16.343  -0.0800
  132.5     9.24  16.370  -0.0783
  132.8     9.22  16.397  -0.0766
  133.0     9.20  16.423  -0.0731
  133.3     9.20  16.450  -0.0712
  133.7     9.21  16.477  -0.0739
  133.9     9.20  16.504  -0.0735
  134.2     9.23  16.530  -0.0743
  134.5     9.23  16.557  -0.0756
  134.6     9.21  16.584  -0.0762
  135.0     9.17  16.611  -0.0770
  135.2     9.12  16.638  -0.0763
  135.4     9.18  16.665  -0.0773
  135.8     9.16  16.692  -0.0792
  136.0     9.16  16.719  -0.0841
  136.3     9.16  16.746  -0.0823
  136.7     9.17  16.772  -0.0786
  136.9     9.13  16.799  -0.0774
  137.1     9.07  16.827  -0.0760
  137.4     9.17  16.853  -0.0757
  137.8     9.17  16.880  -0.0768
  138.0     9.13  16.907  -0.0782
  138.3     9.16  16.934  -0.0794
  138.6     9.18  16.961  -0.0777
  138.9     9.18  16.987  -0.0766
  139.1     9.18  17.014  -0.0807
  139.4     9.18  17.041  -0.0797
  139.6     9.15  17.068  -0.0771
  140.0     9.22  17.095  -0.0808
  140.2     9.15  17.122  -0.0773
  140.6     9.15  17.148  -0.0788
  140.8     9.15  17.175  -0.0808
  141.0     9.16  17.203  -0.0812
  141.3     9.16  17.229  -0.0802
  141.7     9.16  17.256  -0.0807
  141.9     9.13  17.283  -0.0834
  142.1     9.10  17.310  -0.0799
  142.5     9.12  17.337  -0.0844
  142.7     9.18  17.364  -0.0846
  143.0     9.06  17.391  -0.0810
  143.3     9.16  17.417  -0.0815
  143.6     9.15  17.445  -0.0793
  143.9     9.16  17.472  -0.0780
  144.1     9.19  17.498  -0.0812
  144.3     9.13  17.526  -0.0838
  144.5     9.12  17.552  -0.0812
  145.0     9.13  17.579  -0.0805
  145.2     9.13  17.606  -0.0809
  145.4     9.16  17.633  -0.0803
  145.8     9.16  17.660  -0.0807
  146.0     9.12  17.687  -0.0824
  146.3     9.11  17.714  -0.0830
  146.5     9.13  17.740  -0.0825
  146.8     9.07  17.767  -0.0854
  147.1     9.09  17.794  -0.0852
  147.4     9.11  17.821  -0.0808
  147.7     9.12  17.848  -0.0789
  147.9     9.12  17.874  -0.0817
  148.3     9.09  17.902  -0.0813
  148.5     9.11  17.929  -0.0818
  148.7     9.11  17.955  -0.0791
  149.1     9.08  17.982  -0.0784
  149.4     9.11  18.009  -0.0822
  149.6     9.10  18.036  -0.0806
  149.8     9.08  18.062  -0.0821
  150.1     9.09  18.089  -0.0840
  150.5     9.10  18.116  -0.0815
  150.8     9.08  18.142  -0.0784
  151.0     9.10  18.169  -0.0788
  151.3     9.10  18.197  -0.0816
  151.6     9.01  18.224  -0.0837
  151.8     9.02  18.251  -0.0900
  152.2     9.05  18.278  -0.0845
  152.4     9.06  18.305  -0.0874
  152.7     9.03  18.332  -0.0858
  152.9     9.04  18.358  -0.0838
  153.1     9.02  18.385  -0.0822
  153.4     8.97  18.411  -0.0854
  153.7     9.00  18.438  -0.0825
  154.0     8.97  18.465  -0.0842
  154.2     8.96  18.492  -0.0815
  154.5     8.97  18.519  -0.0807
  154.8     8.93  18.546  -0.0806
  155.1     9.00  18.573  -0.0864
  155.4     8.96  18.599  -0.0871
  155.6     8.98  18.626  -0.0851
  156.0     8.95  18.653  -0.0866
  156.2     8.93  18.680  -0.0866
  156.5     8.93  18.707  -0.0856
  156.7     8.95  18.733  -0.0862
  157.0     8.92  18.760  -0.0881
  157.3     8.93  18.787  -0.0843
  157.6     8.90  18.814  -0.0862
  157.9     8.94  18.841  -0.0831
  158.2     8.91  18.868  -0.0822
  158.4     8.88  18.895  -0.0859
  158.7     8.91  18.922  -0.0835
  158.9     8.90  18.948  -0.0831
  159.3     8.97  18.976  -0.0822
  159.7     8.96  19.003  -0.0816
  159.9     8.96  19.029  -0.0818
  160.2     8.95  19.056  -0.0821
  160.5     8.96  19.083  -0.0835
  160.8     8.95  19.109  -0.0830
  161.0     8.96  19.136  -0.0853
  161.3     8.92  19.163  -0.0872
  161.5     8.91  19.190  -0.0930
  161.8     8.92  19.217  -0.0931
  162.2     8.89  19.244  -0.0899
  162.4     8.89  19.271  -0.0877
  162.6     8.87  19.298  -0.0882
  162.9     8.88  19.324  -0.0853
  163.1     8.84  19.351  -0.0873
  163.4     8.91  19.378  -0.0864
  163.8     8.85  19.405  -0.0828
  163.9     8.86  19.432  -0.0849
  164.3     8.88  19.459  -0.0852
  164.6     8.86  19.485  -0.0840
  164.8     8.84  19.512  -0.0849
  165.2     8.86  19.539  -0.0862
  165.5     8.85  19.566  -0.0809
  165.8     8.84  19.593  -0.0858
  166.0     8.87  19.620  -0.0835
  166.4     8.85  19.647  -0.0858
  166.6     8.84  19.674  -0.0823
  166.9     8.81  19.700  -0.0854
  167.1     8.86  19.727  -0.0840
  167.3     8.78  19.754  -0.0801
  167.6     8.77  19.781  -0.0820
  168.0     8.80  19.808  -0.0813
  168.2     8.80  19.835  -0.0791
  168.6     8.78  19.861  -0.0768
  168.8     8.78  19.888  -0.0802
  169.0     8.81  19.915  -0.0785
  169.3     8.77  19.941  -0.0768
  169.6     8.77  19.968  -0.0758
  169.9     8.82  19.995  -0.0775
  170.1     8.76  20.022  -0.0813
  170.4     8.79  20.049  -0.0794
  170.8     8.79  20.075  -0.0828
  171.0     8.72  20.102  -0.0810
  171.2     8.72  20.129  -0.0827
  171.6     8.75  20.156  -0.0833
  171.9     8.73  20.184  -0.0807
  172.1     8.72  20.211  -0.0833
  172.4     8.68  20.238  -0.0832
  172.8     8.72  20.265  -0.0811
  173.0     8.71  20.292  -0.0836
  173.3     8.70  20.319  -0.0847
  173.5     8.70  20.347  -0.0846
  173.9     8.70  20.374  -0.0820
  174.1     8.72  20.401  -0.0814
  174.3     8.69  20.428  -0.0820
  174.7     8.66  20.455  -0.0804
  175.0     8.72  20.482  -0.0828
  175.2     8.66  20.508  -0.0839
  175.5     8.71  20.536  -0.0827
  175.9     8.70  20.563  -0.0889
  176.1     8.67  20.589  -0.0889
  176.4     8.69  20.616  -0.0886
  176.8     8.67  20.643  -0.0855
  176.9     8.61  20.670  -0.0850
  177.2     8.61  20.697  -0.0848
  177.5     8.64  20.724  -0.0837
  177.9     8.66  20.751  -0.0854
  178.0     8.63  20.778  -0.0842
  178.3     8.61  20.804  -0.0844
  178.7     8.59  20.831  -0.0841
  179.0     8.61  20.858  -0.0834
  179.3     8.60  20.885  -0.0845
  179.5     8.59  20.911  -0.0850
  179.7     8.62  20.938  -0.0840
  180.0     8.59  20.965  -0.0854
  180.3     8.54  20.992  -0.0861
  180.5     8.54  21.019  -0.0811
  180.9     8.54  21.046  -0.0801
  181.2     8.55  21.072  -0.0818
  181.4     8.56  21.099  -0.0792
  181.6     8.52  21.126  -0.0815
  182.0     8.51  21.153  -0.0832
  182.3     8.48  21.180  -0.0817
  182.6     8.49  21.207  -0.0822
  182.8     8.48  21.234  -0.0814
  183.0     8.48  21.261  -0.0801
  183.4     8.47  21.288  -0.0839
  183.7     8.44  21.315  -0.0797
  183.9     8.44  21.342  -0.0765
  184.1     8.39  21.369  -0.0771
  184.5     8.40  21.396  -0.0806
  184.8     8.41  21.423  -0.0792
  185.1     8.39  21.450  -0.0787
  185.4     8.43  21.477  -0.0832
  185.6     8.42  21.504  -0.0816
  185.9     8.41  21.531  -0.0811
  186.2     8.39  21.558  -0.0789
  186.4     8.39  21.584  -0.0773
  186.7     8.39  21.611  -0.0792
  186.9     8.39  21.638  -0.0754
  187.3     8.37  21.665  -0.0738
  187.5     8.37  21.692  -0.0765
  187.9     8.37  21.719  -0.0765
  188.0     8.36  21.746  -0.0797
  188.4     8.32  21.772  -0.0795
  188.7     8.35  21.799  -0.0808
  188.9     8.29  21.826  -0.0856
  189.2     8.31  21.852  -0.0839
  189.4     8.35  21.879  -0.0835
  189.7     8.29  21.906  -0.0842
  190.0     8.30  21.933  -0.0814
  190.3     8.33  21.960  -0.0805
  190.6     8.28  21.987  -0.0832
  190.9     8.29  22.014  -0.0810
  191.2     8.26  22.041  -0.0818
  191.4     8.26  22.068  -0.0821
  191.7     8.23  22.095  -0.0821
  192.0     8.24  22.122  -0.0813
  192.3     8.25  22.149  -0.0807
  192.5     8.21  22.176  -0.0842
  192.8     8.25  22.203  -0.0756
  193.1     8.18  22.230  -0.0770
  193.3     8.17  22.257  -0.0827
  193.7     8.23  22.284  -0.0842
  193.9     8.17  22.311  -0.0830
  194.2     8.19  22.337  -0.0833
  194.5     8.16  22.364  -0.0736
  194.8     8.19  22.391  -0.0655
  195.1     8.14  22.418  -0.0665
  195.4     8.15  22.445  -0.0705
  195.6     8.14  22.472  -0.0683
  195.9     8.10  22.499  -0.0714
  196.2     8.11  22.526  -0.0706
  196.4     8.13  22.553  -0.0708
  196.7     8.11  22.580  -0.0694
  197.0     8.10  22.607  -0.0737
  197.3     8.06  22.634  -0.0758
  197.5     8.11  22.660  -0.0762
  197.8     8.06  22.687  -0.0739
  198.1     8.04  22.714  -0.0748
  198.4     8.04  22.741  -0.0759
  198.6     8.02  22.767  -0.0781
  199.0     8.04  22.795  -0.0791
  199.2     8.04  22.821  -0.0756
  199.4     7.99  22.848  -0.0742
  199.8     7.98  22.875  -0.0734
  200.0     8.00  22.902  -0.0729
  200.3     8.00  22.929  -0.0726
  200.6     7.99  22.955  -0.0735
  200.8     7.98  22.983  -0.0756
  201.1     7.91  23.010  -0.0746
  201.5     7.96  23.037  -0.0763
  201.7     7.98  23.064  -0.0779
  202.0     7.96  23.091  -0.0792
  202.3     7.98  23.117  -0.0794
  202.5     7.98  23.145  -0.0735
  202.8     7.97  23.172  -0.0766
  203.1     7.96  23.199  -0.0788
  203.4     7.97  23.226  -0.0839
  203.7     7.94  23.253  -0.0777
  203.9     7.92  23.281  -0.0772
  204.1     7.92  23.308  -0.0750
  204.5     7.94  23.334  -0.0810
  204.8     7.86  23.361  -0.0875
  205.1     7.89  23.388  -0.0815
  205.4     7.87  23.415  -0.0843
  205.6     7.80  23.442  -0.0834
  205.8     7.84  23.469  -0.0845
  206.1     7.82  23.496  -0.0853
  206.5     7.84  23.523  -0.0846
  206.8     7.78  23.550  -0.0849
  207.0     7.81  23.577  -0.0858
  207.3     7.81  23.604  -0.0892
  207.5     7.75  23.630  -0.0934
  207.9     7.76  23.658  -0.0876
  208.0     7.73  23.684  -0.0822
  208.4     7.69  23.711  -0.0823
  208.6     7.71  23.738  -0.0843
  208.9     7.74  23.765  -0.0794
  209.2     7.71  23.792  -0.0841
  209.6     7.71  23.819  -0.0828
  209.8     7.72  23.846  -0.0814
  210.1     7.68  23.873  -0.0804
  210.3     7.66  23.899  -0.0828
  210.6     7.64  23.926  -0.0817
  210.8     7.64  23.953  -0.0766
  211.1     7.64  23.980  -0.0799
  211.3     7.63  24.007  -0.0784
  211.8     7.69  24.034  -0.0754
  212.0     7.68  24.061  -0.0738
  212.3     7.65  24.088  -0.0744
  212.6     7.64  24.115  -0.0740
  212.7     7.61  24.142  -0.0750
  213.0     7.56  24.169  -0.0767
  213.2     7.54  24.197  -0.0779
  213.6     7.56  24.223  -0.0793
  213.9     7.56  24.250  -0.0826
  214.1     7.53  24.277  -0.0809
  214.5     7.57  24.305  -0.0789
  214.8     7.59  24.332  -0.0795
  215.0     7.58  24.359  -0.0770
  215.3     7.58  24.385  -0.0773
  215.6     7.56  24.412  -0.0772
  215.9     7.58  24.439  -0.0779
  216.1     7.57  24.467  -0.0794
  216.4     7.56  24.494  -0.0769
  216.8     7.55  24.521  -0.0760
  217.0     7.57  24.547  -0.0768
  217.3     7.54  24.574  -0.0752
  217.6     7.56  24.601  -0.0760
  217.8     7.55  24.628  -0.0738
  218.1     7.54  24.655  -0.0750
  218.3     7.41  24.683  -0.0728
  218.6     7.48  24.709  -0.0716
  218.9     7.45  24.736  -0.0665
  219.2     7.46  24.763  -0.0668
  219.4     7.43  24.790  -0.0738
  219.7     7.39  24.817  -0.0733
  220.1     7.40  24.844  -0.0763
  220.3     7.43  24.871  -0.0765
  220.6     7.42  24.897  -0.0768
  220.8     7.43  24.924  -0.0758
  221.2     7.40  24.951  -0.0774
  221.4     7.40  24.978  -0.0736
  221.7     7.41  25.005  -0.0770
  221.9     7.41  25.032  -0.0742
  222.3     7.41  25.059  -0.0735
  222.5     7.33  25.085  -0.0675
  222.8     7.35  25.112  -0.0763
  223.0     7.39  25.140  -0.0788
  223.4     7.34  25.166  -0.0780
  223.7     7.31  25.194  -0.0734
  224.0     7.37  25.221  -0.0729
  224.1     7.30  25.248  -0.0710
  224.3     7.28  25.274  -0.0735
  224.7     7.23  25.301  -0.0740
  225.0     7.22  25.328  -0.0722
  225.3     7.26  25.355  -0.0671
  225.5     7.31  25.382  -0.0634
  225.8     7.29  25.409  -0.0609
  226.2     7.32  25.435  -0.0604
  226.3     7.25  25.463  -0.0682
  226.7     7.24  25.490  -0.0673
  226.9     7.25  25.517  -0.0691
  227.3     7.23  25.544  -0.0678
  227.6     7.23  25.571  -0.0585
  227.9     7.27  25.597  -0.0655
  228.1     7.27  25.624  -0.0744
  228.4     7.21  25.651  -0.0740
  228.6     7.24  25.678  -0.0725
  228.9     7.26  25.705  -0.0714
  229.2     7.23  25.732  -0.0693
  229.5     7.24  25.758  -0.0638
  229.8     7.28  25.785  -0.0699
  230.0     7.20  25.812  -0.0673
  230.3     7.25  25.839  -0.0677
  230.7     7.17  25.866  -0.0648
  230.8     7.18  25.893  -0.0583
  231.2     7.17  25.920  -0.0399
  231.5     7.16  25.947  -0.0398
  231.7     7.16  25.974  -0.0394
  232.0     7.20  26.001  -0.0399
  232.3     7.15  26.028  -0.0424
  232.5     7.10  26.055  -0.0409
  232.8     7.07  26.083  -0.0453
  233.1     7.09  26.110  -0.0435
  233.4     7.10  26.137  -0.0454
  233.6     7.12  26.164  -0.0430
  233.9     7.08  26.192  -0.0412
  234.2     6.99  26.219  -0.0398
  234.5     7.02  26.246  -0.0416
  234.7     7.01  26.273  -0.0404
  235.1     7.11  26.300  -0.0426
  235.4     7.08  26.327  -0.0425
  235.6     7.08  26.354  -0.0431
  235.9     7.06  26.381  -0.0435
  236.2     7.07  26.408  -0.0403
  236.5     7.07  26.435  -0.0411
  236.7     7.05  26.462  -0.0417
  237.0     7.07  26.489  -0.0425
  237.3     7.05  26.516  -0.0383
  237.7     7.04  26.543  -0.0379
  238.0     7.05  26.570  -0.0384
  238.2     7.01  26.597  -0.0400
  238.5     6.98  26.624  -0.0405
  238.8     6.98  26.651  -0.0379
  239.0     6.97  26.678  -0.0372
  239.3     6.94  26.704  -0.0387
  239.6     6.96  26.732  -0.0379
  239.8     6.94  26.758  -0.0362
  240.1     6.99  26.786  -0.0394
  240.4     6.97  26.813  -0.0391
  240.7     6.95  26.840  -0.0394
  241.0     6.97  26.867  -0.0424
  241.3     6.96  26.894  -0.0452
  241.6     6.91  26.921  -0.0442
  241.8     6.95  26.947  -0.0449
  242.2     6.94  26.974  -0.0417
  242.4     6.90  27.001  -0.0369
  242.7     6.92  27.028  -0.0348
  243.0     6.89  27.055  -0.0345
  243.2     6.91  27.082  -0.0312
  243.6     6.84  27.110  -0.0308
  243.8     6.87  27.137  -0.0294
  244.0     6.85  27.164  -0.0303
  244.3     6.80  27.191  -0.0295
  244.6     6.88  27.218  -0.0277
  244.9     6.89  27.245  -0.0308
  245.3     6.82  27.272  -0.0286
  245.6     6.88  27.299  -0.0295
  245.9     6.83  27.326  -0.0281
  246.0     6.78  27.353  -0.0123
  246.4     6.83  27.380  -0.0057
  246.7     6.84  27.407  -0.0043
  246.9     6.80  27.434  -0.0044
  247.2     6.78  27.461  -0.0018
  247.5     6.79  27.489  -0.0026
  247.8     6.77  27.516  -0.0036
  248.1     6.77  27.543  -0.0065
  248.4     6.76  27.570  -0.0044
  248.6     6.73  27.597  -0.0044
  248.9     6.70  27.623  -0.0063
  249.2     6.67  27.651  -0.0068
  249.4     6.68  27.677  -0.0066
  249.7     6.68  27.704  -0.0100
  250.1     6.66  27.731  -0.0081
  250.3     6.69  27.758  -0.0083
  250.5     6.63  27.785  -0.0051
  250.8     6.59  27.812  -0.0166
  251.0     6.63  27.839  -0.0106
  251.3     6.59  27.866  -0.0122
  251.6     6.58  27.893  -0.0120
  251.9     6.60  27.921  -0.0102
  252.2     6.56  27.947  -0.0118
  252.5     6.54  27.974  -0.0142
  252.6     6.52  28.001  -0.0109
  253.0     6.54  28.028  -0.0058
  253.2     6.47  28.055  -0.0029
  253.4     6.48  28.082  -0.0047
  253.9     6.58  28.109  -0.0058
  254.2     6.55  28.136  -0.0030
  254.4     6.53  28.162  -0.0070
  254.7     6.55  28.190  -0.0132
  255.0     6.54  28.217  -0.0167
  255.2     6.49  28.244  -0.0182
  255.5     6.49  28.271  -0.0180
  255.9     6.50  28.298  -0.0186
  256.0     6.42  28.325  -0.0197
  256.4     6.47  28.352  -0.0202
  256.6     6.46  28.379  -0.0186
  256.9     6.39  28.406  -0.0217
  257.2     6.41  28.432  -0.0187
  257.4     6.39  28.460  -0.0213
  257.7     6.40  28.487  -0.0153
  258.0     6.37  28.514  -0.0181
  258.3     6.43  28.541  -0.0090
  258.6     6.43  28.568  -0.0010
  258.8     6.43  28.595   0.0008
  259.0     6.42  28.621  -0.0007
  259.3     6.39  28.648  -0.0025
  259.7     6.40  28.676   0.0022
  260.0     6.41  28.703   0.0039
  260.2     6.37  28.729   0.0074
  260.5     6.41  28.756   0.0105
  260.7     6.41  28.783   0.0087
  261.1     6.39  28.810   0.0056
  261.3     6.36  28.837   0.0129
  261.5     6.29  28.865   0.0130
  261.9     6.28  28.891   0.0129
  262.1     6.31  28.918   0.0156
  262.5     6.26  28.945   0.0091
  262.7     6.29  28.972   0.0138
  263.0     6.28  28.999   0.0152
  263.2     6.29  29.026   0.0101
  263.7     6.31  29.053   0.0008
  263.8     6.29  29.080   0.0055
  264.1     6.22  29.108   0.0073
  264.4     6.22  29.135   0.0021
  264.6     6.22  29.163   0.0019
  264.9     6.21  29.191   0.0029
  265.2     6.18  29.218   0.0051
  265.4     6.19  29.245   0.0078
  265.9     6.23  29.272   0.0091
  266.1     6.24  29.299   0.0045
  266.3     6.18  29.326   0.0022
  266.6     6.17  29.353   0.0089
  266.9     6.16  29.381   0.0108
  267.1     6.11  29.408   0.0143
  267.4     6.14  29.435   0.0156
  267.7     6.12  29.462   0.0143
  268.0     6.09  29.490   0.0143
  268.2     6.11  29.516   0.0163
  268.6     6.12  29.543   0.0181
  268.9     6.12  29.570   0.0203
  269.1     6.04  29.598   0.0160
  269.3     6.02  29.624   0.0189
  269.7     6.06  29.652   0.0221
  269.9     6.05  29.678   0.0184
  270.2     6.02  29.705   0.0217
  270.5     6.01  29.733   0.0228
  270.8     6.06  29.760   0.0207
  271.1     6.01  29.787   0.0227
  271.2     6.00  29.815   0.0262
  271.6     5.94  29.841   0.0272
  271.9     6.02  29.868   0.0246
  272.2     6.00  29.895   0.0279
  272.4     5.98  29.922   0.0256
  272.7     5.95  29.949   0.0248
  273.0     5.95  29.977   0.0231
  273.1     5.91  30.004   0.0195
  273.4     5.86  30.031   0.0164
  273.7     5.95  30.058   0.0157
  274.0     5.91  30.085   0.0171
  274.3     5.87  30.112   0.0143
  274.7     5.88  30.139   0.0151
  274.8     5.88  30.166   0.0130
  275.2     5.87  30.194   0.0134
  275.4     5.88  30.221   0.0178
  275.8     5.86  30.248   0.0197
  275.9     5.87  30.274   0.0207
  276.2     5.83  30.302   0.0227
  276.5     5.83  30.329   0.0237
  276.8     5.83  30.356   0.0239
  277.0     5.84  30.383   0.0212
  277.2     5.86  30.411   0.0227
  277.6     5.83  30.438   0.0213
  278.0     5.81  30.465   0.0226
  278.2     5.80  30.492   0.0216
  278.5     5.80  30.519   0.0233
  278.7     5.80  30.546   0.0224
  279.0     5.74  30.573   0.0206
  279.2     5.77  30.600   0.0193
  279.5     5.78  30.627   0.0182
  279.9     5.76  30.654   0.0183
  280.1     5.79  30.681   0.0227
  280.4     5.76  30.708   0.0220
  280.7     5.77  30.735   0.0221
  281.0     5.78  30.762   0.0218
  281.2     5.75  30.789   0.0217
  281.5     5.77  30.816   0.0191
  281.7     5.75  30.843   0.0181
  282.0     5.78  30.870   0.0205
  282.3     5.83  30.897   0.0191
  282.6     5.71  30.923   0.0192
  282.9     5.71  30.951   0.0173
  283.1     5.73  30.978   0.0156
  283.5     5.72  31.004   0.0179
  283.7     5.68  31.032   0.0186
  284.0     5.69  31.058   0.0188
  284.4     5.66  31.085   0.0158
  284.5     5.66  31.112   0.0219
  284.7     5.66  31.139   0.0231
  285.0     5.64  31.166   0.0229
  285.4     5.61  31.194   0.0204
  285.7     5.68  31.221   0.0204
  286.0     5.68  31.247   0.0189
  286.2     5.64  31.274   0.0190
  286.5     5.68  31.301   0.0177
  286.7     5.64  31.328   0.0221
  287.0     5.67  31.355   0.0194
  287.4     5.64  31.382   0.0142
  287.6     5.61  31.409   0.0212
  287.9     5.63  31.436   0.0239
  288.1     5.59  31.463   0.0235
  288.5     5.63  31.490   0.0206
  288.8     5.62  31.517   0.0228
  289.0     5.62  31.544   0.0203
  289.3     5.62  31.571   0.0199
  289.5     5.59  31.598   0.0208
  289.8     5.57  31.625   0.0226
  290.1     5.59  31.653   0.0199
  290.3     5.55  31.679   0.0214
  290.6     5.60  31.706   0.0245
  291.0     5.54  31.734   0.0250
  291.3     5.59  31.760   0.0200
  291.5     5.55  31.787   0.0205
  291.7     5.54  31.814   0.0247
  291.9     5.51  31.841   0.0230
  292.3     5.52  31.868   0.0247
  292.6     5.52  31.895   0.0260
  292.7     5.53  31.922   0.0231
  293.0     5.49  31.949   0.0225
  293.4     5.50  31.977   0.0221
  293.7     5.53  32.004   0.0225
  293.9     5.53  32.031   0.0277
  294.2     5.52  32.058   0.0259
  294.6     5.51  32.085   0.0238
  294.9     5.51  32.112   0.0232
  295.1     5.51  32.139   0.0244
  295.5     5.47  32.166   0.0225
  295.7     5.50  32.194   0.0201
  295.9     5.48  32.221   0.0231
  296.2     5.47  32.247   0.0221
  296.5     5.48  32.274   0.0222
  296.7     5.47  32.302   0.0223
  296.9     5.49  32.329   0.0120
  297.3     5.50  32.356   0.0171
  297.6     5.48  32.382   0.0271
  297.9     5.47  32.409   0.0248
  298.1     5.48  32.436   0.0277
  298.4     5.45  32.464   0.0277
  298.7     5.48  32.491   0.0232
  299.1     5.50  32.518   0.0242
  299.2     5.47  32.545   0.0258
  299.6     5.45  32.571   0.0258
  299.8     5.40  32.598   0.0261
  300.1     5.45  32.625   0.0260
  300.4     5.43  32.652   0.0244
  300.7     5.43  32.679   0.0263
  301.0     5.41  32.707   0.0291
  301.2     5.41  32.733   0.0341
  301.6     5.42  32.760   0.0340
  301.8     5.41  32.787   0.0322
  302.1     5.39  32.814   0.0301
  302.2     5.38  32.841   0.0265
  302.7     5.35  32.868   0.0290
  302.9     5.35  32.895   0.0357
  303.2     5.34  32.922   0.0350
  303.5     5.33  32.949   0.0318
  303.8     5.41  32.976   0.0324
  304.1     5.43  33.003   0.0316
  304.3     5.35  33.030   0.0332
  304.6     5.34  33.057   0.0259
  305.0     5.36  33.084   0.0233
  305.2     5.33  33.111   0.0276
  305.4     5.34  33.138   0.0299
  305.9     5.38  33.165   0.0252
  306.1     5.33  33.193   0.0271
  306.4     5.33  33.220   0.0313
  306.6     5.31  33.247   0.0272
  306.9     5.34  33.274   0.0278
  307.2     5.32  33.301   0.0290
  307.5     5.33  33.328   0.0318
  307.8     5.33  33.355   0.0335
  308.1     5.34  33.383   0.0298
  308.3     5.33  33.410   0.0324
  308.5     5.34  33.436   0.0278
  309.0     5.35  33.464   0.0274
  309.2     5.32  33.491   0.0260
  309.5     5.34  33.517   0.0291
  309.7     5.34  33.545   0.0259
  310.0     5.29  33.572   0.0226
  310.4     5.31  33.599   0.0269
  310.7     5.33  33.626   0.0285
  311.0     5.31  33.653   0.0270
  311.3     5.33  33.679   0.0272
  311.6     5.30  33.707   0.0280
  311.9     5.25  33.734   0.0285
  312.1     5.27  33.761   0.0304
  312.4     5.22  33.789   0.0280
  312.6     5.27  33.816   0.0315
  313.0     5.29  33.843   0.0299
  313.3     5.27  33.870   0.0190
  313.6     5.25  33.896   0.0175
  313.9     5.28  33.924   0.0169
  314.1     5.28  33.951   0.0155
  314.5     5.25  33.978   0.0158
  314.8     5.27  34.004   0.0177
  315.1     5.24  34.032   0.0215
  315.2     5.27  34.058   0.0200
  315.6     5.32  34.085   0.0192
  316.0     5.30  34.112   0.0217
  316.2     5.24  34.139   0.0239
  316.5     5.25  34.166   0.0195
  316.8     5.21  34.195   0.0140
  317.0     5.25  34.222   0.0128
  317.4     5.26  34.249   0.0091
  317.6     5.25  34.276   0.0125
  317.8     5.25  34.303   0.0140
  318.1     5.20  34.331   0.0172
  318.5     5.18  34.358   0.0151
  318.9     5.26  34.385   0.0154
  319.1     5.25  34.412   0.0148
  319.3     5.19  34.440   0.0116
  319.7     5.20  34.466   0.0108
  320.0     5.21  34.493   0.0163
  320.3     5.21  34.520   0.0159
  320.5     5.18  34.547   0.0175
  320.8     5.20  34.575   0.0210
  321.1     5.17  34.602   0.0258
  321.3     5.11  34.629   0.0261
  321.6     5.11  34.656   0.0287
  321.9     5.11  34.683   0.0309
  322.2     5.09  34.710   0.0290
  322.5     5.08  34.737   0.0269
  322.7     5.02  34.764   0.0266
  323.0     5.11  34.791   0.0257
  323.4     5.08  34.818   0.0235
  323.6     5.06  34.845   0.0219
  323.9     5.08  34.873   0.0225
  324.2     5.06  34.900   0.0251
  324.4     5.05  34.927   0.0251
  324.8     5.04  34.954   0.0236
  325.2     5.11  34.981   0.0204
  325.4     5.04  35.008   0.0169
  325.7     5.00  35.035   0.0156
  325.9     5.05  35.062   0.0118
  326.3     5.07  35.089   0.0147
  326.7     5.11  35.116   0.0163
  326.8     5.09  35.143   0.0174
  327.2     5.10  35.170   0.0166
  327.5     5.12  35.198   0.0093
  327.9     5.05  35.225   0.0120
  328.1     5.08  35.252   0.0045
  328.4     5.03  35.280   0.0022
  328.6     5.00  35.307   0.0063
  328.9     5.00  35.334   0.0086
  329.2     5.01  35.362   0.0120
  329.6     5.02  35.389   0.0252
  329.8     5.02  35.415   0.0179
  330.1     4.97  35.442   0.0213
  330.3     5.01  35.470   0.0227
  330.6     4.97  35.497   0.0221
  330.9     4.95  35.524   0.0221
  331.2     4.92  35.551   0.0229
  331.5     4.92  35.578   0.0208
  331.9     5.03  35.605   0.0195
  332.2     4.99  35.632   0.0239
  332.5     5.00  35.660   0.0211
  332.8     5.03  35.687   0.0172
  333.0     5.04  35.715   0.0135
  333.4     5.00  35.742   0.0185
  333.5     4.93  35.768   0.0168
  333.9     4.99  35.796   0.0183
  334.2     4.94  35.823   0.0222
  334.5     4.89  35.849   0.0205
  334.7     4.94  35.876   0.0205
  335.0     4.91  35.903   0.0199
  335.3     4.89  35.930   0.0176
  335.5     4.89  35.957   0.0170
  335.8     4.88  35.984   0.0029
  336.1     4.87  36.012  -0.0016
  336.4     4.89  36.039  -0.0046
  336.8     4.87  36.066  -0.0016
  337.0     4.86  36.093   0.0072
  337.3     4.83  36.121   0.0102
  337.5     4.84  36.147   0.0144
  337.8     4.82  36.175   0.0134
  338.2     4.92  36.203   0.0155
  338.6     4.88  36.230   0.0149
  338.8     4.87  36.257   0.0182
  339.0     4.84  36.284   0.0197
  339.3     4.78  36.312   0.0209
  339.6     4.87  36.339   0.0208
  339.9     4.75  36.366   0.0198
  340.3     4.79  36.393   0.0187
  340.5     4.85  36.420   0.0178
  340.9     4.79  36.448   0.0204
  341.0     4.86  36.475   0.0183
  341.4     4.79  36.502   0.0172
  341.6     4.78  36.529   0.0159
  341.9     4.73  36.556   0.0155
  342.3     4.74  36.583   0.0190
  342.4     4.73  36.610   0.0223
  342.6     4.68  36.637   0.0219
  342.9     4.61  36.664   0.0254
  343.2     4.68  36.691   0.0271
  343.6     4.67  36.718   0.0277
  343.7     4.59  36.745   0.0264
  344.2     4.71  36.772   0.0255
  344.4     4.72  36.799   0.0276
  344.7     4.70  36.826   0.0265
  345.0     4.69  36.853   0.0259
  345.3     4.68  36.880   0.0262
  345.6     4.65  36.907   0.0319
  345.9     4.67  36.934   0.0296
  346.1     4.68  36.961   0.0296
  346.5     4.67  36.988   0.0267
  346.7     4.67  37.015   0.0252
  346.9     4.64  37.042   0.0245
  347.2     4.66  37.069   0.0239
  347.5     4.61  37.095   0.0265
  347.8     4.60  37.122   0.0234
  348.2     4.64  37.149   0.0211
  348.5     4.61  37.177   0.0258
  348.7     4.60  37.204   0.0243
  349.1     4.58  37.231   0.0238
  349.2     4.58  37.258   0.0235
  349.6     4.53  37.285   0.0269
  349.9     4.58  37.312   0.0230
  350.0     4.56  37.339   0.0217
  350.4     4.51  37.367   0.0225
  350.7     4.53  37.393   0.0226
  350.9     4.45  37.421   0.0193
  351.3     4.51  37.447   0.0181
  351.5     4.54  37.474   0.0150
  351.8     4.57  37.502   0.0150
  352.1     4.56  37.529   0.0134
  352.4     4.50  37.556   0.0151
  352.7     4.52  37.584   0.0163
  353.0     4.51  37.611   0.0158
  353.3     4.58  37.638   0.0190
  353.5     4.50  37.665   0.0166
  353.9     4.51  37.692   0.0164
  354.1     4.51  37.719   0.0196
  354.5     4.47  37.746   0.0223
  354.6     4.49  37.773   0.0208
  355.0     4.50  37.800   0.0195
  355.3     4.48  37.827   0.0221
  355.6     4.47  37.855   0.0209
  355.8     4.43  37.882   0.0184
  356.0     4.44  37.909   0.0167
  356.4     4.51  37.935   0.0163
  356.8     4.45  37.962   0.0161
  357.0     4.45  37.989   0.0218
  357.2     4.41  38.016   0.0192
  357.6     4.42  38.043   0.0183
  357.9     4.44  38.070   0.0162
  358.0     4.43  38.097   0.0181
  358.4     4.37  38.124   0.0198
  358.6     4.37  38.151   0.0197
  359.0     4.42  38.178   0.0191
  359.1     4.39  38.206   0.0205
  359.4     4.36  38.233   0.0203
  359.7     4.38  38.260   0.0189
  359.9     4.38  38.287   0.0137
  360.3     4.36  38.314   0.0155
  360.6     4.37  38.341   0.0123
  360.9     4.36  38.368   0.0138
  361.1     4.37  38.396   0.0109
  361.4     4.33  38.423   0.0079
  361.6     4.31  38.450   0.0071
  362.0     4.32  38.477   0.0122
  362.2     4.32  38.504   0.0128
  362.5     4.36  38.531   0.0140
  362.8     4.30  38.558   0.0127
  363.1     4.29  38.585   0.0122
  363.3     4.31  38.612   0.0099
  363.7     4.28  38.640   0.0139
  363.9     4.26  38.667   0.0115
  364.2     4.31  38.694   0.0137
  364.5     4.32  38.721   0.0115
  364.8     4.30  38.748   0.0139
  365.1     4.30  38.775   0.0117
  365.4     4.28  38.802   0.0127
  365.7     4.29  38.830   0.0114
  365.9     4.31  38.857   0.0148
  366.2     4.32  38.884   0.0124
  366.6     4.30  38.911   0.0112
  366.8     4.27  38.938   0.0082
  367.2     4.28  38.965   0.0096
  367.3     4.23  38.992   0.0068
  367.6     4.19  39.020   0.0132
  367.9     4.20  39.047   0.0173
  368.4     4.20  39.074   0.0197
  368.5     4.24  39.101   0.0208
  368.7     4.20  39.128   0.0168
  369.0     4.16  39.155   0.0178
  369.2     4.18  39.182   0.0198
  369.6     4.18  39.210   0.0205
  369.9     4.22  39.238   0.0230
  370.2     4.23  39.265   0.0228
  370.4     4.18  39.291   0.0237
  370.8     4.23  39.319   0.0232
  371.0     4.20  39.346   0.0250
  371.2     4.22  39.373   0.0235
  371.5     4.18  39.400   0.0249
  371.8     4.17  39.427   0.0276
  372.1     4.15  39.454   0.0247
  372.4     4.17  39.482   0.0194
  372.6     4.23  39.508   0.0183
  372.9     4.17  39.535   0.0160
  373.3     4.18  39.563   0.0176
  373.5     4.14  39.590   0.0184
  373.6     4.12  39.617   0.0166
  374.0     4.09  39.644   0.0152
  374.3     4.09  39.672   0.0163
  374.5     4.11  39.699   0.0121
  374.9     4.12  39.726   0.0147
  375.2     4.13  39.753   0.0151
  375.5     4.14  39.780   0.0133
  375.8     4.10  39.807   0.0117
  376.0     4.13  39.834   0.0137
  376.4     4.14  39.861   0.0161
  376.5     4.14  39.888   0.0185
  376.8     4.14  39.915   0.0196
  377.1     4.15  39.942   0.0200
  377.5     4.11  39.969   0.0160
  377.8     4.08  39.996   0.0193
  378.0     4.11  40.023   0.0204
  378.2     4.10  40.050   0.0221
  378.6     4.14  40.077   0.0215
  378.8     4.05  40.105   0.0193
  379.1     4.07  40.132   0.0146
  379.4     4.01  40.159   0.0177
  379.6     4.00  40.186   0.0176
  380.0     4.01  40.214   0.0179
  380.2     4.04  40.241   0.0172
  380.4     4.01  40.268   0.0218
  380.7     3.98  40.295   0.0241
  381.1     4.03  40.322   0.0232
  381.4     4.03  40.349   0.0238
  381.6     3.98  40.376   0.0227
  381.7     3.96  40.403   0.0230
  382.1     3.96  40.430   0.0222
  382.5     4.01  40.457   0.0212
  382.8     3.94  40.484   0.0239
  383.0     3.98  40.511   0.0233
  383.3     3.99  40.538   0.0200
  383.5     3.99  40.565   0.0222
  383.7     3.94  40.592   0.0245
  384.1     3.95  40.619   0.0238
  384.4     3.93  40.646   0.0252
  384.7     3.99  40.673   0.0270
  385.0     3.93  40.700   0.0246
  385.2     3.90  40.727   0.0214
  385.6     3.94  40.754   0.0198
  385.8     3.95  40.782   0.0217
  386.1     3.94  40.809   0.0205
  386.4     3.96  40.836   0.0193
  386.7     3.94  40.864   0.0209
  386.9     3.90  40.891   0.0185
  387.2     3.96  40.918   0.0193
  387.4     3.91  40.945   0.0186
  387.7     3.92  40.973   0.0178
  388.0     3.93  41.000   0.0164
  388.3     3.89  41.027   0.0179
  388.7     3.89  41.054   0.0160
  388.8     3.87  41.081   0.0151
  389.1     3.88  41.108   0.0099
  389.4     3.85  41.135   0.0095
  389.7     3.83  41.162   0.0100
  390.0     3.84  41.190   0.0079
  390.3     3.84  41.217   0.0079
  390.5     3.89  41.244   0.0112
  390.8     3.85  41.271   0.0070
  391.0     3.84  41.298   0.0076
  391.3     3.84  41.326   0.0047
  391.7     3.82  41.353   0.0024
  392.0     3.83  41.380   0.0021
  392.2     3.78  41.407   0.0043
  392.5     3.83  41.434   0.0071
  392.8     3.84  41.461   0.0092
  393.1     3.82  41.488   0.0127
  393.5     3.80  41.515   0.0070
  393.6     3.78  41.542   0.0052
  393.8     3.80  41.569   0.0089
  394.1     3.82  41.597   0.0116
  394.5     3.86  41.623   0.0112
  394.8     3.83  41.651   0.0092
  395.0     3.82  41.678   0.0126
  395.4     3.81  41.705   0.0105
  395.7     3.81  41.732   0.0183
  396.0     3.82  41.759   0.0175
  396.2     3.86  41.786   0.0169
  396.4     3.77  41.814   0.0151
  396.8     3.75  41.841   0.0200
  397.0     3.74  41.868   0.0162
  397.3     3.81  41.895   0.0201
  397.7     3.84  41.921   0.0210
  398.0     3.84  41.948   0.0191
  398.2     3.83  41.976   0.0181
  398.4     3.83  42.003   0.0198
  398.8     3.83  42.030   0.0224
  399.0     3.77  42.057   0.0219
  399.2     3.73  42.085   0.0212
  399.5     3.72  42.112   0.0212
  399.8     3.73  42.139   0.0219
  400.0     3.71  42.166   0.0221
  400.3     3.72  42.194   0.0185
  400.6     3.66  42.221   0.0229
  400.9     3.70  42.248   0.0203
  401.2     3.65  42.276   0.0219
  401.5     3.65  42.303   0.0200
  401.8     3.69  42.331   0.0225
  402.0     3.63  42.358   0.0219
  402.3     3.70  42.385   0.0167
  402.6     3.73  42.412   0.0181
  403.0     3.75  42.440   0.0164
  403.1     3.74  42.467   0.0150
  403.5     3.72  42.494   0.0162
  403.8     3.68  42.521   0.0180
  404.0     3.69  42.549   0.0147
  404.3     3.69  42.576   0.0135
  404.6     3.70  42.603   0.0134
  404.9     3.68  42.630   0.0131
  405.1     3.68  42.658   0.0141
  405.4     3.65  42.685   0.0119
  405.7     3.67  42.712   0.0135
  405.9     3.66  42.739   0.0145
  406.3     3.67  42.766   0.0159
  406.5     3.62  42.793   0.0164
  406.7     3.63  42.820   0.0190
  407.1     3.63  42.847   0.0167
  407.3     3.62  42.874   0.0125
  407.7     3.61  42.902   0.0143
  407.9     3.63  42.929   0.0134
  408.1     3.57  42.957   0.0171
  408.5     3.61  42.984   0.0153
  408.8     3.59  43.011   0.0157
  408.9     3.56  43.039   0.0184
  409.3     3.61  43.066   0.0150
  409.6     3.58  43.093   0.0155
  409.8     3.53  43.120   0.0154
  410.2     3.59  43.147   0.0143
  410.3     3.57  43.174   0.0138
  410.6     3.57  43.202   0.0170
  410.9     3.55  43.229   0.0167
  411.2     3.53  43.257   0.0144
  411.5     3.52  43.284   0.0162
  411.9     3.51  43.311   0.0127
  412.0     3.50  43.338   0.0137
  412.4     3.56  43.365   0.0133
  412.5     3.48  43.392   0.0120
  412.8     3.53  43.420   0.0099
  413.0     3.51  43.447   0.0089
  413.3     3.51  43.474   0.0113
  413.7     3.52  43.501   0.0099
  413.9     3.48  43.528   0.0095
  414.2     3.48  43.555   0.0106
  414.5     3.47  43.582   0.0135
  414.8     3.45  43.609   0.0110
  415.0     3.49  43.636   0.0113
  415.3     3.56  43.664   0.0148
  415.6     3.51  43.691   0.0137
  415.8     3.46  43.718   0.0132
  416.1     3.46  43.746   0.0144
  416.3     3.46  43.772   0.0153
  416.7     3.46  43.799   0.0141
  417.0     3.47  43.827   0.0156
  417.2     3.47  43.854   0.0146
  417.4     3.47  43.881   0.0128
  417.8     3.47  43.908   0.0161
  418.1     3.46  43.936   0.0209
  418.3     3.45  43.963   0.0190
  418.6     3.44  43.990   0.0166
  418.9     3.48  44.017   0.0148
  419.1     3.46  44.045   0.0128
  419.4     3.42  44.072   0.0141
  419.7     3.46  44.099   0.0199
  420.0     3.43  44.126   0.0210
  420.3     3.44  44.153   0.0193
  420.6     3.44  44.180   0.0206
  420.9     3.45  44.208   0.0203
  421.2     3.45  44.235   0.0202
  421.5     3.43  44.262   0.0194
  421.7     3.44  44.290   0.0223
  421.9     3.46  44.317   0.0229
  422.3     3.45  44.344   0.0237
  422.6     3.47  44.371   0.0217
  422.8     3.46  44.398   0.0232
  423.0     3.41  44.426   0.0230
  423.4     3.42  44.453   0.0210
  423.6     3.49  44.480   0.0219
  423.9     3.47  44.507   0.0223
  424.2     3.41  44.534   0.0226
  424.5     3.41  44.561   0.0215
  424.8     3.43  44.589   0.0231
  425.1     3.43  44.616   0.0208
  425.3     3.41  44.643   0.0241
  425.6     3.37  44.671   0.0257
  425.8     3.37  44.698   0.0274
  426.3     3.43  44.726   0.0249
  426.5     3.41  44.753   0.0275
  426.7     3.37  44.780   0.0287
  426.9     3.35  44.807   0.0268
  427.4     3.34  44.834   0.0251
  427.6     3.35  44.861   0.0280
  427.8     3.33  44.889   0.0280
  428.1     3.36  44.916   0.0254
  428.4     3.34  44.944   0.0268
  428.7     3.35  44.971   0.0246
  428.9     3.29  44.998   0.0281
  429.3     3.32  45.025   0.0240
  429.5     3.34  45.052   0.0283
  429.8     3.35  45.079   0.0302
  430.0     3.31  45.107   0.0283
  430.4     3.27  45.134   0.0305
  430.6     3.33  45.161   0.0297
  430.9     3.29  45.189   0.0296
  431.2     3.30  45.217   0.0333
  431.5     3.33  45.244   0.0316
  431.8     3.30  45.271   0.0309
  432.0     3.33  45.298   0.0333
  432.3     3.32  45.325   0.0326
  432.6     3.31  45.352   0.0269
  432.8     3.25  45.380   0.0298
  433.2     3.36  45.407   0.0285
  433.5     3.30  45.434   0.0266
  433.8     3.34  45.462   0.0264
  433.9     3.27  45.489   0.0260
  434.3     3.25  45.516   0.0248
  434.4     3.22  45.543   0.0256
  434.8     3.26  45.571   0.0222
  435.0     3.23  45.598   0.0246
  435.3     3.20  45.626   0.0222
  435.6     3.24  45.653   0.0236
  435.8     3.24  45.680   0.0272
  436.3     3.28  45.707   0.0257
  436.6     3.26  45.735   0.0235
  436.8     3.23  45.762   0.0268
  437.1     3.30  45.789   0.0252
  437.4     3.30  45.816   0.0238
  437.5     3.27  45.843   0.0257
  437.9     3.29  45.870   0.0277
  438.2     3.24  45.898   0.0280
  438.5     3.23  45.925   0.0287
  438.7     3.23  45.952   0.0274
  439.0     3.26  45.979   0.0304
  439.3     3.27  46.007   0.0299
  439.6     3.26  46.034   0.0302
  439.8     3.20  46.061   0.0327
  440.1     3.21  46.088   0.0327
  440.4     3.25  46.115   0.0309
  440.7     3.23  46.142   0.0334
  441.1     3.20  46.170   0.0328
  441.3     3.22  46.197   0.0360
  441.5     3.22  46.224   0.0318
  441.8     3.23  46.251   0.0308
  442.0     3.25  46.279   0.0321
  442.4     3.23  46.306   0.0344
  442.6     3.22  46.333   0.0336
  443.0     3.22  46.360   0.0301
  443.2     3.23  46.387   0.0273
  443.5     3.24  46.414   0.0289
  443.7     3.20  46.442   0.0296
  444.0     3.20  46.469   0.0293
  444.3     3.21  46.496   0.0275
  444.5     3.20  46.523   0.0346
  444.8     3.15  46.550   0.0324
  445.1     3.10  46.577   0.0312
  445.3     3.14  46.604   0.0321
  445.6     3.15  46.632   0.0305
  446.0     3.14  46.659   0.0303
  446.2     3.14  46.686   0.0295
  446.4     3.17  46.713   0.0349
  446.7     3.11  46.740   0.0312
  447.1     3.18  46.767   0.0301
  447.3     3.16  46.794   0.0274
  447.6     3.14  46.822   0.0261
  447.9     3.11  46.848   0.0275
  448.1     3.12  46.876   0.0276
  448.3     3.13  46.903   0.0260
  448.6     3.10  46.930   0.0219
  449.0     3.14  46.957   0.0233
  449.2     3.10  46.985   0.0230
  449.5     3.09  47.012   0.0239
  449.7     3.13  47.039   0.0271
  450.1     3.18  47.066   0.0254
  450.5     3.19  47.093   0.0251
  450.6     3.19  47.121   0.0271
  450.8     3.17  47.148   0.0266
  451.1     3.18  47.175   0.0313
  451.5     3.12  47.203   0.0277
  451.7     3.15  47.230   0.0273
  452.0     3.12  47.258   0.0272
  452.3     3.08  47.285   0.0276
  452.5     3.08  47.312   0.0266
  452.9     3.08  47.339   0.0274
  453.1     3.10  47.367   0.0278
  453.3     3.15  47.394   0.0310
  453.7     3.14  47.421   0.0318
  453.8     3.08  47.448   0.0313
  454.2     3.09  47.475   0.0285
  454.5     3.11  47.502   0.0272
  454.7     3.04  47.530   0.0217
  455.0     3.10  47.557   0.0246
  455.2     3.10  47.585   0.0229
  455.5     3.08  47.612   0.0265
  455.9     3.04  47.640   0.0266
  456.1     3.08  47.667   0.0225
  456.4     3.08  47.694   0.0227
  456.6     3.07  47.721   0.0219
  457.0     3.07  47.748   0.0228
  457.2     3.07  47.776   0.0181
  457.4     3.01  47.803   0.0182
  457.7     2.98  47.830   0.0189
  458.0     3.03  47.858   0.0218
  458.2     3.00  47.885   0.0217
  458.6     3.00  47.911   0.0244
  458.8     2.98  47.939   0.0205
  459.1     3.02  47.966   0.0204
  459.4     3.00  47.993   0.0213
  459.6     3.01  48.021   0.0207
  460.0     3.02  48.048   0.0227
  460.2     2.98  48.076   0.0250
  460.4     2.98  48.103   0.0296
  460.7     2.98  48.130   0.0278
  461.0     3.01  48.158   0.0316
  461.3     2.97  48.185   0.0294
  461.5     2.97  48.213   0.0256
  461.8     2.95  48.240   0.0266
  462.1     2.97  48.267   0.0288
  462.4     2.98  48.294   0.0317
  462.6     2.95  48.322   0.0300
  462.9     2.97  48.349   0.0330
  463.1     2.95  48.377   0.0349
  463.5     2.98  48.404   0.0318
  463.7     2.99  48.431   0.0294
  464.1     2.95  48.458   0.0321
  464.3     2.98  48.485   0.0346
  464.5     2.96  48.512   0.0336
  464.8     2.98  48.540   0.0313
  465.0     2.92  48.567   0.0270
  465.3     2.93  48.595   0.0246
  465.6     2.93  48.622   0.0245
  465.8     2.93  48.649   0.0229
  466.1     2.94  48.676   0.0246
  466.4     2.90  48.704   0.0230
  466.8     2.97  48.731   0.0209
  466.9     2.96  48.758   0.0245
  467.2     2.94  48.785   0.0247
  467.5     2.94  48.813   0.0222
  467.8     3.01  48.840   0.0266
  468.1     2.95  48.867   0.0241
  468.4     2.91  48.894   0.0258
  468.6     2.93  48.921   0.0286
  468.9     2.94  48.949   0.0314
  469.2     2.91  48.976   0.0363
  469.5     2.93  49.003   0.0351
  469.8     2.94  49.030   0.0317
  470.1     2.96  49.057   0.0305
  470.4     2.96  49.085   0.0298
  470.5     2.92  49.112   0.0326
  470.8     2.92  49.139   0.0306
  471.1     2.92  49.167   0.0285
  471.5     2.91  49.195   0.0286
  471.6     2.95  49.222   0.0266
  472.0     2.92  49.249   0.0260
  472.3     2.92  49.277   0.0247
  472.6     2.92  49.304   0.0224
  472.9     2.95  49.331   0.0218
  473.1     2.96  49.359   0.0208
  473.5     2.93  49.386   0.0218
  473.7     2.93  49.414   0.0260
  473.9     2.93  49.441   0.0260
  474.4     2.99  49.468   0.0248
  474.6     2.94  49.496   0.0283
  474.9     2.89  49.524   0.0301
  475.1     2.91  49.551   0.0289
  475.4     2.93  49.579   0.0328
  475.7     2.95  49.606   0.0313
  476.0     2.93  49.633   0.0306
  476.3     2.91  49.660   0.0277
  476.6     2.90  49.688   0.0265
  476.8     2.89  49.715   0.0231
  477.1     2.92  49.742   0.0219
  477.4     2.95  49.770   0.0228
  477.7     2.94  49.797   0.0228
  478.0     2.94  49.824   0.0221
  478.2     2.95  49.852   0.0235
  478.5     2.94  49.879   0.0222
  478.8     2.93  49.906   0.0240
  479.2     2.94  49.933   0.0234
  479.4     2.94  49.960   0.0203
  479.8     2.97  49.987   0.0242
  479.9     2.91  50.015   0.0235
  480.3     2.88  50.042   0.0292
  480.6     2.92  50.070   0.0248
  480.8     2.89  50.097   0.0242
  481.1     2.88  50.124   0.0245
  481.4     2.90  50.152   0.0279
  481.7     2.91  50.179   0.0235
  482.1     2.91  50.207   0.0236
  482.2     2.89  50.234   0.0249
  482.5     2.84  50.262   0.0226
  482.8     2.86  50.289   0.0229
  483.1     2.89  50.316   0.0235
  483.4     2.89  50.343   0.0233
  483.6     2.89  50.371   0.0235
  483.9     2.83  50.398   0.0207
  484.1     2.86  50.425   0.0204
  484.5     2.89  50.452   0.0201
  484.7     2.84  50.480   0.0240
  485.0     2.82  50.507   0.0205
  485.4     2.84  50.535   0.0219
  485.6     2.85  50.562   0.0226
  485.9     2.84  50.589   0.0204
  486.1     2.87  50.616   0.0238
  486.5     2.81  50.643   0.0242
  486.7     2.81  50.671   0.0195
  486.9     2.82  50.698   0.0254
  487.2     2.82  50.725   0.0263
  487.5     2.82  50.752   0.0248
  487.7     2.85  50.780   0.0194
  488.1     2.80  50.807   0.0232
  488.3     2.82  50.834   0.0252
  488.6     2.82  50.862   0.0240
  488.9     2.82  50.889   0.0248
  489.2     2.81  50.916   0.0264
  489.4     2.82  50.944   0.0217
  489.8     2.79  50.971   0.0228
  489.9     2.76  50.999   0.0234
  490.3     2.77  51.027   0.0216
  490.6     2.76  51.054   0.0197
  490.8     2.73  51.081   0.0202
  491.1     2.74  51.108   0.0209
  491.3     2.77  51.135   0.0218
  491.7     2.78  51.163   0.0216
  491.9     2.75  51.191   0.0228
  492.2     2.74  51.218   0.0263
  492.4     2.68  51.246   0.0291
  492.8     2.69  51.273   0.0295
  492.9     2.73  51.300   0.0250
  493.3     2.72  51.327   0.0243
  493.6     2.75  51.354   0.0255
  493.9     2.76  51.382   0.0230
  494.1     2.74  51.409   0.0243
  494.3     2.79  51.436   0.0165
  494.7     2.73  51.463   0.0153
  495.0     2.75  51.490   0.0111
  495.2     2.71  51.518   0.0131
  495.5     2.72  51.545   0.0168
  495.8     2.76  51.573   0.0136
  496.1     2.71  51.600   0.0120
  496.4     2.75  51.627   0.0150
  496.7     2.76  51.654   0.0162
  496.8     2.73  51.681   0.0136
  497.2     2.74  51.708   0.0167
  497.4     2.74  51.735   0.0150
  497.7     2.70  51.763   0.0144
  498.0     2.71  51.790   0.0128
  498.2     2.71  51.818   0.0143
  498.6     2.73  51.845   0.0138
  498.9     2.72  51.872   0.0135
  499.1     2.72  51.900   0.0129
  499.4     2.73  51.927   0.0140
  499.7     2.71  51.954   0.0150
  499.9     2.71  51.982   0.0170
  500.3     2.68  52.009   0.0205
  500.4     2.72  52.036   0.0211
  500.7     2.69  52.063   0.0229
  501.0     2.69  52.090   0.0228
  501.3     2.67  52.118   0.0207
  501.6     2.67  52.145   0.0203
  501.8     2.67  52.172   0.0190
  502.1     2.69  52.200   0.0179
  502.4     2.71  52.227   0.0176
  502.8     2.67  52.254   0.0196
  502.9     2.70  52.282   0.0207
  503.2     2.70  52.309   0.0200
  503.5     2.66  52.336   0.0229
  503.7     2.66  52.363   0.0241
  504.0     2.66  52.390   0.0230
  504.3     2.67  52.417   0.0210
  504.4     2.65  52.445   0.0220
  504.9     2.68  52.472   0.0234
  505.1     2.61  52.499   0.0204
  505.4     2.63  52.527   0.0208
  505.6     2.68  52.554   0.0203
  505.9     2.63  52.581   0.0214
  506.2     2.64  52.608   0.0149
  506.5     2.63  52.635   0.0176
  506.7     2.71  52.663   0.0200
  507.1     2.69  52.690   0.0192
  507.3     2.67  52.717   0.0168
  507.6     2.64  52.745   0.0152
  508.0     2.64  52.772   0.0145
  508.2     2.63  52.799   0.0139
  508.4     2.62  52.827   0.0174
  508.7     2.64  52.854   0.0182
  509.0     2.62  52.882   0.0182
  509.2     2.63  52.909   0.0143
  509.5     2.63  52.936   0.0122
  509.7     2.61  52.963   0.0147
  510.1     2.64  52.991   0.0098
  510.3     2.61  53.018   0.0113
  510.6     2.60  53.045   0.0147
  511.0     2.64  53.073   0.0123
  511.2     2.61  53.100   0.0126
  511.4     2.65  53.128   0.0163
  511.8     2.65  53.155   0.0157
  512.0     2.60  53.182   0.0211
  512.2     2.62  53.210   0.0186
  512.5     2.60  53.238   0.0196
  512.9     2.56  53.265   0.0197
  513.0     2.58  53.292   0.0235
  513.3     2.57  53.321   0.0204
  513.5     2.52  53.348   0.0175
  513.8     2.59  53.375   0.0162
  514.2     2.56  53.402   0.0166
  514.4     2.60  53.430   0.0164
  514.8     2.64  53.457   0.0128
  515.1     2.68  53.485   0.0124
  515.3     2.62  53.512   0.0114
  515.6     2.65  53.541   0.0134
  516.0     2.68  53.568   0.0155
  516.1     2.59  53.595   0.0152
  516.4     2.61  53.623   0.0185
  516.8     2.61  53.651   0.0210
  517.1     2.62  53.678   0.0192
  517.4     2.58  53.705   0.0161
  517.6     2.59  53.732   0.0195
  517.9     2.58  53.759   0.0199
  518.1     2.60  53.787   0.0206
  518.5     2.63  53.814   0.0195
  518.7     2.67  53.841   0.0190
  519.0     2.64  53.868   0.0205
  519.3     2.54  53.896   0.0207
  519.6     2.55  53.923   0.0178
  519.8     2.58  53.950   0.0205
  520.1     2.59  53.978   0.0170
  520.4     2.60  54.005   0.0150
  520.7     2.60  54.032   0.0171
  521.0     2.62  54.060   0.0138
  521.3     2.62  54.087   0.0142
  521.5     2.61  54.114   0.0169
  521.8     2.65  54.141   0.0200
  522.2     2.65  54.168   0.0165
  522.4     2.62  54.197   0.0176
  522.7     2.62  54.224   0.0169
  522.8     2.62  54.251   0.0171
  523.3     2.59  54.278   0.0149
  523.6     2.62  54.305   0.0164
  523.9     2.64  54.333   0.0170
  524.0     2.56  54.360   0.0175
  524.3     2.57  54.387   0.0175
  524.6     2.61  54.415   0.0201
  525.0     2.62  54.442   0.0189
  525.1     2.61  54.469   0.0196
  525.4     2.55  54.496   0.0191
  525.7     2.54  54.523   0.0166
  526.0     2.55  54.551   0.0166
  526.3     2.54  54.578   0.0166
  526.4     2.56  54.605   0.0168
  526.7     2.54  54.633   0.0163
  527.0     2.54  54.660   0.0162
  527.3     2.54  54.687   0.0132
  527.6     2.53  54.715   0.0116
  527.9     2.52  54.742   0.0145
  528.2     2.50  54.770   0.0182
  528.5     2.51  54.797   0.0153
  528.6     2.52  54.824   0.0168
  529.1     2.51  54.851   0.0095
  529.1     2.49  54.878   0.0111
  529.5     2.48  54.906   0.0127
  529.7     2.46  54.934   0.0122
  530.0     2.46  54.961   0.0144
  530.2     2.47  54.989   0.0139
  530.6     2.50  55.016   0.0154
  530.8     2.53  55.043   0.0182
  531.1     2.54  55.070   0.0223
  531.5     2.55  55.097   0.0176
  531.8     2.55  55.124   0.0118
  532.1     2.56  55.152   0.0113
  532.4     2.54  55.179   0.0107
  532.6     2.51  55.207   0.0151
  532.9     2.54  55.234   0.0137
  533.2     2.48  55.261   0.0179
  533.4     2.51  55.289   0.0170
  533.7     2.48  55.316   0.0122
  533.9     2.48  55.343   0.0159
  534.2     2.52  55.371   0.0121
  534.5     2.53  55.398   0.0140
  534.8     2.49  55.426   0.0172
  535.1     2.48  55.453   0.0234
  535.4     2.61  55.480   0.0244
  535.7     2.59  55.508   0.0281
  536.0     2.54  55.535   0.0272
  536.3     2.59  55.563   0.0204
  536.6     2.55  55.590   0.0171
  536.8     2.53  55.617   0.0138
  537.1     2.50  55.645   0.0157
  537.4     2.55  55.672   0.0177
  537.7     2.55  55.699   0.0131
  537.9     2.50  55.727   0.0158
  538.2     2.50  55.754   0.0146
  538.5     2.53  55.782   0.0164
  538.8     2.54  55.809   0.0172
  539.1     2.52  55.836   0.0178
  539.2     2.47  55.864   0.0181
  539.5     2.45  55.891   0.0180
  539.8     2.43  55.918   0.0189
  540.1     2.47  55.946   0.0154
  540.4     2.47  55.973   0.0150
  540.7     2.49  56.000   0.0181
  540.9     2.47  56.028   0.0143
  541.1     2.45  56.055   0.0113
  541.5     2.44  56.082   0.0123
  541.8     2.41  56.111   0.0156
  542.1     2.45  56.138   0.0158
  542.2     2.39  56.166   0.0142
  542.5     2.38  56.194   0.0112
  542.8     2.38  56.221   0.0150
  543.2     2.39  56.248   0.0157
  543.4     2.38  56.276   0.0198
  543.7     2.39  56.303   0.0197
  544.0     2.42  56.331   0.0191
  544.4     2.46  56.358   0.0195
  544.5     2.41  56.386   0.0236
  544.7     2.39  56.413   0.0222
  545.0     2.39  56.440   0.0248
  545.4     2.43  56.467   0.0204
  545.7     2.48  56.495   0.0220
  545.9     2.42  56.522   0.0221
  546.2     2.42  56.549   0.0236
  546.6     2.45  56.576   0.0228
  546.8     2.43  56.603   0.0196
  547.0     2.46  56.630   0.0199
  547.3     2.45  56.658   0.0196
  547.6     2.44  56.685   0.0222
  547.9     2.48  56.712   0.0198
  548.1     2.45  56.739   0.0195
  548.4     2.46  56.767   0.0204
  548.6     2.44  56.794   0.0177
  548.9     2.42  56.821   0.0164
  549.2     2.43  56.848   0.0189
  549.4     2.48  56.876   0.0198
  549.7     2.43  56.903   0.0170
  550.1     2.42  56.930   0.0181
  550.2     2.39  56.957   0.0197
  550.5     2.44  56.985   0.0201
  550.8     2.43  57.012   0.0175
  551.1     2.39  57.039   0.0229
  551.4     2.35  57.066   0.0266
  551.6     2.39  57.093   0.0283
  551.9     2.38  57.121   0.0243
  552.1     2.45  57.148   0.0258
  552.3     2.43  57.176   0.0209
  552.6     2.39  57.204   0.0213
  553.0     2.44  57.232   0.0254
  553.2     2.43  57.259   0.0259
  553.5     2.40  57.286   0.0263
  553.8     2.34  57.314   0.0266
  554.0     2.34  57.341   0.0258
  554.3     2.37  57.368   0.0281
  554.6     2.38  57.396   0.0282
  554.8     2.42  57.423   0.0235
  555.2     2.42  57.452   0.0242
  555.4     2.42  57.479   0.0220
  555.7     2.41  57.506   0.0251
  555.9     2.35  57.533   0.0206
  556.2     2.39  57.561   0.0198
  556.5     2.37  57.588   0.0184
  556.7     2.36  57.615   0.0204
  557.0     2.40  57.642   0.0252
  557.3     2.34  57.670   0.0233
  557.5     2.35  57.697   0.0227
  557.8     2.36  57.724   0.0256
  558.1     2.37  57.751   0.0264
  558.4     2.35  57.778   0.0265
  558.6     2.39  57.805   0.0275
  559.0     2.36  57.833   0.0316
  559.1     2.37  57.860   0.0310
  559.6     2.37  57.887   0.0271
  559.8     2.37  57.914   0.0269
  559.9     2.32  57.941   0.0278
  560.3     2.38  57.969   0.0269
  560.5     2.40  57.996   0.0263
  560.8     2.37  58.024   0.0291
  561.1     2.38  58.051   0.0298
  561.5     2.34  58.078   0.0307
  561.7     2.37  58.105   0.0280
  562.0     2.37  58.133   0.0261
  562.2     2.39  58.160   0.0240
  562.5     2.37  58.188   0.0288
  562.8     2.40  58.215   0.0286
  563.0     2.41  58.243   0.0272
  563.4     2.42  58.270   0.0280
  563.6     2.42  58.298   0.0284
  564.0     2.45  58.325   0.0278
  564.2     2.40  58.353   0.0249
  564.5     2.39  58.380   0.0238
  564.7     2.41  58.407   0.0234
  565.1     2.38  58.434   0.0246
  565.4     2.39  58.461   0.0228
  565.6     2.37  58.489   0.0216
  565.8     2.37  58.516   0.0204
  566.2     2.39  58.543   0.0246
  566.4     2.34  58.571   0.0266
  566.6     2.35  58.598   0.0255
  566.9     2.35  58.625   0.0262
  567.1     2.33  58.653   0.0275
  567.4     2.28  58.680   0.0251
  567.7     2.32  58.707   0.0251
  568.0     2.30  58.735   0.0203
  568.2     2.32  58.763   0.0190
  568.4     2.31  58.790   0.0199
  568.7     2.31  58.817   0.0216
  568.9     2.35  58.845   0.0164
  569.1     2.33  58.872   0.0209
  569.6     2.35  58.899   0.0215
  569.8     2.35  58.926   0.0210
  570.1     2.32  58.953   0.0184
  570.3     2.36  58.981   0.0191
  570.6     2.36  59.008   0.0193
  570.8     2.35  59.035   0.0173
  571.2     2.29  59.062   0.0167
  571.4     2.35  59.090   0.0181
  571.6     2.34  59.117   0.0194
  571.9     2.34  59.144   0.0183
  572.1     2.34  59.171   0.0141
  572.4     2.33  59.199   0.0161
  572.7     2.33  59.227   0.0148
  573.0     2.37  59.254   0.0157
  573.3     2.34  59.281   0.0182
  573.6     2.36  59.308   0.0161
  573.8     2.36  59.336   0.0173
  574.1     2.35  59.363   0.0179
  574.3     2.35  59.390   0.0192
  574.6     2.36  59.417   0.0201
  574.8     2.34  59.445   0.0197
  575.2     2.36  59.473   0.0155
  575.4     2.38  59.500   0.0201
  575.6     2.31  59.527   0.0253
  575.9     2.35  59.554   0.0257
  576.2     2.32  59.582   0.0225
  576.4     2.32  59.609   0.0251
  576.8     2.30  59.637   0.0262
  577.0     2.35  59.664   0.0228
  577.2     2.34  59.692   0.0235
  577.5     2.28  59.719   0.0249
  577.8     2.29  59.746   0.0221
  577.9     2.28  59.773   0.0241
  578.3     2.31  59.801   0.0250
  578.7     2.33  59.829   0.0250
  578.9     2.32  59.856   0.0219
  579.2     2.31  59.883   0.0218
  579.4     2.31  59.911   0.0246
  579.7     2.31  59.938   0.0263
  580.0     2.31  59.965   0.0270
  580.2     2.29  59.992   0.0286
  580.5     2.30  60.020   0.0322
  580.9     2.33  60.047   0.0300
  581.0     2.32  60.074   0.0312
  581.3     2.29  60.102   0.0304
  581.7     2.34  60.129   0.0281
  582.0     2.35  60.156   0.0320
  582.2     2.31  60.183   0.0319
  582.4     2.31  60.211   0.0320
  582.7     2.28  60.238   0.0299
  583.0     2.32  60.265   0.0305
  583.3     2.30  60.293   0.0291
  583.5     2.31  60.320   0.0302
  583.7     2.29  60.347   0.0315
  584.1     2.32  60.374   0.0325
  584.4     2.28  60.402   0.0334
  584.7     2.31  60.430   0.0341
  584.9     2.30  60.457   0.0286
  585.2     2.31  60.485   0.0299
  585.4     2.29  60.512   0.0274
  585.7     2.27  60.540   0.0297
  586.0     2.29  60.567   0.0271
  586.3     2.30  60.594   0.0303
  586.5     2.32  60.622   0.0275
  586.9     2.27  60.649   0.0300
  587.1     2.27  60.677   0.0285
  587.4     2.24  60.704   0.0282
  587.6     2.24  60.732   0.0265
  587.9     2.24  60.759   0.0280
  588.3     2.28  60.786   0.0296
  588.4     2.27  60.814   0.0297
  588.7     2.24  60.841   0.0300
  588.9     2.26  60.868   0.0294
  589.4     2.27  60.896   0.0295
  589.6     2.26  60.923   0.0278
  589.9     2.27  60.950   0.0292
  590.0     2.27  60.977   0.0289
  590.4     2.26  61.004   0.0296
  590.6     2.23  61.032   0.0291
  590.9     2.26  61.059   0.0284
  591.2     2.31  61.087   0.0285
  591.5     2.28  61.114   0.0314
  591.6     2.21  61.141   0.0328
  592.0     2.25  61.169   0.0301
  592.1     2.25  61.197   0.0333
  592.5     2.18  61.224   0.0309
  592.7     2.26  61.251   0.0295
  593.0     2.26  61.279   0.0292
  593.4     2.25  61.307   0.0304
  593.6     2.24  61.334   0.0297
  593.9     2.26  61.362   0.0294
  594.3     2.27  61.390   0.0284
  594.5     2.29  61.418   0.0279
  594.7     2.29  61.446   0.0287
  595.1     2.28  61.473   0.0304
  595.2     2.28  61.501   0.0274
  595.6     2.26  61.528   0.0300
  595.9     2.31  61.555   0.0254
  596.2     2.28  61.583   0.0276
  596.5     2.31  61.610   0.0262
  596.8     2.32  61.637   0.0267
  596.9     2.28  61.665   0.0224
  597.3     2.28  61.693   0.0217
  597.6     2.25  61.720   0.0188
  597.8     2.27  61.747   0.0204
  598.1     2.26  61.775   0.0247
  598.4     2.25  61.802   0.0234
  598.7     2.24  61.829   0.0222
  599.0     2.27  61.857   0.0183
  599.2     2.27  61.884   0.0213
  599.5     2.25  61.911   0.0235
  599.7     2.25  61.939   0.0205
  600.1     2.24  61.966   0.0204
