   14.6     3.18   0.039  -0.0227
   14.7     3.14   0.078  -0.0211
   14.8     2.69   0.121  -0.0439
   14.6     2.71   0.162  -0.0487
   14.7     2.92   0.202  -0.0397
   14.8     2.90   0.242  -0.0332
   14.9     3.22   0.283  -0.0234
   15.0     2.92   0.323  -0.0117
   15.0     2.77   0.362  -0.0098
   15.0     2.96   0.404   0.0065
   14.8     2.68   0.443   0.0058
   15.0     3.01   0.484  -0.0552
   15.1     3.18   0.525  -0.0727
   14.9     2.57   0.564  -0.0818
   15.2     2.78   0.606  -0.0658
   15.1     2.46   0.647  -0.0700
   15.1     2.50   0.687  -0.0676
   15.3     2.72   0.726  -0.0493
   15.3     2.68   0.765  -0.0473
   15.2     2.54   0.807  -0.0523
   15.3     2.54   0.847  -0.0270
   15.2     2.57   0.891   0.0134
   15.3     2.23   0.932   0.0163
   15.3     2.23   0.973   0.0204
   15.5     2.61   1.014   0.0502
   15.5     2.92   1.056   0.1319
   15.4     2.49   1.096   0.1549
   15.5     2.36   1.137   0.1646
   15.7     2.42   1.177   0.2235
   15.5     2.24   1.217   0.3154
   15.6     2.35   1.258   0.3471
   15.7     2.46   1.299   0.3546
   15.9     2.49   1.341   0.3583
   15.7     2.50   1.380   0.3710
   15.8     2.43   1.422   0.3825
   15.9     2.25   1.464   0.3813
   16.0     2.47   1.506   0.3726
   16.0     2.23   1.548   0.3742
   15.9     1.99   1.587   0.3712
   15.9     2.21   1.625   0.3732
   16.1     2.05   1.665   0.3763
   15.9     2.00   1.704   0.3746
   16.0     2.09   1.741   0.3772
   16.1     2.18   1.783   0.3675
   16.1     1.91   1.825   0.3691
   16.3     1.94   1.866   0.3665
   16.2     1.97   1.906   0.3682
   16.3     2.25   1.947   0.3697
   16.3     1.91   1.989   0.3680
   16.5     2.08   2.031   0.3653
   16.5     1.77   2.072   0.3618
   16.4     1.93   2.111   0.3636
   16.5     1.66   2.149   0.3672
   16.5     1.76   2.188   0.3735
   16.6     1.85   2.229   0.3682
   16.6     1.72   2.270   0.3632
   16.7     1.99   2.311   0.3714
   16.8     1.82   2.350   0.3736
   16.8     1.77   2.389   0.3701
   16.8     1.76   2.428   0.3670
   16.9     1.79   2.470   0.3658
   16.9     1.62   2.510   0.3669
   17.0     1.72   2.551   0.3680
   17.1     1.62   2.590   0.3632
   17.2     1.68   2.630   0.3640
   17.3     1.89   2.668   0.3671
   17.4     1.58   2.710   0.3637
   17.4     1.56   2.752   0.3596
   17.4     1.65   2.793   0.3599
   17.5     1.39   2.830   0.3581
   17.5     1.48   2.872   0.3563
   17.6     1.26   2.914   0.3537
   17.7     1.44   2.955   0.3484
   17.5     1.14   2.995   0.3575
   17.7     1.42   3.033   0.3590
   17.8     1.21   3.072   0.3547
   18.0     1.73   3.111   0.3554
   17.9     1.38   3.150   0.3621
   18.0     1.21   3.191   0.3655
   18.0     1.24   3.234   0.3569
   18.2     1.09   3.274   0.3571
   18.2     1.26   3.313   0.3600
   18.1     1.38   3.354   0.3526
   18.3     1.03   3.398   0.3462
   18.5     1.31   3.439   0.3388
   18.6     1.33   3.480   0.3409
   18.6     1.42   3.521   0.3426
   18.7     1.13   3.562   0.3410
   18.7     1.17   3.604   0.3440
   18.8     1.27   3.646   0.3482
   18.9     1.15   3.688   0.3479
   19.0     1.29   3.731   0.3500
   19.0     1.10   3.772   0.3484
   19.2     0.79   3.815   0.3535
   19.4     1.09   3.858   0.3455
   19.5     0.92   3.900   0.3462
   19.6     0.95   3.942   0.3522
   19.7     0.97   3.982   0.3547
   19.7     0.76   4.022   0.3464
   19.8     0.61   4.062   0.3464
   19.8     0.50   4.104   0.3427
   20.0     1.11   4.145   0.3491
   20.2     0.83   4.184   0.3520
   20.2     0.58   4.225   0.3409
   20.3     0.57   4.268   0.3346
   20.4     0.57   4.309   0.3434
   20.7     0.65   4.352   0.3534
   20.9     1.24   4.394   0.3537
   20.9     0.86   4.435   0.3530
   21.0     0.61   4.476   0.3516
   21.1     0.28   4.520   0.3449
   21.1     0.41   4.560   0.3334
   21.3     0.55   4.601   0.3347
   21.5     0.52   4.644   0.3319
   21.5     0.29   4.684   0.3112
   21.7     0.34   4.723   0.3196
   21.8     0.31   4.766   0.3239
   21.9     0.30   4.807   0.3119
   22.1     0.36   4.851   0.3203
   22.4     0.63   4.894   0.3211
   22.3     0.39   4.932   0.3190
   22.3    -0.02   4.974   0.3277
   22.5     0.08   5.014   0.3238
   22.7     0.22   5.054   0.3245
   22.7    -0.05   5.095   0.3268
   22.9     0.23   5.137   0.3284
   22.9    -0.17   5.177   0.3376
   23.2     0.15   5.218   0.3340
   23.3     0.03   5.260   0.3448
   23.6     0.47   5.302   0.3470
   23.6    -0.24   5.345   0.3424
   23.6    -0.21   5.384   0.3399
   23.7    -0.25   5.424   0.3253
   24.0    -0.20   5.466   0.3220
   24.2    -0.36   5.505   0.3252
   24.4     0.13   5.545   0.3220
   24.3    -0.45   5.586   0.3385
   24.8     0.27   5.626   0.3404
   24.7    -0.28   5.667   0.3391
   24.9    -0.12   5.709   0.3408
   25.0    -0.59   5.751   0.3423
   25.2    -0.35   5.793   0.3364
   25.3    -0.63   5.836   0.3140
   25.6    -0.39   5.877   0.3174
   25.7    -0.70   5.922   0.3195
   25.7    -0.89   5.962   0.3196
   26.0    -0.35   6.001   0.3182
   26.1    -0.18   6.041   0.3096
   26.4    -0.23   6.081   0.3078
   26.5    -0.63   6.120   0.3022
   26.5    -1.12   6.164   0.2913
   26.7    -0.93   6.206   0.2965
   26.8    -0.76   6.248   0.3068
   27.1    -0.48   6.287   0.3083
   27.4    -0.44   6.327   0.3037
   27.3    -0.62   6.367   0.3024
   27.4    -1.21   6.406   0.3050
   27.6    -1.05   6.445   0.3195
   27.8    -1.07   6.487   0.3276
   28.0    -1.16   6.528   0.3200
   28.1    -1.24   6.566   0.3143
   28.3    -1.17   6.606   0.3242
   28.5    -0.98   6.647   0.3230
   28.6    -1.15   6.688   0.3094
   28.8    -1.10   6.730   0.3040
   29.0    -1.22   6.773   0.3101
   29.2    -1.05   6.816   0.3067
   29.3    -1.37   6.859   0.2989
   29.5    -1.56   6.899   0.2871
   29.5    -1.54   6.938   0.2881
   29.7    -1.62   6.980   0.2896
   29.9    -1.50   7.022   0.2802
   30.3    -1.32   7.063   0.2764
   30.5    -1.07   7.103   0.2746
   30.4    -1.47   7.144   0.2874
   30.7    -1.21   7.186   0.2793
   30.8    -1.63   7.227   0.2786
   31.0    -1.50   7.265   0.2811
   31.1    -1.53   7.306   0.2881
   31.4    -1.74   7.346   0.2879
   31.4    -1.68   7.386   0.3067
   31.7    -1.29   7.429   0.3053
   31.9    -1.23   7.469   0.2975
   32.0    -1.76   7.510   0.2968
   32.2    -1.54   7.552   0.3043
   32.2    -1.78   7.592   0.3039
   32.4    -1.90   7.632   0.2987
   32.7    -1.77   7.675   0.2997
   32.8    -1.61   7.713   0.2960
   33.2    -1.45   7.754   0.2952
   33.3    -1.83   7.796   0.3004
   33.4    -1.72   7.835   0.2915
   33.6    -1.70   7.876   0.2923
   33.7    -1.93   7.918   0.2979
   33.9    -1.99   7.958   0.2923
   34.1    -1.82   7.998   0.2925
   34.3    -2.07   8.039   0.3026
   34.5    -2.12   8.080   0.3058
   34.7    -2.00   8.123   0.3044
   34.7    -2.07   8.162   0.2898
   34.9    -2.09   8.202   0.2959
   35.1    -2.31   8.242   0.3025
   35.4    -2.00   8.283   0.2982
   35.4    -2.33   8.324   0.2910
   35.7    -2.17   8.367   0.2850
   35.8    -2.19   8.406   0.2787
   36.0    -2.33   8.445   0.2816
   36.3    -1.86   8.486   0.2832
   36.5    -1.95   8.526   0.2746
   36.7    -1.92   8.569   0.2777
   36.7    -2.34   8.612   0.2765
   36.9    -2.35   8.653   0.2755
   37.1    -2.21   8.696   0.2819
   37.3    -2.20   8.736   0.2740
   37.5    -2.32   8.777   0.2704
   37.7    -2.06   8.817   0.2693
   37.7    -2.33   8.860   0.2658
   38.1    -2.14   8.901   0.2689
   38.2    -2.53   8.943   0.2611
   38.4    -2.38   8.982   0.2650
   38.5    -2.37   9.022   0.2691
   38.8    -2.58   9.064   0.2820
   38.9    -2.40   9.104   0.2798
   39.0    -2.64   9.146   0.2821
   39.3    -2.71   9.188   0.2784
   39.5    -2.17   9.231   0.2775
   39.6    -2.59   9.272   0.2802
   40.0    -2.20   9.316   0.2807
   40.2    -2.60   9.359   0.2807
   40.3    -2.62   9.400   0.2727
   40.6    -2.39   9.441   0.2745
   40.7    -2.38   9.483   0.2796
   40.8    -2.52   9.526   0.2774
   41.0    -2.55   9.566   0.2721
   41.1    -2.85   9.608   0.2771
   41.3    -2.86   9.648   0.2723
   41.7    -2.28   9.687   0.2811
   41.8    -2.50   9.726   0.2888
   42.0    -2.47   9.767   0.2882
   42.1    -2.64   9.807   0.2916
   42.1    -2.93   9.848   0.2862
   42.5    -2.85   9.887   0.2870
   42.7    -2.27   9.928   0.2864
   42.9    -2.84   9.970   0.2836
   43.1    -2.64  10.011   0.2859
   43.3    -2.66  10.051   0.2770
   43.4    -2.56  10.093   0.2728
   43.6    -2.97  10.134   0.2735
   43.8    -2.50  10.174   0.2713
   43.9    -2.84  10.217   0.2675
   44.2    -2.65  10.258   0.2716
   44.3    -2.61  10.301   0.2745
   44.6    -2.54  10.343   0.2725
   44.6    -2.77  10.385   0.2706
   44.9    -3.02  10.428   0.2671
   45.1    -3.10  10.472   0.2667
   45.4    -2.76  10.512   0.2708
   45.6    -2.67  10.551   0.2800
   45.6    -2.94  10.591   0.2695
   46.0    -2.55  10.631   0.2794
   46.1    -2.88  10.672   0.2724
   46.3    -2.55  10.713   0.2721
   46.4    -2.95  10.754   0.2690
   46.6    -3.00  10.797   0.2679
   46.9    -2.52  10.836   0.2692
   46.9    -3.26  10.876   0.2613
   47.1    -2.91  10.919   0.2650
   47.3    -3.05  10.959   0.2664
   47.5    -3.33  11.000   0.2589
   47.7    -3.12  11.041   0.2604
   47.9    -2.86  11.081   0.2559
   48.1    -2.93  11.122   0.2573
   48.4    -2.94  11.161   0.2548
   48.5    -2.91  11.202   0.2562
   48.7    -2.91  11.242   0.2678
   48.7    -3.28  11.281   0.2716
   49.1    -2.80  11.322   0.2825
   49.2    -3.11  11.364   0.2767
   49.5    -3.03  11.406   0.2712
   49.6    -2.96  11.445   0.2691
   49.8    -2.97  11.484   0.2726
   49.9    -3.10  11.523   0.2663
   50.3    -2.72  11.562   0.2694
   50.2    -3.16  11.603   0.2581
   50.6    -3.02  11.645   0.2576
   50.9    -2.52  11.685   0.2616
   50.9    -2.98  11.725   0.2615
   51.2    -2.84  11.765   0.2624
   51.3    -3.19  11.804   0.2663
   51.6    -2.91  11.848   0.2571
   51.7    -2.80  11.888   0.2631
   51.9    -3.18  11.928   0.2625
   52.2    -2.98  11.968   0.2731
   52.2    -3.25  12.009   0.2729
   52.4    -3.10  12.048   0.2645
   52.8    -2.50  12.088   0.2743
   52.8    -3.21  12.131   0.2725
   53.1    -2.90  12.173   0.2749
   53.2    -3.14  12.212   0.2792
   53.3    -3.59  12.252   0.2707
   53.6    -2.79  12.295   0.2739
   53.7    -3.36  12.336   0.2733
   54.0    -3.07  12.377   0.2770
   54.2    -2.98  12.417   0.2897
   54.4    -2.89  12.455   0.2840
   54.5    -3.21  12.496   0.2839
   54.7    -2.86  12.535   0.2802
   55.0    -3.40  12.575   0.2829
   55.1    -3.25  12.617   0.2825
   55.3    -3.24  12.657   0.2812
   55.5    -3.25  12.696   0.2797
   55.7    -3.45  12.736   0.2709
   56.0    -3.02  12.778   0.2704
   56.1    -3.29  12.818   0.2731
   56.3    -3.27  12.859   0.2619
   56.4    -3.44  12.898   0.2568
   56.6    -3.15  12.936   0.2586
   56.8    -3.36  12.975   0.2488
   57.1    -3.19  13.014   0.2498
   57.2    -3.18  13.055   0.2568
   57.3    -3.42  13.096   0.2579
   57.7    -3.14  13.135   0.2607
   57.7    -3.30  13.177   0.2746
   58.0    -3.12  13.219   0.2795
   58.2    -3.01  13.260   0.2551
   58.5    -2.62  13.301   0.2171
   58.5    -3.48  13.341   0.2145
   58.9    -3.25  13.381   0.2069
   59.0    -3.03  13.420   0.2180
   59.3    -3.07  13.459   0.2417
   59.3    -3.08  13.498   0.2438
   59.5    -3.08  13.540   0.2284
   59.4    -3.58  13.580   0.2242
   59.9    -3.30  13.619   0.2292
   60.1    -2.79  13.659   0.2357
   60.2    -3.16  13.701   0.2421
   60.4    -3.22  13.741   0.2478
   60.7    -3.21  13.782   0.2406
   60.7    -3.63  13.822   0.2410
   60.9    -3.41  13.860   0.2294
   61.1    -3.53  13.900   0.2208
   61.5    -3.16  13.941   0.2200
   61.5    -3.33  13.983   0.2191
   61.8    -3.00  14.025   0.2209
   62.2    -2.78  14.066   0.2045
   62.0    -3.63  14.102   0.1871
   62.4    -3.14  14.145   0.2030
   62.5    -3.28  14.187   0.2025
   62.8    -2.97  14.228   0.1991
   62.9    -3.30  14.269   0.2020
   63.0    -3.59  14.309   0.2011
   63.4    -3.27  14.351   0.2050
   63.6    -3.06  14.392   0.2029
   63.6    -3.38  14.431   0.1976
   63.8    -3.42  14.474   0.2052
   64.1    -3.39  14.515   0.2178
   64.3    -3.33  14.556   0.2182
   64.6    -3.08  14.598   0.2113
   64.6    -3.37  14.639   0.2096
   64.8    -3.27  14.679   0.2115
   65.0    -3.41  14.720   0.2090
   65.4    -3.05  14.760   0.2103
   65.3    -3.44  14.801   0.2096
   65.7    -3.25  14.844   0.2131
   65.8    -3.54  14.885   0.1992
   65.9    -3.75  14.927   0.1959
   66.0    -3.79  14.968   0.1579
   66.5    -3.05  15.008   0.1617
   66.6    -3.25  15.051   0.1697
   66.8    -3.45  15.090   0.2011
   67.1    -3.07  15.131   0.2160
   67.2    -3.28  15.173   0.2113
   67.4    -2.92  15.215   0.2042
   67.5    -3.41  15.255   0.2062
   67.6    -3.45  15.295   0.2004
   68.0    -3.19  15.337   0.2019
   68.2    -3.24  15.376   0.1664
   68.3    -3.47  15.418   0.1648
   68.4    -3.58  15.458   0.1630
   68.7    -3.36  15.497   0.1703
   69.0    -3.21  15.539   0.2112
   69.1    -3.21  15.579   0.2142
   69.4    -3.04  15.620   0.2051
   69.5    -2.91  15.661   0.2055
   69.7    -3.36  15.701   0.2046
   69.9    -3.28  15.743   0.2106
   70.2    -3.06  15.786   0.2114
   70.3    -3.19  15.826   0.2006
   70.4    -3.61  15.865   0.2046
   70.5    -3.73  15.906   0.2003
   70.7    -3.46  15.945   0.1811
   70.9    -3.40  15.986   0.1809
   71.2    -3.50  16.023   0.1707
   71.3    -3.31  16.065   0.1542
   71.6    -3.40  16.107   0.1577
   71.7    -3.50  16.147   0.1611
   72.0    -3.10  16.187   0.1482
   72.1    -3.13  16.227   0.1379
   72.2    -3.26  16.268   0.1415
   72.5    -3.16  16.308   0.1459
   72.7    -3.53  16.347   0.1507
   72.8    -3.48  16.387   0.1527
   73.1    -3.33  16.429   0.1513
   73.3    -3.25  16.471   0.1494
   73.2    -3.44  16.512   0.1528
   73.7    -3.02  16.556   0.2091
   73.9    -3.02  16.598   0.2148
   74.1    -3.28  16.638   0.2137
   74.1    -3.37  16.678   0.2158
   74.2    -3.41  16.722   0.2165
   74.6    -3.10  16.761   0.2146
   74.6    -3.59  16.802   0.1887
   74.9    -3.05  16.844   0.1969
   74.9    -3.55  16.884   0.2094
   75.3    -3.42  16.924   0.2036
   75.4    -3.30  16.965   0.1665
   75.5    -3.45  17.003   0.2008
   76.0    -2.64  17.046   0.1845
   76.1    -3.62  17.086   0.1865
   76.2    -3.35  17.128   0.1835
   76.4    -3.43  17.170   0.1842
   76.7    -2.97  17.211   0.1823
   76.7    -3.27  17.251   0.1940
   76.9    -3.30  17.293   0.1843
   77.1    -3.34  17.331   0.1703
   77.3    -3.54  17.370   0.1709
   77.6    -3.07  17.410   0.1773
   77.7    -3.06  17.451   0.1719
   77.9    -3.49  17.493   0.1868
   78.1    -3.57  17.534   0.1786
   78.3    -3.20  17.573   0.1827
   78.4    -3.74  17.615   0.1855
   78.5    -3.81  17.657   0.1805
   78.8    -3.19  17.697   0.1760
   79.2    -3.11  17.738   0.1763
   79.3    -3.18  17.779   0.1782
   79.6    -2.78  17.819   0.1842
   79.6    -3.58  17.860   0.1791
   80.0    -3.02  17.900   0.1879
   79.9    -3.42  17.942   0.1875
   80.2    -3.24  17.983   0.2046
   80.4    -3.22  18.022   0.2072
   80.4    -3.74  18.061   0.1980
   80.7    -3.47  18.101   0.2144
   80.9    -3.32  18.140   0.2224
   81.2    -2.76  18.180   0.2245
   81.3    -3.24  18.221   0.2300
   81.5    -3.48  18.260   0.2238
   81.7    -3.02  18.299   0.2251
   82.0    -2.91  18.341   0.2192
   82.0    -3.46  18.383   0.2343
   82.2    -3.45  18.423   0.2366
   82.4    -3.38  18.466   0.2329
   82.7    -3.12  18.507   0.2432
   82.7    -3.56  18.549   0.2424
   83.1    -3.18  18.593   0.2443
   83.2    -3.38  18.634   0.2365
   83.4    -3.10  18.677   0.2250
   83.8    -3.17  18.718   0.2237
   83.9    -3.25  18.759   0.2200
   84.0    -3.13  18.801   0.2233
   84.0    -3.77  18.841   0.2240
   84.4    -3.28  18.883   0.2238
   84.6    -3.32  18.924   0.2154
   84.7    -3.63  18.967   0.2184
   85.1    -2.88  19.010   0.1902
   85.1    -3.40  19.052   0.1888
   85.4    -3.04  19.092   0.2146
   85.5    -3.46  19.133   0.2371
   85.7    -3.20  19.173   0.2429
   85.8    -3.42  19.212   0.2367
   86.1    -3.32  19.251   0.2298
   86.2    -3.49  19.292   0.2228
   86.5    -3.06  19.334   0.2218
   86.6    -3.28  19.376   0.2173
   86.8    -3.57  19.417   0.2094
   86.9    -3.38  19.456   0.1948
   87.3    -2.98  19.497   0.1923
   87.5    -3.52  19.538   0.1951
   87.7    -2.95  19.578   0.1930
   87.8    -3.24  19.619   0.2023
   88.0    -3.40  19.662   0.1994
   88.2    -3.21  19.704   0.1975
   88.5    -3.25  19.745   0.1972
   88.4    -3.48  19.786   0.1982
   88.9    -3.21  19.828   0.1915
   89.1    -3.06  19.870   0.1929
   89.2    -3.36  19.910   0.1896
   89.5    -2.69  19.950   0.1851
   89.6    -3.12  19.989   0.1833
   89.7    -3.46  20.029   0.1747
   90.1    -3.22  20.072   0.1726
   90.1    -3.03  20.114   0.1765
   90.1    -3.52  20.155   0.1768
   90.6    -3.22  20.196   0.1915
   90.7    -3.14  20.234   0.1967
   91.0    -3.02  20.279   0.1996
   91.1    -3.28  20.320   0.2028
   91.3    -2.89  20.359   0.1935
   91.5    -2.85  20.398   0.1981
   91.8    -3.02  20.439   0.2032
   92.0    -2.98  20.479   0.2093
   92.3    -2.83  20.518   0.1998
   92.3    -2.93  20.560   0.1948
   92.2    -3.46  20.601   0.1941
   92.7    -3.00  20.642   0.1901
   92.9    -2.92  20.682   0.1842
   92.9    -3.22  20.725   0.1876
   93.2    -3.31  20.767   0.1864
   93.3    -3.01  20.809   0.1919
   93.6    -3.28  20.849   0.1916
   93.8    -3.25  20.889   0.1924
   93.9    -3.33  20.929   0.1907
   94.2    -3.15  20.969   0.1874
   94.4    -2.80  21.011   0.1946
   94.5    -3.30  21.055   0.1935
   94.6    -3.21  21.094   0.2005
   95.0    -2.96  21.135   0.1973
   95.2    -2.51  21.175   0.1979
   95.2    -3.31  21.219   0.1975
   95.6    -2.95  21.260   0.2052
   95.7    -2.61  21.301   0.2040
   95.8    -3.09  21.340   0.2099
   96.1    -3.06  21.378   0.2065
   96.2    -2.85  21.417   0.2083
   96.1    -3.61  21.456   0.2110
   96.6    -3.04  21.498   0.2095
   96.7    -3.71  21.539   0.2136
   97.0    -3.16  21.580   0.2126
   97.3    -2.79  21.618   0.2151
   97.4    -2.90  21.660   0.2225
   97.6    -3.26  21.704   0.2375
   97.7    -3.00  21.744   0.2373
   98.0    -2.79  21.785   0.2319
   97.9    -3.48  21.827   0.2346
   98.4    -3.12  21.864   0.2306
   98.3    -3.51  21.904   0.2342
   98.6    -3.45  21.945   0.2285
   98.9    -3.17  21.987   0.2366
   99.0    -3.16  22.028   0.2368
   99.4    -3.04  22.068   0.2255
   99.5    -2.80  22.110   0.2352
   99.6    -3.46  22.151   0.2310
   99.7    -3.43  22.190   0.2364
  100.1    -2.91  22.230   0.2368
  100.3    -3.15  22.270   0.2417
  100.3    -3.32  22.310   0.2512
  100.6    -3.15  22.350   0.2465
  100.9    -3.00  22.389   0.2477
  101.0    -2.93  22.429   0.2492
  101.2    -3.08  22.471   0.2437
  101.4    -3.07  22.513   0.2508
  101.6    -2.80  22.554   0.2486
  101.7    -3.07  22.594   0.2516
  101.9    -3.17  22.637   0.2508
  102.1    -3.25  22.677   0.2496
  102.4    -3.14  22.716   0.2474
  102.5    -3.20  22.757   0.2458
  102.6    -3.16  22.795   0.2402
  102.8    -3.17  22.835   0.2184
  103.1    -3.20  22.877   0.2206
  103.2    -3.35  22.920   0.2149
  103.5    -2.89  22.960   0.2114
  103.7    -3.17  23.000   0.2111
  103.8    -3.04  23.043   0.2131
  104.0    -3.12  23.083   0.2156
  104.3    -2.88  23.124   0.2138
  104.4    -3.14  23.166   0.2177
  104.5    -3.06  23.205   0.2093
  104.8    -3.32  23.246   0.2096
  105.0    -3.16  23.287   0.2108
  105.1    -3.15  23.327   0.2137
  105.3    -3.07  23.369   0.2109
  105.5    -2.99  23.411   0.2157
  105.8    -2.98  23.450   0.2120
  105.9    -3.09  23.490   0.2249
  106.2    -3.08  23.529   0.2316
  106.4    -2.92  23.572   0.2228
  106.6    -2.91  23.613   0.2242
  106.7    -2.93  23.655   0.2299
  106.9    -2.99  23.693   0.2381
  107.0    -3.18  23.732   0.2323
  107.1    -3.22  23.771   0.2373
  107.5    -3.09  23.811   0.2355
  107.6    -2.88  23.853   0.2470
  107.7    -3.41  23.894   0.2410
  108.1    -2.83  23.932   0.2297
  108.3    -2.90  23.973   0.2231
  108.4    -3.04  24.014   0.2153
  108.7    -2.68  24.055   0.2271
  108.7    -3.41  24.099   0.2260
  109.3    -2.47  24.140   0.2310
  109.3    -3.09  24.180   0.2253
  109.4    -2.86  24.220   0.2248
  109.7    -3.14  24.260   0.2248
  109.8    -2.96  24.300   0.2214
  110.0    -3.07  24.341   0.2242
  110.1    -3.03  24.382   0.2172
  110.3    -3.29  24.420   0.2155
  110.5    -3.09  24.461   0.2063
  110.7    -3.23  24.503   0.1987
  110.9    -3.23  24.543   0.2169
  111.2    -3.21  24.583   0.2057
  111.3    -3.41  24.623   0.1758
  111.5    -3.20  24.665   0.1547
  111.8    -3.35  24.705   0.1990
  111.9    -3.59  24.744   0.1976
  112.1    -3.55  24.786   0.1915
  112.3    -3.70  24.829   0.1921
  112.5    -4.06  24.868   0.1992
  112.7    -3.79  24.910   0.1946
  112.9    -3.78  24.950   0.1735
  113.0    -3.58  24.991   0.1726
  113.1    -4.36  25.032   0.1620
  113.6    -3.81  25.072   0.1602
  113.9    -3.68  25.110   0.1690
  113.8    -4.23  25.150   0.1565
  114.0    -4.41  25.189   0.1647
  114.2    -4.38  25.230   0.1742
  114.4    -4.56  25.272   0.1634
  114.8    -4.02  25.312   0.1771
  114.9    -4.65  25.353   0.1955
  115.0    -4.86  25.392   0.1891
  115.1    -5.09  25.433   0.1850
  115.3    -5.45  25.476   0.1813
  115.7    -4.92  25.517   0.1881
  115.8    -5.00  25.556   0.1847
  115.9    -5.45  25.595   0.1846
  116.1    -5.57  25.636   0.1654
  116.4    -5.35  25.676   0.1586
  116.5    -6.04  25.716   0.1783
  116.6    -5.73  25.758   0.1824
  116.9    -6.02  25.796   0.1944
  117.1    -5.78  25.837   0.1923
  117.3    -6.09  25.877   0.1979
  117.6    -6.09  25.919   0.1838
  117.7    -6.34  25.963   0.1858
  118.1    -6.09  26.003   0.1870
  118.0    -6.43  26.041   0.1846
  118.2    -6.35  26.081   0.1851
  118.4    -6.96  26.123   0.1812
  118.7    -6.83  26.163   0.1880
  118.7    -7.17  26.205   0.1894
  119.1    -6.94  26.247   0.1308
  119.1    -7.48  26.287   0.1396
  119.4    -7.38  26.328   0.1454
  119.5    -7.44  26.369   0.1633
  119.7    -7.83  26.411   0.1385
  119.9    -7.76  26.451   0.1454
  120.1    -7.76  26.490   0.1292
  120.3    -7.94  26.528   0.1318
  120.6    -7.74  26.569   0.1196
  120.6    -8.06  26.610   0.1613
  120.8    -8.15  26.652   0.1569
  121.1    -8.36  26.692   0.1516
  121.1    -8.39  26.731   0.1330
  121.4    -8.41  26.770   0.1202
  121.6    -8.65  26.809   0.1142
  122.0    -7.92  26.851   0.1098
  121.9    -9.07  26.894   0.1246
  122.2    -8.45  26.936   0.1330
  122.4    -9.17  26.976   0.1373
  122.5    -9.27  27.016   0.1340
  122.7    -9.55  27.057   0.1565
  122.9    -9.42  27.095   0.1472
  123.1    -9.47  27.138   0.1286
  123.2    -9.66  27.179   0.1162
  123.5    -9.72  27.221   0.1043
  123.7    -9.62  27.262   0.1210
  123.9   -10.04  27.303   0.1240
  124.0    -9.97  27.346   0.1252
  124.0   -10.49  27.387   0.1355
  124.4   -10.18  27.426   0.1327
  124.6   -10.22  27.467   0.1457
  124.9   -10.11  27.506   0.1603
  125.0   -10.47  27.545   0.1555
  125.0   -10.87  27.587   0.1418
  125.3   -10.80  27.629   0.1077
  125.4   -11.06  27.669   0.1074
  125.6   -11.20  27.707   0.1005
  125.8   -11.13  27.747   0.0860
  126.1   -10.98  27.789   0.0936
  126.2   -11.28  27.833   0.0715
  126.3   -11.50  27.873   0.0647
  126.8   -10.81  27.910   0.0641
  126.7   -11.52  27.952   0.0668
  126.9   -11.43  27.992   0.0573
  127.1   -11.63  28.034   0.0574
  127.3   -11.53  28.076   0.0662
  127.4   -12.05  28.116   0.0547
  127.6   -12.02  28.155   0.0690
  128.0   -11.30  28.196   0.0735
  128.1   -12.09  28.234   0.0670
  128.3   -11.93  28.276   0.0684
  128.4   -11.99  28.318   0.0892
  128.5   -12.18  28.356   0.0881
  128.7   -12.48  28.395   0.0851
  129.0   -12.17  28.435   0.0836
  129.2   -11.92  28.475   0.0895
  129.4   -12.38  28.517   0.0877
  129.4   -13.13  28.558   0.0890
  129.5   -13.10  28.598   0.0823
  129.7   -13.29  28.640   0.1023
  130.0   -13.10  28.681   0.1048
  130.3   -12.82  28.723   0.1075
  130.5   -13.19  28.766   0.0884
  130.6   -13.07  28.806   0.0918
  130.7   -13.66  28.846   0.1009
  130.9   -13.38  28.888   0.1347
  131.2   -13.29  28.927   0.1293
  131.3   -13.60  28.966   0.1259
  131.4   -13.88  29.006   0.1287
  131.6   -13.87  29.045   0.1166
  131.9   -13.83  29.086   0.1267
  132.0   -13.94  29.126   0.1144
  132.2   -13.64  29.167   0.1108
  132.3   -14.24  29.210   0.1133
  132.6   -13.77  29.253   0.1207
  132.6   -14.47  29.292   0.1124
  133.0   -13.89  29.335   0.1050
  133.1   -14.24  29.376   0.1159
  133.3   -14.46  29.415   0.1199
  133.5   -14.37  29.455   0.1639
  133.8   -14.21  29.496   0.1527
  133.9   -14.38  29.535   0.1456
  134.1   -14.51  29.576   0.1335
  134.2   -14.57  29.616   0.1159
  134.4   -14.64  29.660   0.1060
  134.6   -14.78  29.702   0.1062
  134.8   -14.70  29.743   0.1048
  135.1   -14.68  29.783   0.1019
  135.2   -14.51  29.825   0.1025
  135.3   -14.57  29.865   0.1051
  135.5   -14.79  29.905   0.1029
  135.8   -14.52  29.947   0.1263
  135.8   -15.35  29.989   0.1282
  135.9   -15.14  30.029   0.1344
  136.3   -15.09  30.070   0.1104
  136.5   -14.90  30.110   0.0949
  136.5   -15.26  30.153   0.0967
  136.8   -15.06  30.197   0.0913
  136.9   -15.41  30.238   0.0806
  137.2   -14.99  30.281   0.0787
  137.3   -15.56  30.322   0.1055
  137.6   -15.25  30.361   0.1206
  137.6   -15.57  30.401   0.1236
  137.9   -15.34  30.443   0.1292
  138.2   -15.22  30.484   0.1201
  138.3   -15.60  30.526   0.1291
  138.4   -16.14  30.566   0.1237
  138.8   -15.74  30.610   0.1326
  138.8   -16.14  30.651   0.1535
  139.0   -16.09  30.692   0.1644
  139.3   -16.32  30.733   0.1378
  139.3   -16.39  30.774   0.1404
  139.6   -16.15  30.814   0.1508
  139.7   -16.58  30.855   0.1561
  140.1   -15.91  30.896   0.1572
  140.2   -16.32  30.937   0.1641
  140.4   -16.40  30.976   0.1546
  140.5   -16.29  31.016   0.1520
  140.7   -16.93  31.059   0.1553
  140.9   -16.38  31.101   0.1609
  141.1   -16.71  31.143   0.1446
  141.3   -16.74  31.182   0.1320
  141.5   -16.84  31.221   0.1332
  141.5   -16.97  31.264   0.1393
  141.8   -16.98  31.306   0.1375
  142.0   -16.92  31.347   0.1365
  142.3   -16.54  31.387   0.1480
  142.2   -17.07  31.428   0.1424
  142.5   -17.15  31.470   0.1469
  142.7   -17.23  31.512   0.1510
  143.0   -16.75  31.555   0.1486
  143.1   -17.11  31.597   0.1440
  143.4   -16.86  31.639   0.1405
  143.5   -16.53  31.682   0.1499
  143.7   -16.68  31.724   0.1545
  143.9   -16.75  31.766   0.1469
  144.2   -16.61  31.807   0.1461
  144.3   -16.61  31.848   0.1448
  144.5   -16.03  31.888   0.1435
  144.7   -16.46  31.929   0.1447
  144.9   -16.40  31.970   0.1336
  145.0   -16.46  32.012   0.1212
  145.3   -16.29  32.054   0.1119
  145.5   -16.10  32.096   0.1017
  145.7   -16.39  32.139   0.1077
  145.7   -16.12  32.180   0.0992
  146.1   -16.01  32.221   0.0953
  146.3   -15.58  32.263   0.0994
  146.5   -15.53  32.306   0.0955
  146.7   -15.51  32.347   0.0962
  146.9   -15.96  32.386   0.0898
  147.1   -15.55  32.428   0.0996
  147.1   -16.12  32.472   0.1044
  147.5   -15.48  32.514   0.0948
  147.6   -15.63  32.557   0.1003
  148.0   -15.19  32.596   0.0935
  148.1   -15.51  32.637   0.0869
  148.2   -15.52  32.676   0.0941
  148.5   -15.31  32.717   0.0993
  148.6   -15.40  32.759   0.1001
  148.9   -15.14  32.803   0.1036
  149.0   -15.33  32.843   0.0981
  149.4   -14.70  32.884   0.0945
  149.5   -14.37  32.926   0.0987
  149.7   -14.48  32.967   0.0929
  149.9   -14.46  33.009   0.0936
  150.0   -14.53  33.049   0.0905
  150.2   -14.26  33.091   0.0814
  150.5   -14.17  33.133   0.0842
  150.8   -14.07  33.175   0.0755
  150.9   -13.96  33.215   0.0783
  151.3   -13.70  33.257   0.0744
  151.3   -13.72  33.299   0.0732
  151.6   -13.78  33.340   0.0808
  151.8   -13.78  33.381   0.0785
  151.9   -13.50  33.423   0.0787
  152.2   -13.38  33.463   0.0725
  152.5   -13.14  33.506   0.0715
  152.6   -13.05  33.548   0.0740
  152.9   -12.83  33.589   0.0683
  153.0   -13.01  33.628   0.0680
  153.2   -12.75  33.666   0.0723
  153.3   -12.87  33.708   0.0672
  153.5   -12.71  33.750   0.0708
  153.9   -12.58  33.791   0.0715
  154.1   -12.66  33.833   0.0672
  154.3   -11.99  33.877   0.0676
  154.5   -11.96  33.920   0.0601
  154.7   -12.29  33.960   0.0513
  154.9   -11.91  34.000   0.0484
  155.1   -11.66  34.041   0.0489
  155.2   -11.76  34.081   0.0461
  155.4   -11.71  34.124   0.0355
  155.8   -11.35  34.169   0.0408
  155.9   -11.21  34.211   0.0452
  156.2   -11.12  34.252   0.0400
  156.2   -11.59  34.295   0.0427
  156.6   -10.99  34.336   0.0440
  156.8   -10.99  34.378   0.0366
  157.1   -10.62  34.418   0.0384
  157.2   -10.85  34.459   0.0355
  157.5   -10.23  34.498   0.0309
  157.7    -9.96  34.538   0.0362
  157.8   -10.34  34.579   0.0302
  158.1    -9.83  34.620   0.0255
  158.3   -10.04  34.662   0.0286
  158.3    -9.80  34.703   0.0246
  158.7    -9.41  34.743   0.0266
  158.9    -9.76  34.785   0.0235
  159.2    -9.13  34.827   0.0241
  159.4    -9.09  34.869   0.0247
  159.6    -9.04  34.909   0.0275
  159.7    -9.13  34.947   0.0354
  160.0    -8.67  34.985   0.0276
  160.2    -8.12  35.024   0.0280
  160.4    -8.55  35.062   0.0224
  160.6    -8.26  35.104   0.0249
  160.8    -8.09  35.143   0.0249
  160.9    -7.97  35.183   0.0173
  161.2    -7.88  35.224   0.0214
  161.4    -7.82  35.266   0.0168
  161.7    -7.36  35.307   0.0217
  161.7    -7.73  35.348   0.0218
  162.1    -7.47  35.387   0.0247
  162.2    -7.47  35.426   0.0274
  162.4    -7.57  35.467   0.0188
  162.7    -7.13  35.509   0.0206
  163.0    -7.23  35.548   0.0147
  163.1    -7.26  35.591   0.0178
  163.5    -7.04  35.632   0.0150
  163.6    -6.72  35.673   0.0186
  163.9    -6.50  35.714   0.0104
  163.9    -6.93  35.754   0.0076
  164.3    -6.37  35.795   0.0066
  164.6    -5.94  35.837   0.0027
  164.8    -5.75  35.876   0.0094
  164.9    -5.92  35.916   0.0051
  165.2    -6.01  35.957   0.0107
  165.4    -5.61  35.998   0.0044
  165.6    -5.46  36.040   0.0074
  165.7    -5.68  36.082   0.0033
  166.0    -5.33  36.123   0.0091
  166.3    -5.82  36.166   0.0057
  166.3    -5.64  36.208   0.0001
  166.6    -5.42  36.249  -0.0032
  166.9    -5.00  36.294  -0.0014
  167.3    -4.52  36.334  -0.0064
  167.4    -4.46  36.374  -0.0049
  167.7    -4.37  36.413   0.0012
  167.8    -4.61  36.455  -0.0039
  168.1    -4.16  36.498   0.0001
  168.3    -4.29  36.540  -0.0016
  168.5    -4.22  36.581   0.0037
  168.7    -4.43  36.621   0.0035
  169.0    -3.93  36.663  -0.0001
  169.1    -4.33  36.705  -0.0070
  169.4    -3.93  36.747   0.0012
  169.6    -4.07  36.787  -0.0051
  169.9    -3.88  36.826  -0.0044
  170.0    -3.73  36.866  -0.0069
  170.3    -3.46  36.906  -0.0054
  170.4    -3.50  36.946  -0.0070
  170.6    -3.13  36.988  -0.0119
  170.9    -2.77  37.028  -0.0078
  171.2    -2.75  37.065  -0.0110
  171.3    -2.86  37.107  -0.0101
  171.6    -2.52  37.150  -0.0176
  171.7    -3.10  37.194  -0.0180
  171.9    -2.89  37.234  -0.0165
  172.1    -2.75  37.275  -0.0147
  172.4    -2.60  37.315  -0.0187
  172.7    -2.48  37.356  -0.0196
  173.0    -1.96  37.396  -0.0242
  173.0    -2.65  37.436  -0.0203
  173.2    -2.55  37.479  -0.0237
  173.4    -2.57  37.522   0.0048
  173.6    -2.33  37.565   0.0043
  174.0    -2.18  37.608   0.0030
  174.2    -1.81  37.651   0.0026
  174.4    -1.52  37.695   0.0004
  174.6    -1.62  37.736  -0.0016
  174.8    -1.68  37.779   0.0033
  175.0    -1.80  37.819  -0.0019
  175.3    -1.34  37.859   0.0018
  175.5    -1.21  37.899  -0.0079
  175.7    -1.14  37.942  -0.0160
  175.8    -1.34  37.982  -0.0194
  176.1    -1.02  38.025  -0.0407
  176.4    -0.89  38.066  -0.0593
  176.6    -0.97  38.108  -0.0675
  176.7    -0.86  38.152  -0.0679
  177.0    -0.67  38.192  -0.0700
  177.2    -0.95  38.234  -0.0550
  177.6    -0.23  38.275  -0.0199
  177.6    -0.63  38.315  -0.0683
  177.8    -0.34  38.355  -0.0346
  178.1    -0.13  38.397  -0.0275
  178.2    -0.44  38.439  -0.0450
  178.6    -0.11  38.480   0.0057
  178.8    -0.19  38.521  -0.0304
  178.9    -0.18  38.562  -0.0162
  179.1    -0.21  38.606   0.0299
  179.4    -0.15  38.645   0.0793
  179.5     0.09  38.685  -0.0444
  179.7    -0.07  38.729  -0.0121
  180.1     0.39  38.770   0.0484
  180.3     0.44  38.813  -0.0555
  180.5     0.07  38.857  -0.0360
  180.7     0.69  38.897  -0.0563
  180.9     0.28  38.938  -0.0751
  181.0    -0.02  38.980  -0.0389
  181.3     0.59  39.022   0.0488
  181.5     0.40  39.065   0.0230
  181.9     0.71  39.108  -0.0715
  182.0     0.83  39.150   0.0527
  182.2     0.45  39.193  -0.0115
  182.3     0.47  39.235  -0.0500
  182.7     1.19  39.274   0.0301
  182.8     0.59  39.316   0.0010
  182.9     0.50  39.357   0.0898
  183.4     1.14  39.397  -0.0310
  183.5     0.98  39.438   0.0724
  183.6     1.12  39.480   0.1635
  183.9     0.78  39.523   0.1351
  184.2     1.00  39.565   0.0213
  184.2     0.92  39.604  -0.0760
  184.6     1.20  39.644  -0.0979
  184.7     1.19  39.684   0.0609
  184.9     1.02  39.725   0.2082
  185.1     1.50  39.764   0.1724
  185.3     0.87  39.806  -0.2010
  185.5     1.19  39.846  -0.2068
  185.8     1.31  39.887   0.0832
  185.9     1.21  39.929  -0.0518
  186.1     1.50  39.972  -0.0723
  186.4     1.29  40.015  -0.0573
  186.8     2.19  40.054  -0.1180
  186.8     1.22  40.098  -0.1229
  187.0     1.29  40.143   0.0506
  187.3     1.33  40.185   0.0522
  187.4     1.16  40.226  -0.2095
  187.8     1.64  40.269  -0.0767
  188.0     1.66  40.310  -0.0385
  188.2     1.68  40.352  -0.1621
  188.3     1.53  40.393  -0.1058
  188.6     1.75  40.436   0.0108
  188.7     1.35  40.480  -0.0818
  189.1     1.77  40.520  -0.2276
  189.1     1.47  40.560  -0.0904
  189.6     2.15  40.602  -0.0334
  189.7     1.71  40.643  -0.2156
  189.9     1.91  40.685  -0.1222
  190.2     1.99  40.727   0.0491
  190.2     1.61  40.770  -0.0154
  190.7     2.38  40.811   0.0048
  190.7     1.98  40.852  -0.0520
  190.9     2.01  40.894  -0.0284
  191.2     1.84  40.937   0.0027
  191.3     1.94  40.977  -0.1119
  191.6     2.17  41.019  -0.2843
  191.9     2.24  41.062  -0.2766
  192.0     2.35  41.104   0.0172
  192.3     2.22  41.146   0.0080
  192.5     2.29  41.189  -0.2311
  192.8     2.33  41.230  -0.4060
  193.0     2.09  41.273  -0.3673
  193.1     2.17  41.312  -0.4576
  193.4     2.38  41.352  -0.2803
  193.6     2.33  41.393  -0.0221
  193.8     2.57  41.434   0.1281
  193.9     2.23  41.474  -0.0739
  194.2     2.38  41.516  -0.2828
  194.5     3.05  41.555  -0.3313
  194.7     2.66  41.595  -0.3231
  194.7     2.16  41.635  -0.3286
  195.2     3.21  41.676  -0.3074
  195.4     2.54  41.717  -0.2193
  195.6     2.51  41.757  -0.0562
  195.7     2.95  41.799  -0.0237
  196.0     2.81  41.841  -0.0259
  196.1     2.36  41.884  -0.0073
  196.4     2.74  41.925  -0.0601
  196.5     2.67  41.965  -0.1256
  196.6     2.56  42.006  -0.1358
  196.9     2.52  42.050  -0.1366
  197.1     2.32  42.092  -0.1348
  197.3     2.62  42.134  -0.1156
  197.7     2.58  42.177  -0.1170
  197.7     2.56  42.218  -0.1892
  198.0     3.13  42.259  -0.2090
  198.2     2.72  42.302  -0.1988
  198.4     2.77  42.342  -0.1941
  198.8     3.14  42.382  -0.1850
  198.8     2.75  42.421  -0.1870
  199.2     2.78  42.462  -0.1857
  199.2     2.69  42.500  -0.1841
  199.3     2.56  42.540  -0.1794
  199.6     2.97  42.582  -0.1812
  199.9     2.73  42.624  -0.1745
  200.0     2.83  42.667  -0.1676
  200.3     3.21  42.707  -0.1523
  200.5     2.96  42.751  -0.1284
  200.7     2.59  42.793  -0.0366
  201.0     2.91  42.834   0.0959
  201.2     2.86  42.875  -0.5299
  201.5     3.00  42.914  -0.5246
  201.6     3.06  42.953  -0.2215
  201.9     2.91  42.991  -0.0731
  201.9     3.13  43.031   0.0050
  202.2     2.83  43.073   0.0125
  202.3     2.79  43.112  -0.0517
  202.7     2.89  43.154  -0.0995
  202.9     3.05  43.195  -0.0020
  203.1     3.07  43.237   0.0124
  203.3     3.03  43.279  -0.2668
  203.6     3.31  43.319  -0.3340
  203.7     3.11  43.358  -0.3326
  203.9     3.22  43.399  -0.3203
  204.2     3.39  43.439  -0.3260
  204.5     3.24  43.481  -0.3161
  204.6     3.09  43.520  -0.3267
  204.7     3.27  43.561  -0.3204
  205.1     3.36  43.604  -0.3281
  205.3     3.49  43.643  -0.3271
  205.5     3.23  43.688  -0.3341
  205.7     3.17  43.729  -0.3642
  205.8     3.06  43.768  -0.3841
  206.1     3.56  43.809  -0.4086
  206.3     3.42  43.851  -0.4007
  206.5     3.24  43.893  -0.4190
  206.8     3.05  43.936  -0.4302
  207.1     3.64  43.978  -0.4695
  207.2     3.59  44.022  -0.4608
  207.4     3.03  44.065  -0.4763
  207.6     3.30  44.105  -0.4680
  207.8     3.13  44.148  -0.4859
  208.0     3.30  44.191  -0.4863
  208.3     3.51  44.229  -0.4824
  208.5     3.27  44.270  -0.5014
  208.6     3.25  44.308  -0.5119
  208.9     3.19  44.350  -0.5133
  209.1     3.29  44.389  -0.5035
  209.3     3.31  44.428  -0.5164
  209.4     3.51  44.468  -0.5130
  209.8     3.88  44.510  -0.5073
  210.1     3.80  44.550  -0.4939
  210.3     3.39  44.591  -0.4930
  210.4     3.55  44.631  -0.4877
  210.5     3.42  44.672  -0.4836
  210.8     3.38  44.713  -0.4831
  210.9     3.09  44.754  -0.4863
  211.3     3.62  44.793  -0.4991
  211.6     3.83  44.831  -0.5051
  211.8     3.93  44.870  -0.5515
  211.9     3.75  44.909  -0.5524
  212.2     3.75  44.951  -0.5389
  212.4     3.49  44.991  -0.5394
  212.4     3.47  45.032  -0.5349
  212.7     3.53  45.074  -0.5304
  213.0     3.43  45.115  -0.5258
  213.3     3.91  45.156  -0.5386
  213.3     3.67  45.196  -0.5435
  213.6     3.53  45.236  -0.5283
  213.8     3.38  45.274  -0.5143
  213.9     3.58  45.313  -0.5115
  214.3     3.68  45.352  -0.4952
  214.5     3.61  45.392  -0.5027
  214.7     3.81  45.435  -0.4839
  214.9     3.47  45.476  -0.4765
  215.1     3.93  45.516  -0.4567
  215.3     3.68  45.557  -0.4516
  215.5     3.79  45.599  -0.4579
  215.7     3.86  45.642  -0.4894
  215.8     3.32  45.685  -0.4651
  216.2     3.87  45.724  -0.4192
  216.4     3.73  45.762  -0.4401
  216.7     3.86  45.802  -0.4973
  216.8     3.84  45.842  -0.5459
  217.1     3.87  45.883  -0.5989
  217.1     3.44  45.923  -0.5976
  217.5     3.90  45.962  -0.6132
  217.9     4.44  46.004  -0.6078
  217.7     3.46  46.044  -0.5925
  218.0     3.80  46.087  -0.5902
  218.3     3.77  46.127  -0.5964
  218.6     4.39  46.166  -0.5796
  218.7     3.44  46.204  -0.5408
  219.0     3.78  46.246  -0.5553
  219.2     3.98  46.288  -0.5553
  219.4     3.86  46.330  -0.5707
  219.5     3.70  46.373  -0.4349
  219.8     3.99  46.414  -0.4218
  220.0     3.69  46.455  -0.4027
  220.3     3.91  46.495  -0.3732
  220.4     3.75  46.537  -0.3613
  220.7     4.11  46.579  -0.3508
  220.9     4.22  46.620  -0.3463
  221.1     4.05  46.661  -0.3541
  221.4     4.19  46.706  -0.3621
  221.4     3.59  46.748  -0.3782
  221.9     3.96  46.787  -0.4008
  221.9     3.73  46.828  -0.4154
  222.2     3.79  46.869  -0.4225
  222.4     3.98  46.910  -0.4322
  222.7     3.90  46.950  -0.4336
  222.7     3.82  46.993  -0.4474
  223.2     4.21  47.036  -0.4432
  223.2     3.80  47.077  -0.4449
  223.5     3.80  47.117  -0.4510
  223.8     4.14  47.156  -0.4400
  223.9     4.04  47.195  -0.4408
  224.1     4.02  47.233  -0.4436
  224.2     3.80  47.274  -0.4397
  224.5     3.79  47.316  -0.4592
  224.6     3.66  47.355  -0.5071
  224.9     4.01  47.395  -0.5800
  225.1     3.95  47.435  -0.6570
  225.4     3.94  47.474  -0.7509
  225.7     4.27  47.518  -0.8390
  225.7     3.83  47.559  -0.9510
  226.0     3.91  47.597  -1.0490
  226.3     4.28  47.638  -1.1174
  226.4     4.42  47.679  -1.1822
  226.6     4.25  47.719  -1.2536
  226.8     4.01  47.762  -1.2318
  227.1     4.25  47.804  -0.7855
  227.2     3.86  47.843  -0.9310
  227.4     3.86  47.883  -1.0559
  227.7     4.30  47.923  -1.0382
  228.0     4.46  47.965  -0.9194
  228.1     4.08  48.007  -0.8315
  228.3     4.29  48.048  -0.7957
  228.5     3.85  48.089  -0.7784
  228.7     4.17  48.128  -0.7549
  229.0     4.03  48.169  -0.7892
  229.3     4.55  48.213  -0.7858
  229.5     4.12  48.255  -0.7645
  229.6     4.12  48.293  -0.7325
  229.7     3.74  48.333  -0.7169
  230.1     4.52  48.372  -0.6951
  230.2     4.03  48.415  -0.6840
  230.5     4.62  48.457  -0.6520
  230.7     4.28  48.499  -0.7128
  230.8     3.92  48.538  -0.7124
  231.1     4.35  48.578  -0.7094
  231.3     4.01  48.619  -0.7383
  231.6     4.88  48.658  -0.7168
  231.8     4.37  48.700  -0.7085
  232.0     4.48  48.740  -0.7114
  232.4     4.60  48.781  -0.6853
  232.3     4.11  48.824  -0.7042
  232.5     4.05  48.866  -0.7152
  232.9     4.38  48.910  -0.6661
  233.0     4.32  48.951  -0.6781
  233.1     4.14  48.991  -0.7525
  233.5     4.31  49.033  -0.7356
  233.6     3.94  49.073  -0.4106
  234.0     4.88  49.111  -0.4081
  234.2     4.72  49.152  -0.4222
  234.4     4.33  49.194  -0.4105
  234.5     4.28  49.232  -0.3975
  234.8     4.30  49.272  -0.3836
  234.9     4.02  49.312  -0.3930
  235.2     4.57  49.356  -0.4322
  235.3     4.06  49.398  -0.5607
  235.5     4.25  49.439  -0.7310
  235.8     4.06  49.478  -0.8566
  236.1     4.39  49.520  -0.9512
  236.2     4.64  49.560  -1.0418
  236.5     4.66  49.599  -1.1058
  236.5     4.16  49.642  -1.1507
  236.6     3.89  49.684  -1.1458
  237.1     4.37  49.726  -1.0426
  237.3     4.10  49.768  -0.8704
  237.6     4.45  49.810  -0.7610
  237.6     4.39  49.853  -0.5165
  238.0     4.64  49.892  -0.3873
  238.1     4.00  49.933  -0.4252
  238.3     4.02  49.974  -0.4437
  238.5     4.44  50.013  -0.4454
  238.8     4.38  50.053  -0.4777
  239.1     4.59  50.096  -0.5703
  239.3     4.35  50.137  -0.7485
  239.4     4.45  50.178  -0.8667
  239.6     4.14  50.220  -0.9640
  239.8     4.32  50.262  -1.0294
  240.0     4.46  50.305  -1.0850
  240.3     4.64  50.345  -1.1440
  240.4     4.26  50.385  -1.1847
  240.7     4.60  50.426  -1.2269
  241.0     4.53  50.467  -1.2409
  241.1     4.16  50.506  -1.0190
  241.2     4.15  50.545  -0.5429
  241.5     4.50  50.586  -0.4842
  241.6     4.24  50.624  -0.4492
  241.9     4.45  50.666  -0.4116
  242.2     4.40  50.708  -0.3679
  242.4     4.45  50.748  -0.3277
  242.6     4.73  50.788  -0.3134
  242.9     4.41  50.828  -0.2746
  243.1     4.41  50.868  -0.2510
  243.2     4.51  50.910  -0.2136
  243.5     4.53  50.951  -0.1695
  243.6     4.48  50.989  -0.1543
  243.9     4.69  51.030  -0.1488
  244.1     4.61  51.071  -0.1356
  244.3     4.30  51.110  -0.1356
  244.5     4.47  51.151  -0.1425
  244.7     4.58  51.190  -0.1544
  244.7     4.20  51.233  -0.1778
  244.9     4.56  51.274  -0.2005
  245.3     4.59  51.315  -0.2231
  245.4     4.60  51.356  -0.2353
  245.6     4.34  51.395  -0.2426
  245.8     4.49  51.435  -0.2568
  246.1     4.91  51.475  -0.2565
  246.2     4.39  51.517  -0.2526
  246.6     4.53  51.557  -0.2651
  246.8     4.85  51.598  -0.2741
  246.9     4.67  51.638  -0.2772
  247.1     4.18  51.680  -0.2704
  247.3     4.47  51.723  -0.2725
  247.5     4.40  51.762  -0.2834
  247.7     4.77  51.804  -0.2886
  247.9     4.52  51.845  -0.3082
  248.1     4.53  51.884  -0.3410
  248.3     4.66  51.923  -0.3627
  248.6     4.54  51.965  -0.3706
  248.7     4.61  52.006  -0.3735
  248.9     4.73  52.049  -0.3744
  249.2     4.75  52.090  -0.3691
  249.3     4.35  52.133  -0.3539
  249.6     5.01  52.177  -0.3061
  249.7     4.63  52.217  -0.2924
  250.1     4.79  52.257  -0.2866
  250.3     4.92  52.298  -0.2764
  250.5     4.58  52.337  -0.2838
  250.6     4.74  52.376  -0.2677
  251.1     5.40  52.417  -0.2722
  250.9     4.45  52.459  -0.2688
  251.4     4.90  52.501  -0.2817
  251.5     4.63  52.541  -0.2748
  251.7     4.72  52.585  -0.2802
  251.9     4.75  52.626  -0.2680
  252.2     4.61  52.670  -0.2666
  252.5     4.88  52.710  -0.2632
  252.5     4.64  52.751  -0.2627
  252.8     4.76  52.792  -0.2642
  252.9     4.64  52.832  -0.2462
  253.2     4.91  52.872  -0.2449
  253.4     4.99  52.914  -0.2388
  253.5     4.30  52.955  -0.2532
  253.8     4.77  52.996  -0.2617
  254.0     4.65  53.035  -0.2875
  254.2     5.03  53.077  -0.2949
  254.4     4.55  53.119  -0.2940
  254.6     4.74  53.160  -0.2870
  254.9     4.74  53.202  -0.2743
  254.9     4.37  53.242  -0.2745
  255.2     4.70  53.281  -0.2698
  255.4     4.61  53.320  -0.2729
  255.5     4.35  53.359  -0.2809
  256.0     5.02  53.400  -0.2817
  256.1     4.86  53.440  -0.2635
  256.3     4.92  53.480  -0.2495
  256.5     4.74  53.520  -0.2173
  256.7     4.60  53.561  -0.2125
  256.9     5.08  53.603  -0.2047
  256.9     4.65  53.646  -0.1901
  257.4     4.83  53.686  -0.1832
  257.6     4.94  53.727  -0.1807
  257.6     4.28  53.767  -0.1645
  258.0     4.77  53.808  -0.1730
  258.1     5.02  53.850  -0.1648
  258.2     4.63  53.893  -0.1277
  258.6     5.12  53.935  -0.1219
  258.8     4.98  53.976  -0.1170
  258.8     4.83  54.019  -0.1180
  259.3     5.23  54.061  -0.1231
  259.5     4.96  54.102  -0.1234
  259.6     5.01  54.140  -0.1134
  259.9     5.23  54.181  -0.0887
  260.0     4.69  54.219  -0.0918
  260.1     4.92  54.258  -0.0872
  260.3     4.63  54.299  -0.0736
  260.5     4.76  54.340  -0.0757
  260.7     4.83  54.382  -0.0578
  261.0     4.97  54.423  -0.0564
  261.2     4.60  54.467  -0.0466
  261.5     4.90  54.510  -0.0391
  261.6     4.80  54.552  -0.0380
  261.9     4.89  54.591  -0.0309
  262.0     4.82  54.631  -0.0082
  262.2     4.94  54.669   0.0141
  262.5     4.93  54.708   0.0271
  262.5     4.90  54.746   0.0335
  262.8     4.98  54.785   0.0411
  263.0     5.19  54.828   0.0597
  263.2     4.79  54.868   0.0742
  263.4     4.91  54.907   0.0851
  263.6     4.80  54.951   0.1038
  263.9     4.80  54.993   0.1082
  263.9     4.55  55.035   0.1185
  264.2     5.14  55.075   0.1309
  264.3     4.73  55.116   0.1410
  264.5     4.58  55.154   0.1442
  264.8     4.73  55.192   0.1595
  265.0     4.86  55.232   0.1732
  265.4     5.07  55.273   0.1814
  265.5     5.05  55.314   0.1912
  265.7     5.10  55.353   0.1984
  265.7     4.57  55.393   0.1966
  265.9     4.70  55.434   0.1952
  266.3     5.33  55.476   0.2113
  266.4     4.85  55.516   0.2326
  266.7     4.86  55.557   0.2396
  266.9     5.29  55.596   0.2502
  267.0     4.56  55.637   0.2651
  267.3     5.26  55.679   0.2684
  267.5     5.34  55.722   0.2816
  267.7     5.16  55.763   0.2828
  268.0     5.34  55.805   0.2951
  268.0     4.96  55.849   0.3078
  268.3     4.74  55.890   0.3188
  268.5     4.82  55.932   0.3282
  268.7     4.80  55.973   0.3307
  269.1     5.38  56.015   0.3393
  269.1     4.93  56.053   0.2998
  269.4     5.21  56.093   0.2889
  269.5     5.07  56.134   0.2903
  269.7     5.07  56.174   0.3167
  270.0     4.95  56.215   0.3269
  270.1     5.00  56.256   0.3344
  270.1     4.52  56.295   0.3466
  270.5     4.81  56.337   0.3540
  270.8     5.16  56.380   0.3765
  270.8     4.72  56.420   0.3873
  271.2     4.81  56.460   0.3925
  271.4     4.99  56.498   0.3970
  271.6     5.06  56.537   0.4108
  271.8     4.67  56.578   0.4186
  271.8     4.69  56.619   0.4253
  272.3     4.94  56.664   0.4365
  272.4     4.83  56.706   0.4415
  272.6     4.61  56.745   0.4423
  272.9     5.13  56.787   0.4569
  272.9     4.89  56.829   0.4683
  273.1     4.74  56.870   0.4757
  273.4     4.68  56.911   0.4895
  273.4     4.59  56.954   0.4897
  273.8     4.62  56.991   0.4463
  274.0     4.84  57.032   0.3795
  274.2     4.63  57.071   0.3040
  274.4     4.74  57.112   0.2289
  274.7     5.33  57.152   0.1289
  274.9     4.61  57.192  -0.0133
  275.0     4.78  57.231  -0.2083
  275.4     5.20  57.274  -0.4305
  275.4     4.73  57.315  -0.7227
  275.6     5.03  57.358  -0.5545
  275.9     4.64  57.398  -0.4360
  276.3     5.01  57.439  -0.6435
  276.2     4.66  57.480  -0.3920
  276.6     5.08  57.521  -0.3574
  276.8     5.21  57.560  -0.6208
  276.9     4.99  57.602  -0.9522
  277.1     5.06  57.643  -0.7176
  277.3     4.64  57.682  -0.8068
  277.6     5.06  57.725  -0.9732
  277.7     4.50  57.766  -0.5821
  277.9     4.74  57.809  -0.7717
  278.2     4.97  57.852  -0.7233
  278.4     4.87  57.894  -0.1804
  278.5     5.00  57.938   0.0289
  278.8     4.85  57.980   0.1630
  279.0     4.95  58.022   0.2449
  279.3     5.18  58.066   0.3100
  279.4     4.76  58.106   0.3605
  279.6     4.77  58.146   0.3961
  279.9     4.91  58.186   0.4320
  280.2     4.90  58.229   0.4583
  280.4     5.26  58.271   0.4868
  280.5     4.78  58.315   0.5110
  280.9     5.33  58.355   0.5384
  281.0     4.97  58.397   0.5704
  281.2     5.20  58.438   0.5969
  281.4     5.12  58.478   0.6195
  281.4     4.72  58.518   0.6422
  281.9     5.13  58.560   0.6673
  282.0     4.80  58.600   0.6943
  282.1     4.48  58.640   0.7115
  282.4     5.09  58.682   0.7396
  282.6     4.70  58.722   0.7696
  282.9     5.04  58.763   0.7843
  283.0     4.71  58.806   0.8103
  283.3     4.71  58.844   0.8297
  283.5     4.87  58.884   0.8632
  283.7     4.96  58.924   0.8878
  284.0     5.24  58.963   0.9015
  284.1     4.73  59.003   0.9301
  284.4     5.18  59.046   0.9587
  284.5     4.88  59.086   0.9924
  284.7     5.06  59.127   1.0146
  285.0     5.17  59.168   1.0433
  285.2     4.94  59.208   1.0690
  285.2     4.70  59.249   1.1023
  285.5     4.76  59.288   1.1310
  285.8     4.98  59.325   1.1483
  285.9     4.93  59.366   1.1784
  286.2     5.14  59.407   1.1998
  286.3     5.11  59.447   1.2293
  286.5     4.79  59.490   1.2553
  286.8     5.22  59.530   1.2773
  287.0     5.09  59.570   1.2931
  287.3     5.14  59.612   1.3261
  287.3     4.76  59.652   1.3438
  287.6     5.16  59.695   1.3631
  287.8     4.83  59.736   1.3837
  288.0     5.13  59.778   1.4207
  288.2     4.89  59.821   1.4388
  288.5     5.38  59.863   1.4592
  288.7     4.75  59.905   1.4306
  288.8     4.83  59.947   1.3050
  289.0     4.60  59.988   1.1330
  289.1     4.69  60.028   0.9632
  289.5     4.90  60.067   1.0677
  289.6     4.85  60.107   1.0154
  289.8     4.60  60.150   0.8674
  290.1     5.15  60.191   0.8487
  290.0     4.71  60.229   0.6720
  290.4     4.88  60.269   0.6639
  290.7     4.96  60.311   0.6656
  290.9     5.02  60.350   0.7822
  290.9     4.87  60.389   0.8979
  291.2     4.74  60.432   0.9144
  291.7     5.92  60.471   0.8205
  291.7     5.16  60.511   0.9101
  291.8     4.66  60.551   0.9023
  292.2     4.96  60.593   0.8125
  292.2     4.76  60.635   0.9621
  292.4     5.02  60.678   1.0829
  292.6     4.62  60.720   1.1712
  292.8     5.01  60.761   1.2329
  293.0     5.09  60.800   1.2923
  293.3     4.82  60.842   1.3348
  293.6     5.11  60.883   1.3830
  293.6     4.60  60.925   1.4336
  293.8     4.74  60.966   1.4794
  294.1     5.00  61.007   1.5276
  294.4     5.03  61.047   1.5727
  294.4     4.63  61.089   1.6177
  294.7     4.80  61.130   1.6620
  294.8     4.79  61.168   1.7030
  295.1     4.92  61.208   1.7495
  295.3     4.87  61.247   1.7779
  295.5     4.74  61.285   1.7834
  295.7     4.80  61.323   1.7834
  295.8     5.00  61.366   1.7834
  296.0     4.67  61.408   1.7834
  296.4     5.16  61.451   1.7834
  296.4     4.84  61.490   1.7834
  296.6     4.79  61.531   1.7834
  296.9     4.72  61.574   1.7834
  297.1     5.05  61.616   1.7834
  297.3     5.04  61.656   1.7834
  297.4     4.53  61.698   1.7834
  297.8     5.02  61.738   1.7834
  298.1     5.56  61.776   1.7834
  298.3     5.23  61.819   1.7834
  298.4     5.10  61.860   1.7834
  298.6     4.96  61.901   1.7834
  298.8     4.85  61.942   1.7834
  299.0     5.31  61.982   1.7834
  299.1     4.60  62.025   1.7834
  299.4     5.17  62.065   1.7834
  299.4     4.63  62.105   1.7834
  299.8     4.77  62.145   1.7834
  299.8     4.50  62.183   1.7834
  300.1     4.76  62.224   1.7834
  300.3     4.63  62.267   1.7834
  300.6     5.05  62.308   1.7834
  300.9     5.08  62.349   1.7834
  300.9     4.61  62.389   1.7834
  301.3     5.15  62.429   1.7834
  301.3     4.64  62.472   1.7834
  301.6     4.59  62.513   1.7834
  301.9     5.28  62.554   1.7834
  301.9     4.82  62.595   1.7834
  302.2     4.84  62.637   1.7834
  302.4     4.78  62.679   1.7834
  302.7     5.00  62.721   1.7834
  302.8     5.11  62.763   1.7834
  303.1     5.03  62.804   1.7834
  303.4     5.46  62.846   1.7834
  303.4     4.75  62.886   1.7834
  303.6     4.89  62.928   1.7834
  304.0     5.34  62.970   1.7834
  304.1     4.86  63.010   1.7834
  304.2     4.74  63.050   1.7834
  304.6     5.37  63.092   1.7834
  304.6     4.65  63.131   1.7834
  304.8     4.76  63.172   1.7834
  305.1     4.92  63.212   1.7834
  305.2     4.76  63.253   1.7834
  305.5     4.81  63.293   1.7834
  305.7     5.20  63.334   1.7834
  306.0     5.46  63.375   1.7834
  306.1     5.23  63.418   1.7834
  306.2     4.66  63.459   1.7834
  306.3     4.53  63.500   1.7834
  306.6     4.86  63.539   1.7834
  306.8     4.89  63.578   1.7834
  307.0     4.80  63.618   1.7834
  307.3     5.18  63.660   1.7834
  307.4     4.86  63.702   1.7834
  307.8     5.54  63.745   1.7834
  307.9     4.99  63.788   1.7834
  308.0     4.93  63.828   1.7834
  308.3     5.34  63.871   1.7834
  308.4     4.78  63.914   1.7834
  308.7     5.42  63.956   1.7834
  308.8     5.09  63.996   1.7834
  309.1     4.83  64.036   1.7834
  309.2     4.91  64.076   1.7834
  309.4     4.95  64.116   1.7834
  309.6     4.81  64.157   1.7834
  309.9     5.50  64.198   1.7834
  310.0     4.74  64.241   1.7834
  310.3     5.20  64.279   1.7834
  310.4     4.89  64.322   1.7834
  310.6     4.95  64.364   1.7834
  310.9     5.06  64.405   1.7834
  311.1     5.07  64.446   1.7834
  311.3     5.27  64.486   1.7834
  311.5     5.06  64.526   1.7834
  311.6     5.03  64.565   1.7834
  311.9     5.25  64.604   1.7834
  311.9     4.75  64.646   1.7834
  312.4     5.47  64.689   1.7834
  312.6     5.43  64.729   1.7834
  312.6     4.91  64.768   1.7834
  312.8     4.97  64.810   1.7834
  313.0     4.95  64.852   1.7834
  313.3     5.16  64.894   1.7834
  313.5     5.20  64.932   1.7834
  313.6     5.04  64.973   1.7834
  313.9     5.08  65.017   1.7834
  314.2     5.33  65.059   1.7834
  314.2     4.53  65.101   1.7834
  314.6     5.40  65.143   1.7834
  314.7     5.12  65.184   1.7834
  315.0     5.39  65.226   1.7834
  315.1     5.00  65.269   1.7834
  315.3     4.94  65.311   1.7834
  315.6     5.23  65.353   1.7834
  315.8     5.33  65.393   1.7834
  315.9     4.77  65.432   1.7834
  316.2     5.00  65.474   1.7834
  316.5     5.39  65.514   1.7834
  316.6     4.96  65.556   1.7834
  316.9     5.64  65.599   1.7834
  317.1     5.37  65.641   1.7834
  317.2     5.09  65.681   1.7834
  317.4     5.23  65.723   1.7834
  317.7     5.37  65.765   1.7834
  317.8     5.20  65.806   1.7834
  318.1     5.55  65.845   1.7834
  318.3     5.31  65.886   1.7834
  318.5     5.42  65.928   1.7834
  318.8     5.68  65.970   1.7834
  319.0     5.71  66.010   1.7834
  319.2     5.61  66.051   1.7834
  319.4     5.52  66.091   1.7834
  319.6     5.58  66.131   1.7834
  319.8     5.49  66.172   1.7834
  319.9     5.25  66.214   1.7834
  320.2     5.41  66.255   1.7834
  320.4     5.70  66.297   1.7834
  320.6     5.41  66.335   1.7834
  320.9     6.06  66.374   1.7834
  321.0     5.49  66.412   1.7834
  321.3     5.94  66.455   1.7834
  321.4     5.38  66.496   1.7834
  321.6     5.75  66.538   1.7834
  321.8     5.24  66.579   1.7834
  322.1     5.47  66.620   1.7834
  322.3     5.78  66.662   1.7834
  322.5     5.56  66.704   1.7834
  322.7     5.28  66.747   1.7834
  322.9     5.64  66.789   1.7834
  323.2     5.73  66.829   1.7834
  323.4     5.80  66.868   1.7834
  323.7     6.00  66.909   1.7834
  323.9     6.10  66.948   1.7834
  323.9     5.46  66.989   1.7834
  324.2     5.60  67.030   1.7834
  324.4     5.67  67.067   1.7834
  324.6     5.61  67.112   1.7834
  324.9     5.82  67.154   1.7834
  325.1     5.86  67.198   1.7834
  325.3     5.79  67.239   1.7834
  325.6     5.98  67.281   1.7834
  325.7     5.64  67.322   1.7834
  326.0     5.72  67.366   1.7834
  326.2     6.15  67.406   1.7834
  326.5     6.33  67.448   1.7834
  326.6     5.74  67.492   1.7834
  326.9     5.92  67.530   1.7834
  327.1     6.07  67.570   1.7834
  327.3     5.96  67.611   1.7834
  327.5     6.08  67.653   1.7834
  327.7     5.84  67.696   1.7834
  328.0     6.10  67.737   1.7834
  328.1     5.92  67.775   1.7834
  328.3     5.78  67.815   1.7834
  328.6     6.19  67.854   1.7834
  328.8     6.55  67.894   1.7834
  329.0     6.27  67.936   1.7834
  329.1     6.00  67.977   1.7834
  329.3     5.96  68.018   1.7834
  329.6     6.20  68.060   1.7834
  329.8     6.09  68.099   1.7834
  330.0     6.15  68.144   1.7834
  330.3     6.30  68.185   1.7834
  330.5     6.27  68.223   1.7834
  330.6     5.99  68.264   1.7834
  331.0     6.49  68.304   1.7834
  331.2     6.76  68.344   1.7834
  331.3     5.98  68.385   1.7834
  331.5     6.18  68.425   1.7834
  331.7     6.26  68.465   1.7834
  332.1     6.97  68.505   1.7834
  332.2     6.33  68.545   1.7834
  332.4     6.59  68.588   1.7834
  332.7     6.49  68.631   1.7834
  332.8     6.65  68.671   1.7834
  333.1     6.82  68.711   1.7834
  333.3     6.74  68.750   1.7834
  333.5     6.71  68.792   1.7834
  333.6     6.44  68.831   1.7834
  333.9     6.44  68.873   1.7834
  334.0     6.39  68.912   1.7834
  334.4     7.08  68.955   1.7834
  334.5     6.60  68.996   1.7834
  334.8     6.64  69.037   1.7834
  335.1     7.10  69.080   1.7834
  335.2     6.80  69.123   1.7834
  335.5     7.07  69.163   1.7834
  335.6     6.86  69.207   1.7834
  335.9     7.11  69.248   1.7834
  336.1     6.91  69.288   1.7834
  336.3     6.95  69.332   1.7834
  336.7     7.87  69.372   1.7834
  336.8     7.28  69.411   1.7834
  337.0     7.42  69.452   1.7834
  337.3     7.63  69.491   1.7834
  337.5     7.71  69.533   1.7834
  337.7     7.63  69.576   1.7834
  337.8     7.54  69.616   1.7834
  338.0     7.47  69.656   1.7834
  338.2     7.52  69.696   1.7834
  338.5     7.85  69.738   1.7834
  338.6     7.54  69.781   1.7834
  339.0     7.80  69.823   1.7834
  339.1     7.84  69.862   1.7834
  339.4     7.99  69.904   1.7834
  339.6     7.96  69.943   1.7834
  339.8     8.22  69.986   1.7834
  340.0     7.94  70.027   1.7834
  340.2     8.10  70.067   1.7834
  340.4     8.11  70.107   1.7834
  340.6     8.10  70.148   1.7834
  341.0     8.64  70.190   1.7834
  341.1     8.30  70.230   1.7834
  341.4     8.70  70.274   1.7834
  341.6     8.89  70.313   1.7834
  341.7     8.54  70.354   1.7834
  342.0     8.96  70.396   1.7834
  342.2     8.99  70.438   1.7834
  342.4     9.02  70.481   1.7834
  342.7     9.04  70.523   1.7834
  342.9     9.02  70.563   1.7834
  343.1     9.44  70.603   1.7834
  343.2     8.79  70.645   1.7834
  343.5     9.19  70.686   1.7834
  343.7     9.20  70.727   1.7834
  344.1     9.81  70.766   1.7834
  344.3     9.53  70.806   1.7834
  344.4     9.29  70.847   1.7834
  344.6     9.47  70.888   1.7834
  344.9     9.79  70.931   1.7834
  345.1     9.78  70.973   1.7834
  345.3     9.73  71.012   1.7834
  345.7    10.54  71.054   1.7834
  345.7     9.72  71.096   1.7834
  346.0    10.12  71.137   1.7834
  346.2    10.03  71.179   1.7834
  346.4    10.30  71.224   1.7834
  346.7    10.55  71.266   1.7834
  346.8    10.27  71.310   1.7834
  347.1    10.52  71.349   1.7834
  347.5    11.10  71.391   1.7834
  347.5    10.76  71.433   1.7834
  347.9    11.22  71.474   1.7834
  348.1    11.11  71.514   1.7834
  348.2    11.07  71.556   1.7834
  348.4    10.87  71.595   1.7834
  348.7    11.48  71.634   1.7834
  348.8    11.23  71.677   1.7834
  349.1    11.38  71.718   1.7834
  349.4    11.70  71.759   1.7834
  349.5    11.49  71.801   1.7834
  349.8    11.85  71.844   1.7834
  350.1    12.03  71.886   1.7834
  350.2    11.85  71.927   1.7834
  350.5    12.21  71.968   1.7834
  350.8    12.63  72.007   1.7834
  350.9    12.35  72.047   1.7834
  351.0    12.10  72.087   1.7834
  351.3    12.60  72.129   1.7834
  351.5    12.39  72.171   1.7834
  351.7    12.39  72.211   1.7834
  352.0    12.58  72.252   1.7834
  352.1    12.65  72.291   1.7834
  352.4    12.98  72.333   1.7834
  352.7    13.08  72.374   1.7834
  352.8    13.09  72.414   1.7834
  353.1    13.34  72.454   1.7834
  353.2    13.20  72.495   1.7834
  353.5    13.48  72.537   1.7834
  353.8    13.84  72.577   1.7834
  354.0    13.71  72.619   1.7834
  354.1    13.45  72.660   1.7834
  354.4    13.87  72.700   1.7834
  354.7    14.20  72.740   1.7834
  354.8    14.09  72.782   1.7834
  355.1    14.34  72.825   1.7834
  355.4    14.83  72.865   1.7834
  355.5    14.21  72.904   1.7834
  355.7    14.76  72.946   1.7834
  355.9    14.52  72.987   1.7834
  356.3    15.08  73.027   1.7834
  356.4    14.99  73.069   1.7834
  356.6    15.13  73.108   1.7834
  356.9    15.44  73.149   1.7834
  357.0    15.22  73.192   1.7834
  357.4    16.11  73.233   1.7834
  357.4    15.45  73.277   1.7834
  357.8    16.20  73.319   1.7834
  358.0    15.78  73.358   1.7834
  358.3    16.43  73.398   1.7834
  358.4    16.09  73.438   1.7834
  358.7    16.51  73.479   1.7834
  358.9    16.64  73.521   1.7834
  359.0    16.58  73.562   1.7834
  359.4    17.05  73.603   1.7834
  359.6    17.05  73.644   1.7834
  359.7    16.97  73.684   1.7834
  360.0    17.37  73.727   1.7834
  360.3    17.40  73.769   1.7834
  360.5    17.53  73.813   1.7834
  360.6    17.20  73.853   1.7834
  360.8    17.70  73.894   1.7834
  361.2    18.13  73.937   1.7834
  361.5    18.61  73.980   1.7834
  361.7    18.59  74.024   1.7834
  362.0    18.54  74.066   1.7834
  362.2    18.59  74.107   1.7834
  362.3    18.47  74.147   1.7834
  362.6    18.68  74.191   1.7834
  362.8    18.91  74.233   1.7834
  363.1    18.92  74.274   1.7834
  363.2    18.70  74.315   1.7834
  363.4    19.35  74.355   1.7834
  363.7    19.27  74.394   1.7834
  363.9    19.35  74.436   1.7834
  364.2    19.85  74.475   1.7834
  364.4    19.55  74.517   1.7834
  364.6    19.74  74.559   1.7834
  364.9    20.09  74.599   1.7834
  365.2    20.26  74.640   1.7834
  365.3    19.96  74.684   1.7834
  365.5    20.50  74.724   1.7834
  365.6    20.21  74.765   1.7834
  365.9    20.26  74.806   1.7834
  366.2    20.71  74.847   1.7834
  366.4    20.74  74.889   1.7834
  366.7    21.05  74.932   1.7834
  366.9    21.01  74.976   1.7834
  367.1    20.86  75.020   1.7834
  367.4    21.22  75.062   1.7834
  367.5    21.08  75.105   1.7834
  367.8    21.15  75.147   1.7834
  368.1    21.40  75.189   1.7834
  368.4    22.00  75.229   1.7834
  368.5    21.51  75.270   1.7834
  368.7    21.53  75.313   1.7834
  368.9    21.70  75.353   1.7834
  369.3    21.89  75.395   1.7834
  369.4    21.32  75.438   1.7834
  369.7    21.79  75.483   1.7834
  369.8    21.74  75.523   1.7834
  370.1    21.61  75.565   1.7834
  370.3    22.02  75.608   1.7834
  370.7    22.62  75.648   1.7834
  370.8    22.32  75.689   1.7834
  371.0    22.00  75.730   1.7834
  371.3    22.48  75.772   1.7834
  371.5    22.59  75.814   1.7834
  371.8    22.71  75.855   1.7834
  372.0    22.73  75.897   1.7834
  372.1    22.38  75.940   1.7834
  372.4    22.64  75.979   1.7834
  372.5    22.34  76.021   1.7834
  372.8    22.98  76.060   1.7834
  373.0    22.76  76.100   1.7834
  373.3    23.03  76.140   1.7834
  373.4    22.87  76.181   1.7834
  373.5    22.42  76.221   1.7834
  373.8    22.89  76.265   1.7834
  374.0    22.63  76.306   1.7834
  374.1    22.40  76.347   1.7834
  374.5    22.92  76.390   1.7834
  374.7    22.76  76.431   1.7834
  374.8    23.00  76.472   1.7834
  375.0    22.68  76.514   1.7834
  375.3    22.94  76.557   1.7834
  375.5    22.95  76.599   1.7834
  375.8    23.38  76.640   1.7834
  375.9    23.05  76.680   1.7834
  376.2    23.28  76.721   1.7834
  376.2    22.83  76.761   1.7834
  376.7    23.49  76.802   1.7834
  376.8    23.31  76.846   1.7834
  377.0    23.20  76.889   1.7834
  377.2    23.43  76.929   1.7834
  377.5    23.49  76.970   1.7834
  377.6    23.16  77.012   1.7834
  377.9    23.20  77.053   1.7834
  378.0    23.26  77.094   1.7834
  378.2    23.27  77.135   1.7834
  378.5    23.48  77.174   1.7834
  378.7    23.66  77.213   1.7834
  378.9    23.31  77.252   1.7834
  378.9    22.96  77.292   1.7834
  379.3    23.44  77.334   1.7834
  379.5    23.36  77.373   1.7834
  379.7    23.77  77.414   1.7834
  379.7    23.08  77.456   1.7834
  380.0    23.21  77.497   1.7834
  380.3    23.64  77.539   1.7834
  380.5    23.40  77.578   1.7834
  380.7    23.64  77.617   1.7834
  381.0    24.48  77.656   1.7834
  381.0    23.54  77.697   1.7834
  381.2    23.46  77.737   1.7834
  381.6    23.85  77.781   1.7834
  381.7    23.75  77.822   1.7834
  381.9    23.51  77.862   1.7834
  382.2    24.05  77.903   1.7834
  382.4    24.32  77.946   1.7834
  382.6    23.75  77.988   1.7834
  382.8    23.94  78.030   1.7834
  383.0    23.83  78.071   1.7834
  383.3    24.22  78.114   1.7834
  383.3    23.89  78.157   1.7834
  383.5    23.72  78.198   1.7834
  383.8    23.86  78.244   1.7834
  384.1    24.30  78.285   1.7834
  384.4    24.47  78.324   1.7834
  384.4    23.96  78.365   1.7834
  384.6    24.11  78.406   1.7834
  385.0    24.86  78.448   1.7834
  385.1    24.32  78.489   1.7834
  385.3    24.36  78.528   1.7834
  385.4    24.17  78.570   1.7834
  385.6    24.13  78.612   1.7834
  385.9    24.46  78.651   1.7834
  386.1    24.60  78.692   1.7834
  386.3    24.39  78.735   1.7834
  386.6    24.72  78.777   1.7834
  386.8    24.56  78.821   1.7834
  386.9    24.76  78.862   1.7834
  387.1    24.72  78.904   1.7834
  387.4    24.81  78.946   1.7834
  387.6    24.95  78.987   1.7834
  387.7    24.65  79.027   1.7834
  388.0    24.88  79.072   1.7834
  388.2    24.72  79.111   1.7834
  388.5    25.42  79.152   1.7834
  388.7    25.24  79.194   1.7834
  388.8    25.05  79.235   1.7834
  389.1    25.34  79.280   1.7834
  389.2    25.07  79.322   1.7834
  389.5    25.35  79.365   1.7834
  389.7    25.14  79.409   1.7834
  389.8    25.33  79.450   1.7834
  390.1    25.05  79.490   1.7834
  390.4    25.51  79.531   1.7834
  390.4    25.03  79.571   1.7834
  390.6    25.18  79.613   1.7834
  390.9    25.01  79.654   1.7834
  391.1    25.53  79.692   1.7834
  391.4    25.60  79.732   1.7834
  391.6    25.44  79.771   1.7834
  391.8    25.71  79.811   1.7834
  391.9    25.28  79.854   1.7834
  392.1    25.22  79.896   1.7834
  392.4    25.57  79.935   1.7834
  392.5    25.39  79.976   1.7834
  392.8    25.45  80.017   1.7834
  393.1    25.65  80.055   1.7834
  393.1    25.34  80.097   1.7834
  393.4    25.39  80.139   1.7834
  393.6    25.27  80.176   1.7834
  393.7    25.38  80.218   1.7834
  394.0    25.52  80.260   1.7834
  394.3    25.56  80.303   1.7834
  394.5    25.27  80.348   1.7834
  394.5    24.95  80.388   1.7834
  394.8    25.09  80.427   1.7834
  395.0    25.04  80.470   1.7834
  395.3    25.18  80.511   1.7834
  395.4    24.84  80.552   1.7834
  395.6    24.78  80.593   1.7834
  395.9    25.37  80.631   1.7834
  396.0    24.77  80.671   1.7834
  396.4    25.52  80.714   1.7834
  396.5    25.00  80.756   1.7834
  396.6    24.68  80.800   1.7834
  396.8    24.44  80.840   1.7834
  397.0    24.75  80.881   1.7834
  397.3    24.75  80.922   1.7834
  397.4    24.45  80.963   1.7834
  397.7    24.62  81.004   1.7834
  397.8    24.44  81.048   1.7834
  398.0    24.78  81.087   1.7834
  398.2    24.35  81.128   1.7834
  398.4    24.45  81.170   1.7834
  398.7    24.60  81.211   1.7834
  398.8    24.25  81.254   1.7834
  399.0    23.97  81.298   1.7834
  399.2    24.14  81.341   1.7834
  399.4    23.96  81.383   1.7834
  399.7    24.20  81.424   1.7834
  399.7    23.88  81.464   1.7834
  400.1    24.54  81.506   1.7834
  400.2    23.84  81.547   1.7834
  400.5    23.99  81.588   1.7834
  400.6    23.84  81.631   1.7834
  400.8    23.75  81.673   1.7834
  401.0    23.67  81.716   1.7834
  401.2    23.57  81.760   1.7834
  401.4    23.48  81.799   1.7834
  401.5    23.15  81.841   1.7834
  401.9    23.73  81.882   1.7834
  402.1    23.83  81.921   1.7834
  402.2    23.25  81.964   1.7834
  402.5    23.55  82.004   1.7834
  402.5    23.02  82.045   1.7834
  402.8    23.31  82.088   1.7834
  403.0    23.28  82.129   1.7834
  403.3    23.47  82.172   1.7834
  403.5    23.38  82.214   1.7834
  403.7    23.11  82.256   1.7834
  404.0    23.76  82.297   1.7834
  404.0    22.71  82.337   1.7834
  404.1    22.43  82.378   1.7834
  404.4    22.80  82.418   1.7834
  404.7    23.20  82.461   1.7834
  404.8    22.70  82.501   1.7834
  405.0    22.68  82.545   1.7834
  405.2    22.57  82.586   1.7834
  405.4    22.38  82.627   1.7834
  405.7    22.50  82.672   1.7834
  405.9    22.93  82.712   1.7834
  406.1    22.65  82.753   1.7834
  406.3    22.56  82.795   1.7834
  406.5    22.35  82.834   1.7834
  406.6    22.25  82.876   1.7834
  406.8    21.84  82.919   1.7834
  407.1    22.42  82.962   1.7834
  407.3    22.06  83.003   1.7834
  407.4    21.96  83.046   1.7834
  407.8    22.23  83.089   1.7834
  407.9    22.17  83.131   1.7834
  408.1    21.96  83.174   1.7834
  408.3    21.88  83.215   1.7834
  408.6    22.51  83.258   1.7834
  408.7    21.84  83.300   1.7834
  409.0    22.12  83.342   1.7834
  409.0    21.48  83.384   1.7834
  409.4    22.21  83.426   1.7834
  409.4    21.49  83.468   1.7834
  409.6    21.42  83.510   1.7834
  409.9    21.78  83.551   1.7834
  410.1    21.45  83.596   1.7834
  410.3    21.77  83.636   1.7834
  410.5    21.32  83.679   1.7834
  410.7    21.72  83.721   1.7834
  410.9    21.17  83.762   1.7834
  411.1    21.19  83.806   1.7834
  411.3    21.24  83.848   1.7834
  411.5    21.33  83.890   1.7834
  411.6    21.09  83.934   1.7834
  412.0    21.12  83.975   1.7834
  412.1    21.05  84.018   1.7834
  412.4    20.95  84.062   1.7834
  412.6    21.03  84.104   1.7834
  412.7    20.72  84.146   1.7834
  412.9    20.82  84.186   1.7834
  413.2    20.89  84.227   1.7834
  413.3    20.69  84.266   1.7834
  413.6    21.05  84.307   1.7834
  413.7    20.72  84.350   1.7834
  413.8    20.42  84.391   1.7834
  414.1    20.40  84.433   1.7834
  414.4    20.82  84.474   1.7834
  414.6    20.78  84.518   1.7834
  414.8    20.52  84.557   1.7834
  414.9    20.27  84.599   1.7834
  415.2    20.50  84.640   1.7834
  416.4    19.33  90.659   1.7834
  419.6    14.91  90.704   1.7834
  420.2    13.85  90.747   1.7834
  420.7    12.90  90.787   1.7834
  421.4    13.17  90.827   1.7834
  422.0    12.95  90.869   1.7834
  422.6    13.17  90.915   1.7834
  423.3    12.95  90.957   1.7834
  423.9    12.80  91.000   1.7834
  424.7    13.20  91.043   1.7834
  425.6    13.92  91.086   1.7834
  426.2    13.61  91.129   1.7834
  427.2    14.51  91.171   1.7834
  427.9    14.12  91.211   1.7834
  428.7    14.53  91.252   1.7834
  429.6    14.93  91.292   1.7834
  430.4    15.23  91.333   1.7834
  431.1    14.92  91.376   1.7834
  432.0    15.33  91.416   1.7834
  432.8    15.15  91.454   1.7834
  433.7    15.95  91.495   1.7834
  434.6    16.14  91.537   1.7834
  435.3    15.65  91.582   1.7834
  436.3    16.14  91.625   1.7834
  437.0    16.00  91.667   1.7834
  438.0    16.30  91.710   1.7834
  438.9    16.85  91.749   1.7834
  439.6    16.73  91.792   1.7834
  440.3    16.61  91.834   1.7834
  441.1    16.64  91.877   1.7834
  441.8    16.39  91.920   1.7834
  442.6    16.61  91.961   1.7834
  443.3    16.33  92.003   1.7834
  443.9    16.24  92.046   1.7834
  444.8    16.27  92.090   1.7834
  445.6    16.79  92.134   1.7834
  446.3    16.68  92.179   1.7834
  446.9    16.38  92.222   1.7834
  447.5    16.22  92.264   1.7834
  448.1    15.68  92.306   1.7834
  448.6    16.04  92.348   1.7834
  449.2    15.87  92.389   1.7834
  449.7    15.60  92.427   1.7834
  450.3    15.70  92.469   1.7834
  450.9    15.78  92.512   1.7834
  451.4    15.82  92.553   1.7834
  451.9    15.33  92.593   1.7834
  452.5    15.64  92.634   1.7834
  452.8    15.17  92.676   1.7834
  453.3    15.28  92.717   1.7834
  453.7    14.95  92.761   1.7834
  454.2    14.80  92.802   1.7834
  454.6    14.65  92.842   1.7834
  455.0    14.40  92.882   1.7834
  455.5    14.73  92.923   1.7834
  455.8    14.46  92.965   1.7834
  456.2    14.48  93.006   1.7834
  456.5    14.01  93.049   1.7834
  457.1    14.56  93.090   1.7834
  457.4    13.90  93.134   1.7834
  457.7    13.92  93.176   1.7834
  458.0    13.58  93.219   1.7834
  458.4    13.71  93.260   1.7834
  458.8    13.79  93.303   1.7834
  459.0    13.31  93.347   1.7834
  459.4    13.44  93.390   1.7834
  459.8    13.43  93.433   1.7834
  460.2    13.56  93.476   1.7834
  460.4    13.02  93.516   1.7834
  460.9    13.68  93.558   1.7834
  461.0    12.86  93.599   1.7834
  461.3    12.82  93.638   1.7834
  461.5    12.61  93.679   1.7834
  461.8    12.88  93.722   1.7834
  462.1    13.21  93.764   1.7834
  462.4    12.69  93.807   1.7834
  462.4    12.00  93.850   1.7834
  462.8    12.20  93.895   1.7834
  463.1    12.31  93.938   1.7834
  463.3    12.04  93.979   1.7834
  463.6    12.16  94.022   1.7834
  463.8    11.54  94.064   1.7834
  464.0    11.74  94.104   1.7834
  464.3    11.99  94.144   1.7834
  464.4    11.48  94.187   1.7834
  464.6    11.32  94.230   1.7834
  465.0    11.50  94.272   1.7834
  465.1    11.38  94.313   1.7834
  465.5    11.52  94.356   1.7834
  465.5    10.98  94.401   1.7834
  465.9    11.11  94.443   1.7834
  466.2    11.68  94.486   1.7834
  466.3    11.21  94.529   1.7834
  466.4    10.67  94.572   1.7834
  466.6    10.59  94.614   1.7834
  466.9    10.66  94.657   1.7834
  467.1    10.80  94.697   1.7834
  467.3    10.78  94.740   1.7834
  467.4    10.50  94.781   1.7834
  467.6    10.28  94.825   1.7834
  467.8    10.36  94.867   1.7834
  468.0    10.34  94.910   1.7834
  468.2    10.12  94.950   1.7834
  468.5    10.41  94.991   1.7834
  468.7    10.19  95.033   1.7834
  468.7     9.79  95.075   1.7834
  468.8     9.57  95.118   1.7834
  469.1     9.59  95.160   1.7834
  469.3     9.70  95.202   1.7834
  469.5     9.72  95.243   1.7834
  469.7     9.71  95.286   1.7834
  469.9     9.34  95.328   1.7834
  470.0     9.23  95.370   1.7834
  470.3     9.30  95.409   1.7834
  470.5     9.85  95.451   1.7834
  470.7     9.70  95.492   1.7834
  470.7     8.84  95.531   1.7834
  470.9     8.98  95.571   1.7834
  471.3     9.73  95.615   1.7834
  471.3     9.00  95.657   1.7834
  471.3     8.50  95.700   1.7834
  471.6     8.87  95.740   1.7834
  471.8     8.93  95.786   1.7834
  471.9     8.38  95.826   1.7834
  472.1     8.48  95.868   1.7834
  472.3     8.32  95.910   1.7834
  472.4     8.38  95.949   1.7834
  472.6     8.27  95.991   1.7834
  472.7     7.86  96.032   1.7834
  472.8     7.86  96.074   1.7834
  473.2     8.36  96.117   1.7834
  473.2     7.77  96.159   1.7834
  473.3     7.67  96.201   1.7834
  473.5     7.48  96.246   1.7834
  473.6     7.37  96.287   1.7834
  473.9     7.36  96.330   1.7834
  474.1     7.56  96.371   1.7834
  474.2     7.52  96.410   1.7834
  474.4     7.41  96.450   1.7834
  474.6     7.35  96.490   1.7834
  474.7     7.25  96.535   1.7834
  474.9     7.09  96.580   1.7834
  475.0     7.00  96.621   1.7834
  475.3     7.38  96.664   1.7834
  475.4     6.99  96.707   1.7834
  475.6     6.90  96.749   1.7834
  475.8     7.18  96.789   1.7834
  476.0     7.03  96.831   1.7834
  476.1     6.72  96.876   1.7834
  476.4     6.94  96.918   1.7834
  476.7     7.10  96.961   1.7834
  476.8     6.60  97.004   1.7834
  476.9     6.60  97.047   1.7834
  477.1     6.62  97.087   1.7834
  477.4     6.96  97.129   1.7834
  477.4     6.28  97.173   1.7834
  477.6     6.38  97.215   1.7834
  477.8     6.63  97.257   1.7834
  478.0     6.54  97.298   1.7834
  478.2     6.59  97.338   1.7834
  478.4     6.71  97.380   1.7834
  478.5     6.44  97.420   1.7834
  478.7     6.34  97.461   1.7834
  478.9     6.21  97.501   1.7834
  479.0     5.81  97.542   1.7834
  479.3     6.42  97.584   1.7834
  479.4     5.86  97.628   1.7834
  479.8     6.76  97.670   1.7834
  479.8     5.86  97.711   1.7834
  480.0     5.70  97.752   1.7834
  480.2     6.16  97.791   1.7834
  480.4     5.96  97.835   1.7834
  480.4     5.44  97.876   1.7834
  480.7     5.66  97.918   1.7834
  481.1     6.75  97.961   1.7834
  481.3     6.24  98.003   1.7834
  481.4     6.11  98.046   1.7834
  481.6     6.24  98.089   1.7834
  481.7     5.96  98.130   1.7834
  482.0     6.22  98.171   1.7834
  482.1     6.11  98.214   1.7834
  482.2     5.59  98.255   1.7834
  482.4     5.75  98.296   1.7834
  482.6     5.50  98.336   1.7834
  482.9     6.07  98.375   1.7834
  483.0     6.05  98.417   1.7834
  483.1     5.55  98.457   1.7834
  483.3     5.81  98.498   1.7834
  483.5     5.44  98.541   1.7834
  483.7     5.61  98.583   1.7834
  484.0     5.84  98.625   1.7834
  484.1     5.58  98.667   1.7834
  484.3     5.45  98.708   1.7834
  484.5     5.60  98.748   1.7834
  484.8     5.74  98.790   1.7834
  484.9     5.65  98.830   1.7834
  485.0     5.35  98.870   1.7834
  485.3     5.48  98.912   1.7834
  485.4     5.33  98.952   1.7834
  485.5     5.21  98.995   1.7834
  485.8     5.49  99.038   1.7834
  486.0     5.21  99.080   1.7834
  486.2     5.51  99.123   1.7834
  486.6     6.50  99.163   1.7834
  486.5     5.08  99.204   1.7834
  486.7     5.14  99.244   1.7834
  487.0     5.34  99.284   1.7834
  487.2     5.43  99.326   1.7834
  487.3     5.19  99.366   1.7834
  487.5     5.10  99.409   1.7834
  487.8     5.39  99.451   1.7834
  488.1     6.09  99.492   1.7834
  488.1     5.26  99.533   1.7834
  488.3     5.29  99.578   1.7834
  488.5     4.85  99.619   1.7834
  488.9     5.52  99.661   1.7834
  489.0     5.30  99.704   1.7834
  489.2     5.47  99.748   1.7834
  489.4     5.13  99.791   1.7834
  489.6     5.30  99.833   1.7834
  489.7     4.77  99.874   1.7834
  490.0     5.45  99.916   1.7834
  490.2     5.27  99.957   1.7834
  490.4     5.43 100.000   1.7834
  490.6     5.53 100.043   1.7834
  490.8     5.26 100.084   1.7834
  491.0     5.27 100.126   1.7834
  491.3     5.53 100.170   1.7834
  491.5     5.48 100.212   1.7834
  491.7     5.59 100.255   1.7834
  491.8     5.00 100.297   1.7834
  492.0     5.37 100.339   1.7834
  492.3     5.81 100.379   1.7834
  492.4     5.27 100.420   1.7834
  492.7     5.32 100.463   1.7834
  492.8     5.16 100.506   1.7834
  493.1     5.27 100.548   1.7834
  493.3     5.63 100.587   1.7834
  493.4     5.03 100.629   1.7834
  493.7     5.18 100.669   1.7834
  493.8     5.43 100.708   1.7834
  494.0     5.10 100.752   1.7834
  494.2     5.04 100.795   1.7834
  494.4     5.13 100.836   1.7834
  494.6     5.00 100.876   1.7834
  494.9     5.04 100.918   1.7834
  495.1     5.27 100.961   1.7834
  495.3     5.09 101.005   1.7834
  495.5     5.25 101.047   1.7834
  495.7     5.20 101.089   1.7834
  496.0     5.47 101.129   1.7834
  496.0     5.16 101.167   1.7834
  496.3     5.30 101.210   1.7834
  496.5     5.43 101.251   1.7834
  496.7     5.33 101.292   1.7834
  497.0     5.56 101.335   1.7834
  497.0     4.99 101.377   1.7834
  497.4     5.58 101.419   1.7834
  497.4     5.08 101.461   1.7834
  497.8     5.48 101.503   1.7834
  498.0     5.50 101.546   1.7834
  498.1     5.18 101.588   1.7834
  498.4     5.51 101.630   1.7834
  498.6     5.41 101.672   1.7834
  498.7     5.11 101.713   1.7834
  499.0     5.38 101.751   1.7834
  499.2     5.39 101.793   1.7834
  499.3     5.30 101.833   1.7834
  499.6     5.34 101.876   1.7834
  499.7     5.11 101.919   1.7834
  500.1     5.46 101.961   1.7834
  500.3     5.59 102.005   1.7834
  500.3     4.98 102.046   1.7834
  500.8     6.00 102.086   1.7834
  500.8     5.20 102.130   1.7834
  501.0     5.46 102.173   1.7834
  501.2     5.23 102.215   1.7834
  501.3     5.06 102.259   1.7834
  501.7     5.49 102.299   1.7834
  501.9     5.48 102.342   1.7834
  502.1     5.37 102.386   1.7834
  502.4     5.71 102.426   1.7834
  502.5     5.27 102.469   1.7834
  502.7     5.28 102.512   1.7834
  503.0     5.87 102.553   1.7834
  503.2     5.59 102.594   1.7834
  503.3     5.15 102.636   1.7834
  503.5     5.49 102.679   1.7834
  503.6     5.00 102.723   1.7834
  503.8     5.10 102.764   1.7834
  504.0     5.00 102.806   1.7834
  504.3     5.23 102.849   1.7834
  504.5     5.36 102.890   1.7834
  504.7     5.34 102.931   1.7834
  505.0     5.57 102.971   1.7834
  505.1     5.20 103.013   1.7834
  505.2     4.86 103.052   1.7834
  505.6     5.53 103.094   1.7834
  505.7     5.06 103.134   1.7834
  505.9     5.10 103.175   1.7834
  506.1     5.36 103.217   1.7834
  506.3     5.20 103.258   1.7834
  506.5     5.11 103.301   1.7834
  506.7     5.32 103.343   1.7834
  507.0     5.67 103.384   1.7834
  507.2     5.25 103.427   1.7834
  507.2     4.89 103.467   1.7834
  507.6     5.34 103.506   1.7834
  507.8     5.54 103.547   1.7834
  507.9     5.06 103.588   1.7834
  508.1     5.09 103.629   1.7834
  508.3     5.42 103.671   1.7834
  508.5     5.36 103.712   1.7065
  508.8     5.18 103.755   1.3955
  509.0     5.22 103.797   1.1913
  509.1     5.22 103.839   1.0273
  509.3     5.19 103.882   0.8750
  509.7     5.22 103.923   0.7250
  509.8     5.12 103.962   0.5724
  510.0     5.44 104.004   0.4483
  510.1     4.83 104.047   0.3200
  510.3     5.32 104.085   0.2051
  510.5     5.36 104.128   0.0999
  510.8     5.40 104.169  -0.0015
  510.9     5.16 104.213  -0.1193
  511.2     5.28 104.256  -0.2205
  511.4     5.22 104.297  -0.3205
  511.5     5.18 104.339  -0.4079
  511.8     5.43 104.381  -0.4936
  512.0     5.45 104.422  -0.5517
  512.3     5.51 104.461  -0.6198
  512.4     5.31 104.504  -0.7066
  512.4     5.13 104.546  -0.7739
  512.7     5.24 104.591  -0.8470
  513.1     5.46 104.631  -0.9110
  513.2     5.41 104.674  -0.9829
  513.4     5.60 104.715  -1.0513
  513.6     5.01 104.756  -1.1242
  513.7     5.17 104.795  -1.1958
  514.0     5.50 104.838  -1.2682
  514.3     5.65 104.880  -1.3278
  514.4     5.01 104.920  -1.3933
  514.7     5.39 104.960  -1.3163
  514.8     5.44 105.001  -1.2631
  515.1     5.32 105.043  -1.3053
  515.4     5.95 105.084  -1.3477
  515.5     5.36 105.128  -1.3895
  515.8     5.56 105.172  -1.4488
  515.9     5.43 105.214  -1.4931
  516.1     5.22 105.255  -1.5522
  516.3     5.35 105.297  -1.5963
  516.4     5.37 105.336  -1.6383
  516.7     5.24 105.378  -1.6919
  517.0     5.42 105.420  -1.7357
  517.1     5.08 105.464  -1.7349
  517.3     5.32 105.505  -1.7183
  517.5     5.07 105.548  -1.8169
  517.7     5.15 105.590  -2.0675
  518.0     5.16 105.633  -1.9088
  518.3     5.70 105.676  -1.8006
  518.5     5.61 105.718  -1.6702
  518.7     5.18 105.759  -1.5594
  518.9     5.74 105.802  -1.4006
  519.0     5.21 105.843  -1.3151
  519.3     5.59 105.886  -1.2964
  519.4     4.89 105.929  -1.3120
  519.7     5.40 105.971  -1.5398
  519.8     5.10 106.014  -1.7186
  520.0     5.29 106.058  -1.9026
  520.3     5.50 106.100  -1.8866
  520.5     5.42 106.140  -1.9195
  520.6     5.31 106.180  -1.7479
  520.9     5.30 106.222  -1.3505
  521.2     5.62 106.262  -1.2011
  521.3     5.43 106.304  -1.2304
  521.5     5.19 106.346  -1.3042
  521.7     5.21 106.387  -1.3789
  522.0     5.70 106.431  -1.4649
  522.2     5.73 106.472  -1.5449
  522.4     5.55 106.515  -1.6285
  522.8     5.79 106.559  -1.7088
  522.9     5.20 106.600  -1.7930
  523.1     5.64 106.641  -1.8815
  523.3     5.73 106.683  -1.9519
  523.5     5.13 106.727  -2.0465
  523.8     5.60 106.768  -2.1110
  523.9     5.15 106.810  -2.1490
  524.3     5.63 106.853  -2.1991
  524.5     5.78 106.895  -2.2125
  524.7     5.56 106.935  -2.2707
  524.9     5.69 106.976  -2.3303
  525.1     5.54 107.020  -2.3683
  525.2     5.40 107.063  -2.4227
  525.5     5.50 107.108  -2.4695
  525.6     5.26 107.146  -2.5281
  525.9     5.44 107.189  -2.6014
  526.1     5.36 107.230  -2.6486
  526.3     5.32 107.271  -2.6867
  526.5     5.36 107.313  -2.7138
  526.7     5.32 107.354  -2.7251
  527.0     5.48 107.394  -2.7561
  527.2     5.60 107.435  -2.7927
  527.5     5.83 107.479  -2.8129
  527.6     5.66 107.521  -2.8551
  527.9     5.74 107.562  -2.8843
  528.0     5.42 107.606  -2.8570
  528.2     5.15 107.646  -2.8031
  528.4     5.61 107.689  -2.6429
  528.6     5.38 107.734  -2.7350
  528.9     5.57 107.776  -2.0845
  529.2     5.42 107.819  -0.9360
  529.4     5.59 107.861  -0.9176
  529.4     5.76 107.903  -0.9270
  529.7     5.53 107.948  -0.9453
  529.9     5.38 107.992  -0.9688
  530.2     5.80 108.036  -0.9784
  530.2     5.52 108.077  -0.9989
  530.7     6.16 108.120  -0.9971
  530.9     5.56 108.161  -0.9996
  531.1     6.03 108.205  -1.0028
  531.0     4.95 108.248  -0.9917
  531.6     5.95 108.294  -0.9939
  531.6     5.62 108.334  -0.9862
  531.9     5.81 108.374  -0.9947
  532.1     5.59 108.416  -1.0042
  532.2     5.63 108.459  -0.9960
  532.5     5.74 108.501  -1.0009
  532.7     5.76 108.542  -1.0037
  532.9     5.51 108.580  -0.9943
  533.2     5.79 108.622  -0.9994
  533.4     5.71 108.663  -1.0023
  533.5     5.44 108.706  -0.9931
  533.9     5.74 108.747  -0.9934
  534.0     5.35 108.788  -1.0073
  534.2     5.71 108.832  -1.0004
  534.3     5.50 108.875  -0.9929
  534.6     5.72 108.917  -1.0014
  534.9     6.01 108.960  -0.9980
  534.9     5.90 109.003  -0.9950
  535.1     5.64 109.041  -0.9942
  535.4     6.00 109.083  -0.9985
  535.6     5.82 109.124  -0.9920
  535.9     5.39 109.167  -0.9985
  536.1     5.78 109.209  -0.9994
  536.2     5.70 109.248  -0.9949
  536.4     5.69 109.291  -1.0043
  536.6     5.25 109.333  -1.0018
  536.9     5.61 109.374  -1.0015
  537.2     5.59 109.416  -1.0092
  537.3     6.00 109.456  -1.0046
  537.4     5.58 109.496  -1.0075
  537.7     5.75 109.538  -1.0089
  537.9     5.61 109.579  -1.0024
  537.9     5.44 109.621  -1.0071
  538.4     5.82 109.665  -0.9958
  538.6     5.64 109.707  -1.0043
  538.8     5.69 109.750  -1.0031
  538.8     5.33 109.790  -1.0048
  539.2     5.89 109.834  -1.0054
  539.5     5.74 109.876  -1.0063
  539.5     5.58 109.918  -1.0124
  539.9     6.03 109.961  -1.0013
  540.0     5.64 110.001  -1.0087
  540.3     5.97 110.043  -0.9984
  540.5     5.96 110.082  -1.0005
  540.5     5.84 110.125  -1.0048
  540.8     5.71 110.167  -1.0055
  541.0     6.01 110.206  -1.0084
  541.3     5.74 110.248  -1.0004
  541.5     5.97 110.291  -1.0069
  541.8     5.96 110.335  -0.9983
  541.8     5.63 110.376  -1.0064
  542.1     6.01 110.417  -0.9980
  542.4     5.73 110.460  -1.0019
  542.6     6.25 110.504  -1.0023
  542.8     6.20 110.544  -1.0012
  543.0     6.14 110.588  -1.0093
  543.1     5.69 110.629  -1.0003
  543.4     5.76 110.671  -1.0039
  543.7     6.29 110.713  -1.0032
  543.8     5.95 110.757  -1.0001
  544.0     5.86 110.800  -1.0016
  544.3     6.38 110.841  -0.9982
  544.4     6.23 110.885  -0.9980
  544.8     6.27 110.930  -1.0067
  544.9     6.03 110.972  -1.0014
  544.9     5.64 111.014  -1.0022
  545.4     6.09 111.056  -1.0116
  545.6     6.11 111.096  -1.0039
  545.9     6.09 111.138  -1.0060
  546.0     6.22 111.180  -1.0134
  546.3     6.45 111.221  -1.0018
  546.3     5.88 111.266  -1.0128
  546.6     6.31 111.310  -1.0077
  546.9     6.36 111.350  -1.0075
  547.1     6.18 111.391  -1.0175
  547.5     6.89 111.432  -1.0122
  547.3     5.85 111.472  -1.0082
  547.6     6.26 111.515  -1.0178
  548.0     6.54 111.558  -1.0085
  548.1     6.22 111.599  -1.0091
  548.2     5.89 111.643  -1.0222
  548.5     6.21 111.685  -1.0097
  548.6     6.14 111.728  -1.0114
  548.8     5.85 111.773  -1.0773
  549.1     6.20 111.815  -1.0697
  549.3     6.03 111.857  -1.0593
  549.5     6.14 111.898  -1.0114
  549.8     6.20 111.936  -1.0189
  550.0     6.41 111.978  -1.0083
  550.1     5.91 112.019  -1.0135
  550.3     6.41 112.059  -1.0185
  550.5     6.29 112.102  -1.0104
  550.7     6.20 112.145  -1.0101
  550.9     6.11 112.191  -1.0189
  551.2     6.54 112.233  -1.0149
  551.4     6.38 112.273  -1.0125
  551.6     5.96 112.317  -1.0131
  551.7     6.34 112.362  -1.0181
  552.2     6.53 112.404  -1.0158
  552.3     6.53 112.447  -1.0083
  552.5     6.03 112.488  -1.0199
  552.8     6.47 112.530  -1.0171
  553.0     6.69 112.573  -1.0159
  553.1     6.04 112.613  -1.0157
  553.1     5.83 112.658  -1.0188
  553.6     6.23 112.701  -1.0236
  553.6     6.07 112.745  -1.0261
  553.9     6.27 112.788  -1.0142
  554.2     6.41 112.830  -1.0143
  554.4     6.34 112.871  -1.0205
  554.7     6.22 112.913  -1.0240
  554.8     6.51 112.955  -1.0202
  555.0     6.21 112.997  -1.0031
  555.2     6.21 113.039  -0.9906
  555.6     6.52 113.080  -1.0171
  555.7     6.39 113.125  -1.0192
  555.9     6.42 113.166  -1.0170
  556.1     6.57 113.206  -1.0136
  556.4     6.31 113.249  -1.0182
  556.5     6.31 113.289  -1.0224
  556.8     6.57 113.331  -1.0248
  557.0     6.50 113.373  -1.0191
  557.2     6.63 113.417  -1.0141
  557.3     6.51 113.457  -1.0117
  557.5     6.23 113.498  -1.0137
  557.7     6.28 113.539  -1.0228
  558.0     6.32 113.583  -1.0261
  558.3     6.66 113.624  -1.0219
  558.5     6.79 113.663  -1.0169
  558.6     6.67 113.705  -1.0149
  558.9     6.81 113.747  -1.0124
  559.0     6.59 113.787  -1.0163
  559.2     6.39 113.828  -1.0258
  559.5     6.53 113.872  -1.0278
  559.6     6.54 113.913  -1.0291
  559.9     6.68 113.957  -1.0238
  560.1     6.60 113.998  -1.0250
  560.3     6.55 114.042  -1.0193
  560.5     6.60 114.085  -1.0198
  560.7     6.88 114.126  -1.0173
  561.0     6.91 114.167  -1.0214
  561.2     6.41 114.206  -1.0257
  561.3     6.55 114.249  -1.0283
  561.6     6.73 114.289  -1.0290
  561.7     6.60 114.332  -1.0253
  561.9     6.65 114.373  -1.0169
  562.2     6.49 114.415  -1.0201
  562.4     6.71 114.457  -1.0178
  562.6     7.05 114.498  -1.0198
  562.8     6.58 114.543  -1.0203
  563.0     6.47 114.584  -1.0240
  563.2     6.97 114.624  -1.0384
  563.5     7.10 114.666  -1.0151
  563.6     6.57 114.707  -1.0152
  563.8     6.64 114.748  -1.0201
  564.0     6.86 114.789  -1.0231
  564.1     6.65 114.831  -1.0116
  564.5     7.03 114.874  -0.9729
  564.7     7.04 114.915  -0.9562
  565.0     6.88 114.956  -0.9790
  565.0     6.89 115.000  -1.0211
  565.3     6.89 115.041  -1.0173
  565.5     6.87 115.082  -1.0125
  565.7     6.84 115.125  -1.0170
  565.9     6.81 115.169  -1.0202
  566.1     6.65 115.211  -1.0118
  566.3     6.98 115.253  -1.0031
  566.6     6.85 115.295  -1.0117
  566.7     6.99 115.337  -1.0175
  566.9     7.14 115.378  -1.0176
  567.4     7.82 115.419  -1.0102
  567.5     7.02 115.464  -1.0142
  567.7     6.80 115.506  -1.0191
  567.7     6.96 115.548  -1.0177
  567.9     7.23 115.589  -1.0120
  568.1     6.84 115.630  -1.0112
  568.2     6.64 115.672  -1.0190
  568.6     7.16 115.714  -1.0227
  568.7     7.16 115.757  -1.0196
  569.0     7.45 115.798  -1.0115
  569.2     7.14 115.839  -1.0151
  569.5     7.22 115.882  -1.0232
  569.6     7.30 115.925  -1.0246
  569.8     7.09 115.967  -1.0167
  570.0     6.98 116.011  -1.0224
  570.1     6.98 116.051  -1.0281
  570.4     7.16 116.094  -1.0283
  570.8     7.96 116.137  -1.0146
  570.8     7.18 116.177  -1.0177
  571.0     7.03 116.219  -1.0249
  571.2     7.00 116.261  -1.0286
  571.5     7.58 116.302  -1.0213
  571.6     7.21 116.343  -1.0150
  571.9     7.13 116.386  -1.0189
  572.0     6.95 116.427  -1.0230
  572.3     7.47 116.468  -1.0209
  572.5     7.26 116.512  -1.0141
  572.6     6.98 116.554  -1.0168
  572.7     7.05 116.597  -1.0244
  573.0     7.18 116.639  -1.0167
  573.2     7.44 116.680  -1.0104
  573.2     7.11 116.723  -1.0215
  573.6     7.38 116.768  -1.0257
  573.9     7.57 116.809  -1.0197
  573.9     7.19 116.852  -1.0142
  574.2     6.97 116.895  -1.0196
  574.4     6.83 116.939  -1.0261
  574.7     7.61 116.980  -1.0267
  574.8     7.10 117.019  -1.0193
  574.9     7.14 117.062  -1.0202
  575.1     7.05 117.105  -1.0291
  575.6     8.10 117.149  -1.0241
  575.5     7.17 117.191  -1.0149
  575.9     7.30 117.233  -1.0222
  576.1     7.29 117.274  -1.0228
  576.2     7.15 117.316  -1.0167
  576.5     7.36 117.359  -1.0170
  576.7     7.45 117.403  -1.0220
  577.0     7.52 117.444  -1.0223
  577.1     7.64 117.485  -1.0150
  577.5     7.50 117.527  -1.0249
  577.5     7.53 117.569  -1.0254
  577.8     7.79 117.610  -1.0197
  577.9     7.33 117.652  -1.0226
  578.2     7.43 117.696  -1.0247
  578.6     8.01 117.740  -1.0159
  578.7     7.50 117.783  -1.0202
  579.0     8.11 117.825  -1.0203
  579.1     7.53 117.868  -1.0134
  579.3     7.32 117.910  -1.0193
  579.5     7.78 117.951  -1.0225
  579.8     7.92 117.993  -1.0163
  579.9     7.39 118.035  -1.0219
  580.1     7.52 118.080  -1.0232
  580.4     7.56 118.122  -1.0182
  580.7     7.76 118.166  -1.0253
  580.8     7.61 118.207  -1.0171
  580.9     7.67 118.249  -1.0185
  581.2     7.78 118.290  -1.0206
  581.5     7.82 118.333  -1.0157
  581.7     7.50 118.375  -1.0209
  582.0     8.57 118.414  -1.0168
  582.0     7.99 118.454  -1.0181
  582.4     8.16 118.496  -1.0204
  582.4     7.90 118.536  -1.0152
  582.8     8.14 118.580  -1.0231
  582.9     8.07 118.622  -1.0180
  583.3     8.01 118.667  -1.0209
  583.4     7.79 118.710  -1.0194
  583.7     8.02 118.752  -1.0297
  583.7     8.11 118.798  -1.0223
  583.9     7.85 118.842  -1.0219
  584.1     7.78 118.883  -1.0149
  584.4     8.12 118.926  -1.0216
  584.6     8.09 118.967  -1.0143
  584.6     7.84 119.009  -1.0218
  584.9     7.76 119.052  -1.0144
  585.3     8.05 119.094  -1.0228
  585.4     7.95 119.136  -1.0174
  585.6     8.16 119.178  -1.0205
  585.8     8.22 119.220  -1.0176
  586.1     8.17 119.263  -1.0178
  586.2     8.41 119.304  -1.0176
  586.5     8.21 119.346  -1.0140
  586.6     8.44 119.390  -1.0184
  586.8     8.26 119.433  -1.0106
  587.0     7.93 119.475  -1.0208
  587.3     8.25 119.517  -1.0176
  587.5     8.26 119.561  -1.0246
  587.6     8.08 119.602  -1.0223
  587.8     8.04 119.644  -1.0245
  588.0     8.13 119.686  -1.0220
  588.4     8.23 119.730  -1.0250
  588.4     8.07 119.773  -1.0216
  588.5     7.84 119.813  -1.0244
  588.9     8.56 119.854  -1.0200
  589.1     8.46 119.895  -1.0244
  589.3     8.72 119.937  -1.0202
  589.5     8.49 119.979  -1.0258
  589.6     8.31 120.023  -1.0168
  589.8     8.09 120.065  -1.0220
  590.0     8.11 120.107  -0.9903
  590.2     7.96 120.148  -1.0186
  590.4     7.97 120.192  -0.9914
  590.6     8.40 120.233  -0.9924
  590.7     8.23 120.275  -1.0275
  591.1     8.63 120.317  -1.0235
  591.3     8.25 120.360  -1.0268
  591.4     8.28 120.403  -1.0211
  591.8     8.88 120.447  -1.0273
  591.9     8.09 120.488  -1.0241
  592.0     7.79 120.531  -1.0314
  592.3     8.65 120.574  -1.0222
  592.4     8.06 120.618  -1.0304
  592.7     8.21 120.663  -1.0274
  592.9     8.29 120.704  -1.0290
  593.2     8.42 120.746  -1.0293
  593.4     8.09 120.790  -1.0229
  593.4     8.10 120.832  -1.0286
  593.8     8.61 120.876  -1.0248
  593.8     8.08 120.919  -1.0321
  594.3     8.96 120.960  -1.0212
  594.5     8.47 121.005  -1.0296
  594.5     8.20 121.048  -1.0276
  594.7     8.19 121.091  -1.0327
  595.1     8.41 121.135  -1.0321
  595.3     8.68 121.176  -1.0231
  595.6     8.56 121.217  -1.0305
  595.7     8.29 121.260  -1.0228
  595.8     8.23 121.300  -1.0271
  595.9     8.33 121.340  -1.0266
  596.2     8.31 121.384  -1.0248
  596.3     8.42 121.426  -1.0367
  596.7     8.55 121.468  -1.0293
  596.8     8.32 121.511  -1.0287
  597.1     8.54 121.553  -1.0308
  597.3     8.64 121.595  -1.0270
  597.4     8.69 121.637  -1.0324
  597.8     8.91 121.676  -1.0267
  597.8     8.44 121.717  -1.0294
  598.0     8.64 121.760  -1.0276
  598.2     8.67 121.801  -1.0336
  598.4     8.52 121.845  -1.0338
  598.6     8.52 121.887  -1.0335
  599.0     8.83 121.930  -1.0297
  599.0     8.74 121.974  -1.0320
  599.3     8.82 122.015  -1.0230
  599.6     9.04 122.059  -1.0342
  599.7     8.66 122.105  -1.0231
  599.9     8.61 122.147  -1.0305
  600.1     8.83 122.190  -1.0369
