   13.5     5.44   0.041   0.0080
   13.5     5.35   0.081   0.0002
   13.4     5.11   0.122   0.0058
   13.4     5.12   0.163  -0.0091
   13.5     5.28   0.200  -0.0052
   13.6     5.37   0.241   0.0040
   13.7     5.64   0.283   0.0027
   13.6     5.31   0.322  -0.0027
   13.6     5.24   0.360   0.0004
   13.6     5.22   0.400  -0.0005
   13.5     5.01   0.440   0.0068
   13.7     5.19   0.482  -0.0040
   13.8     5.45   0.523  -0.0057
   13.6     4.89   0.564  -0.0135
   13.7     4.96   0.603  -0.0095
   13.8     5.48   0.642  -0.0089
   13.7     5.03   0.680  -0.0262
   13.7     4.87   0.718  -0.0230
   13.7     4.82   0.757  -0.0149
   13.9     4.98   0.797   0.0148
   13.8     4.92   0.838   0.0146
   13.9     5.07   0.877   0.0141
   13.8     4.82   0.915   0.0174
   13.9     4.73   0.952   0.0210
   13.9     4.89   0.991   0.0186
   14.0     4.63   1.030   0.0212
   14.1     5.01   1.067   0.0198
   14.1     4.68   1.109   0.0193
   14.2     5.18   1.150   0.0211
   13.9     4.36   1.189   0.0182
   14.2     4.71   1.232   0.0204
   14.0     4.17   1.274   0.0176
   14.2     4.25   1.316   0.0167
   14.3     4.36   1.356   0.0195
   14.3     4.39   1.396   0.0128
   14.3     4.31   1.439   0.0231
   14.4     4.42   1.481   0.0208
   14.5     4.60   1.520   0.0209
   14.6     4.51   1.560   0.0185
   14.5     3.98   1.601   0.0242
   14.6     4.20   1.642   0.0261
   14.7     4.38   1.684   0.0212
   14.9     4.48   1.723   0.0202
   14.7     4.02   1.764   0.0260
   15.0     4.57   1.802   0.0259
   15.0     4.39   1.840   0.0167
   14.9     4.16   1.880   0.0236
   14.9     4.04   1.920   0.0240
   15.1     4.32   1.959   0.0260
   15.2     4.18   1.998   0.0274
   15.1     3.91   2.038   0.0229
   15.2     4.11   2.076   0.0304
   15.3     4.05   2.115   0.0270
   15.3     3.88   2.155   0.0275
   15.3     3.72   2.195   0.0284
   15.4     3.90   2.235   0.0278
   15.5     3.97   2.276   0.0299
   15.6     4.13   2.319   0.0278
   15.6     3.88   2.361   0.0279
   15.6     3.81   2.400   0.0279
   15.7     3.88   2.441   0.0336
   15.7     3.45   2.481   0.0310
   15.8     3.54   2.520   0.0381
   15.8     3.28   2.560   0.0384
   15.9     3.26   2.601   0.0667
   16.0     3.24   2.640   0.0705
   16.0     3.36   2.680   0.0714
   16.1     3.31   2.723   0.0687
   16.2     3.54   2.762   0.0715
   16.3     3.37   2.803   0.0570
   16.4     3.64   2.845   0.0351
   16.5     3.56   2.885   0.0338
   16.5     3.30   2.924   0.0328
   16.6     3.14   2.963   0.0358
   16.7     3.16   3.003   0.0352
   16.7     3.28   3.040   0.0311
   16.9     3.42   3.078   0.0358
   17.0     3.39   3.116   0.0331
   16.9     3.37   3.155   0.0319
   16.9     2.81   3.195   0.0327
   17.1     3.40   3.234   0.0318
   17.2     3.13   3.272   0.0292
   17.2     2.95   3.312   0.0295
   17.4     2.95   3.352   0.0279
   17.3     2.79   3.393   0.0305
   17.4     2.77   3.437   0.0264
   17.5     2.88   3.481   0.0296
   17.6     2.88   3.525   0.0297
   17.8     3.09   3.568   0.0295
   17.9     3.17   3.609   0.0299
   18.0     3.04   3.652   0.0285
   17.9     2.49   3.693   0.0337
   18.2     3.16   3.734   0.0337
   18.2     2.86   3.776   0.0500
   18.3     2.56   3.818   0.0459
   18.3     2.68   3.856   0.0420
   18.6     2.66   3.896   0.0367
   18.5     2.57   3.939   0.0351
   18.6     2.32   3.981   0.0250
   18.7     2.39   4.022   0.0273
   18.8     2.50   4.063   0.0224
   18.9     2.59   4.103   0.0271
   19.1     2.45   4.143   0.0185
   19.1     2.29   4.183   0.0220
   19.4     2.81   4.223   0.0190
   19.4     2.61   4.263   0.0270
   19.5     2.24   4.302   0.0189
   25.9     2.59  21.107   0.0240
   35.6     1.79  21.148   0.1620
   36.3     1.18  21.264   0.1635
   37.6     0.82  21.305   0.1570
   38.2     0.25  21.345   0.1602
   38.9     0.34  21.386   0.1641
   39.7     0.75  21.428   0.1506
   40.4     0.61  21.468   0.1570
   40.9    -0.14  21.506   0.1529
   41.5     0.19  21.546   0.1405
   42.6     1.15  21.584   0.1458
   43.3     1.13  21.624   0.1357
   44.2     1.76  21.664   0.1256
   45.1     1.73  21.704   0.1296
   46.1     2.22  21.745   0.0961
   47.1     2.43  21.785   0.0559
   48.1     2.58  21.827   0.0567
   49.3     2.94  21.866   0.0422
   50.3     3.11  21.905   0.0414
   51.6     3.80  21.946   0.0468
   52.7     3.54  21.987   0.0375
   54.2     4.56  22.027   0.0332
   55.3     4.07  22.069   0.0366
   56.7     4.17  22.110   0.0324
   58.1     4.57  22.152   0.0319
   59.3     4.09  22.195   0.0396
   60.7     4.03  22.236   0.0280
   62.2     4.98  22.277   0.0383
   63.5     4.33  22.316   0.0339
   64.8     4.02  22.356   0.0264
   66.2     4.69  22.395   0.0386
   67.5     4.06  22.437   0.0273
   68.8     4.08  22.478   0.0316
   70.2     4.25  22.519   0.0305
   71.3     3.23  22.561   0.0224
   73.0     4.07  22.604   0.0337
   74.3     3.20  22.645   0.0236
   75.4     2.59  22.685   0.0162
   76.9     3.46  22.725   0.0292
   78.0     2.73  22.762   0.0231
   79.2     2.67  22.804   0.0188
   80.5     2.96  22.844   0.0247
   81.5     2.13  22.881   0.0128
   82.8     2.76  22.919   0.0204
   83.7     1.86  22.958   0.0154
   84.8     2.08  22.997   0.0183
   86.0     1.63  23.038   0.0219
   87.0     1.08  23.075   0.0120
   88.1     1.35  23.117   0.0199
   89.3     1.39  23.159   0.0143
   90.2     0.98  23.199   0.0201
   91.3     0.91  23.240   0.0166
   92.2     0.40  23.281   0.0229
   93.1     0.26  23.323   0.0205
   94.4     1.28  23.365   0.0246
   95.2     0.25  23.406   0.0198
   96.1    -0.03  23.448   0.0204
   97.1    -0.01  23.488   0.0184
   97.9     0.12  23.528   0.0132
   98.7    -0.30  23.566   0.0189
   99.6    -0.43  23.608   0.0132
  100.4    -0.27  23.648   0.0189
  101.2    -0.58  23.688   0.0085
  102.0    -0.80  23.731   0.0107
  102.7    -1.04  23.770   0.0068
  103.4    -1.23  23.808   0.0142
  104.1    -1.41  23.847   0.0073
  104.8    -1.17  23.888   0.0113
  105.6    -1.29  23.930   0.0051
  106.1    -1.81  23.970   0.0110
  107.0    -1.71  24.010   0.0108
  107.5    -1.83  24.048   0.0078
  108.3    -1.46  24.088   0.0097
  108.6    -2.04  24.127   0.0151
  109.4    -1.82  24.167   0.0182
  110.0    -1.97  24.207   0.0164
  110.4    -2.43  24.246   0.0187
  111.0    -2.63  24.287   0.0219
  111.7    -2.23  24.330   0.0169
  112.2    -2.75  24.373   0.0177
  112.8    -2.59  24.417   0.0164
  113.2    -2.89  24.458   0.0184
  113.7    -3.12  24.500   0.0110
  114.4    -3.07  24.542   0.0206
  114.8    -3.32  24.582   0.0128
  115.3    -3.32  24.626   0.0094
  115.6    -3.99  24.667   0.0037
  116.2    -3.82  24.707   0.0048
  116.7    -3.64  24.746   0.0064
  117.0    -4.30  24.788  -0.0014
  117.4    -4.21  24.830   0.0007
  118.0    -4.09  24.873   0.0012
  118.4    -4.58  24.915   0.0023
  118.8    -4.36  24.956   0.0088
  119.0    -5.22  24.996  -0.0052
  119.5    -4.51  25.036   0.0010
  119.9    -5.04  25.077  -0.0031
  120.2    -4.80  25.119  -0.0088
  120.6    -5.22  25.159  -0.0007
  121.1    -5.19  25.201  -0.0087
  121.2    -5.51  25.241  -0.0060
  121.7    -5.46  25.280   0.0026
  121.9    -5.68  25.319  -0.0027
  122.2    -6.01  25.357  -0.0030
  122.7    -5.39  25.396   0.0001
  122.8    -6.11  25.436  -0.0081
  123.2    -5.71  25.480  -0.0086
  123.5    -5.96  25.520  -0.0072
  123.7    -6.26  25.561  -0.0147
  124.1    -5.92  25.604  -0.0046
  124.4    -6.24  25.645  -0.0058
  124.7    -6.35  25.687  -0.0187
  124.8    -6.80  25.727  -0.0181
  125.3    -6.16  25.768  -0.0065
  125.5    -6.39  25.812  -0.0101
  125.6    -6.86  25.851  -0.0188
  125.8    -6.88  25.892  -0.0157
  126.3    -6.64  25.934  -0.0189
  126.6    -6.68  25.975  -0.0223
  126.7    -6.76  26.015  -0.0192
  126.9    -6.83  26.058  -0.0152
  127.2    -6.68  26.100  -0.0209
  127.4    -7.04  26.140  -0.0176
  127.5    -7.23  26.180  -0.0129
  127.7    -7.40  26.219  -0.0229
  128.1    -6.81  26.259  -0.0211
  128.3    -6.60  26.299  -0.0190
  128.4    -7.32  26.339  -0.0253
  128.7    -6.73  26.378  -0.0213
  128.7    -7.23  26.419  -0.0173
  129.0    -6.71  26.459  -0.0286
  129.2    -6.60  26.499  -0.0281
  129.5    -6.47  26.539  -0.0249
  129.6    -6.87  26.578  -0.0261
  129.8    -6.66  26.619  -0.0262
  129.9    -6.73  26.660  -0.0274
  130.1    -6.59  26.699  -0.0263
  130.4    -6.56  26.739  -0.0292
  130.6    -6.34  26.781  -0.0292
  130.9    -5.74  26.824  -0.0247
  130.9    -6.49  26.864  -0.0210
  131.0    -6.40  26.904  -0.0263
  131.3    -6.48  26.948  -0.0268
  131.5    -5.85  26.989  -0.0264
  131.6    -5.89  27.030  -0.0274
  131.8    -5.80  27.070  -0.0362
  132.0    -5.97  27.111  -0.0332
  132.2    -5.51  27.151  -0.0308
  132.2    -6.00  27.194  -0.0255
  132.4    -6.01  27.237  -0.0312
  132.6    -5.72  27.279  -0.0312
  132.9    -5.29  27.318  -0.0279
  132.9    -5.70  27.357  -0.0259
  133.1    -5.64  27.397  -0.0367
  133.3    -5.21  27.436  -0.0364
  133.3    -5.56  27.474  -0.0329
  133.5    -5.48  27.516  -0.0375
  133.7    -5.35  27.556  -0.0412
  133.9    -5.12  27.597  -0.0346
  133.9    -5.50  27.635  -0.0308
  134.3    -4.96  27.677  -0.0398
  134.2    -5.40  27.716  -0.0375
  134.4    -5.21  27.757  -0.0366
  134.7    -4.71  27.800  -0.0406
  134.8    -4.67  27.841  -0.0394
  134.9    -5.08  27.881  -0.0393
  135.1    -4.74  27.923  -0.0411
  135.2    -4.78  27.964  -0.0350
  135.5    -4.25  28.005  -0.0318
  135.6    -4.30  28.046  -0.0367
  135.7    -4.35  28.088  -0.0315
  135.8    -4.39  28.128  -0.0400
  136.0    -4.43  28.166  -0.0381
  136.0    -4.52  28.204  -0.0338
  136.0    -4.35  28.244  -0.0387
  136.5    -3.65  28.284  -0.0391
  136.5    -4.38  28.326  -0.0385
  136.6    -4.21  28.366  -0.0411
  136.8    -3.63  28.407  -0.0315
  136.9    -4.13  28.446  -0.0413
  137.2    -3.61  28.486  -0.0379
  137.3    -3.47  28.526  -0.0346
  137.3    -3.90  28.565  -0.0435
  137.5    -3.69  28.607  -0.0369
  137.7    -3.93  28.648  -0.0421
  137.8    -3.61  28.685  -0.0403
  138.1    -3.13  28.725  -0.0417
  138.1    -3.27  28.763  -0.0503
  138.1    -3.60  28.803  -0.0357
  138.4    -3.20  28.844  -0.0359
  138.5    -3.32  28.883  -0.0379
  138.7    -2.98  28.926  -0.0375
  138.7    -3.17  28.969  -0.0413
  138.9    -3.28  29.010  -0.0367
  139.1    -2.97  29.053  -0.0415
  139.2    -2.84  29.094  -0.0393
  139.2    -3.14  29.134  -0.0388
  139.4    -3.07  29.176  -0.0426
  139.6    -2.84  29.216  -0.0386
  139.7    -2.80  29.258  -0.0439
  140.0    -2.72  29.298  -0.0415
  139.9    -3.06  29.340  -0.0370
  140.3    -2.02  29.381  -0.0470
  140.3    -2.68  29.422  -0.0411
  140.4    -2.46  29.464  -0.0430
  140.7    -2.14  29.504  -0.0467
  140.8    -2.06  29.546  -0.0413
  140.8    -2.64  29.589  -0.0478
  141.1    -2.43  29.628  -0.0486
  141.2    -2.47  29.666  -0.0463
  141.4    -2.02  29.707  -0.0507
  141.4    -2.21  29.747  -0.0444
  141.5    -2.38  29.788  -0.0378
  141.7    -2.15  29.827  -0.0468
  141.8    -2.07  29.867  -0.0416
  142.0    -1.94  29.908  -0.0385
  142.4    -1.26  29.949  -0.0427
  142.3    -1.68  29.991  -0.0427
  142.4    -1.80  30.029  -0.0426
  142.5    -1.74  30.072  -0.0459
  142.8    -1.58  30.115  -0.0430
  142.9    -1.49  30.155  -0.0459
  143.2    -1.41  30.198  -0.0464
  143.2    -1.55  30.242  -0.0467
  143.4    -1.42  30.284  -0.0455
  143.6    -1.14  30.326  -0.0417
  143.7    -1.30  30.368  -0.0469
  143.8    -1.02  30.409  -0.0395
  143.9    -1.25  30.450  -0.0458
  144.1    -1.28  30.491  -0.0472
  144.3    -1.06  30.531  -0.0405
  144.5    -1.03  30.571  -0.0442
  144.7    -0.86  30.612  -0.0360
  144.8    -0.86  30.653  -0.0441
  145.0    -0.69  30.695  -0.0408
  145.1    -0.82  30.737  -0.0417
  145.2    -0.71  30.777  -0.0467
  145.4    -0.80  30.816  -0.0396
  145.5    -0.88  30.856  -0.0447
  145.7    -0.27  30.896  -0.0471
  145.8    -0.67  30.936  -0.0468
  146.1    -0.22  30.976  -0.0471
  146.2    -0.34  31.014  -0.0421
  146.3    -0.39  31.054  -0.0528
  146.5    -0.44  31.093  -0.0470
  146.5    -0.45  31.134  -0.0506
  146.7    -0.42  31.172  -0.0478
  146.9    -0.34  31.215  -0.0540
  147.2     0.21  31.257  -0.0595
  147.1    -0.56  31.300  -0.0554
  147.5    -0.06  31.342  -0.0589
  147.6    -0.02  31.383  -0.0516
  147.7     0.17  31.427  -0.0586
  148.1     0.27  31.469  -0.0513
  148.0     0.29  31.511  -0.0478
  148.2    -0.18  31.551  -0.0535
  148.4     0.06  31.591  -0.0545
  148.5    -0.11  31.629  -0.0463
  148.7     0.26  31.669  -0.0544
  149.0     0.47  31.711  -0.0492
  148.9     0.11  31.751  -0.0443
  149.2     0.17  31.793  -0.0540
  149.4     0.45  31.834  -0.0461
  149.5     0.09  31.876  -0.0463
  149.6     0.19  31.917  -0.0607
  149.8     0.11  31.957  -0.0546
  150.0     0.45  31.997  -0.0584
  150.1     0.04  32.037  -0.0598
  150.3     0.26  32.079  -0.0537
  150.6     0.50  32.119  -0.0567
  150.5    -0.04  32.159  -0.0560
  150.8     0.40  32.199  -0.0543
  151.0     0.24  32.240  -0.0590
  151.2     0.46  32.279  -0.0615
  151.4     0.55  32.321  -0.0601
  151.5     0.30  32.361  -0.0628
  151.7     0.43  32.402  -0.0647
  151.9     0.54  32.446  -0.0560
  152.3     0.84  32.488  -0.0586
  152.3     0.76  32.529  -0.0580
  152.7     1.15  32.570  -0.0567
  152.7     1.02  32.613  -0.0580
  152.9     0.99  32.654  -0.0635
  152.9     0.67  32.697  -0.0645
  153.1     0.56  32.741  -0.0590
  153.4     0.88  32.782  -0.0627
  153.5     0.79  32.823  -0.0603
  153.7     0.93  32.863  -0.0626
  153.9     0.95  32.904  -0.0607
  154.0     0.61  32.943  -0.0631
  154.4     1.54  32.984  -0.0764
  154.4     0.83  33.025  -0.0679
  154.5     0.67  33.067  -0.0711
  154.7     0.99  33.107  -0.0667
  155.0     1.04  33.146  -0.0729
  155.2     1.53  33.184  -0.0637
  155.2     0.77  33.226  -0.0686
  155.4     1.19  33.267  -0.0699
  155.6     0.87  33.306  -0.0662
  155.7     0.78  33.345  -0.0660
  156.0     1.18  33.385  -0.0613
  156.2     1.36  33.425  -0.0706
  156.4     1.39  33.466  -0.0662
  156.5     1.23  33.503  -0.0684
  156.7     1.13  33.547  -0.0674
  157.0     1.57  33.589  -0.0659
  157.1     1.26  33.630  -0.0765
  157.3     1.63  33.671  -0.0700
  157.5     1.23  33.714  -0.0656
  157.7     1.32  33.755  -0.0694
  158.0     1.82  33.796  -0.0699
  158.1     1.54  33.838  -0.0708
  158.2     1.48  33.880  -0.0720
  158.4     1.57  33.919  -0.0671
  158.6     1.33  33.959  -0.0762
  158.8     1.34  33.999  -0.0788
  158.8     1.27  34.038  -0.0743
  159.2     1.61  34.079  -0.0797
  159.3     1.86  34.120  -0.0697
  159.4     1.48  34.160  -0.0754
  159.7     1.65  34.202  -0.0777
  159.9     1.65  34.243  -0.0695
  160.2     2.20  34.283  -0.0743
  160.2     1.59  34.324  -0.0753
  160.4     1.62  34.363  -0.0710
  160.5     1.41  34.404  -0.0778
  160.7     1.27  34.444  -0.0817
  161.0     1.85  34.485  -0.0728
  161.1     1.44  34.526  -0.0694
  161.3     1.25  34.565  -0.0760
  161.5     1.55  34.602  -0.0747
  161.6     1.52  34.642  -0.0709
  162.0     1.77  34.680  -0.0698
  162.0     1.74  34.720  -0.0807
  162.3     1.92  34.761  -0.0795
  162.6     2.31  34.802  -0.0740
  162.6     1.37  34.846  -0.0811
  163.0     2.09  34.888  -0.0802
  163.0     1.56  34.928  -0.0802
  163.3     1.84  34.970  -0.0774
  163.3     1.64  35.009  -0.0792
  163.5     1.70  35.049  -0.0828
  163.7     1.59  35.090  -0.0774
  163.9     1.74  35.130  -0.0775
  164.3     2.31  35.169  -0.0811
  164.5     2.28  35.211  -0.0755
  164.7     2.22  35.251  -0.0737
  164.7     1.79  35.293  -0.0849
  165.0     2.19  35.336  -0.0716
  165.2     2.24  35.377  -0.0722
  165.4     1.94  35.418  -0.0854
  165.5     2.26  35.456  -0.0760
  165.6     1.94  35.494  -0.0782
  165.9     2.09  35.535  -0.0843
  166.0     1.94  35.575  -0.0720
  166.4     2.02  35.614  -0.0790
  166.5     2.47  35.653  -0.0783
  166.5     2.04  35.694  -0.0772
  166.9     2.48  35.732  -0.0823
  167.0     2.48  35.772  -0.0804
  167.2     2.26  35.811  -0.0794
  167.3     2.34  35.851  -0.0833
  167.7     2.59  35.894  -0.0814
  167.7     2.19  35.934  -0.0778
  167.9     2.36  35.978  -0.0853
  168.3     2.51  36.019  -0.0825
  168.5     2.39  36.061  -0.0784
  168.5     2.37  36.105  -0.0899
  168.9     2.76  36.147  -0.0837
  168.9     2.17  36.185  -0.0808
  169.2     2.51  36.225  -0.0856
  169.4     2.48  36.265  -0.0764
  169.5     2.34  36.307  -0.0772
  169.9     2.79  36.349  -0.0814
  170.0     2.63  36.390  -0.0771
  170.2     2.72  36.432  -0.0812
  170.4     2.43  36.473  -0.0761
  170.5     2.22  36.516  -0.0748
  171.0     2.86  36.558  -0.0831
  171.0     2.68  36.596  -0.0787
  171.2     2.69  36.633  -0.0818
  171.3     2.75  36.675  -0.0866
  171.6     3.12  36.716  -0.0750
  171.7     2.82  36.753  -0.0859
  171.8     2.60  36.794  -0.0762
  172.2     2.86  36.834  -0.0771
  172.3     2.68  36.873  -0.0792
  172.6     3.02  36.912  -0.0704
  172.7     2.69  36.952  -0.0784
  172.9     2.87  36.993  -0.0719
  173.1     3.02  37.035  -0.0756
  173.4     2.88  37.076  -0.0846
  173.5     2.88  37.118  -0.0782
  173.8     3.16  37.162  -0.0793
  173.9     2.97  37.204  -0.0827
  174.2     3.17  37.246  -0.0793
  174.4     2.82  37.288  -0.0786
  174.4     2.65  37.328  -0.0855
  174.7     3.03  37.370  -0.0813
  175.0     2.87  37.410  -0.0813
  175.2     3.24  37.451  -0.0879
  175.4     3.09  37.494  -0.0806
  175.6     2.93  37.535  -0.0845
  175.8     3.25  37.577  -0.0868
  176.0     3.01  37.619  -0.0788
  176.2     2.79  37.659  -0.0833
  176.4     2.90  37.700  -0.0842
  176.5     2.82  37.739  -0.0814
  176.9     3.05  37.780  -0.0886
  177.1     3.36  37.818  -0.0830
  177.2     3.20  37.860  -0.0838
  177.5     3.47  37.898  -0.0891
  177.6     3.17  37.937  -0.0856
  177.7     2.89  37.981  -0.0865
  178.0     3.50  38.020  -0.0873
  178.2     3.08  38.059  -0.0827
  178.5     3.48  38.098  -0.0907
  178.5     3.37  38.135  -0.0822
  178.8     3.27  38.178  -0.0885
  178.9     3.26  38.220  -0.0882
  179.1     3.27  38.260  -0.0853
  179.3     3.15  38.303  -0.0857
  179.6     3.26  38.346  -0.0828
  179.9     3.37  38.389  -0.0920
  180.0     3.22  38.433  -0.0839
  180.1     2.93  38.473  -0.0900
  180.5     3.56  38.514  -0.0836
  180.7     3.25  38.556  -0.0814
  180.7     3.11  38.597  -0.0872
  181.1     3.61  38.638  -0.0821
  181.3     3.43  38.678  -0.0852
  181.5     3.62  38.718  -0.0879
  181.7     3.60  38.760  -0.0844
  181.8     3.12  38.802  -0.0874
  182.2     3.68  38.842  -0.0820
  182.2     3.30  38.883  -0.0840
  182.4     3.29  38.924  -0.0846
  182.6     3.50  38.962  -0.0798
  182.9     3.72  39.004  -0.0874
  183.0     3.42  39.046  -0.0821
  183.4     3.88  39.086  -0.0894
  183.5     3.60  39.127  -0.0853
  183.6     3.24  39.169  -0.0882
  184.0     3.92  39.209  -0.0848
  184.1     3.44  39.248  -0.0806
  184.2     3.47  39.288  -0.0863
  184.5     3.50  39.329  -0.0820
  184.5     3.21  39.371  -0.0899
  185.0     3.95  39.410  -0.0819
  185.2     3.85  39.453  -0.0792
  185.4     3.68  39.496  -0.0836
  185.6     3.76  39.538  -0.0876
  185.8     3.87  39.583  -0.0774
  185.9     3.52  39.621  -0.0812
  186.1     3.44  39.661  -0.0882
  186.4     3.60  39.703  -0.0877
  186.7     4.08  39.746  -0.0849
  186.7     2.99  39.787  -0.0905
  187.1     3.39  39.830  -0.0922
  187.3     3.70  39.872  -0.0834
  187.6     3.64  39.913  -0.0860
  187.7     3.39  39.954  -0.0880
  188.0     4.08  39.998  -0.0771
  188.1     3.89  40.038  -0.0805
  188.4     3.95  40.079  -0.0828
  188.6     3.96  40.119  -0.0774
  188.6     3.34  40.159  -0.0762
  188.9     3.76  40.200  -0.0840
  189.0     3.33  40.239  -0.0816
  189.3     3.63  40.278  -0.0768
  189.5     3.48  40.318  -0.0822
  189.6     3.35  40.358  -0.0849
  190.0     3.78  40.398  -0.0841
  190.2     3.68  40.437  -0.0938
  190.5     4.05  40.477  -0.0888
  190.6     3.64  40.520  -0.0885
  190.8     3.84  40.561  -0.0946
  191.0     4.16  40.603  -0.0902
  191.0     3.21  40.645  -0.0986
  191.5     3.84  40.686  -0.0972
  191.7     3.85  40.728  -0.0939
  191.9     4.10  40.771  -0.0990
  192.0     3.69  40.810  -0.0952
  192.2     3.38  40.851  -0.0910
  192.4     3.58  40.893  -0.0932
  192.7     3.96  40.935  -0.0939
  192.9     3.64  40.977  -0.1012
  193.1     3.65  41.019  -0.1002
  193.1     3.49  41.062  -0.0943
  193.5     3.72  41.106  -0.0989
  193.8     3.80  41.149  -0.0896
  193.9     3.59  41.191  -0.0944
  194.3     4.22  41.230  -0.0887
  194.3     3.39  41.269  -0.1006
  194.8     4.67  41.308  -0.0940
  194.8     4.08  41.349  -0.1014
  195.0     4.16  41.388  -0.0989
  195.1     4.06  41.427  -0.1000
  195.2     3.77  41.469  -0.1011
  195.6     4.05  41.509  -0.0997
  195.7     3.72  41.548  -0.1060
  196.0     4.00  41.589  -0.0994
  196.2     3.77  41.627  -0.1066
  196.4     4.00  41.667  -0.1077
  196.6     3.82  41.709  -0.1123
  196.8     4.22  41.750  -0.1105
  197.0     3.93  41.794  -0.1101
  197.2     4.06  41.836  -0.1042
  197.3     4.01  41.878  -0.1061
  197.8     4.37  41.920  -0.1058
  197.9     4.17  41.961  -0.1024
  198.0     3.95  42.002  -0.1115
  198.3     4.17  42.044  -0.1033
  198.4     3.72  42.086  -0.1117
  198.7     4.05  42.127  -0.1083
  198.9     4.06  42.168  -0.1160
  199.2     4.55  42.207  -0.1066
  199.3     4.09  42.249  -0.1143
  199.5     4.11  42.287  -0.1142
  199.8     4.31  42.331  -0.1074
  199.7     3.73  42.370  -0.1147
  200.0     4.16  42.409  -0.1081
  200.2     3.93  42.447  -0.1065
  200.3     3.76  42.487  -0.1081
  200.7     4.32  42.527  -0.1066
  200.9     3.94  42.568  -0.1122
  201.1     4.27  42.609  -0.1137
  201.2     3.86  42.648  -0.1061
  201.5     4.09  42.685  -0.1119
  201.8     4.17  42.725  -0.1097
  201.8     3.68  42.764  -0.1133
  202.1     4.08  42.806  -0.1134
  202.3     4.11  42.847  -0.1105
  202.5     4.02  42.886  -0.1207
  202.6     3.77  42.930  -0.1171
  203.0     4.30  42.973  -0.1220
  203.2     4.30  43.012  -0.1187
  203.2     3.80  43.055  -0.1182
  203.7     4.62  43.098  -0.1202
  203.6     3.75  43.138  -0.1144
  204.0     3.96  43.181  -0.1248
  204.3     4.74  43.222  -0.1196
  204.5     4.27  43.260  -0.1162
  204.5     3.93  43.302  -0.1223
  205.0     4.43  43.342  -0.1169
  205.1     4.09  43.384  -0.1146
  205.3     4.33  43.425  -0.1201
  205.5     4.04  43.466  -0.1115
  205.7     4.13  43.507  -0.1112
  205.9     4.05  43.547  -0.1174
  206.0     4.02  43.586  -0.1130
  206.4     4.45  43.625  -0.1082
  206.6     4.19  43.666  -0.1169
  206.7     4.23  43.706  -0.1165
  206.9     4.50  43.746  -0.1195
  207.1     4.19  43.785  -0.1182
  207.3     4.18  43.823  -0.1085
  207.6     4.45  43.864  -0.1227
  207.7     4.42  43.905  -0.1205
  207.9     4.52  43.945  -0.1197
  208.0     4.30  43.987  -0.1236
  208.4     4.53  44.030  -0.1178
  208.5     4.05  44.073  -0.1158
  208.9     4.97  44.115  -0.1209
  209.1     4.63  44.156  -0.1176
  209.4     4.80  44.197  -0.1131
  209.4     3.96  44.241  -0.1215
  209.7     4.54  44.281  -0.1213
  209.8     4.57  44.322  -0.1220
  210.1     4.55  44.365  -0.1175
  210.4     4.54  44.407  -0.1181
  210.6     4.47  44.449  -0.1207
  210.7     4.14  44.493  -0.1223
  211.0     4.64  44.533  -0.1130
  211.2     4.47  44.575  -0.1162
  211.4     4.21  44.617  -0.1214
  211.6     4.33  44.659  -0.1154
  211.7     4.38  44.699  -0.1191
  212.0     4.14  44.741  -0.1214
  212.2     4.40  44.780  -0.1124
  212.4     4.33  44.822  -0.1207
  212.6     4.18  44.861  -0.1276
  212.8     4.33  44.898  -0.1197
  213.2     4.62  44.941  -0.1273
  213.2     4.34  44.978  -0.1256
  213.5     4.64  45.017  -0.1218
  213.6     4.45  45.058  -0.1231
  213.9     4.20  45.096  -0.1273
  214.1     4.50  45.138  -0.1202
  214.2     4.06  45.180  -0.1248
  214.5     4.56  45.221  -0.1252
  214.6     4.24  45.262  -0.1201
  214.8     4.39  45.305  -0.1170
  215.1     4.44  45.347  -0.1306
  215.2     4.19  45.389  -0.1263
  215.4     4.18  45.431  -0.1305
  215.7     4.47  45.470  -0.1329
  215.9     4.59  45.511  -0.1207
  216.1     4.16  45.552  -0.1270
  216.4     4.65  45.592  -0.1257
  216.5     4.39  45.633  -0.1292
  216.7     4.12  45.673  -0.1319
  217.0     4.43  45.715  -0.1219
  217.1     4.29  45.757  -0.1296
  217.3     4.16  45.799  -0.1249
  217.6     4.42  45.838  -0.1258
  217.7     4.17  45.878  -0.1336
  217.9     4.54  45.917  -0.1296
  218.2     4.22  45.959  -0.1259
  218.4     4.11  46.000  -0.1306
  218.5     4.27  46.043  -0.1278
  218.7     4.10  46.082  -0.1238
  219.0     4.66  46.122  -0.1319
  219.2     4.71  46.161  -0.1293
  219.3     4.39  46.202  -0.1259
  219.6     4.47  46.241  -0.1351
  219.8     4.58  46.281  -0.1372
  220.0     4.44  46.323  -0.1267
  220.2     4.56  46.364  -0.1252
  220.6     4.74  46.405  -0.1309
  220.5     4.25  46.447  -0.1291
  220.8     4.37  46.487  -0.1248
  221.0     4.50  46.531  -0.1315
  221.3     4.76  46.572  -0.1340
  221.5     4.78  46.611  -0.1287
  221.6     4.13  46.652  -0.1351
  221.9     4.63  46.694  -0.1333
  222.1     4.76  46.735  -0.1336
  222.2     4.33  46.777  -0.1431
  222.5     4.53  46.819  -0.1386
  222.7     4.59  46.860  -0.1384
  222.9     4.59  46.901  -0.1349
  223.2     4.51  46.944  -0.1376
  223.3     4.35  46.985  -0.1409
  223.5     4.79  47.025  -0.1359
  223.6     4.43  47.065  -0.1365
  223.8     4.56  47.106  -0.1446
  224.2     4.84  47.145  -0.1338
  224.2     4.12  47.185  -0.1368
  224.6     4.42  47.227  -0.1450
  224.8     4.56  47.267  -0.1434
  225.0     4.81  47.307  -0.1358
  225.1     4.74  47.348  -0.1440
  225.3     4.46  47.390  -0.1448
  225.5     4.66  47.429  -0.1467
  225.7     4.52  47.470  -0.1442
  225.9     4.39  47.509  -0.1517
  226.0     4.31  47.550  -0.1484
  226.4     4.56  47.591  -0.1417
  226.5     4.47  47.634  -0.1510
  226.7     4.23  47.676  -0.1543
  227.0     4.47  47.717  -0.1451
  227.0     4.38  47.757  -0.1494
  227.4     4.78  47.800  -0.1439
  227.6     4.28  47.842  -0.1424
  227.7     4.38  47.881  -0.1514
  227.9     4.48  47.922  -0.1442
  228.2     4.47  47.963  -0.1495
  228.5     4.84  48.005  -0.1504
  228.6     4.50  48.047  -0.1495
  228.7     4.30  48.088  -0.1518
  229.1     4.64  48.129  -0.1437
  229.2     4.47  48.169  -0.1469
  229.4     4.84  48.209  -0.1506
  229.7     4.58  48.251  -0.1381
  229.9     4.58  48.292  -0.1441
  230.1     4.58  48.333  -0.1346
  230.3     4.63  48.374  -0.1353
  230.6     4.75  48.415  -0.1318
  230.7     4.51  48.455  -0.1379
  230.9     4.39  48.495  -0.1441
  231.1     4.42  48.534  -0.1427
  231.2     4.34  48.572  -0.1493
  231.5     4.73  48.614  -0.1498
  231.8     4.55  48.656  -0.1510
  232.0     4.85  48.696  -0.1520
  232.3     4.76  48.740  -0.1519
  232.4     4.75  48.783  -0.1515
  232.5     4.34  48.823  -0.1474
  232.9     4.78  48.865  -0.1472
  233.1     4.73  48.905  -0.1510
  233.4     4.75  48.946  -0.1509
  233.3     4.48  48.988  -0.1590
  233.6     4.68  49.028  -0.1605
  233.7     4.20  49.067  -0.1593
  234.1     4.52  49.108  -0.1629
  234.2     4.85  49.147  -0.1510
  234.4     4.24  49.190  -0.1489
  234.8     4.75  49.233  -0.1568
  234.9     4.72  49.278  -0.1483
  235.1     4.62  49.320  -0.1553
  235.4     4.52  49.362  -0.1562
  235.5     4.52  49.400  -0.1500
  235.7     4.42  49.439  -0.1540
  235.9     4.61  49.480  -0.1561
  236.2     4.98  49.517  -0.1501
  236.4     4.60  49.557  -0.1552
  236.5     4.42  49.597  -0.1539
  236.7     4.82  49.635  -0.1440
  237.0     4.65  49.674  -0.1549
  237.1     4.73  49.711  -0.1536
  237.4     4.81  49.750  -0.1461
  237.7     4.87  49.792  -0.1520
  237.8     4.71  49.835  -0.1569
  237.9     4.45  49.875  -0.1557
  238.3     4.64  49.920  -0.1606
  238.4     4.73  49.961  -0.1595
  238.7     5.07  50.002  -0.1504
  238.9     4.67  50.045  -0.1522
  239.2     4.90  50.086  -0.1585
  239.2     4.76  50.128  -0.1481
  239.4     4.50  50.169  -0.1489
  239.7     4.82  50.210  -0.1570
  240.0     4.93  50.252  -0.1460
  240.0     4.46  50.293  -0.1541
  240.4     4.94  50.333  -0.1527
  240.6     4.82  50.376  -0.1571
  240.8     4.60  50.416  -0.1618
  241.0     5.11  50.458  -0.1533
  241.1     4.65  50.499  -0.1542
  241.3     4.67  50.541  -0.1543
  241.5     4.63  50.579  -0.1469
  241.9     4.99  50.619  -0.1574
  241.9     4.89  50.659  -0.1595
  242.1     4.57  50.699  -0.1596
  242.4     4.56  50.739  -0.1668
  242.6     4.79  50.779  -0.1657
  242.7     4.83  50.818  -0.1656
  243.2     5.05  50.858  -0.1659
  243.2     5.09  50.898  -0.1629
  243.6     5.15  50.940  -0.1672
  243.6     5.01  50.981  -0.1702
  243.9     5.03  51.024  -0.1644
  244.0     4.68  51.068  -0.1682
  244.3     4.85  51.109  -0.1697
  244.6     5.09  51.151  -0.1620
  244.7     4.68  51.194  -0.1668
  245.0     4.71  51.236  -0.1691
  245.3     5.10  51.278  -0.1629
  245.4     4.65  51.320  -0.1649
  245.7     5.08  51.358  -0.1776
  245.7     4.73  51.399  -0.1670
  246.0     4.78  51.440  -0.1661
  246.3     4.87  51.481  -0.1700
  246.5     5.35  51.523  -0.1735
  246.8     5.20  51.565  -0.1657
  247.0     5.03  51.608  -0.1775
  247.1     5.22  51.651  -0.1744
  247.4     4.95  51.693  -0.1770
  247.5     5.01  51.734  -0.1829
  247.9     5.11  51.775  -0.1770
  248.1     5.37  51.814  -0.1889
  248.3     5.06  51.852  -0.1970
  248.4     4.88  51.892  -0.1768
  248.7     5.08  51.934  -0.1810
  248.8     5.05  51.974  -0.1864
  249.0     4.91  52.015  -0.1765
  249.2     4.69  52.053  -0.1702
  249.5     5.16  52.094  -0.1801
  249.6     5.15  52.139  -0.1852
  249.8     4.95  52.182  -0.1818
  250.1     5.25  52.226  -0.1861
  250.3     4.98  52.268  -0.1866
  250.5     4.81  52.310  -0.1831
  250.8     5.33  52.353  -0.1786
  250.9     4.63  52.393  -0.1776
  251.1     4.61  52.433  -0.1823
  251.4     5.36  52.474  -0.1764
  251.5     5.17  52.515  -0.1706
  251.8     5.22  52.558  -0.1785
  252.1     5.22  52.599  -0.1792
  252.1     4.74  52.638  -0.1756
  252.3     4.72  52.679  -0.1804
  252.7     5.28  52.723  -0.1789
  252.7     4.75  52.766  -0.1845
  253.0     5.18  52.806  -0.1954
  253.3     4.99  52.846  -0.1882
  253.4     5.16  52.887  -0.1913
  253.7     4.85  52.926  -0.1965
  254.0     5.43  52.966  -0.1864
  254.1     4.97  53.006  -0.1921
  254.3     5.24  53.048  -0.1746
  254.6     5.12  53.088  -0.1751
  254.7     5.10  53.127  -0.1783
  255.0     5.41  53.167  -0.1755
  255.1     5.02  53.206  -0.1848
  255.4     5.20  53.248  -0.1697
  255.5     4.98  53.290  -0.1724
  255.9     5.31  53.330  -0.1782
  256.0     5.57  53.372  -0.1784
  256.1     5.07  53.417  -0.1797
  256.3     4.91  53.458  -0.1747
  256.3     4.85  53.501  -0.1782
  256.7     4.96  53.542  -0.1789
  257.1     5.51  53.583  -0.1713
  257.2     5.12  53.626  -0.1802
  257.4     5.35  53.667  -0.1808
  257.5     5.09  53.706  -0.1801
  257.8     4.79  53.748  -0.1826
  258.0     5.09  53.790  -0.1860
  258.3     5.43  53.830  -0.1800
  258.5     4.98  53.872  -0.1789
  258.7     5.12  53.915  -0.1862
  258.9     5.51  53.956  -0.1884
  259.0     4.77  53.999  -0.1819
  259.2     4.97  54.040  -0.1807
  259.4     5.34  54.081  -0.1887
  259.6     5.14  54.121  -0.1805
  259.8     5.06  54.161  -0.1798
  260.1     5.09  54.201  -0.1807
  260.3     5.16  54.242  -0.1879
  260.5     5.59  54.281  -0.1809
  260.7     4.99  54.322  -0.1784
  260.9     4.98  54.363  -0.1877
  261.1     5.45  54.404  -0.1843
  261.2     5.07  54.447  -0.1796
  261.4     5.22  54.487  -0.1850
  261.8     5.71  54.529  -0.1814
  262.0     5.72  54.573  -0.1823
  262.2     5.25  54.612  -0.1878
  262.4     5.47  54.655  -0.1874
  262.6     5.60  54.696  -0.1855
  262.8     5.39  54.737  -0.1922
  262.9     5.25  54.778  -0.1854
  263.1     5.12  54.819  -0.1866
  263.2     4.98  54.859  -0.1941
  263.5     5.15  54.900  -0.1878
  263.8     5.38  54.941  -0.1920
  264.0     5.13  54.983  -0.1991
  264.2     5.55  55.025  -0.1963
  264.1     5.04  55.067  -0.1987
  264.5     5.32  55.109  -0.2028
  264.9     5.81  55.150  -0.1915
  265.0     5.36  55.190  -0.1972
  265.1     5.01  55.230  -0.2017
  265.3     5.16  55.269  -0.1953
  265.6     5.52  55.307  -0.1896
  265.7     5.27  55.351  -0.1992
  266.0     5.22  55.393  -0.2013
  266.1     5.08  55.431  -0.1976
  266.4     5.40  55.471  -0.1910
  266.5     5.38  55.512  -0.1932
  266.7     5.20  55.552  -0.1964
  267.0     5.28  55.592  -0.1980
  267.2     5.53  55.634  -0.1975
  267.4     5.17  55.676  -0.2076
  267.4     4.97  55.718  -0.2024
  267.8     5.18  55.759  -0.2018
  267.9     5.25  55.801  -0.2072
  268.3     5.80  55.844  -0.2031
  268.4     5.26  55.884  -0.2076
  268.6     5.28  55.925  -0.2131
  268.9     5.56  55.967  -0.2071
  269.0     5.00  56.009  -0.2034
  269.3     5.37  56.049  -0.2136
  269.5     5.52  56.091  -0.2088
  269.6     5.04  56.131  -0.2044
  269.8     5.20  56.171  -0.2142
  270.0     5.27  56.215  -0.2158
  270.3     5.47  56.258  -0.2081
  270.4     5.32  56.298  -0.2147
  270.7     5.49  56.336  -0.2182
  270.7     5.03  56.374  -0.2097
  271.1     5.42  56.413  -0.2060
  271.4     5.37  56.452  -0.2166
  271.5     5.57  56.491  -0.2091
  271.7     5.07  56.532  -0.2093
  271.9     5.42  56.572  -0.2188
  272.1     5.55  56.610  -0.2130
  272.2     5.36  56.651  -0.2102
  272.4     5.26  56.690  -0.2144
  272.6     5.56  56.731  -0.2091
  272.9     5.27  56.773  -0.2118
  273.1     5.72  56.812  -0.2114
  273.2     5.55  56.854  -0.2201
  273.4     5.02  56.897  -0.2140
  273.6     4.92  56.938  -0.2152
  273.9     5.31  56.981  -0.2206
  274.1     5.50  57.021  -0.2155
  274.5     5.79  57.063  -0.2201
  274.3     5.06  57.103  -0.2210
  274.7     5.46  57.143  -0.2138
  274.7     5.16  57.182  -0.2238
  275.2     5.83  57.223  -0.2162
  275.2     5.25  57.265  -0.2276
  275.5     5.46  57.307  -0.2236
  275.6     5.11  57.350  -0.2192
  275.8     4.87  57.393  -0.2271
  276.1     5.41  57.433  -0.2192
  276.2     5.32  57.471  -0.2164
  276.5     5.59  57.511  -0.2209
  276.7     5.42  57.550  -0.2172
  276.8     5.04  57.594  -0.2147
  277.1     5.39  57.632  -0.2196
  277.4     5.66  57.674  -0.2167
  277.6     5.51  57.715  -0.2108
  277.8     5.38  57.757  -0.2183
  278.0     5.78  57.799  -0.2215
  278.2     5.71  57.840  -0.2114
  278.3     4.96  57.882  -0.2154
  278.5     5.30  57.922  -0.2161
  278.8     5.55  57.963  -0.2136
  279.1     5.40  58.004  -0.2180
  279.2     5.35  58.047  -0.2143
  279.3     5.32  58.086  -0.2093
  279.5     5.31  58.128  -0.2179
  279.9     5.52  58.168  -0.2156
  279.9     5.36  58.207  -0.2116
  280.1     5.22  58.250  -0.2250
  280.4     5.47  58.290  -0.2214
  280.5     5.21  58.331  -0.2187
  280.9     5.52  58.374  -0.2264
  281.0     5.76  58.414  -0.2190
  281.1     5.22  58.456  -0.2227
  281.4     5.61  58.496  -0.2287
  281.5     5.51  58.538  -0.2202
  281.7     5.16  58.580  -0.2290
  282.0     5.33  58.620  -0.2222
  282.1     5.26  58.659  -0.2258
  282.5     5.81  58.700  -0.2252
  282.7     5.57  58.741  -0.2243
  282.9     5.55  58.781  -0.2249
  283.0     5.37  58.820  -0.2156
  283.3     5.37  58.861  -0.2250
  283.4     5.46  58.902  -0.2187
  283.7     5.48  58.940  -0.2215
  283.9     5.61  58.981  -0.2177
  283.9     5.00  59.018  -0.2130
  284.3     5.64  59.059  -0.2168
  284.5     5.52  59.101  -0.2125
  284.4     5.07  59.140  -0.2152
  284.8     5.69  59.181  -0.2114
  284.9     5.11  59.223  -0.2107
  285.1     5.27  59.264  -0.2095
  285.5     5.60  59.306  -0.2098
  285.5     5.10  59.347  -0.2124
  285.9     5.72  59.389  -0.2054
  286.1     5.21  59.431  -0.2081
  286.2     5.37  59.472  -0.2141
  286.4     5.47  59.513  -0.2094
  286.7     5.48  59.555  -0.2135
  286.8     5.34  59.596  -0.2101
  287.0     5.32  59.638  -0.2109
  287.2     5.44  59.680  -0.2144
  287.7     5.81  59.723  -0.2175
  287.6     5.17  59.765  -0.2193
  287.9     5.29  59.806  -0.2165
  288.2     5.72  59.847  -0.2112
  288.4     5.47  59.887  -0.2146
  288.5     5.41  59.926  -0.2172
  288.9     6.00  59.965  -0.2169
  289.0     5.74  60.005  -0.2114
  289.2     5.73  60.045  -0.2145
  289.4     5.42  60.084  -0.2207
  289.6     5.82  60.124  -0.2163
  289.7     5.35  60.165  -0.2062
  289.9     5.11  60.207  -0.2168
  289.9     5.15  60.249  -0.2188
  290.3     5.55  60.290  -0.2101
  290.4     5.20  60.332  -0.2198
  290.9     6.02  60.377  -0.2200
  291.0     5.54  60.417  -0.2177
  291.2     5.45  60.460  -0.2175
  291.3     5.07  60.503  -0.2246
  291.5     5.43  60.542  -0.2170
  291.9     5.81  60.583  -0.2261
  292.1     5.62  60.624  -0.2244
  292.1     5.38  60.665  -0.2166
  292.4     5.58  60.706  -0.2200
  292.6     5.32  60.748  -0.2318
  292.9     5.68  60.789  -0.2239
  293.1     5.53  60.833  -0.2305
  293.3     5.39  60.875  -0.2225
  293.4     5.45  60.916  -0.2266
  293.6     5.28  60.956  -0.2296
  293.9     5.64  60.996  -0.2276
  294.0     5.02  61.036  -0.2361
  294.4     5.75  61.075  -0.2293
  294.5     5.26  61.116  -0.2366
  294.8     5.73  61.156  -0.2363
  294.9     5.66  61.196  -0.2261
  295.1     5.82  61.235  -0.2352
  295.2     5.18  61.275  -0.2364
  295.5     5.71  61.318  -0.2257
  295.6     5.18  61.359  -0.2275
  295.9     5.03  61.399  -0.2317
  296.2     5.71  61.440  -0.2329
  296.4     5.76  61.482  -0.2256
  296.5     4.90  61.525  -0.2279
  296.8     5.67  61.566  -0.2315
  297.1     5.89  61.610  -0.2229
  297.2     5.70  61.653  -0.2219
  297.4     4.89  61.694  -0.2344
  297.6     5.21  61.736  -0.2310
  298.0     5.79  61.777  -0.2259
  298.0     5.23  61.816  -0.2266
  298.1     5.09  61.855  -0.2335
  298.4     5.32  61.897  -0.2363
  298.7     5.59  61.937  -0.2322
  298.9     5.61  61.976  -0.2298
  299.1     4.96  62.017  -0.2377
  299.2     5.06  62.059  -0.2394
  299.6     5.56  62.100  -0.2342
  299.7     5.41  62.140  -0.2330
  299.8     5.41  62.182  -0.2437
  300.2     5.52  62.223  -0.2360
  300.4     5.59  62.263  -0.2308
  300.5     5.28  62.303  -0.2374
  300.7     4.98  62.341  -0.2392
  300.9     5.65  62.379  -0.2344
  301.0     5.01  62.419  -0.2340
  301.2     5.02  62.458  -0.2381
  301.4     5.15  62.497  -0.2327
  301.8     5.38  62.538  -0.2298
  301.8     5.12  62.579  -0.2330
  302.3     5.77  62.620  -0.2357
  302.4     5.16  62.663  -0.2332
  302.7     5.66  62.706  -0.2384
  302.9     5.80  62.749  -0.2364
  303.1     5.33  62.792  -0.2349
  303.3     5.43  62.831  -0.2385
  303.4     5.05  62.873  -0.2418
  303.6     5.58  62.913  -0.2371
  303.8     5.20  62.952  -0.2309
  304.0     5.47  62.994  -0.2395
  304.2     5.30  63.035  -0.2370
  304.5     5.36  63.077  -0.2325
  304.6     5.11  63.120  -0.2428
  304.9     5.41  63.163  -0.2422
  305.0     5.35  63.206  -0.2408
  305.4     5.30  63.246  -0.2483
  305.5     5.29  63.286  -0.2435
  305.7     5.31  63.323  -0.2340
  305.8     4.94  63.363  -0.2405
  306.0     4.80  63.403  -0.2389
  306.2     4.95  63.443  -0.2254
  306.4     5.00  63.486  -0.2331
  306.8     5.66  63.524  -0.2288
  306.9     5.23  63.564  -0.2326
  307.1     5.34  63.604  -0.2321
  307.3     5.29  63.646  -0.2213
  307.5     5.23  63.689  -0.2229
  307.9     5.71  63.730  -0.2232
  308.0     5.41  63.772  -0.2306
  308.0     4.99  63.813  -0.2275
  308.4     5.31  63.855  -0.2355
  308.4     5.06  63.895  -0.2274
  308.7     5.10  63.939  -0.2272
  309.1     5.94  63.980  -0.2217
  309.2     5.11  64.022  -0.2289
  309.3     5.22  64.065  -0.2318
  309.5     5.28  64.106  -0.2271
  309.7     5.13  64.147  -0.2390
  310.0     5.44  64.189  -0.2349
  310.1     5.05  64.231  -0.2402
  310.3     4.96  64.274  -0.2348
  310.6     5.29  64.315  -0.2324
  310.8     5.25  64.357  -0.2369
  311.1     5.84  64.399  -0.2319
  311.1     5.16  64.442  -0.2412
  311.5     5.53  64.485  -0.2388
  311.8     5.30  64.528  -0.2363
  311.7     5.10  64.570  -0.2423
  311.9     5.08  64.611  -0.2327
  312.2     5.11  64.650  -0.2392
  312.2     4.85  64.689  -0.2454
  312.7     5.40  64.729  -0.2352
  312.7     5.09  64.771  -0.2418
  313.0     5.33  64.809  -0.2428
  313.2     5.10  64.852  -0.2383
  313.3     5.08  64.893  -0.2407
  313.8     5.57  64.934  -0.2346
  313.9     5.25  64.975  -0.2383
  314.1     5.17  65.019  -0.2382
  314.2     5.04  65.061  -0.2314
  314.5     5.15  65.104  -0.2390
  314.7     5.43  65.144  -0.2366
  314.8     4.96  65.184  -0.2372
  315.0     5.24  65.225  -0.2418
  315.4     5.39  65.265  -0.2337
  315.4     4.90  65.306  -0.2410
  315.8     5.25  65.345  -0.2431
  316.1     5.56  65.385  -0.2456
  316.1     5.14  65.428  -0.2539
  316.2     4.93  65.472  -0.2425
  316.6     5.18  65.514  -0.2458
  316.7     5.29  65.555  -0.2454
  316.9     4.87  65.596  -0.2428
  317.2     5.49  65.636  -0.2422
  317.3     5.21  65.675  -0.2467
  317.6     5.49  65.718  -0.2517
  317.8     5.24  65.757  -0.2490
  317.9     4.99  65.796  -0.2593
  318.1     5.20  65.837  -0.2491
  318.5     5.19  65.875  -0.2592
  318.6     5.32  65.914  -0.2646
  318.8     5.18  65.953  -0.2531
  319.0     5.18  65.992  -0.2610
  319.2     5.49  66.033  -0.2477
  319.4     5.37  66.076  -0.2563
  319.6     5.06  66.122  -0.2577
  319.8     5.14  66.165  -0.2577
  320.1     5.27  66.207  -0.2689
  320.2     5.08  66.249  -0.2607
  320.5     5.04  66.290  -0.2545
  320.8     5.29  66.332  -0.2565
  321.0     5.47  66.372  -0.2597
  321.1     5.57  66.413  -0.2602
  321.3     4.96  66.454  -0.2659
  321.6     5.60  66.497  -0.2628
  321.7     4.95  66.539  -0.2661
  321.9     5.18  66.579  -0.2596
  322.2     5.04  66.620  -0.2720
  322.4     5.39  66.661  -0.2522
  322.5     5.34  66.705  -0.2608
  322.8     5.37  66.748  -0.2510
  323.1     5.71  66.790  -0.2572
  323.2     5.80  66.831  -0.2567
  323.5     5.39  66.872  -0.2609
  323.6     5.13  66.912  -0.2576
  323.9     5.07  66.951  -0.2588
  324.1     5.12  66.992  -0.2528
  324.3     5.55  67.033  -0.2641
  324.6     5.53  67.076  -0.2568
  324.8     5.52  67.116  -0.2654
  324.9     5.51  67.157  -0.2547
  325.1     5.28  67.201  -0.2629
  325.5     5.92  67.241  -0.2580
  325.7     5.46  67.283  -0.2608
  325.8     5.49  67.327  -0.2644
  326.0     5.49  67.368  -0.2724
  326.4     5.80  67.411  -0.2669
  326.3     5.14  67.452  -0.2609
  326.7     5.66  67.493  -0.2771
  327.0     6.09  67.534  -0.2725
  327.0     5.26  67.576  -0.2676
  327.4     6.00  67.616  -0.2675
  327.6     5.99  67.657  -0.2613
  327.7     5.67  67.698  -0.2688
  328.0     5.85  67.739  -0.2796
  328.1     5.38  67.783  -0.2821
  328.5     5.91  67.826  -0.2856
  328.6     5.75  67.868  -0.2807
  328.7     5.37  67.909  -0.2924
  329.1     6.14  67.948  -0.2788
  329.3     5.80  67.990  -0.2892
  329.4     5.68  68.030  -0.2935
  329.6     5.63  68.070  -0.2906
  329.9     5.72  68.111  -0.2853
  330.1     6.00  68.151  -0.2871
  330.3     5.73  68.190  -0.2856
  330.4     5.40  68.230  -0.2952
  330.6     5.56  68.270  -0.2882
  330.8     5.34  68.310  -0.2825
  331.2     5.54  68.352  -0.2884
  331.3     5.71  68.394  -0.2845
  331.5     5.65  68.437  -0.2818
  331.8     6.13  68.480  -0.2805
  332.0     5.74  68.520  -0.2807
  332.3     6.04  68.563  -0.2815
  332.4     5.66  68.605  -0.2926
  332.6     5.75  68.647  -0.2980
  332.7     5.37  68.688  -0.2952
  333.1     5.91  68.730  -0.2996
  333.3     5.87  68.771  -0.2953
  333.4     5.66  68.811  -0.2919
  333.7     5.44  68.852  -0.2920
  333.8     5.41  68.892  -0.2912
  334.1     5.37  68.933  -0.2971
  334.4     5.72  68.973  -0.3015
  334.6     6.01  69.014  -0.3008
  334.8     6.19  69.054  -0.2952
  335.0     5.48  69.095  -0.2910
  335.1     5.28  69.136  -0.2979
  335.5     5.89  69.178  -0.3050
  335.6     5.69  69.217  -0.3027
  335.9     6.02  69.258  -0.2927
  335.9     5.88  69.298  -0.2926
  336.1     5.75  69.339  -0.2476
  336.6     5.92  69.380  -0.2941
  336.7     6.07  69.419  -0.2905
  337.0     5.96  69.460  -0.2848
  337.2     5.98  69.503  -0.2943
  337.3     5.92  69.546  -0.2978
  337.6     5.78  69.588  -0.2929
  337.8     5.55  69.629  -0.2913
  338.1     5.84  69.671  -0.2986
  338.3     6.21  69.714  -0.2957
  338.4     5.87  69.755  -0.2866
  338.6     5.77  69.794  -0.2895
  338.8     5.65  69.834  -0.3012
  339.1     6.24  69.877  -0.2983
  339.4     6.47  69.919  -0.2899
  339.5     5.75  69.961  -0.2999
  339.7     5.88  70.002  -0.3021
  340.0     6.10  70.043  -0.2960
  340.2     5.89  70.083  -0.3003
  340.3     5.84  70.124  -0.3049
  340.6     5.86  70.166  -0.2992
  340.9     6.07  70.209  -0.2889
  340.9     5.63  70.248  -0.2965
  341.3     6.10  70.288  -0.3033
  341.3     5.55  70.328  -0.3021
  341.7     6.15  70.366  -0.3008
  341.8     5.91  70.408  -0.3051
  342.0     5.77  70.450  -0.3075
  342.3     5.88  70.488  -0.3056
  342.4     5.49  70.528  -0.2985
  342.8     5.95  70.568  -0.3034
  343.0     5.72  70.608  -0.3089
  343.3     6.43  70.651  -0.3014
  343.2     5.80  70.694  -0.3000
  343.5     5.74  70.734  -0.3104
  343.7     5.88  70.778  -0.3069
  344.1     5.94  70.821  -0.3048
  344.2     5.77  70.864  -0.3074
  344.4     6.00  70.906  -0.3049
  344.6     5.76  70.947  -0.3010
  344.9     5.88  70.988  -0.3107
  345.0     5.73  71.030  -0.3056
  345.3     5.87  71.074  -0.3029
  345.4     5.45  71.113  -0.3133
  345.9     6.28  71.153  -0.3201
  345.9     6.08  71.195  -0.3132
  346.4     6.06  71.236  -0.3184
  346.3     5.37  71.279  -0.3244
  346.7     6.12  71.320  -0.3195
  346.7     5.54  71.360  -0.3150
  347.0     5.65  71.400  -0.3259
  347.3     5.95  71.441  -0.3236
  347.5     5.92  71.481  -0.3153
  347.8     5.97  71.520  -0.3278
  347.9     5.86  71.560  -0.3262
  348.2     6.08  71.600  -0.3199
  348.2     5.92  71.638  -0.3252
  348.3     5.45  71.676  -0.3311
  348.8     6.23  71.719  -0.3360
  348.8     5.52  71.758  -0.3418
  349.2     6.33  71.799  -0.3362
  349.4     6.17  71.840  -0.3295
  349.5     5.74  71.883  -0.3379
  349.6     5.57  71.925  -0.3363
  349.9     5.63  71.969  -0.3148
  350.2     5.97  72.011  -0.3175
  350.4     5.88  72.055  -0.3069
  350.6     5.70  72.096  -0.3086
  350.8     5.99  72.136  -0.3136
  351.0     5.81  72.179  -0.3087
  351.2     5.48  72.220  -0.3082
  351.5     5.96  72.262  -0.3187
  351.7     5.95  72.304  -0.3125
  351.8     5.94  72.346  -0.3132
  352.0     5.99  72.386  -0.3239
  352.2     5.65  72.430  -0.3198
  352.5     5.88  72.471  -0.3235
  352.6     5.46  72.512  -0.3198
  352.9     5.92  72.552  -0.3226
  353.1     5.88  72.589  -0.3171
  353.2     5.40  72.632  -0.3172
  353.5     5.71  72.673  -0.3614
  353.6     5.78  72.714  -0.3693
  353.9     5.47  72.754  -0.3645
  354.1     5.81  72.793  -0.3545
  354.3     5.57  72.835  -0.3582
  354.5     5.77  72.874  -0.3642
  354.7     5.42  72.913  -0.3626
  354.9     6.13  72.955  -0.3528
  355.0     5.27  72.997  -0.3130
  355.2     5.35  73.038  -0.3118
  355.6     6.03  73.079  -0.3182
  355.9     6.09  73.122  -0.3180
  355.9     5.72  73.162  -0.3212
  356.2     5.75  73.202  -0.3156
  356.4     5.54  73.243  -0.3254
  356.6     5.61  73.284  -0.3277
  356.9     5.59  73.322  -0.3226
  357.0     5.83  73.364  -0.3148
  357.2     5.79  73.404  -0.3234
  357.3     5.40  73.444  -0.3276
  357.6     5.76  73.485  -0.3214
  357.8     5.89  73.525  -0.3201
  358.1     5.99  73.565  -0.3252
  358.2     5.38  73.606  -0.3219
  358.5     5.98  73.649  -0.3305
  358.6     5.55  73.687  -0.3320
  358.7     5.53  73.726  -0.3381
  358.9     5.42  73.766  -0.3406
  359.4     6.08  73.805  -0.3349
  359.5     6.02  73.844  -0.3310
  359.5     5.54  73.882  -0.3326
  359.9     5.86  73.923  -0.3406
  360.1     6.26  73.961  -0.3358
  360.3     6.03  74.000  -0.3333
  360.4     5.60  74.039  -0.3324
  360.6     5.35  74.078  -0.3202
  360.7     5.36  74.118  -0.2979
  360.9     5.38  74.159  -0.3019
  361.2     5.69  74.201  -0.3050
  361.4     5.53  74.244  -0.2989
  361.6     5.71  74.287  -0.2965
  361.8     5.51  74.327  -0.3021
  362.1     5.51  74.371  -0.3100
  362.1     5.50  74.411  -0.3073
  362.6     6.02  74.451  -0.3040
  362.7     6.03  74.491  -0.3001
  362.7     5.25  74.533  -0.2935
  363.2     5.88  74.572  -0.2970
  363.3     5.50  74.612  -0.3001
  363.5     6.04  74.652  -0.2961
  363.7     5.90  74.693  -0.2925
  364.0     5.81  74.734  -0.2965
  364.1     5.57  74.776  -0.3016
  364.3     5.86  74.817  -0.2997
  364.6     5.96  74.857  -0.2968
  364.8     5.95  74.895  -0.2963
  364.9     5.54  74.934  -0.3027
  365.0     5.51  74.974  -0.3109
  365.3     5.61  75.013  -0.3084
  365.4     5.45  75.053  -0.3025
  365.7     5.94  75.093  -0.2936
  366.0     6.13  75.133  -0.2938
  366.0     5.57  75.174  -0.2996
  366.2     5.38  75.214  -0.3033
  366.5     5.92  75.254  -0.3017
  366.6     5.36  75.295  -0.3016
  367.0     6.33  75.334  -0.2992
  366.9     5.48  75.375  -0.2943
  367.4     5.93  75.419  -0.3042
  367.6     5.68  75.460  -0.3067
  367.8     5.59  75.502  -0.3088
  367.8     5.53  75.546  -0.3213
  368.1     5.64  75.586  -0.3204
  368.3     5.74  75.626  -0.3087
  368.5     5.29  75.668  -0.3087
  368.7     5.50  75.709  -0.3125
  369.0     5.59  75.749  -0.3188
  369.1     5.79  75.789  -0.3211
  369.4     5.87  75.831  -0.3217
  369.7     6.06  75.871  -0.3161
  369.7     5.74  75.912  -0.3103
  369.9     5.25  75.955  -0.3122
  370.3     6.02  75.998  -0.3190
  370.5     6.18  76.038  -0.3303
  370.5     5.53  76.078  -0.3309
  370.8     5.92  76.118  -0.3270
  371.0     5.67  76.157  -0.3185
  371.1     5.71  76.196  -0.3134
  371.3     5.32  76.236  -0.3209
  371.6     5.57  76.274  -0.3238
  371.8     5.91  76.312  -0.3253
  371.9     5.29  76.351  -0.3186
  372.0     5.55  76.389  -0.3126
  372.3     5.59  76.429  -0.3103
  372.5     5.83  76.469  -0.3087
  372.8     5.52  76.511  -0.3190
  372.9     5.67  76.555  -0.3209
  373.3     6.03  76.599  -0.3157
  373.3     5.98  76.640  -0.3124
  373.6     5.71  76.682  -0.3150
  373.8     5.49  76.724  -0.3167
  374.0     5.66  76.766  -0.3226
  374.0     5.21  76.806  -0.3277
  374.3     5.52  76.848  -0.3305
  374.5     5.32  76.889  -0.3344
  374.8     5.76  76.928  -0.3271
  375.0     5.82  76.970  -0.3221
  375.2     5.55  77.009  -0.3278
  375.3     5.36  77.050  -0.3326
  375.5     5.40  77.090  -0.3365
  375.7     5.43  77.132  -0.3305
  376.0     5.65  77.171  -0.3229
  376.1     5.50  77.210  -0.3247
  376.4     5.42  77.251  -0.3322
  376.5     5.70  77.291  -0.3362
  376.8     5.75  77.329  -0.3364
  377.0     5.94  77.371  -0.3266
  377.1     5.36  77.412  -0.3227
  377.4     5.56  77.451  -0.3268
  377.5     5.56  77.489  -0.3295
  377.6     5.30  77.528  -0.3311
  377.9     5.52  77.567  -0.3320
  378.1     5.58  77.608  -0.3277
  378.4     5.61  77.649  -0.3271
  378.5     5.40  77.690  -0.3265
  378.9     5.68  77.733  -0.3332
  379.0     5.51  77.776  -0.3361
  379.2     5.80  77.817  -0.3349
  379.5     5.65  77.860  -0.3292
  379.6     5.78  77.901  -0.3283
  379.9     6.20  77.943  -0.3362
  380.3     6.20  77.985  -0.3418
  380.3     5.86  78.023  -0.3377
  380.6     6.01  78.063  -0.3325
  380.8     6.00  78.104  -0.3285
  380.8     5.19  78.144  -0.3237
  381.0     5.70  78.185  -0.3242
  381.3     5.47  78.228  -0.3360
  381.6     5.24  78.271  -0.3391
  381.9     6.16  78.311  -0.3364
  381.9     5.57  78.352  -0.3284
  382.1     5.26  78.393  -0.3289
  382.4     5.71  78.433  -0.3294
  382.5     5.64  78.472  -0.3383
  382.8     5.49  78.510  -0.3320
  383.0     6.01  78.549  -0.3357
  383.2     5.65  78.588  -0.3285
  383.4     5.89  78.627  -0.3292
  383.7     5.82  78.669  -0.3378
  383.8     5.48  78.708  -0.3400
  384.1     5.98  78.748  -0.3384
  384.2     5.66  78.790  -0.3351
  384.4     5.65  78.829  -0.3310
  384.7     5.90  78.872  -0.3379
  384.9     5.52  78.916  -0.3418
  385.1     5.86  78.956  -0.3431
  385.4     6.08  78.998  -0.3397
  385.4     5.41  79.040  -0.3313
  385.7     5.51  79.080  -0.3361
  385.8     5.23  79.121  -0.3419
  386.1     5.44  79.163  -0.3438
  386.4     5.96  79.204  -0.3427
  386.5     6.00  79.245  -0.3377
  386.7     5.55  79.286  -0.3350
  386.8     5.33  79.327  -0.3394
  387.1     5.59  79.366  -0.3441
  387.2     5.73  79.406  -0.3429
  387.6     6.00  79.449  -0.3362
  387.8     5.71  79.488  -0.3364
  387.9     5.82  79.527  -0.3409
  388.1     5.56  79.566  -0.3485
  388.2     5.79  79.605  -0.3468
  388.6     6.20  79.645  -0.3419
  388.7     5.84  79.686  -0.3408
  388.9     5.58  79.727  -0.3469
  388.9     5.53  79.766  -0.3400
  389.4     6.20  79.804  -0.3387
  389.2     5.45  79.845  -0.3316
  389.7     5.71  79.883  -0.3376
  389.8     6.04  79.922  -0.3430
  390.0     5.60  79.962  -0.3424
  390.4     6.43  80.003  -0.3372
  390.3     5.39  80.047  -0.3401
  390.5     5.53  80.090  -0.3435
  390.8     5.93  80.131  -0.3467
  390.9     5.49  80.174  -0.3369
  391.0     5.19  80.215  -0.3338
  391.3     5.40  80.254  -0.3440
  391.6     5.71  80.294  -0.3409
  391.7     5.75  80.334  -0.3343
  392.0     5.57  80.374  -0.3422
  392.1     5.52  80.414  -0.3456
  392.4     5.66  80.453  -0.3486
  392.6     6.01  80.493  -0.3395
  392.6     5.37  80.536  -0.3472
  393.0     5.61  80.581  -0.3489
  393.1     5.67  80.622  -0.3394
  393.4     5.54  80.661  -0.3422
  393.6     5.71  80.702  -0.3513
  393.9     6.11  80.743  -0.3465
  393.9     5.71  80.785  -0.3366
  394.1     5.47  80.826  -0.3451
  394.2     5.33  80.865  -0.3516
  394.6     6.07  80.903  -0.3436
  394.7     5.98  80.942  -0.3429
  394.9     5.38  80.980  -0.3527
  395.1     5.71  81.020  -0.3435
  395.3     5.67  81.060  -0.3429
  395.4     5.21  81.101  -0.3508
  395.7     6.03  81.140  -0.3494
  395.7     5.56  81.181  -0.3472
  396.2     5.68  81.224  -0.3533
  396.2     5.68  81.266  -0.3512
  396.5     5.90  81.309  -0.3421
  396.6     5.31  81.351  -0.3441
  396.8     5.36  81.390  -0.3482
  397.1     5.95  81.431  -0.3382
  397.3     5.72  81.473  -0.3476
  397.5     5.80  81.512  -0.3478
  397.6     5.49  81.552  -0.3464
  397.8     5.45  81.593  -0.3378
  397.9     5.42  81.635  -0.3417
  398.1     5.31  81.675  -0.3456
  398.4     5.58  81.717  -0.3409
  398.7     5.54  81.759  -0.3404
  398.8     5.32  81.800  -0.3433
  399.1     5.89  81.841  -0.3368
  399.1     5.30  81.883  -0.3424
  399.3     5.50  81.924  -0.3425
  399.6     6.01  81.964  -0.3327
  399.7     5.37  82.005  -0.3379
  400.0     5.41  82.046  -0.3378
  400.2     5.96  82.086  -0.3312
  400.3     5.45  82.125  -0.3354
  400.7     5.99  82.165  -0.3369
  400.8     5.92  82.205  -0.3315
  400.9     5.67  82.248  -0.3451
  401.2     5.68  82.291  -0.3391
  401.3     5.76  82.331  -0.3422
  401.6     5.91  82.375  -0.3458
  401.7     5.61  82.417  -0.3429
  402.0     5.93  82.459  -0.3473
  402.2     5.82  82.500  -0.3437
  402.2     5.10  82.540  -0.3518
  402.7     5.96  82.580  -0.3449
  402.7     5.51  82.623  -0.3516
  403.0     5.84  82.665  -0.3562
  403.2     5.61  82.704  -0.3597
  403.4     5.55  82.745  -0.3609
  403.6     5.70  82.786  -0.3661
  403.9     6.02  82.828  -0.3766
  404.1     5.74  82.868  -0.3684
  404.3     5.73  82.912  -0.3622
  404.6     5.77  82.956  -0.3603
  404.6     5.39  82.994  -0.3694
  404.9     5.53  83.032  -0.3557
  405.1     5.46  83.073  -0.3619
  405.3     5.55  83.113  -0.3575
  405.5     5.73  83.151  -0.3573
  405.7     5.83  83.191  -0.3588
  406.0     5.77  83.233  -0.3566
  406.2     5.82  83.275  -0.3634
  406.4     5.79  83.314  -0.3580
  406.5     5.77  83.354  -0.3677
  406.6     5.47  83.393  -0.3652
  406.9     5.54  83.435  -0.3681
  407.2     5.79  83.476  -0.3677
  407.3     5.73  83.520  -0.3717
  407.5     5.42  83.565  -0.3693
  407.7     5.65  83.608  -0.3738
  408.1     5.61  83.650  -0.3678
  408.3     5.94  83.691  -0.3785
  408.3     5.29  83.734  -0.3683
  408.6     5.54  83.777  -0.3738
  408.9     5.55  83.818  -0.3728
  409.0     5.51  83.860  -0.3758
  409.4     5.65  83.902  -0.3763
  409.5     5.63  83.943  -0.3732
  409.8     5.90  83.986  -0.3777
  410.0     5.71  84.028  -0.3661
  410.1     5.46  84.071  -0.3775
  410.4     5.89  84.113  -0.3722
  410.6     5.70  84.153  -0.3827
  410.8     5.81  84.194  -0.3734
  410.9     5.28  84.236  -0.3772
  411.3     5.69  84.276  -0.3814
  411.5     5.81  84.318  -0.3691
  411.6     5.67  84.356  -0.3764
  411.9     5.80  84.396  -0.3725
  412.1     5.70  84.435  -0.3740
  412.3     5.57  84.477  -0.3781
  412.6     5.85  84.515  -0.3718
  412.8     5.71  84.556  -0.3793
  412.9     5.69  84.599  -0.3763
  413.2     5.55  84.641  -0.3779
  413.4     6.04  84.686  -0.3803
  413.5     5.69  84.727  -0.3705
  413.8     5.44  84.768  -0.3752
  414.1     5.68  84.810  -0.3707
  414.2     5.85  84.852  -0.3740
  414.5     5.62  84.893  -0.3670
  414.8     5.45  84.934  -0.3705
  415.0     5.75  84.975  -0.3569
  415.1     5.38  85.018  -0.3624
  415.4     5.61  85.059  -0.3609
  415.5     5.64  85.099  -0.3586
  415.6     5.30  85.138  -0.3701
  416.0     5.69  85.179  -0.3568
  416.0     5.14  85.223  -0.3693
  416.4     5.68  85.265  -0.3565
  416.6     5.27  85.305  -0.3615
  416.7     5.36  85.344  -0.3565
  417.1     5.88  85.382  -0.3603
  417.2     6.10  85.420  -0.3635
  417.5     6.11  85.458  -0.3506
  417.5     5.46  85.501  -0.3603
  417.8     5.74  85.542  -0.3544
  418.1     5.89  85.581  -0.3559
  418.3     5.91  85.621  -0.3652
  418.4     5.86  85.662  -0.3594
  418.6     5.41  85.705  -0.3642
  418.9     5.82  85.749  -0.3583
  419.1     5.58  85.790  -0.3681
  419.3     5.79  85.834  -0.3612
  419.5     5.40  85.878  -0.3607
  419.8     5.77  85.921  -0.3667
  420.0     5.70  85.965  -0.3598
  420.3     5.77  86.007  -0.3666
  420.4     5.61  86.048  -0.3638
  420.6     5.83  86.087  -0.3558
  420.7     5.64  86.128  -0.3655
  421.0     5.49  86.169  -0.3570
  421.3     5.88  86.210  -0.3541
  421.4     5.61  86.250  -0.3646
  421.8     6.17  86.290  -0.3575
  421.9     5.98  86.333  -0.3629
  422.0     6.00  86.375  -0.3645
  422.2     5.67  86.415  -0.3572
  422.5     5.61  86.455  -0.3661
  422.7     6.01  86.495  -0.3673
  422.8     5.51  86.534  -0.3691
  423.0     5.61  86.575  -0.3787
  423.3     6.27  86.615  -0.3729
  423.4     5.67  86.654  -0.3711
  423.7     5.92  86.695  -0.3769
  423.9     5.95  86.734  -0.3688
  424.0     5.63  86.774  -0.3766
  424.2     5.88  86.815  -0.3741
  424.4     5.50  86.855  -0.3693
  424.6     5.49  86.896  -0.3773
  424.9     5.70  86.939  -0.3721
  425.1     5.74  86.983  -0.3698
  425.2     5.49  87.026  -0.3820
  425.4     5.58  87.068  -0.3753
  425.5     5.17  87.112  -0.3802
  426.0     5.81  87.154  -0.3832
  426.1     5.55  87.195  -0.3727
  426.3     5.87  87.236  -0.3730
  426.6     5.71  87.278  -0.3817
  426.8     6.18  87.320  -0.3773
  426.9     5.70  87.360  -0.3730
  427.2     5.66  87.401  -0.3815
  427.4     5.85  87.441  -0.3861
  427.6     5.83  87.484  -0.3789
  427.7     5.80  87.526  -0.3720
  427.9     5.38  87.567  -0.3841
  428.2     5.60  87.607  -0.3865
  428.4     5.90  87.646  -0.3767
  428.5     5.67  87.684  -0.3700
  428.7     5.73  87.726  -0.3771
  428.8     5.21  87.767  -0.3815
  429.1     5.75  87.807  -0.3709
  429.5     5.73  87.849  -0.3775
  429.5     5.55  87.889  -0.3763
  429.8     6.06  87.928  -0.3526
  430.0     5.64  87.969  -0.3566
  430.2     6.02  88.009  -0.3587
  430.3     5.49  88.049  -0.3657
  430.6     5.44  88.090  -0.3725
  430.7     5.53  88.131  -0.3732
  431.1     5.81  88.174  -0.3828
  431.2     5.48  88.217  -0.3844
  431.2     5.25  88.261  -0.3761
  431.7     5.68  88.303  -0.3706
  431.6     5.19  88.341  -0.3667
  431.9     5.26  88.379  -0.3650
  432.0     5.61  88.421  -0.3654
  432.5     5.87  88.462  -0.3621
  432.4     5.45  88.503  -0.3721
  432.8     6.02  88.545  -0.3752
  433.1     5.79  88.584  -0.3729
  433.0     5.36  88.627  -0.3809
  433.4     5.45  88.670  -0.3712
  433.7     5.72  88.714  -0.3744
  434.0     6.02  88.756  -0.3720
  434.0     5.30  88.794  -0.3691
  434.3     5.61  88.833  -0.3753
  434.6     5.69  88.874  -0.3634
  434.7     5.68  88.914  -0.3766
  435.1     6.02  88.954  -0.3714
  435.2     5.91  88.994  -0.3734
  435.4     5.87  89.036  -0.3692
  435.6     5.93  89.075  -0.3694
  435.8     5.94  89.116  -0.3827
  436.1     5.90  89.156  -0.3687
  436.3     5.73  89.197  -0.3717
  436.6     6.33  89.239  -0.3683
  436.5     5.61  89.279  -0.3738
  436.9     5.73  89.321  -0.3742
  437.1     6.07  89.364  -0.3737
  437.3     6.29  89.405  -0.3840
  437.7     6.63  89.450  -0.3816
  437.7     5.72  89.492  -0.3757
  438.1     6.01  89.534  -0.3855
  438.4     6.59  89.576  -0.3896
  438.3     5.77  89.617  -0.3772
  438.7     5.71  89.656  -0.3814
  438.8     5.71  89.698  -0.3879
  439.1     6.15  89.738  -0.3824
  439.3     6.02  89.780  -0.3798
  439.6     6.09  89.821  -0.3888
  439.9     6.33  89.864  -0.3815
  439.9     5.71  89.906  -0.3814
  440.3     5.80  89.948  -0.3894
  440.5     6.21  89.989  -0.3893
  440.7     6.04  90.031  -0.3797
  440.8     5.96  90.073  -0.3936
  441.1     6.00  90.118  -0.3830
  441.3     5.86  90.159  -0.3858
  441.6     6.35  90.200  -0.3859
  441.7     6.21  90.240  -0.3783
  441.9     6.03  90.279  -0.3869
  442.2     6.02  90.321  -0.3808
  442.4     5.95  90.363  -0.3862
  442.6     6.28  90.405  -0.3825
  442.9     6.46  90.446  -0.3827
  443.1     6.28  90.488  -0.3914
  443.4     6.71  90.530  -0.3865
  443.4     6.07  90.572  -0.3865
  443.7     5.96  90.615  -0.3938
  444.0     6.89  90.657  -0.3846
  444.1     6.07  90.699  -0.3901
  444.4     6.54  90.742  -0.3902
  444.7     6.48  90.785  -0.3816
  444.7     6.00  90.824  -0.3879
  445.1     6.56  90.864  -0.3920
  445.2     6.21  90.905  -0.3836
  445.5     6.61  90.946  -0.3878
  445.6     6.13  90.987  -0.3908
  445.9     6.45  91.031  -0.3744
  446.2     6.52  91.073  -0.3800
  446.4     6.64  91.114  -0.3832
  446.5     6.33  91.154  -0.3793
  446.7     6.41  91.197  -0.3880
  447.0     6.48  91.237  -0.3801
  447.2     6.31  91.278  -0.3748
  447.3     5.94  91.319  -0.3849
  447.7     6.86  91.357  -0.3859
  447.8     6.29  91.395  -0.3782
  447.9     6.28  91.435  -0.3940
  448.2     6.58  91.476  -0.3878
  448.4     6.63  91.518  -0.3905
  448.5     6.08  91.562  -0.3884
  448.7     6.51  91.603  -0.3935
  448.9     6.04  91.647  -0.3915
  449.3     6.27  91.690  -0.3867
  449.3     6.30  91.734  -0.3856
  449.7     6.31  91.778  -0.3851
  450.0     6.36  91.819  -0.3935
  450.1     6.24  91.860  -0.3803
  450.3     6.22  91.902  -0.3856
  450.4     6.35  91.945  -0.3839
  450.6     6.11  91.985  -0.3785
  451.0     6.38  92.026  -0.3849
  451.0     6.16  92.066  -0.3780
  451.3     6.58  92.109  -0.3928
  451.5     6.54  92.151  -0.3817
  451.6     6.11  92.193  -0.3820
  451.8     6.32  92.234  -0.3898
  452.1     6.40  92.276  -0.3824
  452.3     6.45  92.317  -0.3894
  452.5     6.34  92.357  -0.3861
  452.7     5.88  92.399  -0.3880
  452.9     6.67  92.441  -0.3864
  453.2     6.53  92.482  -0.3852
  453.2     6.16  92.522  -0.3915
  453.4     6.11  92.562  -0.3853
  453.6     6.21  92.602  -0.3983
  453.9     6.73  92.643  -0.3953
  453.9     6.18  92.683  -0.4013
  454.2     6.13  92.725  -0.3934
  454.6     6.63  92.767  -0.3955
  454.6     6.49  92.811  -0.3957
  454.8     6.39  92.854  -0.3883
  455.0     6.47  92.895  -0.3942
  455.4     6.62  92.939  -0.3982
  455.5     6.18  92.978  -0.4152
  455.6     6.45  93.019  -0.3937
  455.8     6.23  93.063  -0.4026
  456.0     6.26  93.105  -0.4000
  456.3     6.27  93.145  -0.4012
  456.5     7.03  93.186  -0.3990
  456.5     6.04  93.228  -0.4038
  456.6     5.71  93.270  -0.4020
  456.9     6.16  93.312  -0.4069
  457.2     6.46  93.355  -0.3988
  457.4     6.34  93.399  -0.4109
  457.7     6.22  93.440  -0.4033
  457.7     6.33  93.480  -0.3951
  458.1     6.31  93.522  -0.3993
  458.2     6.23  93.562  -0.3928
  458.5     6.54  93.601  -0.3992
  458.6     6.33  93.641  -0.3958
  458.8     6.19  93.679  -0.4048
  459.0     6.67  93.720  -0.3977
  459.0     6.05  93.761  -0.4015
  459.5     6.68  93.802  -0.4040
  459.6     6.28  93.845  -0.4047
  459.8     6.21  93.886  -0.4107
  459.9     6.02  93.927  -0.4081
  460.3     6.61  93.970  -0.4161
  460.4     6.46  94.013  -0.4018
  460.6     6.27  94.056  -0.4132
  460.8     6.27  94.100  -0.4114
  460.9     5.88  94.140  -0.4157
  461.3     6.62  94.180  -0.4083
  461.4     6.15  94.221  -0.4092
  461.6     6.52  94.264  -0.4075
  461.7     6.12  94.305  -0.4076
  462.1     6.66  94.346  -0.4117
  462.3     6.63  94.386  -0.3988
  462.2     5.95  94.429  -0.4076
  462.6     6.42  94.473  -0.4011
  462.9     6.63  94.515  -0.4078
  463.0     6.33  94.555  -0.4069
  463.1     6.13  94.594  -0.3984
  463.3     5.78  94.634  -0.4065
  463.5     6.50  94.676  -0.4034
  463.7     6.25  94.715  -0.3973
  463.8     5.87  94.758  -0.4112
  464.1     6.15  94.800  -0.4034
  464.4     6.44  94.840  -0.4047
  464.4     5.98  94.881  -0.4095
  464.8     6.75  94.922  -0.4066
  464.9     6.31  94.962  -0.4196
  465.1     6.32  95.002  -0.4169
  465.2     6.17  95.046  -0.3974
  465.4     6.13  95.089  -0.4078
  465.6     6.18  95.132  -0.4047
  465.9     6.33  95.174  -0.4066
  466.1     6.62  95.216  -0.4037
  466.2     6.33  95.258  -0.3997
  466.3     5.88  95.298  -0.4051
  466.6     6.26  95.340  -0.4009
  466.8     6.07  95.380  -0.4103
  467.1     6.64  95.423  -0.4002
  467.2     6.09  95.463  -0.4015
  467.4     5.88  95.506  -0.4057
  467.5     5.83  95.550  -0.3955
  467.8     5.92  95.591  -0.4073
  468.1     6.44  95.632  -0.4033
  468.2     6.18  95.674  -0.4041
  468.6     6.70  95.716  -0.4097
  468.7     6.21  95.757  -0.4015
  468.9     6.38  95.797  -0.4031
  469.0     6.35  95.838  -0.4092
  469.4     6.80  95.879  -0.4049
  469.5     6.32  95.921  -0.3991
  469.7     6.10  95.963  -0.4028
  470.0     6.16  96.005  -0.4059
  470.2     6.33  96.045  -0.3986
  470.5     6.77  96.087  -0.3954
  470.4     5.92  96.127  -0.4018
  470.6     5.96  96.167  -0.3999
  470.8     5.88  96.208  -0.3933
  471.1     6.21  96.247  -0.3944
  471.3     6.48  96.289  -0.4059
  471.4     5.98  96.331  -0.4078
  471.8     6.29  96.374  -0.3984
  471.8     5.90  96.417  -0.3981
  472.0     5.75  96.457  -0.4065
  472.3     6.06  96.498  -0.4033
  472.5     6.09  96.539  -0.3997
  472.7     6.08  96.580  -0.4129
  472.9     5.91  96.621  -0.4037
  473.2     6.41  96.662  -0.3916
  473.3     5.95  96.703  -0.3954
  473.6     6.26  96.744  -0.4022
  473.7     6.01  96.786  -0.3988
  474.0     6.17  96.828  -0.3963
  474.3     6.32  96.870  -0.4026
  474.4     6.38  96.912  -0.4025
  474.6     6.29  96.952  -0.3916
  474.7     5.91  96.992  -0.3965
  475.0     6.05  97.031  -0.4042
  475.2     6.38  97.073  -0.3949
  475.2     5.82  97.115  -0.3981
  475.6     6.20  97.158  -0.4044
  475.9     6.66  97.199  -0.4028
  476.0     5.98  97.238  -0.4342
  476.2     6.09  97.278  -0.4471
  476.4     6.52  97.320  -0.4407
  476.6     6.12  97.363  -0.4346
  476.9     6.07  97.403  -0.4423
  476.9     5.75  97.447  -0.4383
  477.4     6.59  97.488  -0.4327
  477.4     6.20  97.531  -0.4401
  477.7     6.02  97.572  -0.4411
  477.9     6.44  97.615  -0.4313
  478.1     6.02  97.656  -0.4388
  478.3     5.89  97.699  -0.4422
  478.4     6.03  97.741  -0.4350
  478.8     6.41  97.784  -0.4413
  479.1     6.45  97.824  -0.4435
  479.3     6.54  97.863  -0.4364
  479.5     6.40  97.904  -0.4434
  479.6     6.53  97.948  -0.4394
  479.7     5.93  97.989  -0.4325
  479.9     6.34  98.033  -0.4417
  480.3     6.30  98.075  -0.4365
  480.2     5.72  98.115  -0.4287
  480.5     5.96  98.157  -0.4378
  480.6     5.98  98.194  -0.4369
  480.9     5.95  98.234  -0.4311
  481.0     5.83  98.274  -0.4450
  481.3     6.14  98.313  -0.4355
  481.5     5.86  98.354  -0.4367
  481.7     6.49  98.394  -0.4361
  481.7     5.79  98.435  -0.4319
  482.2     5.93  98.473  -0.4416
  482.2     5.80  98.515  -0.4351
  482.4     5.90  98.555  -0.4448
  482.8     6.55  98.599  -0.4440
  482.7     5.57  98.644  -0.4526
  483.1     6.20  98.687  -0.4432
  483.4     5.93  98.730  -0.4404
  483.5     5.91  98.771  -0.4377
  483.7     6.10  98.812  -0.4384
  483.9     5.96  98.856  -0.4445
  484.1     6.14  98.898  -0.4388
  484.4     6.03  98.937  -0.4488
  484.4     5.87  98.979  -0.4398
  484.7     5.95  99.021  -0.4470
  484.9     6.04  99.063  -0.4429
  485.2     6.08  99.104  -0.4504
  485.3     5.85  99.147  -0.4487
  485.5     5.68  99.189  -0.4494
  485.8     6.19  99.230  -0.4511
  485.9     6.00  99.271  -0.4413
  486.2     5.89  99.310  -0.4512
  486.3     6.17  99.350  -0.4439
  486.3     5.59  99.391  -0.4410
  486.9     6.21  99.432  -0.4503
  487.0     6.33  99.472  -0.4432
  487.2     6.19  99.511  -0.4452
  487.3     5.83  99.551  -0.4549
  487.6     6.27  99.592  -0.4474
  487.7     5.76  99.633  -0.4482
  487.9     5.89  99.673  -0.4531
  488.2     5.95  99.716  -0.4504
  488.4     5.98  99.758  -0.4511
  488.6     5.82  99.802  -0.4572
  488.9     6.17  99.842  -0.4521
  489.0     5.71  99.886  -0.4510
  489.1     5.89  99.928  -0.4568
  489.5     6.31  99.968  -0.4572
  489.7     6.22 100.008  -0.4436
  490.0     6.23 100.052  -0.4501
  490.3     6.32 100.092  -0.4590
  490.4     6.33 100.133  -0.4537
  490.5     5.98 100.174  -0.4516
  490.8     5.86 100.217  -0.4471
  490.7     5.57 100.258  -0.4538
  491.2     5.97 100.302  -0.4573
  491.4     5.92 100.344  -0.4517
  491.6     5.99 100.384  -0.4423
  491.8     6.13 100.423  -0.4424
  492.0     5.89 100.462  -0.4501
  492.4     6.35 100.502  -0.4495
  492.4     6.11 100.542  -0.4406
  492.7     6.02 100.584  -0.4349
  492.9     5.83 100.624  -0.4389
  493.0     5.92 100.665  -0.4337
  493.2     5.89 100.705  -0.4293
  493.5     6.14 100.745  -0.4258
  493.7     5.83 100.786  -0.4250
  493.8     5.75 100.828  -0.4303
  494.1     6.05 100.870  -0.4277
  494.3     5.94 100.913  -0.4237
  494.5     5.82 100.954  -0.4279
  494.8     6.20 100.996  -0.4363
  494.8     5.70 101.038  -0.4259
  495.1     5.74 101.080  -0.4253
  495.5     5.79 101.121  -0.4332
  495.5     5.50 101.163  -0.4370
  495.7     5.85 101.206  -0.4276
  496.0     5.94 101.248  -0.4349
  496.3     5.86 101.289  -0.4396
  496.6     6.38 101.330  -0.4331
  496.7     5.94 101.372  -0.4310
  496.9     6.06 101.415  -0.4365
  497.2     6.51 101.455  -0.4279
  497.3     5.77 101.497  -0.4254
  497.4     5.60 101.535  -0.4337
  497.8     5.98 101.574  -0.4378
  498.0     6.46 101.616  -0.4293
  497.9     5.50 101.656  -0.4299
  498.2     5.67 101.695  -0.4369
  498.4     5.91 101.738  -0.4327
  498.6     5.87 101.778  -0.4300
  498.8     5.43 101.821  -0.4344
  499.1     5.87 101.860  -0.4342
  499.2     5.89 101.898  -0.4274
  499.5     5.92 101.940  -0.4395
  499.7     5.92 101.982  -0.4315
  499.8     5.53 102.022  -0.4348
  500.2     6.05 102.065  -0.4379
  500.4     6.05 102.111  -0.4318
  500.6     5.86 102.154  -0.4402
  500.7     5.77 102.197  -0.4440
  501.0     6.04 102.239  -0.4381
  501.2     5.99 102.279  -0.4470
  501.3     6.07 102.319  -0.4367
  501.5     5.54 102.360  -0.4422
  501.7     5.96 102.402  -0.4491
  502.0     5.93 102.443  -0.4342
  502.2     5.88 102.483  -0.4429
  502.3     5.81 102.524  -0.4347
  502.6     5.74 102.565  -0.4369
  502.8     5.80 102.609  -0.4393
  502.9     5.69 102.650  -0.4317
  503.0     5.52 102.692  -0.4401
  503.4     6.14 102.732  -0.4431
  503.6     6.14 102.774  -0.4351
  503.8     5.63 102.816  -0.4522
  504.0     6.09 102.856  -0.4356
  504.1     5.97 102.897  -0.4461
  504.3     6.04 102.936  -0.4538
  504.5     5.69 102.978  -0.4454
  504.7     5.46 103.020  -0.4526
  504.9     5.74 103.062  -0.4421
  505.2     5.62 103.102  -0.4488
  505.3     5.96 103.142  -0.4423
  505.5     5.68 103.184  -0.4389
  505.8     5.99 103.226  -0.4458
  506.0     6.05 103.269  -0.4319
  506.1     5.75 103.310  -0.4355
  506.3     5.62 103.352  -0.4389
  506.8     6.47 103.394  -0.4324
  506.7     5.80 103.434  -0.4411
  506.8     5.69 103.474  -0.4414
  507.2     5.91 103.516  -0.4343
  507.3     5.51 103.557  -0.4633
  507.5     5.56 103.599  -0.4745
  507.7     5.64 103.640  -0.4660
  508.1     5.98 103.682  -0.4700
  508.1     5.43 103.723  -0.4768
  508.4     5.73 103.763  -0.4761
  508.7     5.95 103.803  -0.4646
  508.8     5.80 103.845  -0.4696
  509.0     5.53 103.887  -0.4779
  509.3     5.95 103.929  -0.4746
  509.5     6.18 103.972  -0.4703
  509.8     5.99 104.013  -0.4798
  509.7     5.55 104.053  -0.4754
  510.0     5.70 104.091  -0.4761
  510.2     5.48 104.132  -0.4789
  510.4     5.58 104.175  -0.4857
  510.7     5.57 104.213  -0.4848
  510.9     5.88 104.256  -0.4708
  511.1     5.66 104.300  -0.4576
  511.4     5.71 104.343  -0.4591
  511.7     6.06 104.388  -0.4489
  511.8     5.48 104.431  -0.4480
  512.2     6.21 104.474  -0.4459
  512.2     5.74 104.517  -0.4419
  512.5     5.61 104.558  -0.4442
  512.6     5.62 104.599  -0.4302
  512.8     5.62 104.638  -0.4381
  513.1     6.04 104.681  -0.4391
  513.3     5.91 104.722  -0.4377
  513.5     5.64 104.764  -0.4486
  513.8     5.99 104.806  -0.4387
  513.9     5.89 104.849  -0.4426
  514.2     5.82 104.892  -0.4451
  514.4     5.85 104.935  -0.4336
  514.6     5.55 104.978  -0.4469
  514.9     6.35 105.020  -0.4393
  514.9     5.38 105.063  -0.4326
  515.3     5.99 105.105  -0.4421
  515.5     6.07 105.146  -0.4296
  515.5     5.50 105.185  -0.4378
  515.9     5.51 105.227  -0.4503
  516.0     5.86 105.267  -0.4587
  516.3     5.87 105.307  -0.4379
  516.5     6.05 105.349  -0.4461
  516.7     5.60 105.386  -0.4497
  516.8     5.66 105.428  -0.4435
  517.0     5.50 105.472  -0.4437
  517.3     6.08 105.516  -0.4535
  517.5     5.68 105.563  -0.4474
  517.6     5.66 105.605  -0.4438
  518.1     6.18 105.649  -0.4531
  518.1     5.80 105.692  -0.4463
  518.3     5.87 105.734  -0.4421
  518.6     5.60 105.777  -0.4536
  518.8     5.89 105.819  -0.4445
  519.0     5.61 105.862  -0.4539
  519.2     5.90 105.904  -0.4450
  519.4     5.62 105.945  -0.4516
  519.6     5.83 105.987  -0.4494
  519.8     5.51 106.028  -0.4452
  520.0     5.40 106.070  -0.4452
  520.2     5.66 106.112  -0.4529
  520.5     5.79 106.154  -0.4598
  520.7     5.86 106.194  -0.4489
  520.9     5.72 106.234  -0.4574
  521.0     5.77 106.275  -0.4495
  521.3     5.87 106.314  -0.4590
  521.4     5.70 106.356  -0.4459
  521.7     5.52 106.395  -0.4526
  521.9     5.89 106.435  -0.4452
  522.1     5.49 106.474  -0.4428
  522.2     5.62 106.513  -0.4438
  522.3     5.48 106.552  -0.4428
  522.6     5.23 106.592  -0.4493
  522.9     5.72 106.634  -0.4467
  523.2     6.04 106.676  -0.4467
  523.3     5.72 106.718  -0.4443
  523.6     5.71 106.760  -0.4525
  523.8     5.86 106.802  -0.4456
  523.9     5.65 106.845  -0.4513
  524.2     5.82 106.886  -0.4408
  524.5     5.96 106.929  -0.4519
  524.8     6.22 106.967  -0.4470
  524.9     6.08 107.010  -0.4540
  525.1     5.66 107.050  -0.4450
  525.3     5.88 107.092  -0.4578
  525.6     6.20 107.132  -0.4492
  525.7     5.59 107.173  -0.4477
  525.8     5.79 107.217  -0.4483
  526.1     5.77 107.260  -0.4548
  526.4     6.02 107.305  -0.4449
  526.6     5.69 107.346  -0.4529
  526.6     5.41 107.387  -0.4507
  526.9     5.51 107.431  -0.4620
  527.1     5.33 107.471  -0.4522
  527.3     5.29 107.514  -0.4599
  527.6     5.50 107.555  -0.4535
  527.9     5.89 107.596  -0.4624
  528.0     5.79 107.638  -0.4575
  528.2     5.28 107.680  -0.4704
  528.3     5.42 107.721  -0.4646
  528.7     5.40 107.763  -0.4687
  529.0     6.04 107.804  -0.4546
  529.1     5.56 107.847  -0.4613
  529.3     5.80 107.891  -0.4537
  529.6     5.65 107.934  -0.4567
  529.9     6.17 107.975  -0.4710
  529.9     5.78 108.019  -0.4704
  530.2     5.82 108.061  -0.4744
  530.6     6.13 108.102  -0.4696
  530.5     5.61 108.144  -0.4758
  530.8     5.66 108.186  -0.4626
  530.7     5.37 108.226  -0.4681
  531.3     5.82 108.267  -0.4760
  531.4     5.78 108.307  -0.4623
  531.7     5.73 108.350  -0.4736
  531.8     5.68 108.394  -0.4653
  532.0     5.82 108.436  -0.4737
  532.3     5.86 108.478  -0.4730
  532.4     5.50 108.520  -0.4667
  532.7     5.70 108.559  -0.4688
  532.9     6.12 108.598  -0.4566
  533.0     5.62 108.639  -0.4657
  533.1     5.34 108.681  -0.4652
  533.4     5.43 108.720  -0.4620
  533.7     5.77 108.760  -0.4721
  533.9     5.72 108.802  -0.4676
  534.2     6.08 108.843  -0.4714
  534.3     5.68 108.887  -0.4681
  534.6     5.85 108.927  -0.4726
  534.6     5.50 108.969  -0.4718
  534.8     5.52 109.013  -0.4698
  535.2     5.94 109.056  -0.4740
  535.3     5.83 109.097  -0.4679
  535.4     5.42 109.139  -0.4681
  535.8     5.77 109.182  -0.4723
  535.9     5.80 109.224  -0.4655
  536.1     5.52 109.266  -0.4604
  536.3     5.39 109.307  -0.4698
  536.5     5.53 109.348  -0.4722
  536.9     6.20 109.390  -0.4665
  537.0     5.95 109.430  -0.4615
  537.2     5.47 109.473  -0.4627
  537.3     5.72 109.517  -0.4691
  537.6     5.88 109.558  -0.4667
  537.7     5.55 109.599  -0.4729
  538.0     5.83 109.642  -0.4722
  538.3     5.78 109.683  -0.4577
  538.5     5.84 109.723  -0.4619
  538.7     6.18 109.763  -0.4563
  539.0     6.18 109.804  -0.4655
  538.9     5.36 109.846  -0.4655
  539.3     6.01 109.886  -0.4591
  539.5     5.74 109.925  -0.4636
  539.6     5.53 109.966  -0.4572
  539.8     5.51 110.005  -0.4645
  540.0     5.90 110.048  -0.4622
  540.2     5.58 110.088  -0.4599
  540.5     5.81 110.129  -0.4670
  540.8     6.34 110.169  -0.4656
  540.8     5.64 110.212  -0.4645
  541.0     5.71 110.255  -0.4633
  541.4     5.68 110.299  -0.4601
  541.5     5.93 110.343  -0.4664
  541.8     5.85 110.384  -0.4569
  541.9     5.60 110.426  -0.4643
  542.0     5.71 110.467  -0.4688
  542.4     6.04 110.510  -0.4589
  542.5     5.56 110.550  -0.4718
  542.7     5.55 110.591  -0.4777
  542.9     5.64 110.631  -0.4741
  543.0     5.41 110.672  -0.4671
  543.3     5.42 110.714  -0.4760
  543.6     5.71 110.757  -0.4731
  543.8     5.84 110.799  -0.4670
  544.1     5.92 110.841  -0.4773
  544.3     5.85 110.881  -0.4769
  544.4     5.82 110.922  -0.4666
  544.7     5.55 110.963  -0.4711
  544.9     5.80 111.006  -0.4712
  545.0     5.42 111.049  -0.4683
  545.3     6.09 111.088  -0.4652
  545.5     5.61 111.129  -0.4732
  545.6     5.80 111.167  -0.4727
  545.9     5.82 111.207  -0.4718
  546.1     5.60 111.249  -0.4673
  546.1     5.39 111.290  -0.4736
  546.7     6.09 111.334  -0.4767
  546.8     5.75 111.377  -0.4759
  546.9     5.74 111.419  -0.4691
  547.3     5.82 111.463  -0.4788
  547.4     5.82 111.508  -0.4800
  547.6     5.70 111.551  -0.4735
  547.8     5.80 111.592  -0.4756
  548.1     5.53 111.634  -0.4806
  548.3     5.84 111.676  -0.4740
  548.5     5.94 111.717  -0.4643
  548.7     5.72 111.757  -0.4677
  548.9     5.49 111.798  -0.4747
  549.3     6.25 111.839  -0.4684
  549.3     5.71 111.880  -0.4622
  549.5     5.48 111.923  -0.4703
  549.8     6.08 111.965  -0.4726
  549.9     5.90 112.004  -0.4644
  550.3     5.89 112.044  -0.4706
  550.3     5.55 112.084  -0.4759
  550.6     6.08 112.123  -0.4696
  550.9     5.73 112.165  -0.4623
  550.9     5.55 112.206  -0.4702
  551.2     5.52 112.245  -0.4686
  551.5     6.02 112.284  -0.4620
  551.5     5.62 112.324  -0.4673
  551.8     6.11 112.365  -0.4688
  552.0     6.04 112.406  -0.4614
  552.2     5.80 112.447  -0.4642
  552.4     5.78 112.489  -0.4731
  552.7     5.83 112.532  -0.4700
  552.9     6.07 112.575  -0.4669
  553.0     5.66 112.618  -0.4737
  553.2     5.56 112.661  -0.4772
  553.5     5.87 112.702  -0.4712
  553.5     5.23 112.742  -0.4635
  553.9     5.90 112.785  -0.4726
  554.1     5.60 112.826  -0.4768
  554.4     5.88 112.868  -0.4703
  554.7     5.82 112.910  -0.4774
  554.7     5.66 112.952  -0.4784
  555.0     5.93 112.994  -0.4700
  554.9     5.33 113.037  -0.4789
  555.5     5.82 113.080  -0.4724
  555.6     5.67 113.122  -0.4789
  555.9     6.01 113.162  -0.4723
  556.2     6.21 113.203  -0.4687
  556.2     5.83 113.244  -0.4770
  556.5     5.92 113.283  -0.4729
  556.7     5.68 113.325  -0.4807
  556.8     5.87 113.364  -0.4756
  557.1     5.98 113.403  -0.4810
  557.2     5.55 113.442  -0.4797
  557.5     5.39 113.482  -0.4812
  557.7     5.86 113.522  -0.4861
  557.9     5.60 113.565  -0.4828
  558.0     5.40 113.606  -0.4942
  558.3     5.80 113.648  -0.4856
  558.6     5.79 113.691  -0.4865
  558.8     6.05 113.732  -0.4815
  559.0     5.41 113.775  -0.4918
  559.1     5.49 113.817  -0.4844
  559.4     5.42 113.858  -0.4858
  559.6     5.75 113.899  -0.4920
  559.8     5.68 113.941  -0.4804
  560.0     5.72 113.982  -0.4853
  560.3     5.84 114.025  -0.4847
  560.4     5.86 114.067  -0.4757
  560.7     5.57 114.109  -0.4805
  560.9     5.99 114.152  -0.4817
  561.1     5.89 114.194  -0.4785
  561.2     5.82 114.237  -0.4899
  561.5     5.56 114.279  -0.4888
  561.8     6.10 114.320  -0.4741
  561.7     5.36 114.362  -0.4784
  562.1     5.58 114.403  -0.4863
  562.3     5.72 114.443  -0.4809
  562.7     5.94 114.486  -0.4822
  562.7     6.00 114.527  -0.4928
  562.9     6.00 114.569  -0.4906
  563.1     5.63 114.609  -0.4886
  563.4     6.04 114.646  -0.4960
  563.5     5.95 114.686  -0.4853
  563.6     5.51 114.728  -0.4892
  563.9     6.13 114.768  -0.4876
  564.0     5.51 114.810  -0.4778
  564.4     6.20 114.854  -0.4878
  564.4     5.92 114.895  -0.4822
  564.6     5.69 114.937  -0.4851
  564.9     5.83 114.979  -0.4942
  565.1     5.78 115.021  -0.4891
  565.2     5.59 115.064  -0.4935
  565.6     6.35 115.105  -0.4933
  565.9     6.58 115.147  -0.4881
  565.9     5.85 115.191  -0.5104
  566.2     6.38 115.228  -0.4905
  566.3     6.11 115.269  -0.4856
  566.3     5.66 115.310  -0.4938
  566.5     5.79 115.350  -0.4949
  566.7     5.81 115.393  -0.4892
  567.2     6.33 115.435  -0.4964
  567.3     5.93 115.476  -0.4888
  567.4     5.75 115.516  -0.4788
  567.5     5.34 115.555  -0.4890
  567.8     5.74 115.595  -0.4907
  568.0     5.81 115.638  -0.4777
  568.3     5.71 115.679  -0.4902
  568.2     5.62 115.720  -0.4975
  568.5     5.46 115.763  -0.5009
  568.7     5.68 115.803  -0.5026
  569.0     5.97 115.845  -0.4956
  569.1     5.70 115.887  -0.4867
  569.4     5.84 115.929  -0.4842
  569.5     5.61 115.971  -0.4917
  569.6     5.64 116.017  -0.4849
  570.0     5.65 116.060  -0.4899
  570.1     5.48 116.104  -0.4920
  570.5     6.06 116.148  -0.4996
  570.6     5.82 116.190  -0.5053
  570.7     5.91 116.231  -0.5139
  570.9     5.64 116.274  -0.5042
  571.3     5.74 116.316  -0.5120
  571.3     6.08 116.358  -0.5090
  571.4     5.52 116.397  -0.4947
  571.7     5.60 116.438  -0.5045
  572.0     6.14 116.479  -0.5167
  572.0     5.61 116.521  -0.5052
  572.2     5.52 116.565  -0.5153
  572.5     5.96 116.608  -0.5088
  572.9     6.33 116.648  -0.4945
  573.0     5.62 116.689  -0.5135
  573.1     5.63 116.729  -0.5175
  573.3     5.68 116.768  -0.5172
  573.6     5.82 116.808  -0.5359
  573.7     5.96 116.850  -0.5396
  573.9     5.72 116.891  -0.5315
  574.2     6.24 116.932  -0.5423
  574.4     6.21 116.972  -0.5334
  574.4     5.73 117.013  -0.5306
  574.7     5.91 117.053  -0.5351
  574.9     6.01 117.093  -0.5247
  575.1     6.01 117.136  -0.5379
  575.2     5.66 117.180  -0.5326
  575.5     5.86 117.224  -0.5362
  575.7     5.91 117.267  -0.5343
  576.0     5.95 117.308  -0.5264
  576.2     5.85 117.350  -0.5375
  576.3     5.92 117.390  -0.5329
  576.6     6.02 117.434  -0.5310
  576.7     5.78 117.475  -0.5408
  577.1     6.11 117.516  -0.5311
  577.2     5.76 117.556  -0.5325
  577.4     5.77 117.599  -0.5375
  577.5     6.10 117.640  -0.5246
  577.8     5.70 117.682  -0.5301
  578.1     6.29 117.725  -0.5307
  578.1     5.73 117.768  -0.5268
  578.4     6.03 117.809  -0.5299
  578.5     5.57 117.849  -0.5250
  578.8     6.11 117.889  -0.5160
  579.1     5.79 117.930  -0.5223
  579.3     6.15 117.972  -0.5266
  579.5     6.14 118.011  -0.5220
  579.5     5.99 118.050  -0.5181
  579.7     5.86 118.091  -0.5324
  580.0     6.09 118.132  -0.5286
  580.1     5.68 118.173  -0.5215
  580.5     5.89 118.215  -0.5214
  580.6     5.99 118.256  -0.5210
  580.9     5.92 118.300  -0.5256
  581.2     6.08 118.345  -0.5254
  581.3     5.90 118.385  -0.5173
  581.5     5.83 118.429  -0.5245
  581.9     6.24 118.471  -0.5194
  582.1     6.02 118.513  -0.5195
  582.3     6.19 118.556  -0.5228
  582.5     6.20 118.600  -0.5163
  582.5     5.77 118.643  -0.5199
  583.0     6.10 118.684  -0.5161
  582.9     5.67 118.724  -0.5242
  583.2     5.69 118.766  -0.5242
  583.5     5.69 118.809  -0.5263
  583.8     6.01 118.851  -0.5348
  584.0     6.01 118.892  -0.5242
  584.2     6.07 118.937  -0.5317
  584.3     5.93 118.979  -0.5240
  584.6     5.84 119.022  -0.5317
  584.8     6.00 119.062  -0.5318
  585.0     5.93 119.103  -0.5210
  585.3     5.92 119.145  -0.5273
  585.5     6.14 119.184  -0.5279
  585.6     6.20 119.223  -0.5236
  585.9     5.96 119.265  -0.5297
  586.0     5.75 119.304  -0.5247
  586.3     6.37 119.346  -0.5170
  586.6     6.00 119.385  -0.5267
  586.7     6.26 119.425  -0.5227
  586.9     6.01 119.469  -0.5212
  586.9     5.93 119.512  -0.5300
  587.4     6.28 119.555  -0.5293
  587.5     5.91 119.597  -0.5251
  587.5     5.80 119.640  -0.5298
  587.9     5.82 119.684  -0.5312
  588.2     6.20 119.723  -0.5261
  588.5     5.96 119.767  -0.5315
  588.7     6.55 119.810  -0.5227
  588.9     6.07 119.850  -0.5181
  589.0     5.86 119.890  -0.5277
  589.2     5.88 119.933  -0.5214
  589.4     5.76 119.977  -0.5308
  589.7     6.31 120.019  -0.5282
  589.8     6.02 120.061  -0.5224
  590.2     5.98 120.103  -0.5280
  590.3     6.14 120.144  -0.5303
  590.6     6.47 120.185  -0.5212
  590.9     6.43 120.224  -0.5274
  590.9     6.07 120.265  -0.5288
  591.1     6.24 120.308  -0.5186
  591.3     5.69 120.349  -0.5297
  591.6     6.16 120.390  -0.5293
  591.7     6.11 120.429  -0.5231
  592.1     6.06 120.469  -0.5306
  592.1     6.15 120.511  -0.5233
  592.4     5.89 120.553  -0.5286
  592.6     6.29 120.593  -0.5365
  592.6     6.22 120.635  -0.5217
  593.2     6.09 120.678  -0.5289
  593.1     5.98 120.722  -0.5357
  593.5     6.40 120.766  -0.5266
  593.6     5.86 120.808  -0.5276
  593.7     5.98 120.851  -0.5251
  594.1     6.31 120.894  -0.5249
  594.2     5.66 120.935  -0.5198
  594.4     5.72 120.977  -0.5317
  594.7     6.00 121.018  -0.5347
  594.9     6.12 121.056  -0.5258
  595.1     6.16 121.098  -0.5293
  595.1     5.56 121.140  -0.5286
  595.5     6.01 121.182  -0.5366
  595.8     6.44 121.225  -0.5277
  595.9     6.08 121.265  -0.5219
  596.1     6.05 121.304  -0.5266
  596.4     6.22 121.344  -0.5340
  596.6     6.57 121.384  -0.5319
  596.9     6.18 121.425  -0.5257
  597.0     6.39 121.467  -0.5330
  597.2     5.93 121.507  -0.5367
  597.4     6.09 121.548  -0.5266
  597.6     5.93 121.587  -0.5342
  597.8     5.79 121.628  -0.5412
  598.1     6.78 121.667  -0.5358
  598.2     6.11 121.707  -0.5351
  598.5     6.30 121.747  -0.5431
  598.7     6.09 121.791  -0.5343
  598.7     5.76 121.834  -0.5428
  599.1     6.01 121.877  -0.5419
  599.2     6.08 121.919  -0.5350
  599.4     6.07 121.961  -0.5363
  599.9     6.87 122.004  -0.5325
  600.0     6.47 122.044  -0.5338
