   17.8     3.90   0.043   0.0106
   18.5     4.24   0.083   0.0106
   19.4     4.79   0.154   0.0060
   20.2     5.19   0.191   0.0066
   20.9     5.45   0.229   0.0029
   21.6     5.72   0.270   0.0060
   22.3     6.02   0.310   0.0068
   22.9     6.25   0.350   0.0032
   23.7     6.50   0.390   0.0054
   24.5     6.68   0.430   0.0087
   25.3     6.94   0.474   0.0052
   26.0     7.17   0.513   0.0046
   26.8     7.33   0.553   0.0105
   27.5     7.54   0.595   0.0029
   28.4     7.71   0.635   0.0000
   29.1     7.86   0.676   0.0002
   29.9     8.02   0.717   0.0091
   30.6     8.21   0.756   0.0088
   31.4     8.28   0.797   0.0025
   32.2     8.32   0.840   0.0030
   33.7     8.60   0.965   0.0007
   35.2     8.75   1.004  -0.0033
   36.1     8.84   1.042  -0.0082
   36.8     8.95   1.081   0.0005
   37.5     8.95   1.119   0.0009
   38.1     9.01   1.158  -0.0059
   38.8     9.03   1.198  -0.0016
   39.5     9.06   1.239   0.0031
   40.3     9.19   1.279   0.0019
   41.0     9.18   1.320  -0.0013
   41.7     9.23   1.361   0.0012
   42.4     9.28   1.403  -0.0064
   43.1     9.25   1.442  -0.0022
   43.7     9.22   1.481  -0.0056
   44.4     9.31   1.521  -0.0041
   45.1     9.27   1.563  -0.0035
   45.7     9.31   1.604  -0.0022
   46.4     9.30   1.646  -0.0037
   47.1     9.32   1.688   0.0004
   47.8     9.33   1.728   0.0008
   48.4     9.36   1.772  -0.0011
   48.9     9.29   1.810   0.0018
   49.6     9.27   1.848  -0.0015
   50.2     9.34   1.887  -0.0066
   50.7     9.31   1.926  -0.0017
   51.3     9.34   1.964  -0.0062
   51.9     9.27   2.005  -0.0025
   52.5     9.28   2.043  -0.0081
   53.0     9.28   2.083  -0.0097
   53.6     9.20   2.125  -0.0062
   54.1     9.22   2.164  -0.0103
   54.7     9.23   2.205  -0.0072
   55.2     9.15   2.248  -0.0102
   55.8     9.13   2.287   0.0008
   56.2     9.10   2.328   0.0013
   56.7     9.07   2.369   0.0028
   57.3     8.98   2.408   0.0043
   57.7     8.96   2.448  -0.0026
   58.2     8.96   2.489   0.0046
   58.7     8.92   2.528   0.0025
   59.2     8.80   2.571   0.0051
   59.8     8.83   2.613   0.0023
   60.2     8.85   2.654   0.0041
   60.7     8.74   2.696   0.0020
   61.2     8.73   2.735  -0.0001
   61.6     8.66   2.775   0.0042
   62.1     8.63   2.813   0.0033
   62.5     8.59   2.853  -0.0022
   62.9     8.52   2.892  -0.0019
   63.3     8.52   2.931  -0.0001
   63.7     8.49   2.971  -0.0109
   64.1     8.40   3.011  -0.0052
   64.4     8.27   3.050  -0.0082
   64.9     8.34   3.090  -0.0132
   65.4     8.31   3.132  -0.0106
   65.7     8.18   3.173  -0.0058
   66.2     8.13   3.214  -0.0044
   66.4     8.08   3.253  -0.0058
   66.9     8.04   3.291  -0.0070
   67.2     7.93   3.332  -0.0092
   67.6     7.94   3.370  -0.0092
   68.0     7.95   3.412  -0.0067
   68.3     7.88   3.455   0.0016
   68.6     7.75   3.495   0.0027
   69.1     7.80   3.536  -0.0043
   69.4     7.74   3.576  -0.0120
   69.7     7.64   3.617  -0.0082
   70.1     7.61   3.656  -0.0151
   70.3     7.53   3.692  -0.0204
   70.6     7.49   3.733  -0.0119
   70.9     7.38   3.772  -0.0094
   71.3     7.35   3.812  -0.0150
   71.6     7.34   3.854  -0.0066
   71.9     7.22   3.893  -0.0060
   72.2     7.19   3.933  -0.0074
   72.5     7.15   3.976  -0.0056
   72.8     7.12   4.015  -0.0081
   73.1     7.09   4.054  -0.0128
   73.3     6.98   4.094  -0.0107
   73.6     6.95   4.133  -0.0134
   73.8     6.91   4.174  -0.0144
   74.1     6.83   4.215  -0.0099
   74.4     6.81   4.254  -0.0104
   74.7     6.79   4.295  -0.0133
   74.9     6.66   4.338  -0.0157
   75.2     6.58   4.378  -0.0156
   75.5     6.57   4.420  -0.0176
   75.7     6.47   4.461  -0.0132
   75.9     6.42   4.498  -0.0161
   76.2     6.40   4.537  -0.0150
   76.4     6.35   4.576  -0.0133
   76.7     6.27   4.613  -0.0111
   76.8     6.22   4.652  -0.0152
   77.1     6.13   4.691  -0.0119
   77.4     6.14   4.730  -0.0258
   77.5     6.08   4.769  -0.0244
   77.6     6.02   4.808  -0.0254
   77.9     5.98   4.849  -0.0242
   78.1     5.91   4.892  -0.0207
   78.3     5.80   4.932  -0.0246
   78.6     5.81   4.973  -0.0226
   78.7     5.72   5.013  -0.0244
   78.9     5.69   5.054  -0.0223
   79.2     5.66   5.096  -0.0260
   79.2     5.59   5.136  -0.0209
   79.6     5.55   5.176  -0.0225
   79.7     5.46   5.217  -0.0234
   80.0     5.40   5.256  -0.0219
   80.2     5.39   5.295  -0.0238
   80.2     5.32   5.338  -0.0218
   80.4     5.25   5.377  -0.0265
   80.6     5.24   5.415  -0.0218
   80.7     5.20   5.454  -0.0242
   80.9     5.12   5.492  -0.0268
   81.1     5.13   5.530  -0.0207
   81.3     5.01   5.569  -0.0241
   81.4     4.98   5.610  -0.0143
   81.5     4.97   5.649  -0.0245
   81.7     4.87   5.687  -0.0257
   81.8     4.87   5.729  -0.0294
   82.0     4.83   5.769  -0.0256
   82.2     4.73   5.811  -0.0293
   82.2     4.75   5.853  -0.0301
   82.4     4.71   5.894  -0.0324
   82.7     4.63   5.935  -0.0292
   82.7     4.59   5.974  -0.0298
   82.9     4.54   6.015  -0.0344
   82.9     4.46   6.058  -0.0347
   83.2     4.44   6.099  -0.0394
   83.2     4.34   6.142  -0.0341
   83.4     4.40   6.183  -0.0353
   83.5     4.33   6.221  -0.0322
   83.6     4.28   6.262  -0.0337
   83.8     4.22   6.301  -0.0355
   83.8     4.18   6.339  -0.0305
   84.0     4.15   6.378  -0.0366
   84.1     4.13   6.418  -0.0318
   84.1     4.01   6.456  -0.0328
   84.3     4.10   6.495  -0.0334
   84.4     4.04   6.534  -0.0327
   84.6     4.02   6.574  -0.0326
   84.6     3.95   6.617  -0.0266
   84.7     3.88   6.656  -0.0275
   84.8     3.83   6.694  -0.0313
   84.9     3.82   6.736  -0.0265
   85.1     3.77   6.775  -0.0309
   85.0     3.73   6.819  -0.0269
   85.3     3.70   6.861  -0.0291
   85.4     3.66   6.904  -0.0325
   85.5     3.66   6.945  -0.0262
   85.6     3.59   6.986  -0.0347
   85.6     3.55   7.029  -0.0319
   85.7     3.55   7.071  -0.0277
   85.8     3.47   7.113  -0.0340
   85.9     3.48   7.151  -0.0353
   86.0     3.40   7.189  -0.0307
   86.1     3.41   7.229  -0.0365
   86.0     3.36   7.269  -0.0383
   86.2     3.33   7.308  -0.0360
   86.2     3.26   7.348  -0.0423
   86.3     3.25   7.388  -0.0377
   86.4     3.20   7.429  -0.0357
   86.5     3.13   7.470  -0.0393
   86.6     3.18   7.511  -0.0335
   86.5     3.11   7.552  -0.0351
   86.6     3.10   7.593  -0.0433
   86.7     3.02   7.633  -0.0383
   86.7     3.05   7.674  -0.0386
   86.9     2.99   7.714  -0.0389
   86.9     2.96   7.754  -0.0384
   87.0     2.96   7.795  -0.0393
   87.1     2.94   7.837  -0.0296
   87.2     2.96   7.879  -0.0286
   87.2     2.86   7.920  -0.0322
   87.3     2.85   7.961  -0.0384
   87.3     2.82   8.000  -0.0344
   87.3     2.84   8.040  -0.0339
   87.5     2.73   8.079  -0.0364
   87.5     2.76   8.119  -0.0315
   87.5     2.72   8.159  -0.0371
   87.5     2.70   8.196  -0.0388
   87.6     2.65   8.234  -0.0326
   87.6     2.63   8.274  -0.0377
   87.7     2.60   8.314  -0.0401
   87.7     2.60   8.355  -0.0330
   87.8     2.59   8.395  -0.0369
   87.9     2.59   8.434  -0.0395
   87.9     2.52   8.476  -0.0382
   88.0     2.50   8.517  -0.0396
   88.0     2.48   8.556  -0.0415
   88.0     2.47   8.597  -0.0420
   88.1     2.46   8.636  -0.0396
   88.1     2.44   8.678  -0.0487
   88.2     2.42   8.721  -0.0511
   88.2     2.39   8.762  -0.0438
   88.1     2.33   8.805  -0.0469
   88.3     2.36   8.845  -0.0483
   88.3     2.36   8.884  -0.0488
   88.3     2.33   8.921  -0.0506
   88.4     2.24   8.960  -0.0527
   88.4     2.31   8.998  -0.0470
   88.4     2.31   9.038  -0.0513
   88.5     2.23   9.077  -0.0547
   88.5     2.24   9.114  -0.0480
   88.4     2.17   9.154  -0.0492
   88.6     2.18   9.194  -0.0522
   88.6     2.20   9.235  -0.0464
   88.6     2.10   9.277  -0.0440
   88.6     2.11   9.319  -0.0483
   88.6     2.12   9.359  -0.0454
   88.7     2.09   9.400  -0.0470
   88.7     2.12   9.442  -0.0492
   88.8     2.10   9.485  -0.0512
   88.8     2.03   9.523  -0.0531
   88.7     2.08   9.566  -0.0464
   88.8     2.01   9.608  -0.0439
   88.9     1.99   9.649  -0.0497
   88.9     2.07   9.690  -0.0458
   88.9     2.06   9.730  -0.0437
   88.9     2.02   9.770  -0.0442
   89.0     1.98   9.810  -0.0517
   89.0     1.92   9.850  -0.0485
   89.0     1.93   9.892  -0.0465
   89.1     1.96   9.931  -0.0446
   89.1     1.93   9.972  -0.0445
   89.1     1.93  10.011  -0.0360
   89.0     1.93  10.051  -0.0365
   89.0     1.90  10.091  -0.0429
   89.2     1.93  10.135  -0.0369
   89.3     1.90  10.176  -0.0353
   89.2     1.98  10.217  -0.0379
   89.3     1.92  10.258  -0.0406
   89.4     1.99  10.298  -0.0372
   89.4     1.98  10.339  -0.0377
   89.4     2.00  10.380  -0.0415
   89.5     1.96  10.419  -0.0421
   89.6     1.96  10.461  -0.0381
   89.6     1.95  10.502  -0.0397
   89.6     1.97  10.547  -0.0399
   89.6     2.03  10.587  -0.0398
   89.7     2.04  10.626  -0.0400
   89.8     2.06  10.665  -0.0385
   89.9     2.11  10.705  -0.0410
   89.9     2.05  10.746  -0.0422
   90.0     2.10  10.789  -0.0434
   90.1     2.13  10.829  -0.0452
   90.1     2.11  10.867  -0.0424
   90.2     2.19  10.908  -0.0467
   90.3     2.16  10.949  -0.0506
   90.4     2.16  10.992  -0.0525
   90.5     2.19  11.034  -0.0488
   90.6     2.23  11.075  -0.0543
   90.7     2.24  11.114  -0.0592
   90.9     2.31  11.153  -0.0518
   90.9     2.31  11.195  -0.0470
   91.1     2.41  11.235  -0.0528
   91.1     2.41  11.276  -0.0511
   91.2     2.39  11.318  -0.0446
   91.4     2.46  11.360  -0.0440
   91.4     2.49  11.402  -0.0485
   91.6     2.49  11.443  -0.0466
   91.7     2.55  11.484  -0.0428
   91.8     2.58  11.523  -0.0473
   92.0     2.62  11.561  -0.0510
   92.2     2.67  11.600  -0.0483
   92.2     2.67  11.640  -0.0472
   92.4     2.70  11.679  -0.0490
   92.6     2.76  11.718  -0.0511
   92.8     2.84  11.758  -0.0495
   93.0     2.79  11.797  -0.0497
   93.1     2.85  11.838  -0.0549
   93.2     2.89  11.880  -0.0479
   93.5     3.01  11.921  -0.0488
   93.6     3.03  11.962  -0.0519
   93.8     3.06  12.003  -0.0524
   94.0     3.11  12.043  -0.0504
   94.3     3.19  12.085  -0.0542
   94.4     3.18  12.125  -0.0501
   94.6     3.17  12.165  -0.0493
   94.8     3.24  12.209  -0.0511
   95.1     3.30  12.249  -0.0488
   95.3     3.30  12.292  -0.0530
   95.5     3.42  12.333  -0.0526
   95.8     3.44  12.372  -0.0510
   96.0     3.46  12.411  -0.0524
   96.2     3.45  12.448  -0.0568
   96.4     3.55  12.487  -0.0545
   96.6     3.58  12.526  -0.0553
   96.9     3.59  12.565  -0.0569
   97.1     3.66  12.605  -0.0548
   97.4     3.64  12.643  -0.0552
   97.7     3.71  12.684  -0.0591
   98.0     3.79  12.724  -0.0590
   98.3     3.81  12.766  -0.0560
   98.5     3.88  12.808  -0.0592
   98.7     3.88  12.848  -0.0546
   99.0     3.94  12.888  -0.0607
   99.4     4.04  12.928  -0.0620
   99.7     4.10  12.970  -0.0555
   99.9     4.05  13.013  -0.0602
  100.3     4.14  13.055  -0.0604
  100.6     4.16  13.097  -0.0585
  101.0     4.24  13.139  -0.0583
  101.3     4.28  13.180  -0.0532
  101.6     4.24  13.222  -0.0554
  101.9     4.33  13.261  -0.0589
  102.2     4.44  13.298  -0.0593
  102.6     4.38  13.338  -0.0611
  102.8     4.49  13.378  -0.0577
  103.0     4.43  13.416  -0.0570
  103.5     4.50  13.456  -0.0578
  103.8     4.61  13.496  -0.0529
  104.1     4.60  13.536  -0.0578
  104.5     4.59  13.576  -0.0563
  104.8     4.63  13.617  -0.0558
  105.2     4.69  13.657  -0.0584
  105.5     4.75  13.698  -0.0596
  106.0     4.76  13.740  -0.0633
  106.3     4.85  13.777  -0.0622
  106.7     4.87  13.817  -0.0632
  107.0     4.86  13.861  -0.0616
  107.3     4.91  13.901  -0.0544
  107.7     4.92  13.943  -0.0566
  108.1     4.96  13.985  -0.0583
  108.5     5.02  14.027  -0.0594
  108.9     5.05  14.069  -0.0589
  109.3     5.11  14.111  -0.0582
  109.6     5.11  14.152  -0.0638
  110.0     5.15  14.191  -0.0632
  110.4     5.21  14.232  -0.0617
  110.7     5.19  14.270  -0.0656
  111.1     5.18  14.309  -0.0616
  111.5     5.21  14.350  -0.0677
  111.9     5.27  14.389  -0.0658
  112.3     5.23  14.429  -0.0664
  112.7     5.34  14.470  -0.0689
  113.0     5.33  14.513  -0.0729
  113.5     5.38  14.555  -0.0715
  113.9     5.39  14.594  -0.0745
  114.2     5.36  14.636  -0.0688
  114.8     5.52  14.675  -0.0710
  115.2     5.43  14.716  -0.0700
  115.6     5.48  14.757  -0.0647
  115.9     5.53  14.798  -0.0647
  116.4     5.48  14.843  -0.0585
  116.8     5.54  14.885  -0.0620
  117.2     5.56  14.924  -0.0613
  117.6     5.53  14.965  -0.0560
  118.0     5.59  15.005  -0.0606
  118.5     5.58  15.043  -0.0655
  118.8     5.60  15.082  -0.0583
  119.3     5.65  15.122  -0.0603
  119.7     5.68  15.163  -0.0623
  120.1     5.71  15.202  -0.0612
  120.5     5.70  15.241  -0.0608
  120.9     5.70  15.281  -0.0648
  121.3     5.74  15.320  -0.0613
  121.8     5.78  15.360  -0.0579
  122.2     5.74  15.403  -0.0609
  122.6     5.80  15.442  -0.0605
  123.1     5.85  15.484  -0.0547
  123.5     5.82  15.525  -0.0592
  123.9     5.89  15.566  -0.0562
  124.3     5.87  15.607  -0.0552
  124.9     5.93  15.649  -0.0602
  125.2     5.89  15.690  -0.0586
  125.7     5.89  15.732  -0.0572
  126.2     5.92  15.774  -0.0612
  126.6     5.92  15.816  -0.0634
  127.0     5.92  15.855  -0.0638
  127.4     6.00  15.896  -0.0646
  127.9     6.03  15.936  -0.0615
  128.4     6.02  15.975  -0.0562
  128.7     6.01  16.016  -0.0593
  129.2     6.09  16.058  -0.0586
  129.6     6.03  16.097  -0.0556
  130.1     6.09  16.138  -0.0591
  130.5     6.13  16.177  -0.0571
  131.0     6.09  16.218  -0.0536
  131.4     6.09  16.258  -0.0580
  131.8     6.12  16.299  -0.0586
  132.3     6.15  16.340  -0.0550
  132.7     6.14  16.380  -0.0572
  133.1     6.17  16.419  -0.0613
  133.6     6.18  16.461  -0.0590
  134.1     6.20  16.503  -0.0575
  134.4     6.23  16.541  -0.0652
  134.9     6.26  16.584  -0.0598
  135.3     6.23  16.626  -0.0593
  135.9     6.26  16.666  -0.0654
  136.3     6.30  16.707  -0.0632
  136.9     6.29  16.747  -0.0562
  137.2     6.31  16.785  -0.0579
  137.6     6.29  16.824  -0.0610
  138.1     6.30  16.866  -0.0570
  138.4     6.36  16.906  -0.0541
  139.0     6.33  16.944  -0.0562
  139.4     6.38  16.984  -0.0603
  139.8     6.38  17.026  -0.0567
  140.7     6.38  17.106  -0.0606
  141.2     6.37  17.149  -0.0601
  141.7     6.42  17.190  -0.0588
  142.2     6.50  17.230  -0.0611
  142.5     6.42  17.271  -0.0641
  143.1     6.40  17.320  -0.0606
  143.7     6.48  17.363  -0.0594
  144.0     6.46  17.405  -0.0610
  144.5     6.50  17.447  -0.0595
  145.0     6.56  17.490  -0.0592
  145.4     6.49  17.534  -0.0664
  145.9     6.47  17.575  -0.0650
  146.4     6.55  17.616  -0.0626
  146.9     6.56  17.655  -0.0647
  147.3     6.59  17.696  -0.0691
  147.7     6.59  17.735  -0.0645
  148.2     6.57  17.775  -0.0653
  148.6     6.59  17.816  -0.0652
  149.0     6.59  17.855  -0.0629
  149.5     6.59  17.893  -0.0582
  149.8     6.67  17.931  -0.0628
  150.3     6.67  17.973  -0.0641
  150.9     6.70  18.014  -0.0626
  151.3     6.68  18.056  -0.0674
  151.7     6.68  18.098  -0.0673
  152.2     6.71  18.138  -0.0642
  152.6     6.70  18.178  -0.0671
  153.1     6.73  18.220  -0.0729
  153.5     6.72  18.261  -0.0684
  154.0     6.76  18.302  -0.0719
  154.5     6.80  18.343  -0.0706
  154.9     6.73  18.384  -0.0649
  155.4     6.78  18.428  -0.0677
  155.9     6.81  18.470  -0.0691
  156.4     6.79  18.512  -0.0654
  156.7     6.85  18.554  -0.0699
  157.2     6.84  18.597  -0.0734
  157.7     6.85  18.637  -0.0683
  158.2     6.89  18.681  -0.0672
  158.6     6.82  18.724  -0.0647
  159.1     6.87  18.768  -0.0647
  159.6     6.88  18.811  -0.0689
  160.0     6.90  18.853  -0.0712
  160.6     6.96  18.897  -0.0711
  161.0     6.95  18.939  -0.0699
  161.4     6.93  18.980  -0.0716
  161.9     6.91  19.022  -0.0720
  162.5     7.01  19.065  -0.0701
  162.9     7.06  19.109  -0.0693
  163.4     7.04  19.153  -0.0660
  163.8     7.07  19.198  -0.0653
  164.3     7.05  19.241  -0.0692
  164.8     7.10  19.284  -0.0678
  165.4     7.07  19.329  -0.0686
  165.7     7.09  19.372  -0.0731
  166.2     7.13  19.415  -0.0673
  166.7     7.07  19.457  -0.0687
  167.2     7.10  19.499  -0.0746
  167.7     7.14  19.543  -0.0716
  168.1     7.17  19.585  -0.0696
  168.6     7.11  19.627  -0.0732
  169.1     7.24  19.668  -0.0660
  169.5     7.13  19.710  -0.0699
  170.0     7.19  19.753  -0.0739
  170.4     7.18  19.798  -0.0674
  171.0     7.21  19.841  -0.0730
  171.4     7.13  19.884  -0.0714
  171.8     7.21  19.926  -0.0683
  172.4     7.23  19.972  -0.0690
  172.9     7.22  20.015  -0.0704
  173.4     7.28  20.060  -0.0679
  173.8     7.24  20.104  -0.0691
  174.4     7.24  20.145  -0.0726
  174.8     7.33  20.189  -0.0652
  175.2     7.35  20.230  -0.0637
  175.6     7.33  20.270  -0.0694
  176.2     7.41  20.312  -0.0659
  176.6     7.29  20.354  -0.0627
  177.0     7.36  20.394  -0.0676
  177.4     7.35  20.436  -0.0654
  177.9     7.36  20.476  -0.0681
  178.4     7.37  20.516  -0.0702
  178.9     7.34  20.558  -0.0694
  179.3     7.36  20.600  -0.0751
  179.7     7.39  20.643  -0.0721
  180.3     7.43  20.684  -0.0704
  180.7     7.39  20.722  -0.0721
  181.1     7.41  20.763  -0.0686
  181.4     7.42  20.804  -0.0681
  181.9     7.41  20.845  -0.0750
  182.4     7.45  20.888  -0.0719
  182.8     7.41  20.930  -0.0709
  183.2     7.42  20.971  -0.0711
  183.7     7.42  21.014  -0.0690
  184.2     7.44  21.055  -0.0700
  184.7     7.40  21.097  -0.0706
  185.0     7.42  21.137  -0.0683
  185.4     7.40  21.176  -0.0683
  186.0     7.42  21.215  -0.0750
  186.3     7.45  21.254  -0.0758
  186.7     7.43  21.293  -0.0722
  187.3     7.42  21.332  -0.0743
  187.6     7.45  21.372  -0.0746
  188.0     7.48  21.411  -0.0722
  188.5     7.46  21.451  -0.0722
  188.8     7.55  21.493  -0.0736
  189.3     7.50  21.534  -0.0712
  189.7     7.44  21.576  -0.0716
  190.3     7.46  21.617  -0.0740
  190.7     7.48  21.657  -0.0713
  191.1     7.47  21.698  -0.0715
  191.5     7.46  21.740  -0.0713
  192.0     7.49  21.780  -0.0675
  192.5     7.49  21.822  -0.0713
  192.9     7.48  21.865  -0.0654
  193.3     7.46  21.908  -0.0679
  193.8     7.55  21.950  -0.0709
  194.2     7.46  21.993  -0.0712
  194.7     7.46  22.033  -0.0680
  195.1     7.48  22.072  -0.0658
  195.5     7.49  22.110  -0.0604
  196.0     7.45  22.152  -0.0659
  196.4     7.58  22.191  -0.0637
  196.8     7.47  22.231  -0.0670
  197.2     7.49  22.271  -0.0682
  197.7     7.51  22.310  -0.0669
  198.0     7.49  22.351  -0.0666
  198.4     7.48  22.394  -0.0697
  198.9     7.50  22.436  -0.0712
  199.5     7.52  22.474  -0.0710
  199.8     7.51  22.517  -0.0782
  200.3     7.55  22.557  -0.0731
  200.7     7.48  22.599  -0.0724
  201.1     7.45  22.641  -0.0733
  201.6     7.50  22.683  -0.0712
  202.1     7.52  22.726  -0.0708
  202.5     7.57  22.770  -0.0674
  203.0     7.46  22.812  -0.0662
  203.4     7.50  22.854  -0.0675
  203.9     7.53  22.894  -0.0696
  204.3     7.46  22.932  -0.0712
  204.7     7.52  22.971  -0.0678
  205.1     7.47  23.011  -0.0725
  205.5     7.48  23.052  -0.0698
  206.0     7.48  23.092  -0.0738
  206.3     7.50  23.131  -0.0730
  206.8     7.50  23.170  -0.0712
  207.3     7.49  23.209  -0.0745
  207.6     7.50  23.251  -0.0740
  208.1     7.47  23.293  -0.0690
  208.6     7.50  23.334  -0.0708
  209.0     7.45  23.375  -0.0689
  209.5     7.45  23.415  -0.0720
  209.9     7.51  23.457  -0.0753
  210.3     7.48  23.496  -0.0679
  210.7     7.50  23.538  -0.0706
  211.1     7.46  23.581  -0.0704
  211.6     7.50  23.621  -0.0721
  212.0     7.49  23.663  -0.0728
  212.5     7.49  23.706  -0.0727
  213.0     7.47  23.745  -0.0733
  213.4     7.51  23.786  -0.0693
  213.8     7.47  23.826  -0.0632
  214.2     7.47  23.868  -0.0649
  214.6     7.43  23.910  -0.0720
  215.1     7.45  23.950  -0.0688
  215.5     7.35  23.991  -0.0685
  216.0     7.45  24.031  -0.0687
  216.4     7.44  24.070  -0.0666
  216.8     7.47  24.111  -0.0658
  217.2     7.48  24.155  -0.0665
  217.6     7.45  24.193  -0.0651
  218.0     7.42  24.234  -0.0644
  218.4     7.51  24.277  -0.0657
  219.0     7.52  24.314  -0.0652
  219.4     7.55  24.357  -0.0656
  219.9     7.53  24.397  -0.0669
  220.1     7.52  24.437  -0.0665
  220.6     7.47  24.481  -0.0684
  221.1     7.49  24.520  -0.0674
  221.5     7.56  24.562  -0.0670
  222.1     7.50  24.602  -0.0629
  222.3     7.49  24.642  -0.0651
  222.8     7.47  24.681  -0.0638
  223.2     7.46  24.722  -0.0581
  223.6     7.40  24.761  -0.0635
  224.1     7.51  24.801  -0.0686
  224.5     7.51  24.840  -0.0655
  224.8     7.46  24.879  -0.0597
  225.3     7.52  24.920  -0.0614
  225.7     7.46  24.961  -0.0709
  226.1     7.43  25.002  -0.0662
  226.6     7.50  25.045  -0.0670
  227.1     7.59  25.085  -0.0686
  227.4     7.48  25.125  -0.0631
  227.8     7.43  25.165  -0.0635
  228.2     7.44  25.209  -0.0698
  228.7     7.44  25.249  -0.0661
  229.2     7.46  25.290  -0.0664
  229.6     7.43  25.334  -0.0727
  230.1     7.45  25.375  -0.0739
  230.6     7.50  25.417  -0.0760
  230.9     7.46  25.459  -0.0794
  231.4     7.45  25.500  -0.0782
  231.9     7.49  25.538  -0.0769
  232.2     7.43  25.577  -0.0760
  232.6     7.45  25.617  -0.0755
  233.1     7.45  25.659  -0.0741
  233.6     7.54  25.700  -0.0757
  233.9     7.50  25.741  -0.0816
  234.3     7.49  25.779  -0.0774
  234.7     7.49  25.819  -0.0801
  235.1     7.47  25.859  -0.0809
  235.6     7.43  25.900  -0.0748
  236.1     7.46  25.941  -0.0769
  236.5     7.50  25.981  -0.0798
  236.9     7.53  26.023  -0.0755
  237.4     7.51  26.063  -0.0766
  237.7     7.51  26.103  -0.0750
  238.2     7.57  26.142  -0.0733
  238.5     7.56  26.184  -0.0764
  239.1     7.56  26.228  -0.0734
  239.6     7.56  26.269  -0.0686
  239.9     7.55  26.309  -0.0691
  240.4     7.61  26.351  -0.0672
  240.8     7.61  26.391  -0.0620
  241.2     7.50  26.430  -0.0700
  241.6     7.53  26.470  -0.0668
  242.1     7.57  26.510  -0.0633
  242.4     7.52  26.550  -0.0658
  242.9     7.54  26.588  -0.0696
  243.3     7.56  26.628  -0.0678
  243.7     7.51  26.669  -0.0672
  244.1     7.56  26.708  -0.0772
  244.6     7.52  26.748  -0.0721
  245.0     7.55  26.791  -0.0701
  245.4     7.58  26.831  -0.0706
  245.9     7.60  26.871  -0.0689
  246.3     7.61  26.912  -0.0668
  246.7     7.61  26.954  -0.0673
  247.1     7.57  26.998  -0.0713
  247.6     7.54  27.040  -0.0719
  248.1     7.64  27.082  -0.0702
  248.4     7.54  27.125  -0.0749
  249.0     7.61  27.168  -0.0706
  249.3     7.55  27.208  -0.0698
  249.7     7.59  27.250  -0.0711
  250.2     7.56  27.292  -0.0726
  250.6     7.53  27.332  -0.0651
  251.0     7.50  27.370  -0.0572
  251.4     7.57  27.411  -0.0670
  251.9     7.58  27.451  -0.0721
  252.3     7.54  27.491  -0.0701
  252.7     7.49  27.529  -0.0669
  253.1     7.54  27.569  -0.0643
  253.5     7.57  27.610  -0.0694
  253.9     7.50  27.651  -0.0670
  254.4     7.51  27.692  -0.0719
  254.8     7.55  27.734  -0.0772
  255.3     7.58  27.776  -0.0759
  255.7     7.52  27.816  -0.0764
  256.1     7.52  27.856  -0.0713
  256.5     7.49  27.898  -0.0727
  256.9     7.51  27.940  -0.0756
  257.4     7.54  27.983  -0.0781
  257.9     7.54  28.027  -0.0795
  258.3     7.54  28.068  -0.0751
  258.7     7.53  28.110  -0.0808
  259.2     7.57  28.152  -0.0761
  259.6     7.54  28.190  -0.0809
  260.0     7.57  28.228  -0.0776
  260.3     7.55  28.266  -0.0788
  260.8     7.52  28.307  -0.0787
  261.2     7.54  28.346  -0.0776
  261.5     7.57  28.385  -0.0821
  261.9     7.48  28.424  -0.0813
  262.3     7.46  28.463  -0.0861
  262.8     7.46  28.507  -0.0845
  263.1     7.48  28.549  -0.0844
  263.7     7.46  28.589  -0.0844
  264.0     7.47  28.631  -0.0889
  264.5     7.49  28.672  -0.0870
  264.9     7.50  28.714  -0.0855
  265.4     7.43  28.756  -0.0852
  265.7     7.46  28.795  -0.0841
  266.2     7.52  28.836  -0.0873
  266.6     7.43  28.878  -0.0891
  267.1     7.45  28.919  -0.0892
  267.5     7.44  28.958  -0.0877
  267.8     7.44  28.999  -0.0894
  268.3     7.35  29.039  -0.0892
  268.7     7.40  29.077  -0.0846
  269.1     7.42  29.118  -0.0870
  269.6     7.43  29.160  -0.0825
  270.0     7.40  29.198  -0.0885
  270.3     7.34  29.238  -0.0909
  270.7     7.35  29.278  -0.0904
  271.1     7.35  29.318  -0.0938
  271.6     7.41  29.357  -0.0899
  272.2     7.43  29.400  -0.0934
  272.4     7.39  29.440  -0.0950
  272.9     7.40  29.480  -0.0944
  273.3     7.36  29.520  -0.0988
  273.7     7.38  29.560  -0.0997
  274.2     7.41  29.602  -0.0931
  274.7     7.38  29.643  -0.0952
  274.9     7.41  29.683  -0.0963
  275.5     7.36  29.726  -0.0924
  275.9     7.33  29.768  -0.0971
  276.4     7.36  29.812  -0.0973
  276.7     7.36  29.854  -0.0927
  277.2     7.40  29.895  -0.0918
  277.6     7.40  29.936  -0.0963
  278.0     7.30  29.975  -0.0966
  278.5     7.38  30.015  -0.0953
  279.0     7.43  30.055  -0.0958
  279.3     7.31  30.094  -0.0976
  279.7     7.36  30.134  -0.0953
  280.1     7.37  30.174  -0.0973
  280.5     7.35  30.214  -0.1007
  281.0     7.25  30.257  -0.0974
  281.5     7.37  30.299  -0.1003
  281.9     7.36  30.339  -0.1030
  282.3     7.34  30.382  -0.1015
  282.7     7.31  30.422  -0.1016
  283.2     7.36  30.463  -0.1009
  283.6     7.34  30.506  -0.1005
  284.1     7.34  30.547  -0.0970
  284.6     7.32  30.588  -0.0977
  284.9     7.36  30.631  -0.0942
  285.4     7.34  30.674  -0.0920
  285.8     7.34  30.715  -0.0969
  286.3     7.29  30.756  -0.0995
  286.6     7.29  30.796  -0.0956
  287.1     7.32  30.835  -0.0975
  287.5     7.28  30.877  -0.1017
  287.9     7.30  30.915  -0.1007
  288.4     7.35  30.956  -0.0975
  288.6     7.30  30.998  -0.1050
  289.2     7.30  31.035  -0.1041
  289.6     7.30  31.074  -0.0941
  290.1     7.32  31.114  -0.0980
  290.5     7.33  31.157  -0.0998
  291.0     7.26  31.198  -0.1026
  291.4     7.24  31.239  -0.1005
  291.9     7.21  31.279  -0.0997
  292.2     7.24  31.319  -0.1037
  292.7     7.27  31.360  -0.1052
  293.1     7.23  31.403  -0.1045
  293.6     7.28  31.445  -0.1085
  294.0     7.18  31.487  -0.1077
  294.5     7.26  31.529  -0.1112
  294.9     7.14  31.571  -0.1118
  295.4     7.20  31.613  -0.1106
  295.7     7.23  31.653  -0.1090
  296.4     7.19  31.694  -0.1114
  296.6     7.19  31.734  -0.1100
  297.1     7.22  31.777  -0.1075
  297.6     7.18  31.818  -0.1060
  298.0     7.17  31.856  -0.1105
  298.5     7.30  31.894  -0.1096
  298.8     7.16  31.934  -0.1124
  299.2     7.17  31.972  -0.1107
  299.7     7.16  32.015  -0.1081
  300.1     7.09  32.055  -0.1096
  300.5     7.12  32.095  -0.1053
  301.0     7.12  32.134  -0.1076
  301.4     7.09  32.176  -0.1133
  301.9     7.09  32.216  -0.1131
  302.3     7.07  32.258  -0.1115
  302.7     7.06  32.299  -0.1041
  303.0     7.04  32.340  -0.1061
  303.6     7.01  32.384  -0.1042
  304.0     7.00  32.423  -0.1022
  304.5     7.04  32.466  -0.1058
  304.9     7.04  32.507  -0.1005
  305.3     7.02  32.548  -0.1046
  305.8     7.09  32.588  -0.1091
  306.2     6.99  32.627  -0.1090
  306.6     7.02  32.665  -0.1136
  307.0     6.99  32.705  -0.1129
  307.4     7.00  32.746  -0.1074
  307.9     7.02  32.786  -0.1097
  308.3     7.00  32.826  -0.1051
  308.8     6.95  32.865  -0.1106
  309.2     6.98  32.907  -0.1092
  309.6     6.92  32.949  -0.1137
  310.1     6.96  32.988  -0.1121
  310.5     6.96  33.027  -0.1115
  310.9     6.98  33.066  -0.1149
  311.3     6.98  33.106  -0.1108
  311.8     6.93  33.146  -0.1114
  312.2     6.95  33.186  -0.1139
  312.7     6.94  33.230  -0.0849
  313.1     6.92  33.272  -0.1143
  313.6     6.91  33.314  -0.1115
  314.0     6.93  33.353  -0.1137
  314.4     6.97  33.393  -0.1116
  314.8     6.97  33.433  -0.1088
  315.3     6.80  33.472  -0.1155
  315.7     6.79  33.512  -0.1164
  316.1     6.84  33.554  -0.1158
  316.5     6.82  33.593  -0.1193
  316.9     6.88  33.633  -0.1163
  317.4     6.89  33.671  -0.1168
  317.8     6.90  33.711  -0.1120
  318.4     6.87  33.754  -0.1123
  318.7     6.85  33.797  -0.1188
  319.2     6.79  33.836  -0.1129
  319.7     6.88  33.877  -0.1159
  320.0     6.86  33.917  -0.1140
  320.5     6.81  33.955  -0.1111
  320.9     6.83  33.997  -0.1046
  321.3     6.72  34.038  -0.1131
  321.7     6.71  34.080  -0.1224
  322.2     6.73  34.125  -0.1207
  322.8     6.73  34.166  -0.1196
  323.2     6.73  34.209  -0.1214
  323.6     6.74  34.249  -0.1183
  324.0     6.70  34.289  -0.1241
  324.5     6.71  34.329  -0.1221
  324.9     6.67  34.369  -0.1213
  325.3     6.67  34.407  -0.1260
  325.7     6.68  34.449  -0.1221
  326.3     6.66  34.488  -0.1268
  326.6     6.68  34.527  -0.1271
  327.1     6.66  34.568  -0.1255
  327.4     6.61  34.608  -0.1311
  327.9     6.71  34.650  -0.1317
  328.3     6.68  34.692  -0.1292
  328.8     6.71  34.731  -0.1364
  329.3     6.73  34.772  -0.1279
  329.7     6.69  34.812  -0.1268
  330.2     6.69  34.853  -0.1185
  330.6     6.67  34.894  -0.1265
  331.0     6.69  34.935  -0.1326
  331.5     6.66  34.976  -0.1388
  331.8     6.70  35.018  -0.1335
  332.3     6.69  35.059  -0.1393
  332.8     6.73  35.101  -0.1385
  333.3     6.71  35.142  -0.1388
  333.6     6.68  35.181  -0.1412
  334.0     6.71  35.220  -0.1409
  334.4     6.73  35.261  -0.1435
  334.9     6.69  35.302  -0.1478
  335.4     6.69  35.340  -0.1441
  335.5     6.69  35.380  -0.1469
  336.2     6.75  35.419  -0.1504
  336.6     6.79  35.457  -0.1494
  337.0     6.77  35.499  -0.1509
  337.4     6.74  35.542  -0.1530
  337.8     6.71  35.585  -0.1510
  338.3     6.72  35.629  -0.1494
  338.9     6.79  35.667  -0.1511
  339.2     6.73  35.708  -0.1500
  339.6     6.79  35.752  -0.1525
  340.1     6.77  35.792  -0.1541
  340.5     6.72  35.836  -0.1550
  341.0     6.73  35.878  -0.1552
  341.4     6.74  35.920  -0.1528
  341.9     6.74  35.962  -0.1506
  342.4     6.76  36.004  -0.1508
  342.9     6.72  36.044  -0.1520
  343.2     6.73  36.083  -0.1540
  343.6     6.73  36.121  -0.1561
  343.9     6.74  36.160  -0.1567
  344.4     6.70  36.198  -0.1579
  344.9     6.73  36.238  -0.1552
  345.2     6.74  36.277  -0.1526
  345.8     6.74  36.316  -0.1559
  346.1     6.73  36.355  -0.1570
  346.5     6.72  36.398  -0.1545
  346.9     6.73  36.438  -0.1555
  347.3     6.70  36.478  -0.1593
  347.7     6.70  36.518  -0.1642
  348.3     6.73  36.559  -0.1569
  348.7     6.70  36.598  -0.1596
  349.1     6.68  36.640  -0.1603
  349.6     6.74  36.681  -0.1623
  349.9     6.77  36.722  -0.1655
  350.3     6.64  36.765  -0.1680
  350.8     6.64  36.806  -0.1644
  351.2     6.61  36.848  -0.1619
  351.7     6.60  36.890  -0.1574
  352.1     6.58  36.929  -0.1627
  352.5     6.64  36.969  -0.1641
  352.9     6.59  37.007  -0.1666
  353.3     6.62  37.048  -0.1643
  353.7     6.55  37.088  -0.1714
  354.2     6.47  37.129  -0.1680
  354.5     6.57  37.168  -0.1705
  355.0     6.54  37.208  -0.1707
  355.5     6.55  37.249  -0.1669
  355.8     6.47  37.291  -0.1688
  356.3     6.50  37.333  -0.1710
  356.7     6.49  37.372  -0.1696
  357.1     6.52  37.412  -0.1733
  357.5     6.44  37.453  -0.1681
  358.0     6.55  37.498  -0.1676
  358.5     6.48  37.539  -0.1664
  358.9     6.46  37.582  -0.1709
  359.4     6.44  37.624  -0.1648
  359.8     6.46  37.665  -0.1600
  360.2     6.46  37.708  -0.1639
  360.7     6.44  37.749  -0.1660
  361.1     6.39  37.789  -0.1548
  361.5     6.40  37.827  -0.1484
  361.8     6.48  37.867  -0.1642
  362.2     6.42  37.906  -0.1660
  362.6     6.35  37.947  -0.1662
  363.2     6.41  37.985  -0.1610
  363.5     6.39  38.025  -0.1632
  364.0     6.43  38.065  -0.1638
  364.4     6.37  38.104  -0.1606
  364.8     6.38  38.146  -0.1666
  365.2     6.38  38.188  -0.1682
  365.7     6.43  38.228  -0.1635
  366.1     6.34  38.270  -0.1680
  366.5     6.39  38.313  -0.1668
  367.0     6.41  38.352  -0.1625
  367.4     6.36  38.394  -0.1683
  367.8     6.31  38.434  -0.1653
  368.3     6.38  38.475  -0.1638
  368.7     6.38  38.518  -0.1686
  369.1     6.37  38.560  -0.1652
  369.5     6.32  38.603  -0.1651
  370.0     6.35  38.643  -0.1686
  370.4     6.36  38.681  -0.1657
  370.8     6.25  38.723  -0.1669
  371.3     6.32  38.761  -0.1700
  371.6     6.32  38.803  -0.1686
  372.1     6.37  38.845  -0.1670
  372.6     6.33  38.886  -0.1724
  373.0     6.35  38.925  -0.1672
  373.4     6.36  38.967  -0.1617
  373.8     6.29  39.009  -0.1638
  374.3     6.28  39.052  -0.1630
  374.7     6.39  39.091  -0.1610
  375.2     6.36  39.131  -0.1658
  375.5     6.27  39.170  -0.1724
  375.9     6.28  39.212  -0.1674
  376.2     6.29  39.252  -0.1671
  376.8     6.28  39.294  -0.1681
  377.2     6.31  39.336  -0.1638
  377.6     6.28  39.377  -0.1669
  378.1     6.28  39.420  -0.1711
  378.5     6.30  39.461  -0.1717
  378.9     6.34  39.502  -0.1703
  379.3     6.27  39.541  -0.1667
  379.6     6.24  39.581  -0.1762
  380.1     6.24  39.620  -0.1731
  380.6     6.32  39.660  -0.1694
  381.0     6.26  39.700  -0.1661
  381.3     6.25  39.740  -0.1738
  381.8     6.31  39.782  -0.1709
  382.2     6.24  39.822  -0.1682
  382.6     6.27  39.860  -0.1720
  383.0     6.23  39.903  -0.1661
  383.4     6.23  39.945  -0.1642
  383.8     6.24  39.985  -0.1701
  384.3     6.23  40.025  -0.1715
  384.6     6.22  40.065  -0.1641
  385.1     6.21  40.106  -0.1636
  385.4     6.18  40.149  -0.1675
  385.9     6.18  40.189  -0.1654
  386.3     6.20  40.230  -0.1657
  386.6     6.16  40.272  -0.1667
  387.2     6.22  40.312  -0.1697
  387.5     6.17  40.354  -0.1703
  388.0     6.15  40.397  -0.1696
  388.5     6.26  40.437  -0.1708
  388.8     6.17  40.478  -0.1737
  389.3     6.18  40.517  -0.1712
  389.7     6.16  40.558  -0.1725
  390.0     6.14  40.598  -0.1740
  390.4     6.16  40.638  -0.1725
  390.8     6.12  40.678  -0.1730
  391.2     6.09  40.718  -0.1751
  391.7     6.15  40.760  -0.1697
  392.1     6.05  40.805  -0.1683
  392.6     6.08  40.845  -0.1702
  393.0     6.15  40.884  -0.1671
  393.3     6.17  40.924  -0.1623
  393.8     6.11  40.965  -0.1609
  394.2     6.09  41.008  -0.1595
  394.7     6.12  41.051  -0.1625
  395.0     6.11  41.093  -0.1646
  395.4     6.11  41.134  -0.1622
  395.9     6.11  41.177  -0.1654
  396.3     6.07  41.218  -0.1668
  396.7     6.04  41.257  -0.1639
  397.2     6.13  41.298  -0.1601
  397.6     6.08  41.339  -0.1635
  397.9     6.10  41.380  -0.1614
  398.4     6.07  41.423  -0.1621
  398.8     6.13  41.461  -0.1697
  399.3     6.16  41.499  -0.1629
  399.6     6.15  41.539  -0.1632
  400.0     6.11  41.579  -0.1646
  400.4     6.13  41.618  -0.1653
  400.9     6.06  41.658  -0.1670
  401.2     6.07  41.700  -0.1631
  401.7     6.08  41.741  -0.1694
  402.0     6.17  41.783  -0.1689
  402.4     6.03  41.822  -0.1705
  402.9     6.11  41.862  -0.1704
  403.3     6.05  41.902  -0.1673
  403.7     6.10  41.943  -0.1686
  404.2     6.03  41.987  -0.1714
  404.6     6.04  42.029  -0.1744
  405.0     6.01  42.072  -0.1667
  405.3     5.96  42.115  -0.1721
  405.9     5.99  42.157  -0.1701
  406.3     5.99  42.195  -0.1709
  406.7     5.95  42.236  -0.1670
  407.1     5.97  42.279  -0.1648
  407.5     6.00  42.320  -0.1783
  408.0     5.94  42.362  -0.1697
  408.3     5.92  42.403  -0.1729
  408.8     5.98  42.442  -0.1721
  409.2     5.96  42.483  -0.1668
  409.5     5.90  42.526  -0.1716
  410.0     5.98  42.569  -0.1731
  410.5     5.97  42.609  -0.1696
  410.8     5.96  42.649  -0.1710
  411.3     5.97  42.689  -0.1711
  411.7     5.99  42.730  -0.1642
  412.1     5.94  42.771  -0.1731
  412.5     5.89  42.811  -0.1667
  412.9     5.94  42.853  -0.1622
  413.3     5.93  42.896  -0.1704
  413.8     5.87  42.938  -0.1687
  414.1     5.88  42.979  -0.1716
  414.6     5.84  43.020  -0.1736
  415.1     5.83  43.060  -0.1703
  415.4     5.90  43.099  -0.1708
  415.8     5.85  43.138  -0.1739
  416.2     5.80  43.179  -0.1728
  416.6     5.86  43.220  -0.1753
  417.1     5.90  43.258  -0.1730
  417.4     5.82  43.297  -0.1686
  417.8     5.85  43.338  -0.1677
  418.2     5.88  43.378  -0.1673
  418.6     5.79  43.421  -0.1677
  419.0     5.82  43.462  -0.1718
  419.5     5.78  43.504  -0.1752
  419.9     5.80  43.546  -0.1740
  420.3     5.81  43.589  -0.1677
  420.8     5.89  43.631  -0.1713
  421.1     5.75  43.673  -0.1724
  421.6     5.79  43.717  -0.1679
  422.0     5.79  43.758  -0.1683
  422.5     5.75  43.801  -0.1702
  422.9     5.83  43.845  -0.1700
  423.3     5.73  43.885  -0.1735
  423.7     5.72  43.927  -0.1769
  424.1     5.77  43.966  -0.1724
  424.5     5.75  44.005  -0.1714
  424.9     5.76  44.046  -0.1784
  425.4     5.72  44.088  -0.1840
  425.8     5.64  44.129  -0.1808
  426.1     5.72  44.170  -0.1858
  426.6     5.68  44.211  -0.1841
  427.0     5.68  44.250  -0.1809
  427.5     5.71  44.293  -0.1792
  427.8     5.62  44.333  -0.1794
  428.4     5.67  44.373  -0.1804
  428.7     5.66  44.415  -0.1823
  429.1     5.67  44.454  -0.1809
  429.5     5.68  44.496  -0.1842
  430.0     5.68  44.536  -0.1836
  430.3     5.62  44.579  -0.1807
  430.8     5.63  44.621  -0.1790
  431.2     5.63  44.665  -0.1769
  431.6     5.64  44.706  -0.1802
  432.1     5.67  44.749  -0.1763
  432.6     5.64  44.791  -0.1806
  432.9     5.62  44.829  -0.1788
  433.4     5.66  44.869  -0.1779
  433.7     5.64  44.910  -0.1794
  434.1     5.58  44.950  -0.1796
  434.6     5.60  44.989  -0.1815
  435.0     5.60  45.028  -0.1790
  435.4     5.60  45.067  -0.1765
  435.9     5.58  45.107  -0.1751
  436.2     5.61  45.149  -0.1750
  436.7     5.59  45.192  -0.1767
  437.0     5.54  45.234  -0.1741
  437.4     5.55  45.273  -0.1737
  437.8     5.59  45.315  -0.1730
  438.3     5.55  45.358  -0.1701
  438.7     5.57  45.399  -0.1702
  439.1     5.59  45.444  -0.1711
  439.7     5.58  45.487  -0.1735
  440.0     5.53  45.530  -0.1697
  440.5     5.52  45.574  -0.1777
  441.0     5.53  45.615  -0.1733
  441.3     5.50  45.654  -0.1739
  441.8     5.51  45.694  -0.1732
  442.2     5.48  45.734  -0.1780
  442.5     5.47  45.777  -0.1796
  443.1     5.50  45.820  -0.1787
  443.4     5.41  45.860  -0.1756
  443.8     5.51  45.900  -0.1764
  444.3     5.47  45.939  -0.1800
  444.7     5.46  45.979  -0.1728
  445.1     5.41  46.019  -0.1766
  445.5     5.51  46.059  -0.1722
  445.8     5.41  46.099  -0.1744
  446.3     5.40  46.139  -0.1730
  446.8     5.41  46.183  -0.1702
  447.2     5.43  46.223  -0.1710
  447.6     5.38  46.264  -0.1670
  447.9     5.39  46.305  -0.1698
  448.4     5.41  46.347  -0.1731
  448.9     5.36  46.390  -0.1747
  449.3     5.33  46.432  -0.1727
  449.7     5.37  46.473  -0.1720
  450.1     5.42  46.515  -0.1721
  450.5     5.40  46.555  -0.1704
  450.9     5.36  46.595  -0.1757
  451.4     5.38  46.636  -0.1736
  451.7     5.37  46.675  -0.1742
  452.1     5.37  46.718  -0.1776
  452.5     5.30  46.759  -0.1790
  453.1     5.32  46.800  -0.1779
  453.4     5.39  46.839  -0.1754
  453.8     5.33  46.880  -0.1824
  454.2     5.34  46.922  -0.1788
  454.6     5.29  46.963  -0.1783
  455.0     5.30  47.004  -0.1750
  455.5     5.32  47.045  -0.1774
  455.9     5.31  47.084  -0.1817
  456.3     5.27  47.125  -0.1750
  456.7     5.26  47.167  -0.1780
  457.2     5.28  47.205  -0.1759
  457.6     5.24  47.247  -0.1769
  458.0     5.26  47.289  -0.1809
  458.4     5.18  47.330  -0.1774
  458.8     5.34  47.370  -0.1757
  459.2     5.28  47.411  -0.1717
  459.5     5.19  47.452  -0.1702
  460.0     5.23  47.493  -0.1694
  460.4     5.21  47.534  -0.1675
  460.8     5.17  47.575  -0.1664
  461.3     5.21  47.614  -0.1724
  461.6     5.24  47.653  -0.1680
  462.0     5.18  47.694  -0.1629
  462.4     5.15  47.736  -0.1646
  462.8     5.14  47.777  -0.1648
  463.2     5.21  47.819  -0.1662
  463.7     5.16  47.858  -0.1674
  464.0     5.16  47.901  -0.1679
  464.4     5.12  47.940  -0.1740
  464.9     5.11  47.979  -0.1726
  465.2     5.13  48.020  -0.1696
  465.7     5.13  48.062  -0.1750
  466.1     5.07  48.104  -0.1726
  466.4     5.05  48.147  -0.1740
  466.9     5.08  48.190  -0.1749
  467.3     5.04  48.234  -0.1746
  467.8     4.92  48.278  -0.1737
  468.1     5.04  48.316  -0.1744
  468.5     5.05  48.355  -0.1766
  468.9     5.04  48.396  -0.1734
  469.4     5.02  48.435  -0.1743
  469.7     5.03  48.475  -0.1729
  470.2     5.03  48.514  -0.1714
  470.4     4.97  48.553  -0.1715
  470.9     4.98  48.593  -0.1719
  471.2     4.95  48.634  -0.1708
  471.7     5.00  48.677  -0.1720
  472.1     4.99  48.719  -0.1715
  472.5     4.98  48.760  -0.1732
  473.0     5.02  48.800  -0.1762
  473.4     4.96  48.842  -0.1748
  473.8     4.91  48.883  -0.1743
  474.2     5.00  48.923  -0.1722
  474.6     4.97  48.965  -0.1672
  475.0     4.94  49.008  -0.1647
  475.4     4.92  49.050  -0.1643
  475.9     4.96  49.094  -0.1644
  476.4     4.95  49.136  -0.1657
  476.8     4.94  49.177  -0.1671
  477.1     4.91  49.217  -0.1678
  477.6     4.96  49.257  -0.1648
  478.0     4.94  49.299  -0.1636
  478.4     4.95  49.339  -0.1686
  478.8     4.91  49.379  -0.1645
  479.2     4.84  49.419  -0.1682
  479.7     4.97  49.459  -0.1698
  480.1     4.92  49.499  -0.1675
  480.4     4.95  49.541  -0.1658
  480.8     4.90  49.582  -0.1660
  481.3     4.85  49.624  -0.1722
  481.8     4.94  49.667  -0.1691
  482.1     4.89  49.706  -0.1672
  482.5     4.88  49.747  -0.1676
  483.0     4.77  49.791  -0.1653
  483.4     4.89  49.832  -0.1684
  483.9     4.90  49.875  -0.1695
  484.4     4.92  49.916  -0.1719
  484.7     4.89  49.958  -0.1709
  485.2     4.88  50.000  -0.1671
  485.5     4.90  50.041  -0.1663
  486.0     4.84  50.082  -0.1717
  486.5     4.84  50.122  -0.1727
  486.9     4.85  50.161  -0.1729
  487.2     4.86  50.203  -0.1702
  487.6     4.83  50.244  -0.1699
  488.1     4.84  50.286  -0.1701
  488.6     4.81  50.326  -0.1720
  488.9     4.83  50.369  -0.1687
  489.3     4.81  50.409  -0.1687
  489.9     4.78  50.452  -0.1679
  490.3     4.80  50.494  -0.1665
  490.7     4.75  50.535  -0.1716
  491.1     4.79  50.577  -0.1721
  491.6     4.76  50.617  -0.1690
  491.9     4.80  50.659  -0.1677
  492.3     4.75  50.701  -0.1688
  492.7     4.79  50.743  -0.1652
  493.2     4.74  50.785  -0.1676
  493.5     4.71  50.827  -0.1658
  494.1     4.73  50.870  -0.1684
  494.5     4.76  50.913  -0.1738
  494.9     4.72  50.953  -0.1717
  495.3     4.69  50.993  -0.1705
  495.8     4.74  51.032  -0.1705
  496.1     4.69  51.073  -0.1735
  496.5     4.71  51.112  -0.1729
  497.0     4.69  51.152  -0.1716
  497.4     4.68  51.193  -0.1756
  497.8     4.69  51.233  -0.1762
  498.2     4.68  51.275  -0.1763
  498.6     4.68  51.318  -0.1717
  499.1     4.63  51.359  -0.1715
  499.4     4.69  51.400  -0.1716
  499.8     4.66  51.441  -0.1722
  500.3     4.70  51.480  -0.1760
  500.6     4.64  51.524  -0.1814
  501.1     4.58  51.564  -0.1769
  501.5     4.59  51.605  -0.1779
  501.9     4.62  51.648  -0.1760
  502.2     4.65  51.692  -0.1744
  502.7     4.53  51.735  -0.1735
  503.2     4.56  51.775  -0.1701
  503.5     4.56  51.815  -0.1729
  503.8     4.59  51.856  -0.1777
  504.3     4.59  51.895  -0.1784
  504.7     4.50  51.935  -0.1753
  505.0     4.60  51.974  -0.1769
  505.4     4.57  52.013  -0.1727
  505.8     4.53  52.052  -0.1739
  506.2     4.55  52.091  -0.1717
  506.5     4.53  52.132  -0.1758
  507.0     4.52  52.174  -0.1738
  507.4     4.47  52.214  -0.1760
  507.8     4.47  52.253  -0.1760
  508.2     4.46  52.294  -0.1737
  508.6     4.50  52.335  -0.1733
  509.0     4.46  52.376  -0.1739
  509.4     4.50  52.417  -0.1736
  509.8     4.47  52.458  -0.1774
  510.3     4.50  52.498  -0.1816
  510.6     4.44  52.541  -0.1819
  511.0     4.47  52.583  -0.1826
  511.4     4.44  52.625  -0.1860
  511.9     4.48  52.667  -0.1844
  512.3     4.46  52.707  -0.1854
  512.7     4.43  52.748  -0.1869
  513.2     4.48  52.788  -0.1873
  513.5     4.42  52.828  -0.1906
  513.9     4.42  52.868  -0.1928
  514.2     4.44  52.907  -0.1924
  514.7     4.42  52.948  -0.1954
  515.1     4.42  52.988  -0.1939
  515.5     4.44  53.029  -0.1921
  516.0     4.43  53.071  -0.1923
  516.3     4.40  53.113  -0.1872
  516.8     4.42  53.155  -0.1882
  517.1     4.42  53.194  -0.1909
  517.4     4.45  53.235  -0.1917
  517.9     4.39  53.277  -0.1903
  518.4     4.39  53.319  -0.1867
  518.7     4.41  53.359  -0.1897
  519.2     4.43  53.402  -0.1841
  519.6     4.40  53.445  -0.1867
  520.0     4.46  53.488  -0.1909
  520.4     4.40  53.530  -0.1881
  520.8     4.37  53.571  -0.1884
  521.3     4.38  53.612  -0.1909
  521.6     4.40  53.651  -0.1906
  522.2     4.40  53.692  -0.1870
  522.5     4.41  53.733  -0.1881
  522.9     4.34  53.774  -0.1865
  523.3     4.41  53.815  -0.1799
  523.7     4.35  53.857  -0.1824
  524.2     4.39  53.898  -0.1842
  524.6     4.34  53.941  -0.1803
  525.0     4.32  53.982  -0.1831
  525.4     4.36  54.023  -0.1854
  525.9     4.38  54.064  -0.1846
  526.3     4.32  54.104  -0.1824
  526.6     4.33  54.148  -0.1879
  527.0     4.36  54.188  -0.1860
  527.5     4.39  54.228  -0.1868
  527.9     4.34  54.272  -0.1861
  528.3     4.39  54.315  -0.1887
  528.8     4.33  54.358  -0.1885
  529.1     4.31  54.399  -0.1889
  529.6     4.35  54.439  -0.1908
  529.9     4.32  54.479  -0.1889
  530.4     4.31  54.519  -0.1905
  530.8     4.35  54.561  -0.1910
  531.2     4.28  54.600  -0.1914
  531.5     4.31  54.642  -0.1897
  532.1     4.30  54.681  -0.1915
  532.4     4.33  54.721  -0.1912
  532.8     4.27  54.762  -0.1887
  533.1     4.28  54.804  -0.1900
  533.6     4.32  54.845  -0.1907
  534.1     4.29  54.887  -0.1900
  534.5     4.36  54.929  -0.1947
  534.9     4.33  54.970  -0.1924
  535.2     4.29  55.012  -0.1895
  535.7     4.31  55.054  -0.1901
  536.1     4.31  55.094  -0.1892
  536.5     4.32  55.137  -0.1908
  536.9     4.30  55.180  -0.1932
  537.4     4.27  55.224  -0.1949
  537.8     4.26  55.262  -0.1927
  538.2     4.34  55.303  -0.1934
  538.6     4.32  55.342  -0.1932
  538.9     4.29  55.381  -0.1943
  539.4     4.32  55.421  -0.1980
  539.8     4.30  55.463  -0.1951
  540.3     4.29  55.504  -0.1938
  540.7     4.31  55.544  -0.1937
  540.9     4.32  55.584  -0.1940
  541.4     4.33  55.623  -0.1961
  541.8     4.31  55.663  -0.1988
  542.2     4.29  55.704  -0.1946
  542.7     4.33  55.744  -0.1926
  543.1     4.34  55.786  -0.1960
  543.5     4.28  55.827  -0.1975
  543.9     4.33  55.866  -0.1935
  544.4     4.23  55.908  -0.1919
  544.7     4.22  55.948  -0.1940
  545.1     4.24  55.990  -0.1919
  545.6     4.27  56.034  -0.1908
  546.0     4.27  56.076  -0.1918
  546.4     4.21  56.119  -0.1929
  546.8     4.29  56.161  -0.1906
  547.3     4.24  56.200  -0.1861
  547.7     4.26  56.239  -0.1826
  548.0     4.22  56.279  -0.1846
  548.5     4.26  56.320  -0.1841
  548.9     4.20  56.361  -0.1840
  549.3     4.21  56.402  -0.1838
  549.7     4.25  56.442  -0.1867
  550.1     4.23  56.483  -0.1851
  550.5     4.24  56.523  -0.1795
  550.9     4.23  56.565  -0.1831
  551.3     4.21  56.608  -0.1822
  551.7     4.19  56.648  -0.1817
  552.2     4.24  56.690  -0.1841
  552.5     4.25  56.732  -0.1854
  553.0     4.24  56.773  -0.1825
  553.4     4.23  56.812  -0.1822
  553.8     4.17  56.854  -0.1862
  554.2     4.23  56.896  -0.1852
  554.6     4.25  56.939  -0.1880
  555.0     4.23  56.979  -0.1883
  555.4     4.21  57.021  -0.1886
  555.9     4.18  57.059  -0.1848
  556.2     4.21  57.099  -0.1845
  556.6     4.17  57.138  -0.1867
  557.0     4.20  57.179  -0.1852
  557.5     4.21  57.220  -0.1871
  557.8     4.21  57.260  -0.1869
  558.2     4.18  57.298  -0.1867
  558.6     4.20  57.337  -0.1885
  558.9     4.19  57.376  -0.1897
  559.3     4.16  57.415  -0.1868
  559.7     4.14  57.458  -0.1840
  560.1     4.21  57.500  -0.1869
  560.5     4.18  57.544  -0.1859
  561.0     4.18  57.586  -0.1777
  561.4     4.18  57.627  -0.1838
  561.8     4.21  57.670  -0.1793
  562.2     4.10  57.710  -0.1805
  562.7     4.15  57.752  -0.1800
  563.1     4.15  57.795  -0.1783
  563.5     4.15  57.837  -0.1808
  564.0     4.16  57.880  -0.1820
  564.4     4.12  57.921  -0.1846
  564.7     4.09  57.959  -0.1833
  565.1     4.14  57.999  -0.1821
  565.5     4.12  58.037  -0.1887
  565.9     4.13  58.079  -0.1813
  566.3     4.10  58.119  -0.1913
  566.6     4.18  58.157  -0.1827
  567.0     4.11  58.197  -0.1902
  567.4     4.16  58.238  -0.1882
  567.8     4.12  58.277  -0.1886
  568.3     4.10  58.321  -0.1867
  568.6     4.11  58.363  -0.1853
  569.1     4.13  58.404  -0.1888
  569.4     4.12  58.446  -0.1883
  569.8     4.11  58.486  -0.1906
  570.3     4.11  58.529  -0.1897
  570.6     4.10  58.572  -0.1891
  571.1     4.14  58.611  -0.1899
  571.5     4.11  58.655  -0.1922
  571.9     4.11  58.699  -0.1939
  572.4     4.16  58.740  -0.1950
  572.7     4.19  58.780  -0.1924
  573.2     4.09  58.819  -0.1906
  573.6     4.11  58.859  -0.1887
  573.9     4.11  58.898  -0.1870
  574.4     4.13  58.939  -0.1856
  574.8     4.11  58.978  -0.1855
  575.2     4.10  59.020  -0.1844
  575.6     4.12  59.061  -0.1861
  575.9     4.16  59.100  -0.1865
  576.3     4.13  59.140  -0.1835
  576.8     4.08  59.184  -0.1835
  577.2     4.11  59.226  -0.1825
  577.6     4.16  59.266  -0.1834
  578.0     4.15  59.305  -0.1869
  578.5     4.17  59.345  -0.1894
  578.7     4.14  59.387  -0.1898
  579.2     4.13  59.427  -0.1901
  579.6     4.11  59.469  -0.1914
  580.1     4.15  59.513  -0.1883
  580.5     4.17  59.556  -0.1887
  581.0     4.16  59.600  -0.1909
  581.3     4.14  59.642  -0.1915
  581.8     4.16  59.684  -0.1912
  582.2     4.15  59.725  -0.1899
  582.7     4.14  59.764  -0.1897
  583.0     4.15  59.807  -0.1913
  583.5     4.12  59.852  -0.1902
  583.9     4.17  59.893  -0.1934
  584.3     4.11  59.935  -0.1912
  584.7     4.19  59.977  -0.1873
  585.2     4.10  60.018  -0.1845
  585.6     4.17  60.062  -0.1848
  586.1     4.17  60.106  -0.1872
  586.4     4.13  60.145  -0.1918
  586.7     4.19  60.187  -0.1885
  587.3     4.16  60.227  -0.1929
  587.6     4.13  60.268  -0.1962
  588.0     4.15  60.309  -0.1902
  588.5     4.08  60.350  -0.1886
  588.8     4.11  60.393  -0.1936
  589.3     4.13  60.436  -0.1922
  589.6     4.09  60.478  -0.1924
  590.1     4.15  60.519  -0.1953
  590.4     4.08  60.560  -0.1950
  590.9     4.16  60.601  -0.1922
  591.3     4.09  60.640  -0.1932
  591.6     4.06  60.680  -0.1916
  592.1     4.14  60.719  -0.1896
  592.5     4.15  60.759  -0.1895
  592.8     4.07  60.802  -0.1901
  593.3     4.06  60.844  -0.1914
  593.8     4.11  60.884  -0.1907
  594.1     4.10  60.926  -0.1907
  594.6     4.12  60.970  -0.1895
  595.0     4.10  61.013  -0.1919
  595.4     4.14  61.053  -0.1923
  595.8     4.15  61.094  -0.1915
  596.2     4.13  61.134  -0.1967
  596.6     4.15  61.175  -0.2027
  597.0     4.11  61.217  -0.2001
  597.4     4.15  61.259  -0.1985
  597.8     4.13  61.300  -0.1976
  598.2     4.11  61.343  -0.1997
  598.7     4.14  61.385  -0.1979
  599.1     4.11  61.424  -0.1960
  599.4     4.07  61.462  -0.1986
  599.9     4.11  61.502  -0.2016
  600.3     4.10  61.540  -0.1996
