   11.4     1.89   0.040  -0.0043
   11.4     1.79   0.082  -0.0101
   11.3     1.69   0.126  -0.0052
   11.3     1.76   0.168   0.0021
   11.4     1.68   0.210   0.0047
   11.4     1.71   0.251   0.0052
   11.4     1.78   0.293   0.0088
   11.4     1.64   0.334  -0.0015
   11.4     1.68   0.374  -0.0036
   11.5     1.68   0.415  -0.0054
   11.5     1.66   0.455  -0.0092
   11.4     1.57   0.497  -0.0089
   11.4     1.55   0.541  -0.0073
   11.4     1.56   0.582  -0.0183
   11.4     1.50   0.625  -0.0257
   11.5     1.63   0.664  -0.0204
   11.5     1.60   0.708  -0.0286
   11.5     1.56   0.753  -0.0251
   11.5     1.60   0.796  -0.0222
   11.5     1.55   0.840  -0.0213
   11.5     1.48   0.879  -0.0249
   11.5     1.53   0.919  -0.0177
   11.6     1.57   0.962  -0.0118
   11.6     1.52   1.004  -0.0024
   11.6     1.57   1.046   0.0008
   11.7     1.54   1.087   0.0008
   11.8     1.58   1.127   0.0039
   11.7     1.56   1.168   0.0106
   11.7     1.45   1.207   0.0065
   11.7     1.46   1.248   0.0002
   11.7     1.42   1.290   0.0055
   11.8     1.49   1.331   0.0067
   11.9     1.57   1.370  -0.0000
   11.9     1.49   1.411   0.0065
   11.9     1.55   1.452   0.0084
   11.9     1.55   1.491   0.0095
   12.0     1.55   1.533   0.0104
   12.1     1.56   1.576   0.0049
   12.0     1.57   1.621   0.0016
   12.1     1.61   1.665  -0.0047
   12.2     1.59   1.710  -0.0005
   12.2     1.56   1.752   0.0074
   12.3     1.52   1.793   0.0038
   12.4     1.60   1.833   0.0073
   12.4     1.62   1.875  -0.0058
   12.5     1.64   1.916   0.0011
   12.5     1.60   1.959   0.0019
   12.6     1.63   2.002  -0.0015
   12.6     1.65   2.043  -0.0040
   12.7     1.68   2.084  -0.0103
   12.8     1.67   2.124  -0.0144
   13.0     1.77   2.166  -0.0141
   13.0     1.82   2.207  -0.0214
   13.2     1.89   2.248  -0.0328
   13.3     1.91   2.291  -0.0232
   13.3     1.90   2.332  -0.0127
   13.5     1.94   2.375  -0.0151
   13.5     1.98   2.415  -0.0117
   13.8     2.09   2.455  -0.0146
   13.9     2.00   2.498  -0.0192
   14.0     2.00   2.544  -0.0279
   14.1     2.05   2.587  -0.0454
   14.2     2.07   2.630  -0.0445
   14.3     2.20   2.671  -0.0485
   14.5     2.17   2.710  -0.0563
   14.6     2.22   2.753  -0.0484
   14.8     2.29   2.792  -0.0458
   15.0     2.27   2.835  -0.0565
   15.1     2.35   2.879  -0.0582
   15.2     2.37   2.920  -0.0548
   15.5     2.40   2.962  -0.0553
   15.6     2.49   3.002  -0.0627
   15.8     2.50   3.042  -0.0633
   16.0     2.50   3.083  -0.0602
   16.1     2.46   3.123  -0.0524
   16.3     2.55   3.164  -0.0569
   16.5     2.53   3.207  -0.0587
   16.7     2.55   3.248  -0.0664
   16.9     2.70   3.288  -0.0707
   17.1     2.65   3.329  -0.0742
   17.3     2.79   3.371  -0.0686
   17.5     2.72   3.415  -0.0659
   17.8     2.81   3.460  -0.0670
   18.1     2.89   3.503  -0.0579
   18.2     2.88   3.544  -0.0552
   18.5     2.97   3.586  -0.0477
   18.7     2.94   3.629  -0.0395
   19.0     3.00   3.670  -0.0392
   19.2     3.11   3.709  -0.0327
   19.4     3.03   3.752  -0.0320
   19.6     3.11   3.794  -0.0312
   19.9     3.16   3.834  -0.0309
   20.1     3.07   3.876  -0.0389
   20.5     3.26   3.917  -0.0418
   20.8     3.37   3.958  -0.0386
   21.0     3.35   4.000  -0.0381
   21.2     3.38   4.039  -0.0349
   21.5     3.43   4.080  -0.0300
   21.7     3.45   4.121  -0.0535
   22.0     3.52   4.161  -0.0470
   22.3     3.64   4.204  -0.0201
   22.7     3.64   4.247  -0.0130
   23.0     3.75   4.292  -0.0178
   23.3     3.70   4.336  -0.0143
   23.4     3.70   4.379  -0.0120
   23.8     3.74   4.421  -0.0047
   24.1     3.81   4.463  -0.0032
   24.3     3.82   4.504   0.0016
   24.6     3.86   4.546   0.0013
   25.0     3.97   4.588   0.0018
   25.3     3.96   4.631  -0.0023
   25.7     3.94   4.673  -0.0016
   25.9     4.04   4.715   0.0022
   26.2     4.05   4.757  -0.0011
   26.5     4.13   4.799  -0.0045
   26.9     4.20   4.840  -0.0086
   27.3     4.34   4.882  -0.0082
   27.7     4.48   4.923  -0.0043
   28.1     4.51   4.964  -0.0002
   28.3     4.47   5.007  -0.0031
   28.7     4.67   5.049  -0.0032
   28.9     4.47   5.089  -0.0077
   29.2     4.53   5.131  -0.0093
   29.6     4.67   5.174  -0.0056
   30.0     4.70   5.219  -0.0073
   30.2     4.69   5.261  -0.0122
   30.7     4.74   5.304  -0.0058
   31.0     4.68   5.345  -0.0008
   31.3     4.71   5.387   0.0051
   31.6     4.71   5.430   0.0038
   31.9     4.72   5.471   0.0025
   32.3     4.81   5.514   0.0038
   32.7     4.84   5.557  -0.0031
   33.0     4.82   5.598  -0.0134
   33.3     4.82   5.641  -0.0069
   33.6     4.74   5.684  -0.0079
   34.0     4.80   5.726  -0.0021
   34.4     4.83   5.769   0.0021
   34.8     4.84   5.810  -0.0027
   35.2     4.88   5.852   0.0005
   35.5     4.88   5.893  -0.0001
   35.8     5.01   5.934  -0.0035
   36.1     4.89   5.976  -0.0053
   36.6     5.04   6.017  -0.0021
   37.0     5.09   6.061  -0.0092
   37.3     4.96   6.106  -0.0111
   37.7     5.03   6.150  -0.0113
   38.1     5.05   6.191  -0.0112
   38.5     5.12   6.233  -0.0165
   38.8     5.17   6.273  -0.0065
   39.1     5.13   6.315  -0.0127
   39.7     5.37   6.355  -0.0104
   40.2     5.55   6.395  -0.0080
   40.4     5.35   6.437  -0.0058
   40.8     5.47   6.479   0.0012
   41.3     5.52   6.519  -0.0038
   41.6     5.65   6.559  -0.0024
   41.9     5.53   6.601  -0.0023
   42.4     5.68   6.642   0.0037
   42.7     5.57   6.682   0.0047
   43.0     5.60   6.722   0.0035
   43.5     5.63   6.763   0.0027
   43.8     5.58   6.805  -0.0023
   44.2     5.75   6.847  -0.0114
   44.5     5.61   6.888  -0.0036
   45.1     5.78   6.930  -0.0101
   45.5     5.82   6.973  -0.0133
   45.8     5.87   7.016  -0.0174
   46.3     5.92   7.058  -0.0207
   46.7     5.88   7.101  -0.0158
   47.0     5.84   7.142  -0.0189
   47.3     5.90   7.184  -0.0140
   47.7     5.86   7.226  -0.0177
   48.2     5.88   7.268  -0.0264
   48.5     5.91   7.312  -0.0205
   48.9     5.95   7.355  -0.0239
   49.3     5.94   7.394  -0.0220
   49.7     5.88   7.437  -0.0212
   50.0     5.92   7.479  -0.0172
   50.5     5.97   7.519  -0.0193
   50.9     5.96   7.561  -0.0166
   51.3     6.05   7.601  -0.0151
   51.6     5.96   7.643  -0.0176
   52.0     5.96   7.685  -0.0207
   52.5     5.98   7.725  -0.0212
   52.8     6.04   7.766  -0.0165
   53.2     6.07   7.808  -0.0145
   53.6     6.14   7.852  -0.0123
   54.0     6.07   7.895  -0.0161
   54.5     6.23   7.939  -0.0148
   54.9     6.10   7.983  -0.0134
   55.3     6.21   8.022  -0.0139
   55.7     6.24   8.063  -0.0135
   56.2     6.34   8.105  -0.0109
   56.4     6.15   8.146  -0.0130
   56.8     6.11   8.190  -0.0186
   57.2     6.17   8.234  -0.0168
   57.7     6.23   8.273  -0.0178
   58.1     6.25   8.315  -0.0188
   58.5     6.28   8.357  -0.0181
   58.9     6.32   8.398  -0.0157
   59.3     6.33   8.439  -0.0219
   59.7     6.31   8.480  -0.0152
   60.1     6.35   8.520  -0.0138
   60.5     6.35   8.561  -0.0124
   60.9     6.43   8.601  -0.0138
   61.3     6.45   8.643  -0.0074
   61.7     6.48   8.683  -0.0107
   62.1     6.43   8.725  -0.0113
   62.5     6.39   8.771  -0.0115
   62.9     6.49   8.815  -0.0110
   63.4     6.48   8.856  -0.0156
   63.7     6.54   8.898  -0.0148
   64.1     6.53   8.938  -0.0084
   64.6     6.49   8.978  -0.0116
   65.0     6.48   9.019  -0.0133
   65.4     6.53   9.058  -0.0105
   65.8     6.50   9.100   0.0043
   66.2     6.48   9.142   0.0017
   66.6     6.52   9.182  -0.0056
   67.0     6.49   9.224  -0.0003
   67.4     6.51   9.264  -0.0049
   67.7     6.42   9.305  -0.0037
   68.2     6.58   9.347  -0.0163
   68.5     6.45   9.389  -0.0150
   68.9     6.46   9.430  -0.0124
   69.4     6.51   9.469  -0.0069
   69.8     6.58   9.510  -0.0093
   70.2     6.57   9.551  -0.0131
   70.6     6.46   9.593  -0.0114
   70.9     6.47   9.634  -0.0139
   71.4     6.56   9.679  -0.0043
   71.9     6.61   9.723  -0.0057
   72.3     6.56   9.766  -0.0051
   72.7     6.60   9.809  -0.0074
   73.2     6.61   9.851  -0.0048
   73.5     6.57   9.895   0.0008
   74.0     6.55   9.937   0.0005
   74.5     6.66   9.980   0.0023
   74.8     6.60  10.023  -0.0004
   75.3     6.53  10.065   0.0015
   75.6     6.57  10.104   0.0001
   76.0     6.53  10.147   0.0018
   76.5     6.65  10.190   0.0035
   76.9     6.61  10.233   0.0014
   77.4     6.69  10.274  -0.0005
   77.7     6.61  10.314  -0.0005
   78.1     6.56  10.356   0.0020
   78.6     6.57  10.397   0.0017
   79.0     6.57  10.440  -0.0006
   79.4     6.63  10.481  -0.0008
   79.8     6.56  10.525  -0.0037
   80.3     6.66  10.569  -0.0032
   80.7     6.69  10.613  -0.0029
   81.2     6.66  10.657   0.0007
   81.6     6.68  10.699   0.0017
   82.1     6.63  10.739   0.0008
   82.4     6.68  10.780  -0.0000
   82.8     6.67  10.823  -0.0013
   83.2     6.63  10.866  -0.0000
   83.7     6.64  10.909   0.0090
   84.1     6.69  10.950   0.0042
   84.5     6.62  10.991  -0.0080
   85.0     6.71  11.032  -0.0110
   85.4     6.64  11.074  -0.0093
   85.7     6.58  11.116  -0.0100
   86.2     6.56  11.156  -0.0070
   86.5     6.60  11.197  -0.0059
   86.9     6.53  11.239  -0.0093
   87.4     6.59  11.282  -0.0038
   87.9     6.62  11.323  -0.0065
   88.3     6.59  11.365  -0.0037
   88.7     6.56  11.407  -0.0015
   89.2     6.64  11.453  -0.0001
   89.6     6.58  11.497  -0.0001
   90.1     6.60  11.541  -0.0028
   90.5     6.61  11.585  -0.0046
   90.9     6.58  11.624  -0.0027
   91.3     6.51  11.668  -0.0048
   91.6     6.49  11.708  -0.0056
   92.0     6.45  11.749  -0.0027
   92.5     6.48  11.795  -0.0087
   92.9     6.43  11.837  -0.0152
   93.4     6.52  11.881  -0.0085
   93.8     6.45  11.922  -0.0067
   94.2     6.48  11.963  -0.0038
   94.7     6.49  12.007  -0.0051
   95.1     6.55  12.047  -0.0079
   95.5     6.50  12.090  -0.0106
   95.9     6.45  12.133  -0.0109
   96.3     6.42  12.173  -0.0107
   96.7     6.43  12.216  -0.0076
   97.2     6.39  12.259  -0.0129
   97.6     6.42  12.301  -0.0090
   98.0     6.37  12.346  -0.0075
   98.4     6.35  12.389  -0.0086
   98.8     6.34  12.431  -0.0081
   99.3     6.35  12.472  -0.0062
   99.8     6.36  12.512  -0.0108
  100.2     6.36  12.555  -0.0112
  100.5     6.33  12.597  -0.0123
  100.9     6.39  12.638  -0.0140
  101.3     6.30  12.680  -0.0149
  101.9     6.34  12.722  -0.0145
  102.2     6.27  12.762  -0.0129
  102.5     6.21  12.804  -0.0077
  103.0     6.25  12.845  -0.0187
  103.4     6.16  12.888  -0.0169
  103.8     6.09  12.930  -0.0206
  104.2     6.12  12.971  -0.0221
  104.6     6.13  13.014  -0.0205
  105.0     6.13  13.056  -0.0143
  105.6     6.11  13.099  -0.0212
  105.9     6.04  13.141  -0.0202
  106.4     6.08  13.184  -0.0134
  106.8     5.99  13.229  -0.0141
  107.2     6.00  13.274  -0.0148
  107.7     6.03  13.318  -0.0129
  108.2     6.04  13.360  -0.0137
  108.5     6.00  13.400  -0.0133
  108.9     5.93  13.441  -0.0094
  109.4     5.96  13.483  -0.0157
  109.9     5.99  13.525  -0.0132
  110.3     5.91  13.570  -0.0210
  110.7     5.93  13.608  -0.0158
  111.1     5.89  13.650  -0.0166
  111.6     5.92  13.691  -0.0160
  111.9     5.88  13.732  -0.0151
  112.3     5.80  13.775  -0.0167
  112.8     5.88  13.816  -0.0201
  113.2     5.89  13.855  -0.0167
  113.6     5.93  13.899  -0.0197
  114.1     5.84  13.940  -0.0219
  114.4     5.75  13.982  -0.0222
  114.9     5.86  14.025  -0.0198
  115.2     5.69  14.065  -0.0230
  115.7     5.61  14.111  -0.0229
  116.2     5.67  14.155  -0.0229
  116.6     5.63  14.197  -0.0185
  117.0     5.66  14.241  -0.0180
  117.4     5.67  14.280  -0.0211
  117.9     5.63  14.322  -0.0192
  118.4     5.78  14.362  -0.0218
  118.7     5.59  14.404  -0.0237
  119.1     5.55  14.447  -0.0262
  119.6     5.58  14.490  -0.0270
  120.1     5.65  14.530  -0.0292
  120.5     5.58  14.572  -0.0252
  120.9     5.51  14.614  -0.0246
  121.3     5.59  14.655  -0.0255
  121.8     5.55  14.696  -0.0252
  122.1     5.47  14.738  -0.0244
  122.6     5.41  14.782  -0.0278
  123.0     5.45  14.824  -0.0263
  123.4     5.48  14.866  -0.0280
  123.9     5.44  14.908  -0.0299
  124.3     5.43  14.950  -0.0236
  124.8     5.41  14.994  -0.0265
  125.2     5.41  15.039  -0.0301
  125.7     5.36  15.084  -0.0253
  126.2     5.41  15.125  -0.0244
  126.5     5.36  15.166  -0.0286
  126.9     5.29  15.207  -0.0274
  127.4     5.28  15.250  -0.0259
  127.7     5.29  15.292  -0.0268
  128.2     5.34  15.336  -0.0213
  128.7     5.34  15.378  -0.0223
  129.0     5.30  15.421  -0.0238
  129.5     5.32  15.461  -0.0236
  130.0     5.29  15.502  -0.0265
  130.4     5.21  15.542  -0.0309
  130.7     5.28  15.583  -0.0355
  131.1     5.34  15.621  -0.0352
  131.7     5.43  15.664  -0.0326
  132.1     5.50  15.704  -0.0316
  132.6     5.48  15.744  -0.0270
  133.0     5.55  15.785  -0.0287
  133.5     5.65  15.827  -0.0360
  133.8     5.48  15.869  -0.0375
  134.2     5.41  15.913  -0.0355
  134.6     5.37  15.956  -0.0307
  135.0     5.34  16.000  -0.0310
  135.4     5.30  16.040  -0.0304
  135.7     5.18  16.080  -0.0376
  136.1     5.21  16.122  -0.0348
  136.6     5.19  16.163  -0.0340
  137.1     5.31  16.205  -0.0371
  137.5     5.30  16.249  -0.0330
  137.9     5.23  16.292  -0.0338
  138.4     5.27  16.333  -0.0334
  138.9     5.30  16.375  -0.0280
  139.2     5.23  16.418  -0.0316
  139.5     5.03  16.459  -0.0317
  139.9     5.00  16.498  -0.0370
  140.3     5.04  16.540  -0.0318
  140.8     5.06  16.581  -0.0318
  141.2     5.05  16.621  -0.0270
  141.7     5.04  16.663  -0.0252
  142.1     5.12  16.703  -0.0250
  142.5     5.13  16.746  -0.0311
  142.8     5.04  16.793  -0.0265
  143.4     5.10  16.838  -0.0315
  143.9     5.14  16.882  -0.0330
  144.3     5.12  16.922  -0.0456
  144.8     5.34  16.961  -0.0387
  145.1     5.23  17.004  -0.0419
  145.7     5.33  17.046  -0.0373
  146.2     5.41  17.088  -0.0368
  146.6     5.33  17.133  -0.0461
  147.1     5.34  17.174  -0.0395
  147.4     5.28  17.214  -0.0431
  147.9     5.37  17.256  -0.0352
  148.3     5.44  17.297  -0.0361
  148.7     5.49  17.336  -0.0375
  149.1     5.34  17.380  -0.0346
  149.4     5.18  17.421  -0.0362
  149.9     5.28  17.463  -0.0365
  150.3     5.27  17.508  -0.0346
  150.7     5.28  17.550  -0.0322
  151.2     5.22  17.592  -0.0331
  151.5     5.19  17.634  -0.0328
  151.9     5.16  17.679  -0.0284
  152.5     5.18  17.725  -0.0329
  152.9     5.20  17.767  -0.0337
  153.4     5.24  17.809  -0.0315
  153.8     5.27  17.851  -0.0321
  154.3     5.34  17.894  -0.0331
  154.7     5.35  17.937  -0.0296
  155.1     5.33  17.978  -0.0289
  155.6     5.35  18.020  -0.0271
  156.1     5.33  18.061  -0.0306
  156.6     5.37  18.103  -0.0275
  156.9     5.36  18.144  -0.0290
  157.3     5.38  18.185  -0.0312
  157.8     5.45  18.226  -0.0289
  158.2     5.45  18.268  -0.0333
  158.7     5.43  18.310  -0.0270
  159.1     5.52  18.351  -0.0277
  159.6     5.50  18.393  -0.0279
  160.0     5.53  18.436  -0.0272
  160.5     5.56  18.478  -0.0319
  160.8     5.51  18.519  -0.0314
  161.3     5.53  18.564  -0.0304
  161.8     5.52  18.610  -0.0299
  162.2     5.56  18.656  -0.0290
  162.7     5.66  18.697  -0.0246
  163.1     5.56  18.738  -0.0192
  163.5     5.53  18.779  -0.0206
  164.0     5.72  18.820  -0.0157
  164.4     5.62  18.861  -0.0091
  164.9     5.72  18.904  -0.0160
  165.3     5.73  18.948  -0.0162
  165.8     5.80  18.991  -0.0231
  166.2     5.76  19.031  -0.0289
  166.6     5.79  19.073  -0.0288
  167.1     5.81  19.113  -0.0253
  167.6     5.90  19.156  -0.0198
  168.0     5.86  19.197  -0.0203
  168.5     5.94  19.238  -0.0260
  168.9     5.86  19.280  -0.0248
  169.4     5.98  19.323  -0.0243
  169.8     5.98  19.365  -0.0238
  170.1     5.87  19.406  -0.0256
  170.7     6.05  19.451  -0.0269
  171.0     5.93  19.496  -0.0239
  171.5     5.95  19.539  -0.0230
  172.1     6.05  19.583  -0.0221
  172.5     6.08  19.624  -0.0265
  172.9     6.10  19.664  -0.0148
  173.4     6.11  19.706  -0.0158
  173.8     6.11  19.747  -0.0145
  174.2     6.18  19.791  -0.0149
  174.7     6.20  19.835  -0.0144
  175.1     6.17  19.876  -0.0175
  175.7     6.16  19.917  -0.0164
  176.0     6.16  19.958  -0.0190
  176.5     6.23  19.999  -0.0133
  177.0     6.24  20.042  -0.0122
  177.3     6.24  20.084  -0.0116
  177.9     6.38  20.126  -0.0132
  178.2     6.20  20.169  -0.0190
  178.7     6.27  20.210  -0.0203
  179.2     6.40  20.252  -0.0219
  179.6     6.44  20.292  -0.0217
  180.0     6.33  20.336  -0.0210
  180.5     6.43  20.382  -0.0212
  181.0     6.48  20.425  -0.0179
  181.5     6.48  20.469  -0.0183
  182.0     6.61  20.510  -0.0206
  182.4     6.57  20.552  -0.0180
  183.0     6.68  20.596  -0.0138
  183.4     6.69  20.639  -0.0194
  183.9     6.66  20.679  -0.0187
  184.3     6.65  20.724  -0.0183
  184.7     6.64  20.763  -0.0207
  185.2     6.68  20.806  -0.0215
  185.6     6.65  20.847  -0.0175
  186.1     6.65  20.887  -0.0187
  186.5     6.82  20.929  -0.0162
  187.0     6.70  20.970  -0.0178
  187.4     6.64  21.014  -0.0155
  187.9     6.78  21.056  -0.0199
  188.4     6.78  21.095  -0.0208
  188.8     6.75  21.139  -0.0291
  189.2     6.84  21.180  -0.0243
  189.7     6.94  21.224  -0.0310
  190.2     6.89  21.269  -0.0270
  190.6     6.85  21.311  -0.0231
  191.1     6.87  21.352  -0.0231
  191.5     6.87  21.391  -0.0290
  191.9     6.80  21.434  -0.0263
  192.4     6.88  21.476  -0.0303
  192.8     6.94  21.518  -0.0290
  193.3     7.01  21.559  -0.0232
  193.8     6.98  21.600  -0.0225
  194.2     7.00  21.643  -0.0263
  194.7     7.01  21.684  -0.0257
  195.0     6.95  21.725  -0.0220
  195.5     6.97  21.768  -0.0265
  196.1     6.99  21.810  -0.0224
  196.5     7.07  21.854  -0.0209
  196.9     6.99  21.898  -0.0171
  197.4     7.03  21.940  -0.0254
  197.8     6.99  21.982  -0.0217
  198.3     7.05  22.024  -0.0207
  198.7     7.13  22.065  -0.0243
  199.2     7.15  22.108  -0.0222
  199.6     7.11  22.153  -0.0210
  200.2     7.13  22.195  -0.0259
  200.5     7.09  22.238  -0.0340
  200.9     7.10  22.279  -0.0263
  201.4     7.09  22.317  -0.0259
  201.9     7.09  22.360  -0.0329
  202.4     7.09  22.403  -0.0275
  202.8     7.19  22.446  -0.0353
  203.3     7.29  22.488  -0.0310
  203.8     7.24  22.529  -0.0337
  204.2     7.23  22.572  -0.0319
  204.6     7.28  22.613  -0.0296
  205.1     7.23  22.653  -0.0353
  205.5     7.21  22.696  -0.0322
  205.9     7.27  22.738  -0.0267
  206.3     7.17  22.779  -0.0317
  206.7     7.22  22.822  -0.0306
  207.2     7.23  22.863  -0.0360
  207.7     7.24  22.906  -0.0304
  208.2     7.38  22.946  -0.0283
  208.6     7.34  22.989  -0.0257
  209.0     7.24  23.034  -0.0297
  209.5     7.26  23.079  -0.0357
  209.9     7.33  23.123  -0.0355
  210.4     7.34  23.168  -0.0339
  211.0     7.40  23.208  -0.0306
  211.3     7.32  23.249  -0.0274
  211.7     7.28  23.290  -0.0299
  212.2     7.36  23.331  -0.0330
  212.6     7.33  23.373  -0.0345
  213.0     7.32  23.416  -0.0338
  213.5     7.30  23.460  -0.0354
  213.9     7.30  23.501  -0.0359
  214.3     7.39  23.541  -0.0378
  214.7     7.23  23.583  -0.0432
  215.2     7.34  23.625  -0.0434
  215.6     7.25  23.667  -0.0393
  216.1     7.38  23.708  -0.0387
  216.5     7.34  23.749  -0.0443
  216.9     7.32  23.791  -0.0440
  217.4     7.25  23.833  -0.0450
  217.9     7.39  23.875  -0.0509
  218.3     7.25  23.921  -0.0397
  218.8     7.39  23.966  -0.0422
  219.3     7.45  24.009  -0.0367
  219.7     7.38  24.050  -0.0507
  220.1     7.32  24.092  -0.0406
  220.6     7.38  24.134  -0.0505
  221.0     7.44  24.176  -0.0430
  221.4     7.38  24.217  -0.0521
  221.8     7.38  24.259  -0.0456
  222.3     7.38  24.302  -0.0436
  222.8     7.45  24.344  -0.0436
  223.2     7.44  24.387  -0.0507
  223.7     7.59  24.430  -0.0508
  224.1     7.47  24.471  -0.0554
  224.5     7.38  24.513  -0.0607
  224.9     7.43  24.554  -0.0693
  225.3     7.39  24.595  -0.0702
  225.7     7.41  24.637  -0.0710
  226.1     7.40  24.679  -0.0575
  226.6     7.40  24.722  -0.0610
  227.1     7.38  24.764  -0.0500
  227.4     7.41  24.807  -0.0410
  228.0     7.33  24.851  -0.0324
  228.3     7.38  24.895  -0.0338
  228.8     7.38  24.937  -0.0352
  229.3     7.49  24.980  -0.0343
  229.8     7.47  25.023  -0.0328
  230.2     7.48  25.066  -0.0310
  230.6     7.44  25.107  -0.0346
  231.1     7.50  25.152  -0.0368
  231.6     7.54  25.194  -0.0371
  232.1     7.54  25.234  -0.0321
  232.5     7.69  25.276  -0.0286
  232.8     7.48  25.317  -0.0318
  233.3     7.54  25.360  -0.0376
  233.9     7.57  25.401  -0.0308
  234.2     7.56  25.440  -0.0318
  234.6     7.57  25.481  -0.0309
  235.0     7.52  25.523  -0.0282
  235.5     7.57  25.566  -0.0330
  235.9     7.50  25.607  -0.0316
  236.3     7.51  25.648  -0.0343
  236.7     7.57  25.692  -0.0373
  237.3     7.63  25.739  -0.0370
  237.7     7.60  25.781  -0.0254
  238.1     7.48  25.825  -0.0250
  238.6     7.59  25.867  -0.0265
  239.0     7.54  25.908  -0.0241
  239.5     7.61  25.950  -0.0255
  239.9     7.56  25.991  -0.0282
  240.3     7.58  26.031  -0.0262
  240.7     7.60  26.073  -0.0304
  241.2     7.64  26.114  -0.0286
  241.7     7.63  26.155  -0.0230
  242.1     7.59  26.197  -0.0222
  242.5     7.61  26.239  -0.0232
  242.9     7.63  26.282  -0.0183
  243.4     7.62  26.324  -0.0232
  243.9     7.69  26.368  -0.0213
  244.3     7.69  26.412  -0.0221
  244.7     7.64  26.453  -0.0215
  245.2     7.64  26.497  -0.0267
  245.5     7.55  26.536  -0.0250
  245.9     7.54  26.578  -0.0257
  246.6     7.62  26.623  -0.0288
  247.0     7.58  26.668  -0.0289
  247.4     7.58  26.708  -0.0265
  247.9     7.57  26.750  -0.0313
  248.3     7.64  26.793  -0.0334
  248.7     7.60  26.836  -0.0289
  249.0     7.55  26.877  -0.0336
  249.5     7.58  26.918  -0.0298
  249.9     7.44  26.960  -0.0288
  250.5     7.58  26.999  -0.0253
  250.8     7.51  27.041  -0.0270
  251.3     7.61  27.082  -0.0240
  251.7     7.61  27.124  -0.0239
  252.0     7.44  27.168  -0.0239
  252.6     7.48  27.208  -0.0208
  253.0     7.56  27.251  -0.0200
  253.5     7.64  27.293  -0.0178
  253.8     7.58  27.334  -0.0196
  254.3     7.50  27.376  -0.0180
  254.7     7.56  27.418  -0.0182
  255.2     7.47  27.460  -0.0217
  255.6     7.50  27.506  -0.0245
  256.0     7.48  27.551  -0.0187
  256.5     7.55  27.595  -0.0230
  256.9     7.51  27.635  -0.0244
  257.3     7.52  27.676  -0.0190
  257.8     7.50  27.717  -0.0222
  258.2     7.55  27.758  -0.0192
  258.6     7.47  27.801  -0.0209
  259.1     7.49  27.843  -0.0191
  259.5     7.47  27.886  -0.0227
  260.0     7.53  27.928  -0.0232
  260.4     7.47  27.968  -0.0271
  260.7     7.34  28.011  -0.0289
  261.1     7.42  28.051  -0.0334
  261.7     7.45  28.092  -0.0360
  262.1     7.55  28.132  -0.0381
  262.6     7.52  28.176  -0.0361
  262.9     7.57  28.216  -0.0343
  263.3     7.50  28.259  -0.0387
  263.8     7.45  28.301  -0.0369
  264.2     7.47  28.342  -0.0373
  264.6     7.52  28.387  -0.0407
  265.1     7.44  28.430  -0.0378
  265.6     7.55  28.475  -0.0386
  266.1     7.55  28.517  -0.0355
  266.4     7.43  28.557  -0.0386
  266.8     7.62  28.598  -0.0367
  267.2     7.53  28.638  -0.0432
  267.7     7.57  28.679  -0.0410
  268.1     7.56  28.723  -0.0402
  268.6     7.59  28.764  -0.0406
  269.0     7.55  28.805  -0.0381
  269.4     7.56  28.848  -0.0400
  269.9     7.58  28.888  -0.0406
  270.2     7.58  28.930  -0.0403
  270.7     7.65  28.970  -0.0390
  271.1     7.64  29.011  -0.0380
  271.6     7.63  29.055  -0.0423
  272.0     7.62  29.095  -0.0424
  272.4     7.67  29.137  -0.0443
  272.8     7.59  29.179  -0.0371
  273.4     7.65  29.222  -0.0392
  273.8     7.64  29.265  -0.0391
  274.2     7.71  29.311  -0.0349
  274.7     7.73  29.355  -0.0361
  275.1     7.69  29.396  -0.0476
  275.5     7.71  29.437  -0.0561
  276.0     7.75  29.478  -0.0519
  276.4     7.74  29.521  -0.0539
  276.9     7.72  29.561  -0.0560
  277.2     7.68  29.601  -0.0548
  277.7     7.66  29.645  -0.0520
  278.2     7.76  29.686  -0.0525
  278.6     7.76  29.729  -0.0509
  279.0     7.77  29.770  -0.0488
  279.5     7.78  29.811  -0.0503
  279.9     7.74  29.853  -0.0500
  280.3     7.79  29.893  -0.0451
  280.8     7.80  29.935  -0.0495
  281.2     7.78  29.977  -0.0531
  281.6     7.80  30.018  -0.0558
  282.1     7.89  30.062  -0.0544
  282.7     7.98  30.105  -0.0585
  283.0     7.83  30.149  -0.0563
  283.4     7.81  30.193  -0.0572
  284.0     7.97  30.238  -0.0616
  284.4     7.96  30.280  -0.0599
  284.9     7.96  30.320  -0.0618
  285.3     7.92  30.361  -0.0592
  285.8     8.01  30.405  -0.0556
  286.2     8.01  30.446  -0.0554
  286.7     8.00  30.488  -0.0575
  287.1     8.07  30.530  -0.0565
  287.5     8.04  30.570  -0.0605
  287.9     8.00  30.611  -0.0634
  288.4     8.03  30.652  -0.0667
  288.8     8.02  30.695  -0.0654
  289.2     7.96  30.738  -0.0660
  289.7     7.95  30.780  -0.0636
  290.0     7.88  30.822  -0.0675
  290.3     7.72  30.864  -0.0650
  290.9     7.79  30.908  -0.0608
  291.3     7.82  30.951  -0.0579
  291.8     7.75  30.994  -0.0592
  292.2     7.83  31.037  -0.0616
  292.7     7.75  31.082  -0.0631
  293.2     7.75  31.127  -0.0638
  293.6     7.77  31.171  -0.0618
  294.1     7.84  31.211  -0.0606
  294.5     7.79  31.253  -0.0608
  295.0     7.73  31.295  -0.0603
  295.4     7.73  31.337  -0.0652
  295.9     7.73  31.381  -0.0702
  296.3     7.74  31.424  -0.0721
  296.8     7.69  31.466  -0.0707
  297.2     7.63  31.508  -0.0704
  297.6     7.70  31.551  -0.0721
  298.1     7.64  31.592  -0.0718
  298.5     7.63  31.632  -0.0705
  299.0     7.68  31.674  -0.0712
  299.3     7.60  31.717  -0.0674
  299.8     7.53  31.759  -0.0688
  300.2     7.63  31.800  -0.0671
  300.7     7.57  31.843  -0.0698
  301.2     7.70  31.883  -0.0734
  301.5     7.47  31.925  -0.0739
  301.9     7.59  31.971  -0.0707
  302.5     7.52  32.015  -0.0759
  303.0     7.49  32.060  -0.0737
  303.4     7.51  32.103  -0.0705
  303.9     7.46  32.145  -0.0743
  304.3     7.42  32.190  -0.0772
  304.8     7.54  32.232  -0.0798
  305.3     7.54  32.274  -0.0732
  305.7     7.48  32.317  -0.0708
  306.1     7.49  32.359  -0.0758
  306.6     7.55  32.402  -0.0836
  307.0     7.36  32.445  -0.0834
  307.5     7.45  32.486  -0.0758
  307.9     7.46  32.528  -0.0763
  308.4     7.41  32.570  -0.0783
  308.8     7.42  32.613  -0.0765
  309.3     7.44  32.655  -0.0792
  309.7     7.40  32.696  -0.0740
  310.1     7.33  32.738  -0.0777
  310.5     7.38  32.780  -0.0763
  311.0     7.34  32.820  -0.0730
  311.5     7.34  32.866  -0.0814
  312.0     7.36  32.908  -0.0811
  312.4     7.31  32.951  -0.0841
  312.9     7.34  32.993  -0.0872
  313.4     7.37  33.033  -0.0860
  313.8     7.31  33.075  -0.0867
  314.2     7.33  33.118  -0.0912
  314.6     7.37  33.160  -0.0908
  315.1     7.29  33.203  -0.0813
  315.5     7.25  33.244  -0.0886
  316.0     7.23  33.285  -0.0867
  316.4     7.21  33.326  -0.0801
  317.0     7.26  33.368  -0.0823
  317.4     7.27  33.409  -0.0798
  317.8     7.30  33.451  -0.0802
  318.2     7.25  33.492  -0.0836
  318.7     7.23  33.536  -0.0824
  319.2     7.22  33.576  -0.0837
  319.5     7.20  33.619  -0.0855
  320.0     7.18  33.657  -0.0855
  320.5     7.17  33.699  -0.0854
  320.9     7.17  33.745  -0.0911
  321.4     7.27  33.788  -0.0862
  321.9     7.17  33.834  -0.0858
  322.3     7.17  33.877  -0.0936
  322.8     7.16  33.918  -0.0916
  323.3     7.14  33.963  -0.0905
  323.7     7.11  34.004  -0.0965
  324.1     7.15  34.045  -0.0946
  324.5     7.13  34.088  -0.0951
  324.9     7.06  34.129  -0.0986
  325.4     7.04  34.169  -0.0969
  325.8     7.01  34.209  -0.1017
  326.2     6.98  34.251  -0.1023
  326.7     7.06  34.295  -0.0992
  327.1     7.06  34.336  -0.0984
  327.5     7.04  34.378  -0.0991
  328.1     7.00  34.422  -0.0948
  328.5     6.96  34.464  -0.1020
  329.0     7.00  34.505  -0.1061
  329.5     6.97  34.548  -0.1079
  329.8     7.00  34.591  -0.1071
  330.4     7.09  34.637  -0.1091
  330.9     7.02  34.679  -0.1127
  331.3     7.04  34.723  -0.1145
  331.8     7.01  34.766  -0.1154
  332.2     6.97  34.806  -0.1179
  332.6     6.96  34.848  -0.1196
  333.0     6.95  34.887  -0.1194
  333.4     6.91  34.927  -0.1219
  333.9     6.89  34.970  -0.1173
  334.3     6.92  35.014  -0.1111
  334.8     6.95  35.055  -0.1073
  335.2     6.96  35.096  -0.1064
  335.7     6.92  35.138  -0.1070
  336.1     6.87  35.179  -0.1080
  336.5     6.93  35.221  -0.1080
  337.0     6.89  35.262  -0.1020
  337.4     6.88  35.306  -0.1079
  338.0     6.85  35.347  -0.1182
  338.5     6.91  35.388  -0.1126
  338.9     6.87  35.430  -0.1127
  339.3     6.92  35.472  -0.1158
  339.7     6.86  35.518  -0.1159
  340.2     6.91  35.563  -0.1147
  340.7     6.88  35.607  -0.1170
  341.2     6.83  35.649  -0.1174
  341.6     6.86  35.689  -0.1217
  342.0     6.86  35.731  -0.1225
  342.5     6.89  35.774  -0.1225
  342.9     6.76  35.815  -0.1274
  343.4     6.80  35.858  -0.1309
  343.8     6.85  35.901  -0.1283
  344.3     6.77  35.943  -0.1284
  344.6     6.87  35.986  -0.1324
  345.1     6.84  36.027  -0.1319
  345.6     6.91  36.069  -0.1370
  346.0     6.82  36.111  -0.1360
  346.4     6.80  36.154  -0.1359
  346.9     6.84  36.197  -0.1394
  347.4     6.84  36.238  -0.1369
  347.8     6.72  36.282  -0.1404
  348.3     6.84  36.323  -0.1412
  348.7     6.77  36.366  -0.1416
  349.2     6.86  36.410  -0.1420
  349.7     6.87  36.457  -0.1417
  350.2     6.78  36.500  -0.1405
  350.6     6.82  36.543  -0.1478
  351.1     6.90  36.584  -0.1461
  351.5     6.79  36.628  -0.1430
  352.1     6.83  36.670  -0.1403
  352.4     6.86  36.711  -0.1424
  352.9     6.83  36.755  -0.1487
  353.4     6.85  36.797  -0.1515
  353.8     6.84  36.839  -0.1474
  354.2     6.77  36.881  -0.1456
  354.7     6.77  36.923  -0.1485
  355.0     6.76  36.964  -0.1495
  355.6     6.80  37.006  -0.1570
  355.9     6.73  37.050  -0.1540
  356.4     6.80  37.092  -0.1512
  356.8     6.77  37.134  -0.1578
  357.4     6.78  37.177  -0.1543
  357.8     6.76  37.217  -0.1560
  358.2     6.75  37.259  -0.1556
  358.5     6.74  37.302  -0.1598
  359.1     6.70  37.344  -0.1635
  359.4     6.68  37.386  -0.1648
  359.8     6.60  37.429  -0.1646
  360.4     6.70  37.470  -0.1617
  360.9     6.82  37.513  -0.1644
  361.3     6.77  37.553  -0.1662
  361.7     6.78  37.591  -0.1677
  362.2     6.71  37.635  -0.1691
  362.6     6.75  37.679  -0.1693
  363.1     6.62  37.721  -0.1744
  363.4     6.69  37.764  -0.1720
  363.9     6.71  37.806  -0.1690
  364.3     6.64  37.847  -0.1726
  364.8     6.62  37.888  -0.1744
  365.2     6.64  37.929  -0.1770
  365.6     6.68  37.972  -0.1724
  366.0     6.68  38.014  -0.1784
  366.4     6.62  38.057  -0.1734
  366.9     6.59  38.099  -0.1733
  367.2     6.55  38.138  -0.1688
  367.7     6.63  38.182  -0.1802
  368.2     6.59  38.228  -0.1754
  368.6     6.55  38.269  -0.1765
  369.0     6.57  38.312  -0.1764
  369.5     6.53  38.352  -0.1813
  369.8     6.57  38.394  -0.1733
  370.4     6.56  38.437  -0.1707
  370.8     6.57  38.477  -0.1728
  371.2     6.43  38.517  -0.1724
  371.7     6.50  38.560  -0.1766
  372.0     6.43  38.601  -0.1758
  372.6     6.59  38.643  -0.1716
  372.9     6.54  38.684  -0.1698
  373.4     6.65  38.726  -0.1796
  373.7     6.53  38.768  -0.1833
  374.2     6.59  38.809  -0.1813
  374.6     6.49  38.853  -0.1725
  375.2     6.55  38.894  -0.1762
  375.5     6.54  38.935  -0.1817
  376.0     6.61  38.976  -0.1849
  376.4     6.58  39.017  -0.1840
  376.9     6.66  39.060  -0.1764
  377.4     6.62  39.104  -0.1725
  377.7     6.53  39.149  -0.1757
  378.2     6.58  39.192  -0.1809
  378.6     6.57  39.233  -0.1824
  379.1     6.53  39.272  -0.1803
  379.5     6.53  39.315  -0.1793
  380.0     6.52  39.356  -0.1877
  380.3     6.55  39.399  -0.1912
  380.8     6.52  39.442  -0.2019
  381.3     6.58  39.485  -0.1993
  381.7     6.55  39.526  -0.2069
  382.1     6.58  39.566  -0.2080
  382.5     6.51  39.607  -0.2056
  382.9     6.42  39.647  -0.1996
  383.4     6.61  39.689  -0.1981
  383.7     6.53  39.732  -0.2047
  384.2     6.57  39.775  -0.2064
  384.7     6.52  39.817  -0.2049
  385.0     6.49  39.859  -0.2113
  385.6     6.53  39.900  -0.2079
  386.0     6.52  39.942  -0.2068
  386.3     6.54  39.988  -0.2101
  386.8     6.55  40.030  -0.2128
  387.2     6.52  40.075  -0.2147
  387.7     6.53  40.116  -0.2183
  388.1     6.51  40.156  -0.2159
  388.5     6.43  40.198  -0.2091
  389.0     6.52  40.239  -0.2069
  389.5     6.50  40.281  -0.2090
  389.9     6.49  40.325  -0.2128
  390.3     6.50  40.365  -0.2116
  390.7     6.48  40.410  -0.2117
  391.2     6.49  40.453  -0.2077
  391.6     6.52  40.492  -0.2006
  392.0     6.42  40.533  -0.2044
  392.4     6.40  40.574  -0.2042
  392.8     6.52  40.615  -0.2075
  393.3     6.55  40.658  -0.2066
  393.7     6.54  40.700  -0.2084
  394.1     6.42  40.743  -0.2083
  394.5     6.47  40.785  -0.2106
  394.9     6.40  40.827  -0.2109
  395.4     6.52  40.872  -0.2147
  395.8     6.49  40.915  -0.2130
  396.3     6.40  40.958  -0.2121
  396.7     6.44  41.001  -0.2152
  397.2     6.45  41.044  -0.2133
  397.6     6.49  41.085  -0.2116
  398.0     6.45  41.126  -0.2140
  398.5     6.46  41.167  -0.2186
  398.8     6.42  41.209  -0.2253
  399.4     6.47  41.251  -0.2225
  399.7     6.48  41.291  -0.2253
  400.1     6.34  41.331  -0.2303
  400.5     6.38  41.373  -0.2333
  401.0     6.37  41.414  -0.2294
  401.4     6.36  41.457  -0.2351
  401.8     6.46  41.500  -0.2295
  402.4     6.48  41.542  -0.2247
  402.7     6.40  41.583  -0.2238
  403.1     6.50  41.625  -0.2270
  403.7     6.52  41.668  -0.2234
  404.0     6.44  41.710  -0.2293
  404.5     6.41  41.754  -0.2273
  405.0     6.51  41.802  -0.2302
  405.4     6.40  41.846  -0.2335
  405.8     6.45  41.889  -0.2366
  406.2     6.31  41.931  -0.2285
  406.7     6.35  41.973  -0.2292
  407.2     6.39  42.016  -0.2254
  407.7     6.43  42.057  -0.2285
  408.0     6.43  42.099  -0.2310
  408.5     6.41  42.144  -0.2273
  409.0     6.40  42.186  -0.2315
  409.4     6.38  42.230  -0.2269
  409.8     6.38  42.271  -0.2328
  410.2     6.33  42.312  -0.2350
  410.7     6.43  42.354  -0.2289
  411.1     6.34  42.397  -0.2314
  411.5     6.36  42.439  -0.2301
  411.9     6.31  42.481  -0.2269
  412.4     6.34  42.524  -0.2308
  412.9     6.30  42.566  -0.2319
  413.3     6.31  42.608  -0.2306
  413.7     6.32  42.652  -0.2341
  414.1     6.38  42.696  -0.2385
  414.5     6.27  42.741  -0.2366
  414.9     6.25  42.783  -0.2394
  415.5     6.30  42.823  -0.2333
  415.8     6.18  42.864  -0.2325
  416.2     6.11  42.904  -0.2346
  416.8     6.31  42.943  -0.2323
  417.2     6.29  42.986  -0.2348
  417.6     6.23  43.028  -0.2362
  417.9     6.22  43.070  -0.2339
  418.4     6.20  43.112  -0.2374
  418.8     6.22  43.152  -0.2326
  419.3     6.21  43.193  -0.2312
  419.7     6.18  43.235  -0.2320
  420.1     6.25  43.274  -0.2358
  420.5     6.28  43.315  -0.2335
  421.0     6.23  43.354  -0.2351
  421.4     6.28  43.395  -0.2279
  421.9     6.30  43.437  -0.2332
  422.2     6.22  43.480  -0.2329
  422.7     6.20  43.524  -0.2349
  423.1     6.15  43.570  -0.2329
  423.6     6.29  43.614  -0.2373
  424.1     6.22  43.657  -0.2339
  424.5     6.13  43.700  -0.2355
  424.9     6.14  43.741  -0.2326
  425.4     6.10  43.784  -0.2304
  425.8     6.25  43.824  -0.2343
  426.3     6.21  43.863  -0.2377
  426.7     6.25  43.907  -0.2365
  427.0     6.14  43.948  -0.2364
  427.4     6.20  43.989  -0.2361
  427.9     6.15  44.031  -0.2334
  428.3     6.18  44.071  -0.2330
  428.7     6.16  44.113  -0.2318
  429.3     6.22  44.155  -0.2330
  429.7     6.24  44.199  -0.2349
  430.1     6.19  44.242  -0.2272
  430.5     6.12  44.284  -0.2304
  430.9     6.08  44.326  -0.2306
  431.3     6.11  44.367  -0.2320
  431.9     6.17  44.410  -0.2287
  432.2     6.16  44.456  -0.2327
  432.7     6.05  44.500  -0.2327
  433.2     6.08  44.542  -0.2335
  433.6     6.06  44.584  -0.2323
  434.0     6.16  44.625  -0.2314
  434.4     6.04  44.667  -0.2342
  434.7     6.06  44.708  -0.2289
  435.2     6.08  44.748  -0.2278
  435.6     6.02  44.790  -0.2323
  436.1     6.04  44.834  -0.2266
  436.5     6.02  44.876  -0.2282
  436.9     6.03  44.917  -0.2292
  437.3     5.95  44.958  -0.2333
  437.7     6.00  45.000  -0.2286
  438.1     6.05  45.041  -0.2276
  438.6     6.03  45.083  -0.2301
  439.0     5.94  45.126  -0.2326
  439.5     6.04  45.168  -0.2319
  439.9     6.02  45.211  -0.2351
  440.3     5.94  45.252  -0.2370
  440.7     6.00  45.294  -0.2378
  441.2     5.98  45.340  -0.2326
  441.6     5.90  45.385  -0.2354
  442.1     5.95  45.430  -0.2353
  442.5     5.97  45.469  -0.2397
  443.0     5.92  45.508  -0.2402
  443.3     5.89  45.550  -0.2375
  443.8     5.92  45.592  -0.2385
  444.2     5.90  45.632  -0.2396
  444.6     5.89  45.676  -0.2349
  445.0     5.92  45.717  -0.2396
  445.5     5.92  45.759  -0.2350
  445.9     5.94  45.802  -0.2380
  446.3     5.88  45.843  -0.2371
  446.7     5.93  45.884  -0.2340
  447.2     5.85  45.925  -0.2344
  447.6     5.89  45.968  -0.2395
  448.0     5.89  46.013  -0.2301
  448.5     5.91  46.055  -0.2333
  448.9     5.86  46.097  -0.2322
  449.3     5.85  46.139  -0.2280
  449.7     5.77  46.181  -0.2362
  450.2     5.80  46.226  -0.2306
  450.6     5.73  46.269  -0.2265
  451.1     5.79  46.314  -0.2378
  451.6     5.86  46.356  -0.2387
  451.9     5.74  46.396  -0.2407
  452.3     5.75  46.438  -0.2405
  452.8     5.68  46.477  -0.2378
  453.1     5.71  46.518  -0.2365
  453.5     5.69  46.562  -0.2425
  454.0     5.80  46.604  -0.2369
  454.4     5.66  46.644  -0.2334
  454.8     5.68  46.685  -0.2331
  455.3     5.80  46.728  -0.2308
  455.8     5.76  46.770  -0.2318
  456.2     5.70  46.814  -0.2351
  456.6     5.71  46.856  -0.2327
  457.0     5.62  46.898  -0.2277
  457.5     5.78  46.941  -0.2310
  457.9     5.69  46.981  -0.2302
  458.3     5.72  47.021  -0.2388
  458.8     5.81  47.064  -0.2394
  459.1     5.79  47.107  -0.2387
  459.6     5.69  47.152  -0.2400
  460.1     5.63  47.196  -0.2360
  460.5     5.71  47.240  -0.2395
  461.0     5.69  47.282  -0.2462
  461.4     5.71  47.324  -0.2408
  461.9     5.70  47.367  -0.2385
  462.3     5.74  47.410  -0.2376
  462.7     5.73  47.452  -0.2358
  463.2     5.68  47.494  -0.2390
  463.5     5.62  47.535  -0.2392
  463.9     5.65  47.575  -0.2390
  464.3     5.59  47.615  -0.2357
  464.8     5.64  47.655  -0.2384
  465.3     5.65  47.697  -0.2410
  465.6     5.66  47.738  -0.2396
  466.0     5.67  47.779  -0.2467
  466.5     5.67  47.822  -0.2467
  466.9     5.66  47.863  -0.2470
  467.3     5.62  47.906  -0.2454
  467.6     5.59  47.947  -0.2455
  468.1     5.58  47.991  -0.2452
  468.6     5.56  48.035  -0.2446
  468.9     5.57  48.078  -0.2414
  469.4     5.64  48.123  -0.2395
  469.9     5.62  48.165  -0.2370
  470.3     5.59  48.204  -0.2356
  470.6     5.51  48.246  -0.2382
  471.0     5.43  48.286  -0.2397
  471.4     5.53  48.330  -0.2461
  471.8     5.47  48.373  -0.2398
  472.3     5.47  48.414  -0.2415
  472.8     5.49  48.455  -0.2393
  473.2     5.48  48.496  -0.2379
  473.6     5.44  48.539  -0.2362
  474.0     5.43  48.581  -0.2318
  474.4     5.43  48.622  -0.2302
  474.7     5.42  48.663  -0.2321
  475.3     5.31  48.705  -0.2354
  475.7     5.44  48.748  -0.2296
  476.1     5.48  48.791  -0.2347
  476.3     5.31  48.831  -0.2352
  477.0     5.33  48.874  -0.2337
  477.3     5.32  48.919  -0.2355
  477.9     5.39  48.963  -0.2350
  478.2     5.34  49.007  -0.2294
  478.7     5.44  49.048  -0.2323
  479.1     5.37  49.089  -0.2408
  479.5     5.36  49.130  -0.2407
  479.9     5.36  49.171  -0.2407
  480.4     5.35  49.216  -0.2432
  481.0     5.38  49.259  -0.2378
  481.3     5.38  49.299  -0.2446
  481.7     5.34  49.341  -0.2444
  482.0     5.37  49.382  -0.2435
  482.5     5.36  49.422  -0.2399
  482.9     5.28  49.464  -0.2381
  483.3     5.38  49.506  -0.2352
  483.7     5.31  49.548  -0.2346
  484.2     5.33  49.589  -0.2358
  484.6     5.32  49.630  -0.2332
  485.0     5.40  49.673  -0.2359
  485.5     5.38  49.713  -0.2323
  485.9     5.37  49.755  -0.2366
  486.4     5.35  49.800  -0.2376
  486.9     5.37  49.845  -0.2451
  487.4     5.37  49.888  -0.2432
  487.7     5.34  49.929  -0.2431
  488.1     5.35  49.967  -0.2442
  488.6     5.29  50.009  -0.2435
  488.9     5.38  50.048  -0.2420
  489.2     5.31  50.089  -0.2447
  489.8     5.37  50.133  -0.2425
  490.3     5.32  50.177  -0.2428
  490.8     5.37  50.217  -0.2419
  491.1     5.33  50.260  -0.2406
  491.5     5.29  50.302  -0.2424
  492.0     5.35  50.343  -0.2420
  492.4     5.31  50.385  -0.2402
  492.8     5.30  50.429  -0.2414
  493.3     5.31  50.471  -0.2413
  493.7     5.25  50.514  -0.2407
  494.1     5.23  50.556  -0.2373
  494.5     5.20  50.600  -0.2395
  495.0     5.25  50.641  -0.2369
  495.6     5.29  50.687  -0.2398
  496.0     5.36  50.733  -0.2317
  496.4     5.24  50.775  -0.2364
  496.9     5.30  50.817  -0.2364
  497.4     5.36  50.858  -0.2346
  497.8     5.37  50.901  -0.2422
  498.2     5.37  50.943  -0.2429
  498.5     5.22  50.985  -0.2463
  499.0     5.26  51.027  -0.2429
  499.5     5.39  51.070  -0.2445
  499.8     5.24  51.112  -0.2433
  500.2     5.18  51.153  -0.2435
  500.7     5.34  51.194  -0.2421
  501.2     5.29  51.236  -0.2452
  501.6     5.28  51.275  -0.2442
  501.9     5.18  51.318  -0.2446
  502.3     5.19  51.360  -0.2425
  502.7     5.12  51.403  -0.2439
  503.0     5.18  51.445  -0.2421
  503.6     5.22  51.485  -0.2406
  504.1     5.22  51.526  -0.2370
  504.4     5.24  51.571  -0.2424
  504.9     5.16  51.616  -0.2423
  505.3     5.17  51.661  -0.2384
  505.7     5.16  51.703  -0.2370
  506.2     5.14  51.744  -0.2394
  506.7     5.17  51.786  -0.2366
  507.0     5.16  51.828  -0.2381
  507.3     5.13  51.870  -0.2395
  507.8     5.15  51.916  -0.2367
  508.3     5.09  51.957  -0.2379
  508.6     5.14  51.999  -0.2408
  509.1     5.08  52.041  -0.2386
  509.5     5.18  52.082  -0.2411
  509.9     5.10  52.125  -0.2415
  510.3     5.03  52.166  -0.2407
  510.8     5.09  52.208  -0.2396
  511.2     5.03  52.249  -0.2386
  511.6     5.00  52.291  -0.2375
  512.0     5.01  52.333  -0.2406
  512.4     5.11  52.377  -0.2418
  512.9     5.10  52.418  -0.2408
  513.3     5.06  52.463  -0.2426
  513.7     5.10  52.508  -0.2443
  514.1     4.98  52.553  -0.2432
  514.5     5.06  52.598  -0.2471
  515.0     5.07  52.638  -0.2427
  515.4     5.09  52.679  -0.2451
  515.9     5.10  52.719  -0.2410
  516.3     5.10  52.761  -0.2426
  516.7     5.20  52.804  -0.2410
  517.1     5.06  52.847  -0.2412
  517.5     4.98  52.888  -0.2433
  517.9     5.05  52.929  -0.2353
  518.4     5.10  52.972  -0.2362
  518.8     5.03  53.011  -0.2352
  519.3     5.20  53.054  -0.2305
  519.7     5.15  53.097  -0.2332
  520.1     5.11  53.138  -0.2350
  520.6     5.14  53.181  -0.2346
  521.0     5.19  53.223  -0.2386
  521.4     5.11  53.264  -0.2348
  521.8     5.10  53.305  -0.2403
  522.2     5.08  53.350  -0.2419
  522.7     5.10  53.396  -0.2440
  523.1     4.98  53.439  -0.2400
  523.6     5.13  53.481  -0.2421
  524.0     5.12  53.523  -0.2417
  524.4     5.08  53.565  -0.2410
  524.8     5.05  53.607  -0.2429
  525.3     5.12  53.650  -0.2396
  525.7     5.10  53.692  -0.2409
  526.1     5.08  53.734  -0.2445
  526.6     5.15  53.775  -0.2429
  526.9     5.16  53.817  -0.2447
  527.4     5.17  53.859  -0.2490
  527.7     5.05  53.900  -0.2454
  528.1     5.05  53.941  -0.2461
  528.5     5.02  53.982  -0.2462
  528.9     5.06  54.024  -0.2441
  529.3     4.99  54.066  -0.2454
  529.7     4.99  54.109  -0.2434
  530.2     5.01  54.151  -0.2430
  530.6     5.00  54.191  -0.2421
  531.0     4.94  54.234  -0.2435
  531.4     4.90  54.278  -0.2446
  531.9     5.01  54.323  -0.2431
  532.3     5.01  54.366  -0.2485
  532.8     5.05  54.404  -0.2498
  533.1     5.01  54.447  -0.2483
  533.6     5.04  54.490  -0.2445
  534.0     5.03  54.533  -0.2463
  534.5     5.02  54.577  -0.2445
  535.0     5.03  54.619  -0.2493
  535.3     5.09  54.662  -0.2496
  535.8     5.04  54.703  -0.2482
  536.1     4.98  54.744  -0.2474
  536.6     5.08  54.786  -0.2476
  537.0     5.05  54.828  -0.2488
  537.5     5.06  54.869  -0.2488
  537.8     5.08  54.907  -0.2440
  538.2     5.03  54.949  -0.2450
  538.6     5.06  54.990  -0.2475
  539.2     5.07  55.032  -0.2451
  539.4     4.99  55.074  -0.2449
  539.9     4.97  55.117  -0.2486
  540.3     5.02  55.163  -0.2507
  540.8     4.88  55.206  -0.2489
  541.1     5.02  55.248  -0.2468
  541.6     4.96  55.289  -0.2443
  542.0     5.03  55.329  -0.2478
  542.4     4.99  55.371  -0.2478
  542.9     4.93  55.414  -0.2460
  543.4     5.12  55.456  -0.2482
  543.8     5.05  55.501  -0.2529
  544.1     5.04  55.543  -0.2549
  544.6     5.09  55.586  -0.2569
  545.0     5.04  55.629  -0.2529
  545.5     5.10  55.672  -0.2493
  545.9     5.02  55.714  -0.2498
  546.4     5.07  55.756  -0.2523
  546.8     5.01  55.798  -0.2556
  547.2     5.07  55.841  -0.2534
  547.6     5.04  55.883  -0.2486
  548.0     5.00  55.923  -0.2554
  548.5     5.09  55.966  -0.2523
  548.9     5.03  56.008  -0.2521
  549.3     5.05  56.053  -0.2554
  549.8     4.99  56.098  -0.2610
  550.2     5.02  56.141  -0.2598
  550.6     4.99  56.182  -0.2609
  551.1     5.09  56.224  -0.2624
  551.5     5.07  56.266  -0.2643
  551.9     4.98  56.307  -0.2679
  552.3     5.05  56.348  -0.2671
  552.7     5.12  56.390  -0.2631
  553.2     5.10  56.432  -0.2643
  553.5     5.06  56.473  -0.2657
  554.0     5.01  56.515  -0.2665
  554.5     5.10  56.557  -0.2612
  554.9     5.12  56.598  -0.2587
  555.2     4.94  56.640  -0.2639
  555.6     5.04  56.681  -0.2642
  556.1     5.08  56.724  -0.2646
  556.4     4.97  56.765  -0.2601
  556.9     5.02  56.808  -0.2639
  557.4     5.06  56.852  -0.2600
  557.8     5.05  56.896  -0.2572
  558.2     5.00  56.941  -0.2620
  558.7     5.04  56.986  -0.2611
  559.2     5.09  57.031  -0.2589
  559.5     5.14  57.071  -0.2631
  560.0     5.11  57.113  -0.2602
  560.3     5.08  57.153  -0.2611
  560.8     5.03  57.193  -0.2606
  561.1     5.01  57.234  -0.2621
  561.5     4.98  57.278  -0.2608
  561.9     4.99  57.320  -0.2600
  562.4     5.03  57.362  -0.2637
  562.8     5.02  57.402  -0.2661
  563.2     4.98  57.445  -0.2683
  563.6     4.99  57.488  -0.2612
  564.0     5.00  57.530  -0.2592
  564.5     5.00  57.572  -0.2586
  564.8     4.91  57.614  -0.2590
  565.3     4.91  57.656  -0.2580
  565.7     4.95  57.697  -0.2626
  566.2     5.04  57.739  -0.2601
  566.5     5.00  57.781  -0.2609
  566.9     4.98  57.826  -0.2606
  567.3     4.93  57.870  -0.2646
  567.8     5.03  57.913  -0.2615
  568.1     5.00  57.955  -0.2688
  568.6     4.91  57.995  -0.2692
  568.9     4.98  58.039  -0.2744
  569.3     4.94  58.080  -0.2690
  569.8     4.90  58.121  -0.2673
  570.1     4.88  58.164  -0.2672
  570.6     4.92  58.206  -0.2702
  570.8     4.74  58.248  -0.2714
  571.2     4.72  58.289  -0.2715
  571.7     4.82  58.328  -0.2701
  572.2     4.91  58.371  -0.2658
  572.5     4.88  58.411  -0.2663
  572.8     4.94  58.451  -0.2704
  573.3     4.96  58.492  -0.2659
  573.7     4.95  58.534  -0.2647
  574.2     4.89  58.578  -0.2630
  574.6     4.93  58.619  -0.2623
  575.1     4.97  58.662  -0.2653
  575.4     4.97  58.705  -0.2641
  575.8     4.87  58.750  -0.2668
  576.3     4.98  58.791  -0.2648
  576.7     4.88  58.833  -0.2697
  577.1     4.84  58.875  -0.2641
  577.5     4.92  58.915  -0.2636
  577.9     4.99  58.958  -0.2619
  578.4     4.96  58.999  -0.2641
  578.8     4.99  59.043  -0.2642
  579.1     5.03  59.085  -0.2659
  579.6     5.09  59.125  -0.2635
  580.0     5.03  59.166  -0.2655
  580.3     4.95  59.207  -0.2661
  580.9     5.12  59.248  -0.2678
  581.2     5.07  59.289  -0.2724
  581.6     5.02  59.329  -0.2772
  582.0     5.03  59.371  -0.2738
  582.3     4.92  59.411  -0.2737
  582.9     5.10  59.452  -0.2693
  583.3     5.08  59.495  -0.2705
  583.7     4.96  59.537  -0.2721
  584.2     5.12  59.581  -0.2733
  584.6     5.11  59.626  -0.2739
  585.0     5.06  59.670  -0.2687
  585.4     5.00  59.712  -0.2700
  585.8     5.00  59.754  -0.2694
  586.4     5.12  59.795  -0.2730
  586.7     5.05  59.839  -0.2764
  587.1     5.06  59.882  -0.2678
  587.5     4.96  59.926  -0.2660
  588.0     5.00  59.967  -0.2648
  588.5     5.05  60.011  -0.2646
  588.8     5.01  60.056  -0.2609
  589.2     4.95  60.097  -0.2651
  589.7     4.94  60.140  -0.2659
  590.1     4.94  60.183  -0.2655
  590.6     5.00  60.226  -0.2607
  591.0     4.98  60.268  -0.2617
  591.5     4.95  60.312  -0.2617
  591.9     5.05  60.355  -0.2655
  592.3     5.03  60.398  -0.2696
  592.8     4.99  60.441  -0.2697
  593.1     5.02  60.485  -0.2689
  593.6     4.96  60.531  -0.2679
  594.0     4.96  60.574  -0.2672
  594.4     4.94  60.619  -0.2694
  594.8     4.93  60.658  -0.2657
  595.3     4.96  60.699  -0.2688
  595.7     4.91  60.741  -0.2694
  596.2     4.95  60.783  -0.2744
  596.6     4.95  60.829  -0.2714
  597.0     4.95  60.872  -0.2683
  597.4     4.92  60.914  -0.2719
  597.8     4.93  60.957  -0.2765
  598.2     4.82  60.999  -0.2719
  598.7     4.76  61.040  -0.2682
  599.1     4.79  61.081  -0.2663
  599.5     4.88  61.124  -0.2678
  599.9     4.87  61.169  -0.2720
  600.4     4.88  61.213  -0.2710
