    9.0     3.54   0.041  -0.0017
    9.0     3.49   0.082  -0.0030
    9.1     3.48   0.121  -0.0002
    9.0     3.45   0.163  -0.0056
    9.1     3.41   0.206  -0.0042
    9.1     3.35   0.248  -0.0044
    9.0     3.29   0.288  -0.0101
    9.2     3.26   0.327  -0.0037
    9.1     3.23   0.370  -0.0085
    9.1     3.19   0.414  -0.0061
    9.3     3.15   0.453  -0.0100
    9.1     3.12   0.493  -0.0101
    9.1     3.04   0.533  -0.0125
    9.1     3.05   0.571  -0.0120
    9.2     3.00   0.612  -0.0120
    9.2     2.99   0.653  -0.0140
    9.2     2.97   0.694  -0.0124
    9.2     2.90   0.736  -0.0130
    9.2     2.88   0.776  -0.0108
    9.2     2.83   0.818  -0.0119
    9.2     2.81   0.859  -0.0098
    9.2     2.74   0.898  -0.0142
    9.3     2.77   0.938  -0.0125
    9.3     2.72   0.978  -0.0132
    9.3     2.70   1.018  -0.0157
    9.2     2.67   1.060  -0.0167
    9.2     2.71   1.100  -0.0202
    9.3     2.62   1.139  -0.0180
    9.2     2.62   1.183  -0.0209
    9.3     2.59   1.223  -0.0210
    9.4     2.54   1.263  -0.0175
    9.3     2.59   1.304  -0.0197
    9.4     2.50   1.345  -0.0164
    9.4     2.53   1.384  -0.0191
    9.4     2.52   1.424  -0.0190
    9.4     2.51   1.466  -0.0177
    9.5     2.49   1.505  -0.0178
    9.5     2.51   1.545  -0.0158
    9.5     2.46   1.585  -0.0188
    9.5     2.47   1.627  -0.0221
    9.6     2.43   1.668  -0.0215
    9.7     2.44   1.708  -0.0253
    9.7     2.42   1.747  -0.0241
    9.7     2.41   1.787  -0.0254
    9.7     2.42   1.826  -0.0268
    9.7     2.34   1.865  -0.0264
    9.8     2.44   1.907  -0.0273
    9.8     2.42   1.948  -0.0281
    9.9     2.41   1.990  -0.0332
    9.9     2.39   2.031  -0.0319
   10.1     2.43   2.071  -0.0319
   10.0     2.38   2.113  -0.0330
   10.0     2.41   2.154  -0.0306
   10.1     2.39   2.195  -0.0334
   10.2     2.39   2.237  -0.0337
   10.2     2.34   2.277  -0.0329
   10.3     2.33   2.319  -0.0324
   10.3     2.38   2.359  -0.0342
   10.4     2.39   2.401  -0.0346
   10.5     2.34   2.441  -0.0354
   10.5     2.46   2.482  -0.0356
   10.7     2.44   2.523  -0.0351
   10.7     2.41   2.564  -0.0385
   10.8     2.37   2.607  -0.0388
   10.8     2.41   2.647  -0.0403
   11.0     2.43   2.687  -0.0426
   11.0     2.42   2.727  -0.0416
   11.0     2.39   2.768  -0.0410
   11.2     2.41   2.809  -0.0409
   11.3     2.46   2.849  -0.0414
   11.4     2.48   2.888  -0.0418
   11.5     2.51   2.928  -0.0366
   11.6     2.48   2.967  -0.0349
   11.7     2.46   3.007  -0.0339
   11.8     2.55   3.049  -0.0288
   11.9     2.52   3.090  -0.0289
   11.9     2.54   3.130  -0.0298
   12.1     2.58   3.171  -0.0276
   12.2     2.52   3.213  -0.0253
   12.3     2.56   3.252  -0.0226
   12.5     2.63   3.293  -0.0221
   12.6     2.62   3.333  -0.0229
   12.7     2.63   3.375  -0.0268
   12.8     2.63   3.416  -0.0303
   13.0     2.65   3.456  -0.0297
   13.2     2.64   3.495  -0.0289
   13.3     2.76   3.535  -0.0267
   13.4     2.70   3.575  -0.0326
   13.6     2.72   3.618  -0.0323
   13.7     2.78   3.660  -0.0297
   13.8     2.77   3.698  -0.0346
   14.0     2.81   3.739  -0.0300
   14.1     2.80   3.781  -0.0264
   14.3     2.84   3.820  -0.0275
   14.5     2.83   3.861  -0.0272
   14.6     2.88   3.902  -0.0273
   14.8     2.84   3.942  -0.0250
   15.0     2.93   3.986  -0.0265
   15.1     2.94   4.030  -0.0328
   15.3     2.95   4.070  -0.0302
   15.5     3.00   4.113  -0.0303
   15.6     3.01   4.153  -0.0287
   15.9     3.02   4.194  -0.0356
   16.0     2.98   4.234  -0.0409
   16.1     3.04   4.275  -0.0401
   16.4     3.01   4.315  -0.0418
   16.5     3.06   4.356  -0.0448
   16.7     3.06   4.397  -0.0421
   17.0     3.09   4.440  -0.0385
   17.1     3.14   4.483  -0.0337
   17.3     3.13   4.523  -0.0372
   17.5     3.13   4.564  -0.0383
   17.7     3.18   4.603  -0.0305
   17.9     3.16   4.645  -0.0311
   18.1     3.21   4.688  -0.0324
   18.4     3.23   4.727  -0.0365
   18.5     3.22   4.768  -0.0375
   18.8     3.32   4.808  -0.0354
   19.0     3.24   4.849  -0.0311
   19.0     3.34   4.890  -0.0168
   19.4     3.33   4.933  -0.0289
   19.6     3.36   4.975  -0.0339
   19.8     3.38   5.016  -0.0345
   20.2     3.45   5.059  -0.0370
   20.3     3.45   5.099  -0.0329
   20.6     3.52   5.140  -0.0349
   20.7     3.55   5.180  -0.0367
   21.0     3.50   5.220  -0.0375
   21.2     3.59   5.262  -0.0391
   21.5     3.59   5.301  -0.0359
   21.7     3.58   5.341  -0.0385
   21.9     3.62   5.381  -0.0420
   22.1     3.62   5.422  -0.0447
   22.4     3.71   5.464  -0.0429
   22.6     3.71   5.506  -0.0454
   22.8     3.70   5.546  -0.0468
   23.1     3.74   5.588  -0.0429
   23.3     3.72   5.629  -0.0378
   23.5     3.72   5.670  -0.0404
   23.8     3.79   5.713  -0.0423
   24.0     3.77   5.754  -0.0386
   24.3     3.85   5.792  -0.0408
   24.5     3.85   5.833  -0.0460
   24.7     3.84   5.875  -0.0487
   25.0     3.88   5.915  -0.0466
   25.2     3.85   5.955  -0.0497
   25.5     3.92   5.995  -0.0516
   25.7     3.93   6.036  -0.0524
   26.0     3.95   6.078  -0.0502
   26.2     3.96   6.117  -0.0498
   26.4     4.02   6.155  -0.0516
   26.7     4.05   6.196  -0.0517
   27.1     4.02   6.237  -0.0480
   27.3     4.07   6.277  -0.0459
   27.5     4.00   6.318  -0.0499
   27.7     4.07   6.358  -0.0530
   28.0     4.19   6.400  -0.0547
   28.3     4.12   6.441  -0.0555
   28.6     4.19   6.481  -0.0562
   28.8     4.21   6.523  -0.0586
   29.1     4.19   6.564  -0.0574
   29.3     4.21   6.606  -0.0564
   29.6     4.26   6.645  -0.0622
   29.9     4.27   6.686  -0.0627
   30.1     4.28   6.726  -0.0670
   30.4     4.27   6.767  -0.0657
   30.6     4.31   6.806  -0.0688
   30.9     4.33   6.849  -0.0690
   31.2     4.32   6.892  -0.0688
   31.4     4.36   6.932  -0.0688
   31.7     4.43   6.972  -0.0690
   32.1     4.37   7.012  -0.0683
   32.2     4.46   7.053  -0.0679
   32.5     4.48   7.094  -0.0679
   32.8     4.48   7.134  -0.0678
   33.1     4.52   7.174  -0.0706
   33.3     4.47   7.216  -0.0668
   33.6     4.55   7.256  -0.0698
   33.9     4.56   7.297  -0.0663
   34.2     4.57   7.338  -0.0670
   34.4     4.56   7.379  -0.0682
   34.8     4.61   7.418  -0.0662
   35.0     4.58   7.461  -0.0716
   35.2     4.57   7.503  -0.0731
   35.5     4.59   7.542  -0.0714
   35.8     4.63   7.583  -0.0727
   36.0     4.59   7.623  -0.0749
   36.2     4.63   7.664  -0.0772
   36.7     4.70   7.704  -0.0775
   36.9     4.72   7.743  -0.0759
   37.1     4.72   7.782  -0.0730
   37.4     4.73   7.823  -0.0725
   37.7     4.70   7.862  -0.0753
   38.0     4.81   7.903  -0.0737
   38.2     4.81   7.943  -0.0699
   38.6     4.75   7.984  -0.0725
   38.8     4.82   8.025  -0.0720
   39.1     4.85   8.067  -0.0746
   39.4     4.83   8.104  -0.0750
   39.6     4.76   8.143  -0.0774
   39.9     4.93   8.187  -0.0761
   40.3     4.92   8.227  -0.0762
   40.4     4.92   8.268  -0.0764
   40.8     4.92   8.308  -0.0753
   41.1     4.93   8.347  -0.0719
   41.3     4.97   8.385  -0.0756
   41.6     4.90   8.425  -0.0750
   41.8     4.97   8.468  -0.0751
   42.3     5.00   8.511  -0.0788
   42.5     5.09   8.551  -0.0796
   42.8     5.04   8.590  -0.0780
   43.1     5.03   8.630  -0.0818
   43.3     5.07   8.670  -0.0763
   43.8     5.12   8.709  -0.0737
   44.0     5.16   8.750  -0.0806
   44.3     5.22   8.790  -0.0808
   44.6     5.22   8.832  -0.0814
   44.9     5.22   8.873  -0.0821
   45.2     5.21   8.915  -0.0838
   45.4     5.28   8.956  -0.0823
   45.7     5.26   9.000  -0.0796
   46.0     5.28   9.039  -0.0814
   46.4     5.34   9.082  -0.0795
   46.6     5.29   9.124  -0.0800
   47.0     5.30   9.164  -0.0781
   47.2     5.29   9.206  -0.0783
   47.5     5.32   9.247  -0.0804
   47.8     5.34   9.289  -0.0787
   48.2     5.33   9.331  -0.0824
   48.4     5.34   9.370  -0.0795
   48.7     5.34   9.411  -0.0786
   49.0     5.39   9.452  -0.0799
   49.3     5.31   9.491  -0.0776
   49.6     5.35   9.531  -0.0808
   49.8     5.35   9.574  -0.0794
   50.2     5.42   9.615  -0.0836
   50.3     5.43   9.656  -0.0859
   50.8     5.45   9.698  -0.0839
   51.0     5.41   9.739  -0.0851
   51.3     5.45   9.782  -0.0818
   51.7     5.52   9.823  -0.0811
   51.9     5.45   9.863  -0.0820
   52.2     5.47   9.904  -0.0816
   52.5     5.49   9.944  -0.0809
   52.8     5.56   9.981  -0.0824
   53.1     5.50  10.022  -0.0865
   53.4     5.52  10.063  -0.0865
   53.7     5.49  10.105  -0.0819
   53.9     5.52  10.150  -0.0838
   54.3     5.51  10.189  -0.0848
   54.6     5.65  10.229  -0.0843
   54.8     5.53  10.270  -0.0848
   55.2     5.53  10.311  -0.0884
   55.5     5.51  10.353  -0.0851
   55.8     5.58  10.393  -0.0874
   56.1     5.61  10.433  -0.0857
   56.4     5.63  10.474  -0.0908
   56.7     5.57  10.516  -0.0902
   56.9     5.61  10.556  -0.0887
   57.2     5.62  10.598  -0.0942
   57.6     5.61  10.638  -0.0931
   57.8     5.60  10.679  -0.0915
   58.1     5.64  10.721  -0.0906
   58.4     5.63  10.762  -0.0932
   58.7     5.62  10.802  -0.0936
   58.9     5.58  10.842  -0.0976
   59.3     5.62  10.882  -0.1030
   59.5     5.58  10.927  -0.0980
   59.9     5.67  10.970  -0.0914
   60.2     5.63  11.008  -0.0913
   60.5     5.66  11.049  -0.0921
   60.8     5.64  11.090  -0.0938
   61.0     5.64  11.129  -0.0949
   61.4     5.64  11.171  -0.0927
   61.6     5.61  11.211  -0.0936
   61.9     5.66  11.252  -0.0973
   62.2     5.60  11.292  -0.0962
   62.5     5.69  11.332  -0.0989
   62.8     5.65  11.372  -0.0947
   63.0     5.66  11.414  -0.0966
   63.4     5.68  11.453  -0.0953
   63.7     5.66  11.493  -0.0942
   64.0     5.73  11.535  -0.0936
   64.3     5.67  11.574  -0.0930
   64.5     5.69  11.616  -0.0895
   64.9     5.70  11.657  -0.0906
   65.1     5.70  11.698  -0.0918
   65.4     5.64  11.741  -0.0875
   65.7     5.58  11.783  -0.0845
   66.1     5.70  11.822  -0.0832
   66.3     5.65  11.864  -0.0740
   66.7     5.70  11.904  -0.0709
   66.9     5.64  11.944  -0.0740
   67.2     5.62  11.987  -0.0720
   67.5     5.71  12.028  -0.0693
   67.9     5.69  12.070  -0.0714
   68.1     5.68  12.112  -0.0750
   68.4     5.67  12.153  -0.0784
   68.7     5.69  12.193  -0.0776
   69.0     5.71  12.235  -0.0750
   69.4     5.68  12.275  -0.0761
   69.7     5.69  12.317  -0.0749
   69.8     5.66  12.358  -0.0738
   70.2     5.65  12.398  -0.0733
   70.5     5.67  12.437  -0.0707
   70.8     5.66  12.478  -0.0691
   71.1     5.67  12.517  -0.0651
   71.4     5.64  12.559  -0.0650
   71.7     5.66  12.602  -0.0676
   72.0     5.63  12.639  -0.0675
   72.2     5.65  12.678  -0.0700
   72.5     5.67  12.719  -0.0700
   72.8     5.65  12.760  -0.0698
   73.1     5.67  12.802  -0.0688
   73.4     5.64  12.844  -0.0736
   73.6     5.74  12.885  -0.0675
   74.0     5.64  12.926  -0.0677
   74.3     5.66  12.965  -0.0725
   74.6     5.68  13.006  -0.0684
   74.9     5.70  13.048  -0.0650
   75.1     5.70  13.088  -0.0690
   75.4     5.65  13.130  -0.0689
   75.8     5.68  13.172  -0.0641
   76.1     5.70  13.211  -0.0696
   76.4     5.63  13.251  -0.0664
   76.6     5.70  13.291  -0.0666
   76.9     5.68  13.332  -0.0622
   77.2     5.67  13.374  -0.0591
   77.4     5.58  13.413  -0.0533
   77.8     5.67  13.453  -0.0559
   78.0     5.61  13.492  -0.0515
   78.2     5.67  13.535  -0.0500
   78.6     5.62  13.576  -0.0376
   78.9     5.60  13.619  -0.0395
   79.1     5.57  13.661  -0.0390
   79.5     5.62  13.703  -0.0417
   79.9     5.63  13.748  -0.0376
   80.1     5.57  13.790  -0.0334
   80.6     5.64  13.833  -0.0242
   80.8     5.66  13.877  -0.0282
   80.9     5.59  13.920  -0.0255
   81.5     5.55  13.965  -0.0232
   81.7     5.56  14.009  -0.0150
   82.1     5.60  14.052  -0.0123
   82.3     5.55  14.095  -0.0073
   82.7     5.69  14.137  -0.0057
   83.0     5.65  14.181  -0.0081
   83.4     5.64  14.224  -0.0071
   83.6     5.61  14.268  -0.0026
   83.9     5.57  14.310  -0.0015
   84.2     5.55  14.352  -0.0024
   84.6     5.67  14.397  -0.0011
   84.8     5.63  14.440  -0.0029
   85.2     5.66  14.482   0.0012
   85.5     5.59  14.526   0.0004
   85.8     5.62  14.570  -0.0001
   86.1     5.57  14.612  -0.0008
   86.3     5.54  14.655  -0.0010
   86.6     5.52  14.698  -0.0010
   86.9     5.45  14.742  -0.0029
   87.2     5.45  14.787  -0.0045
   87.6     5.52  14.830  -0.0016
   87.9     5.52  14.873  -0.0006
   88.3     5.56  14.915  -0.0027
   88.5     5.51  14.960   0.0010
   88.8     5.52  15.005  -0.0044
   89.2     5.51  15.049  -0.0019
   89.5     5.52  15.091  -0.0005
   89.8     5.54  15.134  -0.0000
   90.1     5.54  15.176  -0.0008
   90.5     5.59  15.220  -0.0016
   90.9     5.55  15.263   0.0047
   91.1     5.52  15.306  -0.0013
   91.4     5.51  15.350  -0.0020
   91.7     5.47  15.391   0.0018
   92.0     5.45  15.433   0.0006
   92.2     5.48  15.477   0.0017
   92.6     5.45  15.518  -0.0032
   92.8     5.42  15.558  -0.0088
   93.1     5.44  15.599  -0.0046
   93.4     5.39  15.638  -0.0063
   93.7     5.42  15.678  -0.0057
   94.0     5.42  15.720  -0.0038
   94.3     5.41  15.763  -0.0029
   94.7     5.36  15.806  -0.0047
   94.9     5.40  15.846  -0.0055
   95.2     5.36  15.886  -0.0033
   95.6     5.39  15.927  -0.0052
   95.8     5.41  15.967  -0.0006
   96.1     5.34  16.007  -0.0009
   96.5     5.39  16.049  -0.0047
   96.7     5.39  16.090  -0.0046
   97.1     5.36  16.132  -0.0036
   97.3     5.38  16.172   0.0007
   97.6     5.31  16.212  -0.0004
   97.9     5.31  16.253  -0.0008
   98.2     5.41  16.294  -0.0054
   98.5     5.38  16.335  -0.0049
   98.8     5.33  16.376  -0.0017
   99.0     5.29  16.418  -0.0004
   99.5     5.28  16.459  -0.0036
   99.7     5.23  16.499  -0.0024
  100.0     5.31  16.540  -0.0027
  100.3     5.31  16.583  -0.0079
  100.6     5.26  16.629   0.0001
  100.9     5.27  16.669   0.0026
  101.2     5.22  16.709  -0.0024
  101.5     5.25  16.749  -0.0003
  101.8     5.22  16.787  -0.0002
  102.0     5.21  16.827  -0.0041
  102.2     5.20  16.869   0.0007
  102.6     5.20  16.909  -0.0029
  102.9     5.08  16.952  -0.0062
  103.2     5.12  16.994  -0.0044
  103.4     5.06  17.035  -0.0055
  103.8     5.07  17.076  -0.0035
  104.0     5.11  17.119  -0.0033
  104.4     5.09  17.158  -0.0031
  104.7     5.13  17.200  -0.0036
  104.9     5.07  17.242  -0.0081
  105.2     5.14  17.281  -0.0039
  105.5     5.07  17.321  -0.0027
  105.8     5.06  17.361  -0.0068
  106.2     5.12  17.402  -0.0072
  106.4     5.04  17.445  -0.0064
  106.8     4.99  17.486  -0.0090
  107.0     4.97  17.528  -0.0113
  107.4     5.07  17.571  -0.0060
  107.6     4.98  17.611  -0.0026
  108.0     5.01  17.654  -0.0067
  108.3     5.00  17.695  -0.0036
  108.6     4.99  17.737  -0.0090
  108.9     4.99  17.778  -0.0124
  109.1     4.93  17.820  -0.0100
  109.5     4.92  17.861  -0.0087
  109.8     4.97  17.903  -0.0099
  110.2     5.01  17.943  -0.0073
  110.4     5.05  17.984  -0.0055
  110.7     4.97  18.025  -0.0049
  111.1     5.05  18.064  -0.0064
  111.4     5.01  18.107  -0.0096
  111.5     5.05  18.148  -0.0117
  112.0     5.02  18.189  -0.0086
  112.2     5.02  18.231  -0.0089
  112.5     4.97  18.272  -0.0135
  112.8     5.01  18.312  -0.0125
  113.1     4.95  18.352  -0.0091
  113.5     5.00  18.395  -0.0150
  113.8     5.01  18.436  -0.0161
  114.1     4.99  18.479  -0.0112
  114.4     5.00  18.521  -0.0132
  114.7     5.03  18.562  -0.0106
  115.1     4.97  18.603  -0.0138
  115.3     4.97  18.644  -0.0148
  115.7     4.96  18.686  -0.0112
  115.9     4.98  18.728  -0.0064
  116.3     4.97  18.769  -0.0094
  116.6     4.88  18.810  -0.0080
  116.9     4.94  18.850  -0.0065
  117.1     4.95  18.890  -0.0095
  117.5     4.91  18.931  -0.0041
  117.8     4.96  18.972  -0.0110
  118.1     4.95  19.014  -0.0106
  118.3     4.96  19.056  -0.0086
  118.7     4.93  19.097  -0.0064
  118.9     4.97  19.138  -0.0068
  119.3     4.96  19.179  -0.0046
  119.5     4.93  19.219  -0.0091
  119.8     4.90  19.259  -0.0074
  120.2     4.96  19.300  -0.0088
  120.5     4.98  19.340  -0.0068
  120.7     4.88  19.381  -0.0053
  121.0     4.93  19.423  -0.0059
  121.4     4.91  19.464  -0.0077
  121.6     4.97  19.504  -0.0052
  122.0     4.95  19.547  -0.0067
  122.2     4.93  19.587  -0.0103
  122.5     4.92  19.628  -0.0050
  122.9     4.93  19.671  -0.0088
  123.1     4.95  19.712  -0.0070
  123.5     4.96  19.754  -0.0069
  123.8     4.91  19.794  -0.0056
  124.0     4.89  19.838  -0.0089
  124.4     4.93  19.880  -0.0094
  124.7     4.92  19.922  -0.0103
  125.1     4.89  19.962  -0.0122
  125.4     4.93  20.005  -0.0149
  125.7     4.88  20.046  -0.0162
  125.9     4.88  20.089  -0.0188
  126.3     4.93  20.130  -0.0174
  126.6     4.94  20.170  -0.0184
  126.9     4.92  20.211  -0.0164
  127.1     4.93  20.253  -0.0117
  127.5     4.96  20.294  -0.0134
  127.8     4.95  20.337  -0.0161
  128.2     4.97  20.379  -0.0160
  128.5     4.97  20.419  -0.0123
  128.8     4.94  20.463  -0.0154
  129.1     4.92  20.503  -0.0177
  129.4     4.95  20.544  -0.0134
  129.7     4.99  20.586  -0.0138
  130.0     4.98  20.626  -0.0120
  130.3     5.01  20.669  -0.0146
  130.7     5.01  20.711  -0.0128
  130.9     4.97  20.750  -0.0147
  131.2     4.97  20.790  -0.0132
  131.5     5.03  20.830  -0.0100
  131.9     4.98  20.869  -0.0092
  132.2     5.04  20.911  -0.0101
  132.5     5.07  20.951  -0.0082
  132.7     5.01  20.992  -0.0106
  133.0     5.07  21.034  -0.0076
  133.3     5.04  21.075  -0.0127
  133.7     5.10  21.117  -0.0115
  134.0     5.06  21.159  -0.0125
  134.3     5.12  21.198  -0.0138
  134.6     5.11  21.240  -0.0164
  134.9     5.06  21.283  -0.0206
  135.2     5.09  21.324  -0.0174
  135.6     5.11  21.366  -0.0205
  135.9     5.10  21.407  -0.0198
  136.1     5.11  21.449  -0.0192
  136.6     5.15  21.493  -0.0166
  136.9     5.17  21.534  -0.0167
  137.2     5.17  21.576  -0.0217
  137.5     5.15  21.617  -0.0199
  137.7     5.14  21.656  -0.0242
  138.1     5.18  21.699  -0.0259
  138.4     5.20  21.741  -0.0214
  138.7     5.20  21.782  -0.0236
  139.0     5.24  21.824  -0.0142
  139.4     5.22  21.866  -0.0127
  139.6     5.19  21.906  -0.0125
  139.9     5.26  21.948  -0.0159
  140.3     5.27  21.990  -0.0145
  140.5     5.30  22.030  -0.0189
  140.9     5.30  22.071  -0.0185
  141.2     5.29  22.111  -0.0200
  141.6     5.26  22.153  -0.0244
  141.8     5.27  22.193  -0.0219
  142.1     5.30  22.236  -0.0239
  142.5     5.29  22.276  -0.0259
  142.7     5.32  22.320  -0.0271
  143.1     5.35  22.358  -0.0268
  143.3     5.33  22.397  -0.0209
  143.8     5.41  22.440  -0.0267
  144.0     5.36  22.481  -0.0230
  144.2     5.30  22.521  -0.0278
  144.6     5.37  22.561  -0.0257
  145.0     5.38  22.601  -0.0268
  145.3     5.39  22.641  -0.0297
  145.6     5.41  22.684  -0.0273
  146.0     5.40  22.725  -0.0299
  146.3     5.39  22.768  -0.0314
  146.6     5.44  22.808  -0.0346
  146.8     5.43  22.850  -0.0377
  147.1     5.43  22.893  -0.0323
  147.5     5.49  22.934  -0.0250
  147.9     5.47  22.976  -0.0304
  148.1     5.51  23.018  -0.0266
  148.4     5.45  23.059  -0.0260
  148.8     5.48  23.101  -0.0265
  149.1     5.51  23.143  -0.0289
  149.4     5.48  23.183  -0.0192
  149.7     5.58  23.225  -0.0239
  150.1     5.55  23.267  -0.0285
  150.4     5.64  23.309  -0.0291
  150.6     5.60  23.350  -0.0308
  151.0     5.57  23.392  -0.0365
  151.3     5.56  23.435  -0.0333
  151.7     5.55  23.479  -0.0297
  151.9     5.63  23.520  -0.0287
  152.4     5.63  23.563  -0.0284
  152.6     5.61  23.606  -0.0231
  152.9     5.60  23.645  -0.0197
  153.2     5.62  23.684  -0.0202
  153.5     5.59  23.724  -0.0236
  153.9     5.66  23.766  -0.0238
  154.1     5.67  23.807  -0.0232
  154.6     5.66  23.848  -0.0259
  154.9     5.70  23.890  -0.0299
  155.1     5.71  23.932  -0.0241
  155.5     5.73  23.974  -0.0242
  155.8     5.73  24.015  -0.0268
  156.1     5.77  24.055  -0.0247
  156.4     5.77  24.096  -0.0202
  156.8     5.77  24.139  -0.0245
  157.1     5.82  24.179  -0.0208
  157.4     5.78  24.220  -0.0187
  157.6     5.84  24.263  -0.0201
  158.1     5.92  24.305  -0.0191
  158.3     5.88  24.346  -0.0107
  158.8     5.91  24.389  -0.0155
  159.0     5.87  24.430  -0.0129
  159.3     5.83  24.469  -0.0093
  159.6     5.83  24.511  -0.0172
  160.0     5.93  24.550  -0.0203
  160.3     5.97  24.591  -0.0201
  160.6     5.89  24.630  -0.0178
  161.0     5.95  24.671  -0.0227
  161.2     5.97  24.715  -0.0222
  161.4     5.90  24.757  -0.0253
  161.9     5.92  24.795  -0.0263
  162.2     5.96  24.839  -0.0221
  162.6     5.98  24.879  -0.0165
  162.8     5.95  24.920  -0.0229
  163.1     5.98  24.962  -0.0244
  163.5     5.95  25.003  -0.0241
  163.8     5.95  25.044  -0.0257
  164.1     5.98  25.086  -0.0250
  164.4     5.97  25.127  -0.0215
  164.7     6.03  25.168  -0.0254
  165.1     6.02  25.211  -0.0266
  165.3     5.99  25.250  -0.0214
  165.7     6.03  25.292  -0.0175
  166.1     6.01  25.335  -0.0226
  166.4     6.07  25.376  -0.0214
  166.8     6.13  25.418  -0.0219
  167.0     6.05  25.460  -0.0264
  167.3     6.03  25.500  -0.0210
  167.7     6.07  25.541  -0.0239
  168.0     6.08  25.582  -0.0273
  168.3     6.15  25.621  -0.0276
  168.6     6.21  25.661  -0.0273
  168.9     6.12  25.701  -0.0288
  169.2     6.17  25.740  -0.0203
  169.6     6.13  25.784  -0.0245
  169.9     6.14  25.825  -0.0270
  170.2     6.05  25.866  -0.0245
  170.5     6.08  25.906  -0.0208
  170.9     6.15  25.946  -0.0246
  171.1     6.06  25.986  -0.0266
  171.5     6.11  26.029  -0.0289
  171.7     6.09  26.067  -0.0266
  172.1     6.10  26.108  -0.0266
  172.5     6.19  26.149  -0.0319
  172.7     6.20  26.189  -0.0314
  173.0     6.21  26.232  -0.0332
  173.3     6.17  26.272  -0.0363
  173.6     6.20  26.313  -0.0318
  174.1     6.21  26.358  -0.0322
  174.5     6.20  26.399  -0.0343
  174.7     6.21  26.438  -0.0328
  175.0     6.26  26.478  -0.0344
  175.3     6.20  26.518  -0.0324
  175.7     6.28  26.560  -0.0317
  175.9     6.22  26.601  -0.0306
  176.4     6.27  26.642  -0.0279
  176.7     6.30  26.685  -0.0308
  176.9     6.23  26.727  -0.0306
  177.3     6.25  26.769  -0.0279
  177.6     6.25  26.811  -0.0299
  177.9     6.27  26.853  -0.0290
  178.3     6.22  26.894  -0.0299
  178.5     6.27  26.937  -0.0330
  178.9     6.24  26.980  -0.0315
  179.2     6.26  27.019  -0.0291
  179.5     6.27  27.060  -0.0322
  179.9     6.31  27.102  -0.0325
  180.2     6.32  27.144  -0.0349
  180.7     6.30  27.187  -0.0353
  180.9     6.29  27.225  -0.0373
  181.2     6.33  27.266  -0.0366
  181.4     6.34  27.306  -0.0434
  181.9     6.31  27.344  -0.0387
  182.1     6.30  27.385  -0.0357
  182.5     6.33  27.427  -0.0348
  182.8     6.34  27.467  -0.0358
  183.2     6.50  27.508  -0.0399
  183.4     6.32  27.551  -0.0357
  183.7     6.34  27.593  -0.0334
  184.1     6.32  27.635  -0.0340
  184.4     6.40  27.677  -0.0324
  184.8     6.36  27.716  -0.0329
  185.0     6.31  27.757  -0.0398
  185.4     6.38  27.797  -0.0450
  185.7     6.39  27.838  -0.0433
  185.9     6.32  27.881  -0.0429
  186.3     6.34  27.925  -0.0455
  186.7     6.33  27.969  -0.0438
  187.1     6.37  28.011  -0.0428
  187.3     6.32  28.052  -0.0506
  187.7     6.34  28.093  -0.0505
  188.0     6.35  28.131  -0.0466
  188.3     6.39  28.172  -0.0478
  188.6     6.36  28.213  -0.0483
  189.0     6.34  28.253  -0.0472
  189.2     6.34  28.294  -0.0463
  189.5     6.38  28.336  -0.0503
  189.9     6.36  28.378  -0.0538
  190.2     6.38  28.419  -0.0528
  190.5     6.33  28.462  -0.0503
  190.9     6.35  28.502  -0.0581
  191.1     6.34  28.542  -0.0526
  191.5     6.36  28.584  -0.0404
  191.7     6.34  28.623  -0.0497
  192.0     6.34  28.665  -0.0417
  192.4     6.29  28.707  -0.0389
  192.8     6.36  28.747  -0.0453
  193.0     6.34  28.789  -0.0474
  193.4     6.37  28.830  -0.0463
  193.6     6.33  28.870  -0.0474
  194.0     6.34  28.910  -0.0453
  194.3     6.30  28.948  -0.0470
  194.6     6.34  28.990  -0.0508
  194.9     6.34  29.032  -0.0453
  195.3     6.34  29.073  -0.0461
  195.6     6.38  29.114  -0.0461
  195.9     6.30  29.159  -0.0443
  196.3     6.22  29.199  -0.0448
  196.6     6.29  29.241  -0.0481
  196.9     6.32  29.283  -0.0471
  197.2     6.35  29.323  -0.0465
  197.5     6.36  29.364  -0.0473
  197.9     6.34  29.406  -0.0487
  198.2     6.34  29.447  -0.0496
  198.5     6.40  29.488  -0.0437
  198.7     6.37  29.528  -0.0422
  199.1     6.32  29.569  -0.0431
  199.4     6.36  29.610  -0.0445
  199.7     6.31  29.650  -0.0467
  200.0     6.34  29.690  -0.0466
  200.4     6.36  29.730  -0.0459
  200.6     6.35  29.770  -0.0422
  200.9     6.27  29.810  -0.0452
  201.2     6.33  29.852  -0.0436
  201.6     6.37  29.893  -0.0472
  202.0     6.34  29.934  -0.0518
  202.2     6.35  29.977  -0.0509
  202.5     6.30  30.016  -0.0485
  202.8     6.30  30.059  -0.0488
  203.2     6.30  30.100  -0.0487
  203.5     6.42  30.140  -0.0499
  203.8     6.33  30.182  -0.0554
  204.1     6.29  30.223  -0.0518
  204.4     6.34  30.263  -0.0523
  204.6     6.30  30.304  -0.0511
  205.0     6.37  30.344  -0.0497
  205.3     6.29  30.385  -0.0492
  205.7     6.35  30.428  -0.0489
  206.0     6.37  30.468  -0.0496
  206.3     6.32  30.509  -0.0454
  206.6     6.33  30.550  -0.0483
  206.9     6.33  30.587  -0.0503
  207.1     6.32  30.629  -0.0484
  207.6     6.32  30.670  -0.0525
  207.9     6.34  30.710  -0.0487
  208.2     6.33  30.752  -0.0481
  208.4     6.34  30.795  -0.0500
  208.7     6.32  30.834  -0.0511
  209.0     6.28  30.875  -0.0496
  209.5     6.36  30.918  -0.0469
  209.7     6.33  30.958  -0.0476
  210.1     6.43  31.001  -0.0498
  210.5     6.37  31.043  -0.0487
  210.6     6.36  31.084  -0.0449
  211.0     6.30  31.124  -0.0442
  211.3     6.33  31.166  -0.0463
  211.6     6.34  31.209  -0.0497
  212.1     6.36  31.252  -0.0500
  212.3     6.33  31.291  -0.0528
  212.6     6.39  31.332  -0.0479
  212.9     6.34  31.374  -0.0469
  213.2     6.39  31.414  -0.0443
  213.5     6.37  31.455  -0.0505
  213.9     6.39  31.497  -0.0525
  214.2     6.38  31.540  -0.0562
  214.6     6.43  31.582  -0.0507
  214.9     6.43  31.624  -0.0466
  215.2     6.34  31.666  -0.0518
  215.5     6.32  31.707  -0.0508
  215.8     6.40  31.748  -0.0466
  216.2     6.43  31.790  -0.0531
  216.5     6.36  31.831  -0.0508
  216.8     6.39  31.871  -0.0499
  217.1     6.38  31.911  -0.0485
  217.5     6.40  31.952  -0.0530
  217.7     6.41  31.993  -0.0488
  218.1     6.45  32.035  -0.0458
  218.5     6.49  32.076  -0.0465
  218.8     6.43  32.115  -0.0507
  219.1     6.48  32.157  -0.0487
  219.3     6.48  32.199  -0.0563
  219.7     6.46  32.238  -0.0562
  220.0     6.45  32.280  -0.0558
  220.4     6.45  32.320  -0.0552
  220.6     6.45  32.362  -0.0527
  221.0     6.44  32.404  -0.0504
  221.4     6.48  32.445  -0.0544
  221.6     6.52  32.489  -0.0532
  221.9     6.50  32.529  -0.0529
  222.3     6.51  32.571  -0.0571
  222.6     6.49  32.613  -0.0555
  223.0     6.54  32.655  -0.0554
  223.3     6.51  32.695  -0.0527
  223.6     6.49  32.736  -0.0538
  223.9     6.52  32.776  -0.0567
  224.3     6.48  32.820  -0.0558
  224.6     6.53  32.861  -0.0575
  224.8     6.44  32.900  -0.0533
  225.1     6.42  32.940  -0.0507
  225.4     6.48  32.978  -0.0523
  225.7     6.53  33.019  -0.0496
  226.0     6.43  33.059  -0.0496
  226.4     6.48  33.100  -0.0542
  226.7     6.50  33.141  -0.0544
  227.0     6.52  33.184  -0.0553
  227.4     6.51  33.226  -0.0597
  227.7     6.44  33.266  -0.0577
  228.0     6.48  33.308  -0.0535
  228.3     6.43  33.350  -0.0549
  228.6     6.43  33.389  -0.0554
  229.0     6.45  33.429  -0.0614
  229.3     6.42  33.469  -0.0610
  229.6     6.40  33.509  -0.0559
  229.8     6.45  33.550  -0.0561
  230.2     6.41  33.590  -0.0591
  230.6     6.48  33.632  -0.0608
  230.8     6.48  33.675  -0.0583
  231.1     6.51  33.716  -0.0576
  231.5     6.46  33.757  -0.0576
  231.7     6.48  33.796  -0.0591
  232.1     6.50  33.837  -0.0575
  232.4     6.51  33.881  -0.0559
  232.7     6.50  33.922  -0.0596
  233.0     6.46  33.964  -0.0594
  233.3     6.49  34.006  -0.0586
  233.7     6.56  34.046  -0.0623
  234.0     6.46  34.087  -0.0606
  234.4     6.56  34.129  -0.0587
  234.6     6.46  34.169  -0.0593
  234.9     6.53  34.210  -0.0580
  235.3     6.47  34.251  -0.0610
  235.6     6.50  34.290  -0.0585
  236.1     6.46  34.331  -0.0679
  236.1     6.47  34.371  -0.0665
  236.5     6.54  34.412  -0.0660
  236.9     6.53  34.455  -0.0668
  237.1     6.50  34.498  -0.0685
  237.6     6.60  34.537  -0.0678
  237.9     6.55  34.577  -0.0637
  238.2     6.60  34.618  -0.0640
  238.5     6.53  34.659  -0.0657
  238.8     6.59  34.699  -0.0636
  239.1     6.58  34.740  -0.0630
  239.5     6.59  34.783  -0.0666
  239.8     6.62  34.827  -0.0657
  240.2     6.65  34.869  -0.0609
  240.5     6.64  34.908  -0.0632
  240.8     6.64  34.951  -0.0665
  241.1     6.65  34.990  -0.0612
  241.5     6.65  35.030  -0.0589
  241.7     6.61  35.071  -0.0613
  241.9     6.60  35.110  -0.0653
  242.4     6.62  35.151  -0.0676
  242.7     6.76  35.192  -0.0620
  243.0     6.64  35.234  -0.0653
  243.3     6.62  35.277  -0.0624
  243.6     6.64  35.318  -0.0623
  244.0     6.73  35.358  -0.0624
  244.2     6.70  35.399  -0.0587
  244.5     6.68  35.439  -0.0598
  244.9     6.67  35.480  -0.0612
  245.2     6.68  35.522  -0.0622
  245.6     6.73  35.563  -0.0580
  245.7     6.72  35.603  -0.0557
  246.0     6.66  35.645  -0.0587
  246.5     6.70  35.688  -0.0634
  246.8     6.73  35.730  -0.0627
  247.2     6.75  35.773  -0.0659
  247.5     6.71  35.813  -0.0662
  247.8     6.79  35.855  -0.0675
  248.1     6.71  35.895  -0.0721
  248.4     6.75  35.935  -0.0683
  248.7     6.71  35.976  -0.0701
  249.0     6.68  36.017  -0.0708
  249.3     6.69  36.057  -0.0714
  249.7     6.72  36.101  -0.0730
  250.0     6.75  36.139  -0.0658
  250.3     6.70  36.179  -0.0628
  250.6     6.75  36.219  -0.0673
  250.8     6.73  36.260  -0.0674
  251.2     6.70  36.303  -0.0682
  251.5     6.76  36.345  -0.0672
  251.9     6.84  36.386  -0.0691
  252.1     6.77  36.427  -0.0730
  252.5     6.80  36.467  -0.0704
  252.8     6.75  36.507  -0.0672
  253.2     6.88  36.549  -0.0751
  253.4     6.77  36.590  -0.0726
  253.7     6.77  36.631  -0.0747
  254.1     6.80  36.673  -0.0805
  254.4     6.78  36.713  -0.0784
  254.7     6.80  36.753  -0.0767
  255.0     6.88  36.794  -0.0766
  255.3     6.85  36.834  -0.0781
  255.7     6.74  36.877  -0.0741
  256.0     6.79  36.922  -0.0704
  256.3     6.79  36.961  -0.0756
  256.6     6.73  37.002  -0.0767
  257.0     6.83  37.042  -0.0740
  257.3     6.77  37.080  -0.0779
  257.5     6.81  37.122  -0.0738
  257.9     6.85  37.164  -0.0740
  258.2     6.82  37.206  -0.0754
  258.5     6.86  37.248  -0.0754
  258.8     6.82  37.292  -0.0773
  259.2     6.85  37.333  -0.0791
  259.5     6.80  37.375  -0.0774
  259.8     6.82  37.415  -0.0792
  260.1     6.83  37.456  -0.0822
  260.5     6.86  37.497  -0.0836
  260.8     6.81  37.537  -0.0821
  261.0     6.86  37.578  -0.0737
  261.5     6.85  37.619  -0.0784
  261.7     6.84  37.659  -0.0795
  262.0     6.83  37.702  -0.0801
  262.4     6.89  37.746  -0.0780
  262.7     6.83  37.785  -0.0825
  263.0     6.88  37.824  -0.0813
  263.3     6.92  37.864  -0.0787
  263.7     6.92  37.906  -0.0759
  264.0     6.85  37.947  -0.0770
  264.3     6.93  37.988  -0.0841
  264.6     6.95  38.028  -0.0831
  265.0     6.93  38.070  -0.0825
  265.3     6.89  38.113  -0.0869
  265.7     6.94  38.153  -0.0861
  265.9     6.94  38.196  -0.0847
  266.2     6.92  38.235  -0.0849
  266.6     6.91  38.278  -0.0846
  266.9     6.93  38.320  -0.0885
  267.2     6.96  38.359  -0.0905
  267.5     6.95  38.401  -0.0888
  268.0     6.95  38.442  -0.0876
  268.2     6.95  38.485  -0.0900
  268.5     6.91  38.528  -0.0942
  268.9     7.00  38.569  -0.0935
  269.1     6.95  38.610  -0.0935
  269.5     6.91  38.652  -0.0907
  269.8     6.96  38.691  -0.0920
  270.1     6.96  38.732  -0.0873
  270.4     6.94  38.774  -0.0909
  270.8     6.97  38.814  -0.0910
  271.0     6.96  38.855  -0.0928
  271.4     6.96  38.896  -0.0929
  271.6     6.93  38.939  -0.0980
  271.9     6.90  38.982  -0.0996
  272.4     6.96  39.025  -0.1001
  272.6     6.98  39.066  -0.0983
  273.0     6.91  39.106  -0.0993
  273.3     6.96  39.146  -0.1006
  273.7     6.98  39.186  -0.1018
  273.9     6.98  39.227  -0.1003
  274.3     6.94  39.266  -0.0998
  274.5     7.02  39.305  -0.0994
  274.9     6.95  39.348  -0.0954
  275.2     6.98  39.389  -0.0971
  275.5     6.95  39.429  -0.0974
  275.8     6.99  39.470  -0.0984
  276.2     6.93  39.511  -0.0995
  276.4     6.94  39.553  -0.1018
  276.8     6.99  39.593  -0.0987
  277.2     6.93  39.635  -0.0987
  277.3     6.90  39.676  -0.1028
  277.8     7.06  39.718  -0.1025
  278.1     6.90  39.761  -0.1030
  278.4     6.99  39.802  -0.1061
  278.7     6.99  39.844  -0.1030
  279.0     6.91  39.884  -0.1026
  279.4     7.00  39.925  -0.1050
  279.6     6.95  39.966  -0.1043
  280.0     6.91  40.005  -0.1037
  280.3     6.92  40.045  -0.1024
  280.6     6.92  40.085  -0.1033
  280.9     6.93  40.126  -0.1031
  281.2     6.94  40.170  -0.1015
  281.6     6.96  40.209  -0.1034
  281.8     6.96  40.252  -0.1012
  282.2     6.96  40.294  -0.1052
  282.6     6.91  40.331  -0.1087
  282.8     6.95  40.370  -0.1034
  283.2     6.93  40.412  -0.1033
  283.5     6.97  40.452  -0.1062
  283.8     6.97  40.493  -0.1067
  284.1     6.92  40.533  -0.1062
  284.4     6.91  40.573  -0.1092
  284.7     6.95  40.616  -0.1085
  285.1     6.95  40.657  -0.1059
  285.5     7.03  40.697  -0.1033
  285.8     6.95  40.739  -0.0979
  286.0     6.99  40.777  -0.0966
  286.3     6.98  40.819  -0.0916
  286.7     6.99  40.858  -0.0924
  287.0     6.95  40.897  -0.0943
  287.3     6.91  40.941  -0.0949
  287.6     6.95  40.983  -0.0939
  287.9     6.91  41.023  -0.0903
  288.3     6.96  41.065  -0.0896
  288.6     6.89  41.106  -0.0847
  289.0     6.95  41.147  -0.0691
  289.2     6.96  41.189  -0.0526
  289.6     6.98  41.230  -0.0472
  289.9     6.96  41.271  -0.0468
  290.3     6.96  41.314  -0.0543
  290.6     6.91  41.355  -0.0625
  290.9     6.94  41.394  -0.0665
  291.3     6.92  41.437  -0.0590
  291.5     6.99  41.477  -0.0415
  291.9     6.93  41.520  -0.0154
  292.1     6.88  41.561  -0.0088
  292.5     6.89  41.601  -0.0159
  292.9     6.98  41.641  -0.0078
  293.1     6.92  41.682  -0.0190
  293.4     6.88  41.721  -0.0051
  293.7     6.81  41.764  -0.0033
  294.0     6.86  41.806   0.0047
  294.4     6.82  41.846   0.0780
  294.7     6.86  41.888   0.0789
  295.1     6.85  41.930   0.0789
  295.4     6.85  41.970   0.0814
  295.7     6.90  42.011   0.2863
  296.0     6.84  42.051   0.3158
  296.2     6.86  42.090   0.3166
  296.6     6.88  42.131   0.3154
  296.8     6.80  42.171   0.3162
  297.1     6.77  42.211   0.3211
  297.5     6.75  42.253   0.3190
  297.8     6.86  42.294   0.3152
  298.1     6.76  42.335   0.3151
  298.4     6.80  42.375   0.3158
  298.7     6.77  42.417   0.3252
  299.1     6.81  42.460   0.3246
  299.4     6.73  42.500   0.3249
  299.7     6.73  42.540   0.3286
  300.0     6.73  42.582   0.3297
  300.3     6.73  42.624   0.3317
  300.7     6.80  42.664   0.3312
  300.9     6.75  42.705   0.3321
  301.4     6.77  42.745   0.3298
  301.5     6.73  42.786   0.3312
  301.9     6.69  42.828   0.3265
  302.3     6.75  42.868   0.3267
  302.5     6.71  42.910   0.3336
  303.0     6.71  42.952   0.3357
  303.2     6.76  42.993   0.3320
  303.5     6.71  43.032   0.3325
  303.7     6.71  43.074   0.3335
  304.1     6.68  43.117   0.3321
  304.5     6.67  43.159   0.3312
  304.8     6.73  43.200   0.3316
  305.2     6.75  43.238   0.3280
  305.4     6.67  43.280   0.3272
  305.7     6.73  43.321   0.3267
  306.1     6.66  43.364   0.3281
  306.4     6.70  43.408   0.3287
  306.8     6.68  43.448   0.3295
  307.0     6.68  43.490   0.3239
  307.4     6.68  43.533   0.3256
  307.7     6.62  43.573   0.3292
  308.0     6.60  43.615   0.3283
  308.4     6.65  43.657   0.3220
  308.8     6.66  43.700   0.3208
  309.0     6.64  43.742   0.3255
  309.4     6.57  43.784   0.3215
  309.7     6.60  43.826   0.3162
  310.0     6.55  43.868   0.3163
  310.3     6.54  43.909   0.3181
  310.7     6.61  43.949   0.3188
  311.0     6.61  43.989   0.3209
  311.4     6.56  44.029   0.3214
  311.7     6.60  44.070   0.3156
  312.0     6.58  44.110   0.3131
  312.3     6.60  44.151   0.3134
  312.6     6.57  44.195   0.3088
  312.9     6.54  44.234   0.3125
  313.3     6.55  44.273   0.3157
  313.6     6.58  44.314   0.3071
  313.8     6.52  44.354   0.3071
  314.2     6.50  44.395   0.3097
  314.6     6.52  44.437   0.3008
  314.9     6.55  44.479   0.2973
  315.1     6.45  44.520   0.2990
  315.6     6.54  44.561   0.2946
  315.8     6.54  44.602   0.2860
  316.1     6.49  44.642   0.2879
  316.5     6.48  44.685   0.2826
  316.9     6.46  44.725   0.2674
  317.1     6.47  44.767   0.2642
  317.4     6.41  44.810   0.2596
  317.7     6.37  44.850   0.2308
  318.1     6.45  44.892   0.2173
  318.4     6.45  44.934   0.2089
  318.8     6.41  44.974   0.0590
  319.1     6.41  45.016  -0.1248
  319.5     6.39  45.059  -0.1338
  319.7     6.32  45.100  -0.1384
  320.1     6.40  45.141  -0.1400
  320.5     6.41  45.182  -0.1420
  320.6     6.35  45.223  -0.1429
  321.1     6.34  45.266  -0.1429
  321.4     6.37  45.305  -0.1452
  321.7     6.39  45.349  -0.1461
  322.0     6.35  45.390  -0.1477
  322.4     6.31  45.430  -0.1441
  322.6     6.32  45.471  -0.1506
  323.2     6.37  45.515  -0.1515
  323.5     6.38  45.554  -0.1471
  323.7     6.41  45.596  -0.1465
  324.0     6.31  45.637  -0.1532
  324.4     6.37  45.679  -0.1529
  324.7     6.32  45.719  -0.1528
  325.1     6.38  45.759  -0.1583
  325.4     6.36  45.802  -0.1549
  325.7     6.36  45.847  -0.1617
  326.1     6.39  45.887  -0.1622
  326.3     6.34  45.928  -0.1569
  326.7     6.31  45.972  -0.1574
  327.0     6.34  46.013  -0.1586
  327.3     6.28  46.057  -0.1544
  327.7     6.32  46.099  -0.1573
  328.1     6.27  46.139  -0.1613
  328.4     6.28  46.182  -0.1613
  328.8     6.26  46.225  -0.1617
  329.1     6.26  46.267  -0.1562
  329.3     6.26  46.310  -0.1577
  329.7     6.24  46.350  -0.1590
  330.0     6.30  46.392  -0.1561
  330.4     6.28  46.434  -0.1585
  330.7     6.33  46.473  -0.1607
  331.1     6.28  46.514  -0.1627
  331.3     6.27  46.554  -0.1658
  331.6     6.29  46.594  -0.1677
  332.0     6.27  46.638  -0.1650
  332.4     6.29  46.680  -0.1696
  332.6     6.31  46.719  -0.1689
  332.9     6.29  46.760  -0.1688
  333.3     6.24  46.799  -0.1717
  333.6     6.29  46.840  -0.1710
  333.9     6.25  46.883  -0.1716
  334.3     6.25  46.926  -0.1724
  334.6     6.27  46.966  -0.1727
  334.9     6.23  47.006  -0.1745
  335.2     6.21  47.047  -0.1753
  335.5     6.26  47.088  -0.1753
  335.9     6.29  47.130  -0.1764
  336.3     6.29  47.169  -0.1741
  336.5     6.25  47.208  -0.1749
  336.9     6.25  47.249  -0.1776
  337.1     6.30  47.288  -0.1766
  337.4     6.26  47.330  -0.1845
  337.8     6.23  47.370  -0.1937
  338.1     6.19  47.413  -0.1998
  338.5     6.19  47.457  -0.1934
  338.7     6.18  47.496  -0.1948
  339.1     6.20  47.538  -0.2036
  339.5     6.18  47.578  -0.2001
  339.7     6.18  47.618  -0.1960
  340.0     6.23  47.657  -0.1898
  340.4     6.20  47.697  -0.2000
  340.7     6.18  47.738  -0.1973
  341.1     6.21  47.780  -0.1975
  341.3     6.19  47.824  -0.1974
  341.6     6.17  47.866  -0.1955
  342.0     6.21  47.909  -0.1995
  342.4     6.23  47.950  -0.2021
  342.8     6.20  47.990  -0.2023
  343.0     6.19  48.032  -0.2057
  343.4     6.20  48.073  -0.2036
  343.6     6.17  48.111  -0.2039
  344.0     6.20  48.152  -0.2059
  344.3     6.22  48.192  -0.2037
  344.6     6.22  48.236  -0.2023
  344.9     6.28  48.277  -0.2035
  345.3     6.26  48.317  -0.2048
  345.5     6.17  48.356  -0.2034
  345.8     6.20  48.396  -0.2067
  346.2     6.28  48.437  -0.2042
  346.5     6.16  48.478  -0.2067
  346.8     6.18  48.519  -0.2089
  347.2     6.21  48.560  -0.2091
  347.5     6.14  48.603  -0.2041
  347.7     6.20  48.646  -0.2080
  348.1     6.19  48.686  -0.2085
  348.4     6.14  48.727  -0.2061
  348.7     6.22  48.768  -0.2096
  349.0     6.16  48.807  -0.2102
  349.3     6.12  48.851  -0.2090
  349.8     6.14  48.890  -0.2134
  349.9     6.13  48.932  -0.2127
  350.3     6.12  48.973  -0.2118
  350.6     6.11  49.013  -0.2114
  350.9     6.10  49.056  -0.2100
  351.2     6.08  49.097  -0.2191
  351.5     6.06  49.135  -0.2176
  351.8     6.02  49.177  -0.2203
  352.1     6.07  49.218  -0.2200
  352.4     6.04  49.260  -0.2183
  352.7     6.02  49.301  -0.2193
  353.1     6.04  49.343  -0.2213
  353.4     6.03  49.385  -0.2232
  353.7     6.07  49.426  -0.2228
  354.0     6.03  49.466  -0.2203
  354.2     6.02  49.506  -0.2197
  354.6     6.04  49.549  -0.2227
  354.9     6.00  49.588  -0.2229
  355.2     6.05  49.629  -0.2188
  355.6     6.03  49.670  -0.2235
  355.8     6.05  49.711  -0.2243
  356.1     6.07  49.751  -0.2186
  356.6     6.05  49.792  -0.2140
  356.8     6.05  49.831  -0.2165
  357.0     5.98  49.874  -0.2173
  357.4     5.98  49.914  -0.2241
  357.7     6.03  49.953  -0.2209
  358.0     6.05  49.993  -0.2162
  358.3     6.01  50.032  -0.2201
  358.6     5.96  50.072  -0.2221
  358.9     5.94  50.114  -0.2210
  359.2     6.02  50.156  -0.2225
  359.6     6.01  50.197  -0.2188
  359.9     5.95  50.239  -0.2239
  360.2     5.99  50.280  -0.2228
  360.4     5.97  50.321  -0.2185
  360.7     5.96  50.363  -0.2203
  361.1     5.88  50.403  -0.2203
  361.4     5.96  50.445  -0.2219
  361.8     5.94  50.487  -0.2257
  362.0     5.89  50.528  -0.2249
  362.3     5.88  50.570  -0.2216
  362.6     5.91  50.612  -0.2241
  363.0     5.93  50.653  -0.2241
  363.3     5.93  50.697  -0.2242
  363.7     5.90  50.739  -0.2254
  364.0     5.94  50.782  -0.2253
  364.3     5.95  50.823  -0.2296
  364.5     5.88  50.864  -0.2294
  364.8     5.89  50.905  -0.2247
  365.2     5.83  50.948  -0.2265
  365.5     5.89  50.987  -0.2266
  365.9     5.89  51.027  -0.2253
  366.1     5.86  51.069  -0.2296
  366.5     5.91  51.110  -0.2315
  366.7     5.86  51.150  -0.2282
  367.2     5.85  51.192  -0.2266
  367.5     5.92  51.233  -0.2248
  367.8     5.88  51.275  -0.2196
  368.0     5.91  51.316  -0.2224
  368.4     5.87  51.356  -0.2253
  368.7     5.84  51.399  -0.2248
  369.1     5.84  51.439  -0.2267
  369.4     5.83  51.481  -0.2226
  369.6     5.86  51.525  -0.2256
  370.0     5.86  51.564  -0.2258
  370.3     5.83  51.606  -0.2204
  370.7     5.83  51.648  -0.2221
  371.0     5.82  51.685  -0.2237
  371.1     5.81  51.726  -0.2185
  371.6     5.78  51.768  -0.2245
  371.8     5.84  51.807  -0.2251
  372.2     5.84  51.851  -0.2283
  372.7     5.85  51.892  -0.2265
  372.9     5.82  51.935  -0.2253
  373.2     5.82  51.977  -0.2255
  373.4     5.82  52.019  -0.2263
  373.8     5.81  52.059  -0.2300
  374.1     5.82  52.099  -0.2308
  374.3     5.80  52.141  -0.2312
  374.7     5.86  52.184  -0.2342
  375.0     5.84  52.223  -0.2332
  375.5     5.89  52.264  -0.2301
  375.6     5.78  52.307  -0.2325
  376.0     5.78  52.350  -0.2320
  376.3     5.82  52.389  -0.2291
  376.6     5.86  52.431  -0.2291
  376.9     5.82  52.472  -0.2301
  377.3     5.78  52.511  -0.2317
  377.6     5.80  52.553  -0.2267
  377.8     5.85  52.594  -0.2263
  378.2     5.79  52.636  -0.2282
  378.5     5.80  52.677  -0.2273
  378.8     5.74  52.718  -0.2243
  379.2     5.80  52.759  -0.2242
  379.5     5.77  52.802  -0.2277
  379.8     5.84  52.841  -0.2259
  380.1     5.80  52.881  -0.2283
  380.4     5.84  52.924  -0.2290
  380.8     5.85  52.965  -0.2305
  381.1     5.74  53.005  -0.2280
  381.4     5.80  53.047  -0.2269
  381.7     5.74  53.088  -0.2306
  382.0     5.80  53.130  -0.2261
  382.4     5.77  53.171  -0.2294
  382.6     5.74  53.209  -0.2323
  382.9     5.76  53.249  -0.2246
  383.4     5.82  53.291  -0.2238
  383.5     5.82  53.333  -0.2246
  383.9     5.78  53.374  -0.2226
  384.1     5.71  53.414  -0.2228
  384.5     5.73  53.456  -0.2294
  384.8     5.74  53.498  -0.2312
  385.1     5.74  53.538  -0.2291
  385.5     5.77  53.580  -0.2340
  385.8     5.75  53.623  -0.2312
  386.2     5.82  53.665  -0.2274
  386.5     5.76  53.706  -0.2318
  386.7     5.76  53.746  -0.2273
  387.1     5.79  53.785  -0.2221
  387.3     5.73  53.828  -0.2255
  387.7     5.78  53.869  -0.2297
  388.1     5.76  53.911  -0.2210
  388.1     5.70  53.955  -0.2254
  388.7     5.71  53.995  -0.2337
  388.9     5.73  54.037  -0.2344
  389.3     5.75  54.078  -0.2326
  389.7     5.77  54.118  -0.2358
  389.9     5.76  54.158  -0.2301
  390.2     5.84  54.198  -0.2315
  390.5     5.75  54.238  -0.2343
  390.8     5.74  54.279  -0.2366
  391.1     5.76  54.319  -0.2388
  391.5     5.75  54.361  -0.2376
  391.7     5.71  54.403  -0.2374
  392.1     5.75  54.447  -0.2373
  392.4     5.66  54.487  -0.2371
  392.7     5.72  54.528  -0.2354
  393.1     5.74  54.569  -0.2363
  393.3     5.72  54.610  -0.2339
  393.7     5.70  54.652  -0.2346
  394.0     5.80  54.692  -0.2371
  394.3     5.75  54.734  -0.2348
  394.6     5.72  54.776  -0.2330
  394.9     5.72  54.817  -0.2364
  395.2     5.75  54.859  -0.2384
  395.5     5.72  54.902  -0.2338
  395.9     5.66  54.940  -0.2308
  396.2     5.75  54.980  -0.2273
  396.4     5.74  55.021  -0.2268
  396.7     5.68  55.061  -0.2286
  397.1     5.71  55.103  -0.2266
  397.5     5.77  55.145  -0.2248
  397.7     5.74  55.186  -0.2254
  398.0     5.73  55.227  -0.2254
  398.4     5.76  55.268  -0.2256
  398.6     5.70  55.308  -0.2235
  398.9     5.70  55.348  -0.2237
  399.3     5.68  55.389  -0.2257
  399.6     5.69  55.430  -0.2296
  399.9     5.65  55.472  -0.2240
  400.2     5.66  55.514  -0.2266
  400.5     5.63  55.557  -0.2288
  400.9     5.66  55.598  -0.2319
  401.2     5.67  55.637  -0.2267
  401.5     5.68  55.677  -0.2253
  401.8     5.64  55.719  -0.2318
  402.1     5.66  55.759  -0.2290
  402.4     5.66  55.802  -0.2295
  402.7     5.65  55.844  -0.2286
  403.0     5.65  55.886  -0.2309
  403.3     5.61  55.928  -0.2261
  403.7     5.61  55.969  -0.2256
  404.0     5.63  56.010  -0.2263
  404.2     5.62  56.053  -0.2280
  404.6     5.67  56.094  -0.2315
  404.9     5.65  56.134  -0.2254
  405.1     5.62  56.175  -0.2252
  405.5     5.57  56.216  -0.2284
  405.9     5.63  56.257  -0.2298
  406.1     5.61  56.298  -0.2209
  406.4     5.65  56.339  -0.2231
  406.8     5.59  56.381  -0.2284
  407.1     5.61  56.419  -0.2281
  407.3     5.61  56.458  -0.2251
  407.7     5.62  56.498  -0.2212
  408.0     5.58  56.537  -0.2258
  408.3     5.67  56.576  -0.2210
  408.5     5.60  56.616  -0.2195
  408.8     5.56  56.657  -0.2198
  409.2     5.56  56.698  -0.2258
  409.5     5.58  56.741  -0.2264
  409.9     5.55  56.783  -0.2283
  410.2     5.54  56.825  -0.2288
  410.5     5.54  56.868  -0.2242
  410.8     5.52  56.909  -0.2273
  411.2     5.63  56.950  -0.2244
  411.5     5.58  56.992  -0.2235
  411.7     5.52  57.033  -0.2242
  412.1     5.53  57.076  -0.2256
  412.4     5.52  57.116  -0.2264
  412.8     5.51  57.157  -0.2249
  412.9     5.54  57.201  -0.2296
  413.3     5.55  57.241  -0.2259
  413.6     5.47  57.283  -0.2292
  414.0     5.53  57.324  -0.2274
  414.3     5.54  57.365  -0.2219
  414.6     5.54  57.407  -0.2226
  414.9     5.50  57.449  -0.2243
  415.2     5.49  57.491  -0.2248
  415.5     5.52  57.533  -0.2314
  415.9     5.49  57.576  -0.2278
  416.2     5.50  57.619  -0.2236
  416.5     5.50  57.661  -0.2297
  416.9     5.50  57.702  -0.2305
  417.2     5.45  57.742  -0.2274
  417.6     5.44  57.783  -0.2264
  417.8     5.45  57.824  -0.2250
  418.0     5.47  57.867  -0.2234
  418.5     5.50  57.906  -0.2244
  418.7     5.43  57.946  -0.2274
  419.0     5.42  57.989  -0.2250
  419.4     5.46  58.030  -0.2295
  419.7     5.46  58.068  -0.2297
  419.9     5.44  58.109  -0.2284
  420.3     5.45  58.152  -0.2310
  420.6     5.40  58.191  -0.2282
  420.9     5.38  58.233  -0.2250
  421.2     5.41  58.275  -0.2292
  421.5     5.41  58.316  -0.2269
  421.9     5.37  58.359  -0.2237
  422.2     5.42  58.401  -0.2267
  422.5     5.40  58.441  -0.2300
  422.8     5.44  58.484  -0.2287
  423.2     5.39  58.523  -0.2299
  423.4     5.41  58.565  -0.2307
  423.8     5.44  58.605  -0.2313
  424.1     5.44  58.645  -0.2292
  424.4     5.41  58.687  -0.2301
  424.8     5.40  58.727  -0.2293
  425.0     5.46  58.767  -0.2281
  425.4     5.37  58.811  -0.2294
  425.7     5.37  58.852  -0.2258
  426.0     5.45  58.891  -0.2323
  426.3     5.36  58.932  -0.2301
  426.6     5.42  58.973  -0.2320
  426.9     5.40  59.015  -0.2314
  427.2     5.38  59.056  -0.2308
  427.6     5.31  59.096  -0.2278
  427.8     5.32  59.136  -0.2302
  428.2     5.24  59.177  -0.2346
  428.5     5.33  59.216  -0.2309
  428.7     5.37  59.257  -0.2322
  429.1     5.33  59.298  -0.2368
  429.4     5.34  59.339  -0.2351
  429.7     5.30  59.379  -0.2301
  430.1     5.32  59.420  -0.2347
  430.4     5.34  59.461  -0.2367
  430.7     5.36  59.500  -0.2352
  431.0     5.32  59.543  -0.2349
  431.1     5.31  59.582  -0.2378
  431.5     5.27  59.623  -0.2366
  432.0     5.24  59.664  -0.2361
  432.2     5.35  59.703  -0.2368
  432.5     5.29  59.746  -0.2368
  432.7     5.28  59.785  -0.2378
  433.1     5.29  59.825  -0.2381
  433.4     5.27  59.866  -0.2366
  433.7     5.25  59.907  -0.2345
  434.0     5.28  59.947  -0.2334
  434.2     5.25  59.989  -0.2332
  434.7     5.23  60.031  -0.2304
  434.8     5.23  60.073  -0.2310
  435.2     5.18  60.116  -0.2270
  435.6     5.25  60.155  -0.2319
  435.9     5.13  60.196  -0.2344
  436.1     5.22  60.236  -0.2379
  436.5     5.22  60.276  -0.2404
  436.7     5.18  60.318  -0.2397
  437.0     5.14  60.357  -0.2402
  437.4     5.23  60.397  -0.2421
  437.8     5.23  60.440  -0.2385
  438.1     5.18  60.481  -0.2428
  438.2     5.24  60.520  -0.2427
  438.6     5.23  60.561  -0.2395
  438.9     5.16  60.601  -0.2391
  439.2     5.19  60.643  -0.2375
  439.6     5.14  60.686  -0.2408
  439.9     5.18  60.726  -0.2414
  440.1     5.18  60.766  -0.2459
  440.5     5.10  60.809  -0.2443
  440.8     5.13  60.847  -0.2452
  441.0     5.07  60.888  -0.2507
  441.3     5.17  60.930  -0.2501
  441.7     5.27  60.971  -0.2444
  442.1     5.23  61.012  -0.2485
  442.4     5.19  61.053  -0.2491
  442.5     5.16  61.093  -0.2440
  442.9     5.08  61.136  -0.2425
  443.1     5.05  61.177  -0.2454
  443.5     5.12  61.219  -0.2400
  443.8     5.09  61.262  -0.2377
  444.1     5.04  61.303  -0.2399
  444.5     5.04  61.342  -0.2462
  444.7     5.08  61.383  -0.2430
  445.2     5.12  61.422  -0.2378
  445.4     5.07  61.463  -0.2368
  445.7     5.06  61.504  -0.2412
  446.0     5.09  61.545  -0.2423
  446.3     5.03  61.587  -0.2354
  446.6     5.11  61.630  -0.2394
  446.9     5.07  61.670  -0.2438
  447.2     5.06  61.714  -0.2436
  447.5     5.07  61.755  -0.2418
  447.8     5.04  61.796  -0.2411
  448.2     5.04  61.837  -0.2479
  448.5     5.04  61.878  -0.2486
  448.8     5.07  61.919  -0.2430
  449.1     5.04  61.962  -0.2500
  449.4     5.09  62.003  -0.2478
  449.7     5.05  62.047  -0.2454
  450.1     5.01  62.090  -0.2473
  450.4     5.04  62.131  -0.2493
  450.7     5.05  62.173  -0.2498
  451.0     5.03  62.214  -0.2530
  451.3     5.01  62.255  -0.2515
  451.6     5.01  62.297  -0.2525
  452.0     5.05  62.338  -0.2497
  452.3     5.02  62.379  -0.2484
  452.5     5.03  62.421  -0.2526
  452.9     5.01  62.462  -0.2507
  453.3     5.13  62.503  -0.2488
  453.5     4.98  62.545  -0.2482
  453.8     5.05  62.585  -0.2525
  454.1     4.99  62.627  -0.2474
  454.5     5.05  62.669  -0.2459
  454.7     4.97  62.708  -0.2456
  455.1     4.99  62.749  -0.2464
  455.4     4.96  62.790  -0.2467
  455.6     4.96  62.831  -0.2453
  456.0     4.96  62.876  -0.2474
  456.2     4.94  62.915  -0.2476
  456.6     4.94  62.955  -0.2478
  456.9     4.95  62.996  -0.2452
  457.2     5.03  63.037  -0.2465
  457.5     4.98  63.078  -0.2503
  457.8     4.92  63.122  -0.2497
  458.1     4.92  63.164  -0.2497
  458.5     4.95  63.207  -0.2500
  458.8     4.93  63.250  -0.2522
  459.1     4.88  63.291  -0.2539
  459.4     4.94  63.332  -0.2529
  459.8     4.94  63.374  -0.2513
  460.1     4.86  63.414  -0.2514
  460.4     4.91  63.455  -0.2503
  460.7     4.96  63.498  -0.2552
  461.0     4.94  63.540  -0.2496
  461.4     4.90  63.582  -0.2500
  461.6     4.94  63.626  -0.2518
  461.9     4.88  63.669  -0.2515
  462.3     4.90  63.711  -0.2536
  462.5     4.95  63.752  -0.2472
  462.9     4.90  63.793  -0.2494
  463.3     4.93  63.833  -0.2512
  463.4     4.88  63.873  -0.2485
  463.7     4.86  63.915  -0.2512
  464.1     4.84  63.956  -0.2525
  464.4     4.92  63.997  -0.2538
  464.7     4.81  64.039  -0.2503
  465.1     4.90  64.079  -0.2489
  465.3     4.92  64.121  -0.2524
  465.6     4.84  64.164  -0.2511
  465.9     4.89  64.204  -0.2498
  466.3     4.83  64.245  -0.2495
  466.5     4.86  64.287  -0.2519
  466.9     4.92  64.327  -0.2497
  467.2     4.86  64.368  -0.2501
  467.5     4.89  64.409  -0.2515
  467.8     4.88  64.449  -0.2538
  468.0     4.78  64.490  -0.2504
  468.4     4.80  64.531  -0.2507
  468.8     4.88  64.571  -0.2519
  469.0     4.85  64.615  -0.2540
  469.4     4.82  64.656  -0.2530
  469.6     4.87  64.694  -0.2513
  469.9     4.84  64.734  -0.2553
  470.2     4.87  64.773  -0.2598
  470.6     4.83  64.813  -0.2542
  470.9     4.77  64.852  -0.2517
  471.2     4.85  64.892  -0.2539
  471.5     4.83  64.933  -0.2502
  471.8     4.75  64.975  -0.2495
  472.1     4.86  65.015  -0.2523
  472.4     4.82  65.056  -0.2550
  472.7     4.82  65.099  -0.2539
  472.9     4.82  65.139  -0.2493
  473.2     4.77  65.179  -0.2527
  473.6     4.84  65.220  -0.2544
  473.9     4.76  65.262  -0.2503
  474.2     4.75  65.305  -0.2492
  474.5     4.77  65.345  -0.2528
  474.8     4.76  65.385  -0.2520
  475.1     4.74  65.427  -0.2490
  475.4     4.73  65.467  -0.2500
  475.7     4.77  65.509  -0.2522
  476.0     4.76  65.551  -0.2524
  476.4     4.73  65.591  -0.2539
  476.6     4.69  65.633  -0.2554
  477.1     4.78  65.677  -0.2563
  477.2     4.69  65.715  -0.2528
  477.5     4.79  65.756  -0.2508
  478.0     4.77  65.798  -0.2503
  478.1     4.68  65.839  -0.2531
  478.5     4.70  65.880  -0.2529
  478.8     4.70  65.920  -0.2496
  479.0     4.67  65.962  -0.2530
  479.3     4.69  66.003  -0.2535
  479.7     4.75  66.045  -0.2508
  480.0     4.73  66.088  -0.2545
  480.3     4.64  66.132  -0.2540
  480.6     4.67  66.171  -0.2532
  480.9     4.69  66.214  -0.2525
  481.2     4.71  66.255  -0.2521
  481.6     4.70  66.293  -0.2499
  481.9     4.68  66.337  -0.2522
  482.1     4.68  66.379  -0.2520
  482.4     4.68  66.421  -0.2529
  482.8     4.64  66.463  -0.2570
  483.0     4.64  66.505  -0.2533
  483.4     4.68  66.547  -0.2534
  483.8     4.62  66.590  -0.2519
  484.1     4.73  66.630  -0.2508
  484.2     4.68  66.672  -0.2508
  484.6     4.64  66.714  -0.2531
  485.0     4.65  66.752  -0.2568
  485.3     4.69  66.792  -0.2561
  485.5     4.73  66.833  -0.2501
  485.8     4.63  66.872  -0.2521
  486.2     4.67  66.916  -0.2535
  486.5     4.77  66.959  -0.2517
  486.7     4.65  66.999  -0.2512
  487.0     4.64  67.039  -0.2516
  487.3     4.64  67.078  -0.2533
  487.8     4.70  67.119  -0.2528
  487.9     4.67  67.161  -0.2534
  488.2     4.65  67.203  -0.2525
  488.5     4.68  67.244  -0.2541
  488.9     4.64  67.285  -0.2554
  489.1     4.61  67.326  -0.2561
  489.5     4.59  67.366  -0.2583
  489.8     4.59  67.409  -0.2622
  490.1     4.68  67.451  -0.2665
  490.5     4.70  67.493  -0.2655
  490.8     4.83  67.536  -0.2658
  491.1     4.76  67.575  -0.2656
  491.4     4.68  67.616  -0.2621
  491.7     4.80  67.656  -0.2621
  492.2     4.80  67.696  -0.2664
  492.4     4.74  67.741  -0.2661
  492.8     4.75  67.783  -0.2656
  493.0     4.75  67.823  -0.2638
  493.2     4.74  67.866  -0.2655
  493.6     4.81  67.908  -0.2631
  494.0     4.73  67.947  -0.2591
  494.2     4.67  67.988  -0.2614
  494.5     4.72  68.028  -0.2642
  494.8     4.64  68.070  -0.2618
  495.2     4.62  68.112  -0.2607
  495.4     4.57  68.154  -0.2606
  495.7     4.62  68.195  -0.2593
  496.0     4.55  68.238  -0.2577
  496.3     4.54  68.278  -0.2573
  496.6     4.61  68.319  -0.2578
  497.0     4.49  68.360  -0.2541
  497.2     4.57  68.400  -0.2558
  497.5     4.59  68.442  -0.2565
  497.8     4.58  68.481  -0.2523
  498.2     4.65  68.523  -0.2484
  498.5     4.58  68.566  -0.2514
  498.8     4.55  68.607  -0.2497
  499.1     4.58  68.648  -0.2497
  499.4     4.53  68.689  -0.2543
  499.7     4.56  68.730  -0.2537
  500.0     4.58  68.772  -0.2557
  500.3     4.50  68.815  -0.2546
  500.7     4.53  68.857  -0.2517
  500.9     4.50  68.899  -0.2507
  501.2     4.55  68.941  -0.2498
  501.5     4.50  68.984  -0.2498
  502.0     4.57  69.026  -0.2517
  502.2     4.53  69.065  -0.2484
  502.5     4.49  69.109  -0.2523
  502.8     4.60  69.150  -0.2558
  503.1     4.59  69.191  -0.2541
  503.4     4.51  69.232  -0.2543
  503.7     4.48  69.273  -0.2571
  504.1     4.59  69.311  -0.2545
  504.3     4.52  69.354  -0.2532
  504.6     4.54  69.394  -0.2544
  505.0     4.47  69.435  -0.2562
  505.2     4.52  69.474  -0.2540
  505.5     4.48  69.515  -0.2540
  505.8     4.58  69.554  -0.2558
  506.1     4.51  69.594  -0.2547
  506.5     4.50  69.637  -0.2589
  506.6     4.46  69.678  -0.2598
  507.0     4.45  69.720  -0.2578
  507.3     4.47  69.761  -0.2585
  507.7     4.54  69.801  -0.2579
  508.0     4.50  69.845  -0.2545
  508.3     4.47  69.884  -0.2542
  508.6     4.53  69.925  -0.2546
  508.9     4.48  69.966  -0.2573
  509.2     4.52  70.007  -0.2615
  509.5     4.51  70.048  -0.2555
  509.9     4.50  70.089  -0.2513
  510.1     4.50  70.132  -0.2493
  510.4     4.46  70.178  -0.2506
  510.8     4.48  70.218  -0.2522
  511.1     4.50  70.260  -0.2547
  511.4     4.52  70.300  -0.2556
  511.6     4.49  70.342  -0.2569
  512.0     4.50  70.383  -0.2567
  512.3     4.50  70.426  -0.2565
  512.6     4.59  70.466  -0.2605
  513.0     4.47  70.507  -0.2594
  513.3     4.50  70.548  -0.2573
  513.6     4.50  70.590  -0.2604
  513.9     4.50  70.633  -0.2595
  514.2     4.51  70.675  -0.2603
  514.5     4.55  70.715  -0.2613
  514.8     4.46  70.757  -0.2640
  515.2     4.52  70.799  -0.2587
  515.4     4.45  70.841  -0.2675
  515.9     4.57  70.881  -0.2693
  516.1     4.55  70.921  -0.2724
  516.5     4.52  70.965  -0.2730
  516.7     4.47  71.005  -0.2704
  517.1     4.50  71.044  -0.2643
  517.3     4.48  71.084  -0.2611
  517.6     4.49  71.124  -0.2606
  518.0     4.56  71.163  -0.2646
  518.2     4.51  71.204  -0.2610
  518.6     4.47  71.246  -0.2618
  518.8     4.43  71.287  -0.2599
  519.2     4.53  71.327  -0.2663
  519.5     4.44  71.369  -0.2650
  519.8     4.49  71.411  -0.2596
  520.1     4.49  71.453  -0.2642
  520.5     4.53  71.494  -0.2643
  520.8     4.46  71.534  -0.2651
  521.1     4.50  71.576  -0.2696
  521.3     4.49  71.615  -0.2698
  521.6     4.50  71.656  -0.2681
  522.1     4.53  71.699  -0.2667
  522.3     4.43  71.740  -0.2690
  522.6     4.51  71.783  -0.2705
  522.8     4.46  71.825  -0.2692
  523.3     4.47  71.865  -0.2669
  523.5     4.52  71.905  -0.2678
  523.9     4.48  71.944  -0.2671
  524.2     4.53  71.986  -0.2701
  524.5     4.53  72.028  -0.2629
  524.8     4.47  72.068  -0.2648
  525.1     4.45  72.109  -0.2665
  525.4     4.51  72.151  -0.2702
  525.6     4.48  72.192  -0.2696
  526.0     4.48  72.235  -0.2691
  526.4     4.49  72.277  -0.2673
  526.7     4.41  72.318  -0.2700
  527.0     4.45  72.359  -0.2689
  527.3     4.47  72.402  -0.2633
  527.6     4.47  72.441  -0.2644
  527.9     4.51  72.480  -0.2684
  528.2     4.52  72.520  -0.2674
  528.5     4.50  72.557  -0.2680
  528.8     4.52  72.601  -0.2667
  529.1     4.45  72.645  -0.2683
  529.3     4.47  72.685  -0.2647
  529.7     4.44  72.727  -0.2596
  530.0     4.44  72.768  -0.2645
  530.4     4.49  72.808  -0.2673
  530.6     4.41  72.849  -0.2653
  530.9     4.44  72.890  -0.2631
  531.2     4.51  72.934  -0.2634
  531.6     4.47  72.975  -0.2633
  531.9     4.46  73.016  -0.2639
  532.2     4.45  73.059  -0.2586
  532.6     4.48  73.103  -0.2592
  532.7     4.39  73.141  -0.2610
  533.1     4.42  73.183  -0.2589
  533.4     4.46  73.223  -0.2622
  533.7     4.40  73.263  -0.2636
  534.0     4.50  73.305  -0.2637
  534.3     4.45  73.343  -0.2601
  534.5     4.47  73.383  -0.2627
  534.9     4.52  73.427  -0.2648
  535.2     4.50  73.468  -0.2642
  535.6     4.55  73.509  -0.2650
  535.9     4.40  73.553  -0.2666
  536.2     4.43  73.600  -0.2682
  536.6     4.44  73.644  -0.2649
  536.9     4.45  73.689  -0.2635
  537.3     4.53  73.733  -0.2641
  537.6     4.43  73.776  -0.2618
  537.9     4.41  73.820  -0.2628
  538.3     4.49  73.862  -0.2618
  538.5     4.40  73.906  -0.2605
  538.8     4.42  73.950  -0.2656
  539.2     4.40  73.996  -0.2683
  539.5     4.45  74.040  -0.2682
  539.9     4.42  74.084  -0.2666
  540.2     4.43  74.127  -0.2656
  540.5     4.48  74.169  -0.2631
  540.8     4.40  74.212  -0.2619
  541.1     4.53  74.257  -0.2641
  541.5     4.43  74.299  -0.2609
  541.7     4.46  74.343  -0.2640
  542.1     4.41  74.390  -0.2646
  542.5     4.45  74.436  -0.2657
  542.8     4.53  74.479  -0.2664
  543.1     4.49  74.522  -0.2663
  543.5     4.47  74.568  -0.2652
  543.8     4.65  74.612  -0.2612
  544.2     4.41  74.655  -0.2622
  544.4     4.39  74.698  -0.2640
  544.7     4.36  74.740  -0.2637
  545.0     4.41  74.783  -0.2674
  545.4     4.46  74.829  -0.2696
  545.7     4.42  74.870  -0.2693
  546.1     4.38  74.916  -0.2694
  546.4     4.41  74.959  -0.2678
  546.6     4.36  75.003  -0.2661
  547.0     4.42  75.048  -0.2706
  547.3     4.36  75.090  -0.2679
  547.6     4.44  75.132  -0.2629
  547.9     4.40  75.175  -0.2656
  548.3     4.38  75.217  -0.2670
  548.6     4.36  75.261  -0.2647
  549.0     4.37  75.306  -0.2701
  549.3     4.39  75.350  -0.2693
  549.6     4.44  75.395  -0.2646
  549.9     4.41  75.438  -0.2669
  550.2     4.46  75.481  -0.2631
  550.5     4.50  75.523  -0.2633
  550.9     4.42  75.563  -0.2652
  551.1     4.44  75.603  -0.2640
  551.6     4.39  75.646  -0.2637
  551.9     4.39  75.687  -0.2611
  552.2     4.32  75.728  -0.2614
  552.4     4.41  75.768  -0.2603
  552.7     4.37  75.809  -0.2560
  552.9     4.40  75.851  -0.2616
  553.3     4.38  75.892  -0.2603
  553.6     4.42  75.930  -0.2593
  553.9     4.39  75.972  -0.2627
  554.2     4.38  76.014  -0.2626
  554.5     4.39  76.053  -0.2631
  554.9     4.41  76.096  -0.2612
  555.2     4.44  76.138  -0.2621
  555.4     4.37  76.179  -0.2626
  555.8     4.41  76.219  -0.2609
  556.1     4.48  76.260  -0.2645
  556.4     4.43  76.301  -0.2651
  556.7     4.43  76.342  -0.2661
  557.1     4.46  76.382  -0.2691
  557.3     4.44  76.424  -0.2694
  557.6     4.40  76.465  -0.2678
  557.9     4.53  76.505  -0.2689
  558.2     4.44  76.546  -0.2673
  558.6     4.38  76.585  -0.2677
  558.9     4.37  76.627  -0.2659
  559.1     4.43  76.670  -0.2663
  559.5     4.48  76.711  -0.2637
  559.8     4.44  76.752  -0.2625
  560.1     4.44  76.793  -0.2646
  560.4     4.42  76.833  -0.2631
  560.7     4.43  76.874  -0.2701
  561.0     4.49  76.915  -0.2664
  561.4     4.43  76.957  -0.2670
  561.6     4.39  76.998  -0.2639
  562.0     4.43  77.040  -0.2650
  562.2     4.50  77.082  -0.2642
  562.5     4.44  77.124  -0.2673
  563.0     4.51  77.166  -0.2696
  563.1     4.39  77.207  -0.2654
  563.5     4.38  77.248  -0.2689
  563.9     4.55  77.288  -0.2691
  564.3     4.55  77.328  -0.2702
  564.4     4.58  77.370  -0.2665
  564.8     4.54  77.410  -0.2712
  565.0     4.41  77.452  -0.2719
  565.3     4.46  77.494  -0.2696
  565.6     4.35  77.535  -0.2674
  566.0     4.41  77.577  -0.2612
  566.2     4.46  77.617  -0.2635
  566.5     4.45  77.656  -0.2649
  566.8     4.43  77.698  -0.2699
  567.2     4.44  77.740  -0.2712
  567.4     4.40  77.781  -0.2709
  567.7     4.43  77.821  -0.2668
  568.1     4.48  77.862  -0.2669
  568.3     4.39  77.903  -0.2714
  568.7     4.46  77.946  -0.2682
  568.8     4.39  77.988  -0.2712
  569.2     4.42  78.028  -0.2713
  569.6     4.41  78.070  -0.2717
  569.9     4.48  78.110  -0.2690
  570.2     4.44  78.153  -0.2709
  570.3     4.42  78.195  -0.2677
  570.6     4.44  78.234  -0.2710
  571.1     4.45  78.278  -0.2728
  571.4     4.38  78.319  -0.2686
  571.6     4.40  78.360  -0.2732
  572.1     4.47  78.400  -0.2748
  572.4     4.41  78.440  -0.2801
  572.6     4.38  78.480  -0.2762
  572.9     4.44  78.522  -0.2748
  573.3     4.50  78.564  -0.2731
  573.6     4.47  78.606  -0.2742
  573.8     4.44  78.649  -0.2748
  574.1     4.48  78.689  -0.2724
  574.5     4.44  78.732  -0.2750
  574.8     4.45  78.774  -0.2752
  575.1     4.40  78.816  -0.2755
  575.4     4.37  78.857  -0.2746
  575.6     4.42  78.899  -0.2730
  576.0     4.41  78.939  -0.2737
  576.3     4.49  78.981  -0.2737
  576.6     4.49  79.021  -0.2758
  576.9     4.44  79.063  -0.2710
  577.2     4.50  79.107  -0.2727
  577.5     4.41  79.148  -0.2725
  577.8     4.39  79.189  -0.2739
  578.1     4.40  79.228  -0.2722
  578.3     4.44  79.267  -0.2720
  578.7     4.45  79.308  -0.2694
  579.1     4.47  79.350  -0.2688
  579.3     4.43  79.391  -0.2718
  579.6     4.43  79.432  -0.2694
  579.9     4.39  79.472  -0.2706
  580.2     4.45  79.514  -0.2742
  580.5     4.49  79.555  -0.2706
  580.8     4.45  79.597  -0.2717
  581.1     4.41  79.638  -0.2716
  581.5     4.53  79.681  -0.2730
  581.8     4.51  79.721  -0.2700
  582.1     4.42  79.761  -0.2685
  582.2     4.42  79.802  -0.2712
  582.6     4.45  79.844  -0.2683
  583.0     4.46  79.887  -0.2693
  583.2     4.49  79.930  -0.2706
  583.6     4.49  79.969  -0.2703
  583.9     4.45  80.010  -0.2698
  584.2     4.52  80.050  -0.2671
  584.5     4.44  80.089  -0.2680
  584.7     4.47  80.131  -0.2696
  585.1     4.45  80.171  -0.2686
  585.5     4.53  80.213  -0.2705
  585.6     4.40  80.253  -0.2711
  586.0     4.46  80.294  -0.2669
  586.3     4.47  80.335  -0.2660
  586.5     4.42  80.378  -0.2705
  587.0     4.42  80.418  -0.2703
  587.1     4.46  80.457  -0.2682
  587.5     4.48  80.499  -0.2702
  587.9     4.48  80.540  -0.2711
  588.2     4.52  80.580  -0.2692
  588.5     4.52  80.621  -0.2680
  588.7     4.48  80.662  -0.2681
  589.0     4.48  80.706  -0.2676
  589.4     4.53  80.748  -0.2683
  589.7     4.51  80.789  -0.2645
  589.9     4.49  80.829  -0.2653
  590.2     4.46  80.869  -0.2707
  590.5     4.44  80.909  -0.2725
  590.8     4.44  80.949  -0.2716
  591.2     4.51  80.992  -0.2728
  591.6     4.49  81.034  -0.2776
  591.9     4.47  81.077  -0.2753
  592.1     4.47  81.118  -0.2758
  592.4     4.44  81.158  -0.2728
  592.7     4.50  81.201  -0.2721
  593.1     4.46  81.241  -0.2774
  593.4     4.52  81.281  -0.2764
  593.7     4.54  81.323  -0.2752
  593.9     4.54  81.362  -0.2758
  594.3     4.47  81.404  -0.2739
  594.6     4.50  81.446  -0.2738
  594.8     4.54  81.486  -0.2719
  595.2     4.49  81.530  -0.2760
  595.5     4.51  81.571  -0.2763
  595.8     4.52  81.610  -0.2723
  596.1     4.48  81.650  -0.2751
  596.3     4.42  81.690  -0.2765
  596.7     4.52  81.731  -0.2779
  596.9     4.51  81.774  -0.2790
  597.4     4.50  81.816  -0.2813
  597.7     4.57  81.859  -0.2792
  597.9     4.52  81.899  -0.2720
  598.2     4.48  81.940  -0.2771
  598.6     4.48  81.982  -0.2744
  598.9     4.54  82.024  -0.2707
  599.3     4.46  82.064  -0.2725
  599.5     4.47  82.105  -0.2757
  599.9     4.51  82.146  -0.2729
  600.2     4.53  82.188  -0.2749
