   51.4     8.18   0.041  -0.0083
   52.1     8.17   0.082  -0.0005
   52.6     8.10   0.125   0.0100
   53.4     8.12   0.166   0.0080
   54.0     8.10   0.207   0.0056
   54.6     8.05   0.248   0.0128
   55.3     8.04   0.291   0.0183
   55.9     7.96   0.333   0.0258
   56.4     7.92   0.376   0.0263
   57.1     7.93   0.417   0.0223
   57.5     7.90   0.458   0.0229
   58.2     7.80   0.498   0.0180
   58.8     7.79   0.540   0.0177
   59.3     7.75   0.583   0.0199
   59.9     7.71   0.628   0.0097
   60.5     7.66   0.672   0.0238
   61.1     7.61   0.713   0.0225
   61.6     7.57   0.753   0.0257
   62.0     7.52   0.794   0.0377
   62.6     7.49   0.835   0.0334
   63.1     7.44   0.877   0.0249
   63.6     7.39   0.916   0.0218
   64.1     7.35   0.955   0.0305
   64.5     7.35   0.997   0.0354
   64.9     7.25   1.036   0.0242
   65.4     7.19   1.077   0.0242
   65.9     7.14   1.117   0.0159
   66.3     7.10   1.158   0.0127
   66.8     7.04   1.199   0.0192
   67.2     7.01   1.241   0.0174
   67.6     6.91   1.283   0.0182
   68.1     6.91   1.326   0.0064
   68.5     6.81   1.369   0.0010
   69.0     6.78   1.409   0.0023
   69.4     6.73   1.450   0.0017
   69.7     6.66   1.489  -0.0132
   70.1     6.65   1.530   0.0058
   70.6     6.59   1.574   0.0005
   70.9     6.54   1.618  -0.0073
   71.3     6.48   1.660  -0.0116
   71.7     6.39   1.702  -0.0005
   72.1     6.35   1.743   0.0149
   72.5     6.33   1.783   0.0167
   72.8     6.24   1.823   0.0190
   73.1     6.20   1.863   0.0175
   73.5     6.17   1.905   0.0132
   73.8     6.10   1.947   0.0119
   74.2     6.07   1.991   0.0187
   74.5     5.98   2.032   0.0194
   74.9     5.92   2.074   0.0132
   75.2     5.88   2.116   0.0062
   75.5     5.86   2.158  -0.0067
   75.9     5.80   2.200  -0.0106
   76.1     5.74   2.242   0.0086
   76.5     5.67   2.285   0.0265
   76.8     5.63   2.327   0.0266
   77.0     5.55   2.369   0.0269
   77.3     5.50   2.411   0.0357
   77.7     5.49   2.453   0.0485
   78.0     5.41   2.495   0.0548
   78.3     5.37   2.538   0.0520
   78.5     5.31   2.582   0.0503
   78.8     5.28   2.626   0.0537
   79.2     5.25   2.669   0.0606
   79.4     5.15   2.712   0.0602
   79.6     5.14   2.753   0.0585
   79.8     5.08   2.793   0.0542
   80.2     4.99   2.835   0.0535
   80.3     4.97   2.877   0.0516
   80.6     4.92   2.917   0.0494
   80.8     4.84   2.957   0.0542
   81.1     4.82   2.998   0.0547
   81.3     4.76   3.040   0.0560
   81.5     4.74   3.082   0.0551
   81.7     4.70   3.124   0.0513
   81.9     4.61   3.165   0.0465
   82.2     4.56   3.206   0.0525
   82.4     4.56   3.247   0.0468
   82.6     4.48   3.290   0.0507
   82.7     4.45   3.331   0.0501
   83.0     4.40   3.372   0.0529
   83.2     4.36   3.415   0.0539
   83.5     4.36   3.456   0.0541
   83.5     4.24   3.496   0.0535
   83.8     4.23   3.537   0.0522
   84.0     4.17   3.581   0.0547
   84.1     4.12   3.626   0.0578
   84.3     4.10   3.671   0.0542
   84.5     4.06   3.716   0.0538
   84.8     4.00   3.757   0.0536
   84.8     3.94   3.796   0.0538
   85.1     3.89   3.835   0.0489
   85.2     3.86   3.877   0.0489
   85.4     3.83   3.918   0.0482
   85.5     3.79   3.956   0.0480
   85.6     3.73   3.996   0.0483
   85.8     3.69   4.038   0.0460
   86.0     3.65   4.079   0.0452
   86.2     3.65   4.121   0.0445
   86.3     3.58   4.162   0.0468
   86.4     3.55   4.202   0.0454
   86.6     3.51   4.245   0.0484
   86.7     3.45   4.289   0.0519
   86.8     3.42   4.332   0.0517
   87.0     3.39   4.376   0.0537
   87.2     3.34   4.418   0.0517
   87.3     3.32   4.460   0.0489
   87.3     3.26   4.502   0.0486
   87.5     3.26   4.544   0.0467
   87.7     3.22   4.587   0.0462
   87.7     3.18   4.632   0.0511
   87.9     3.15   4.676   0.0500
   88.0     3.10   4.719   0.0490
   88.1     3.05   4.762   0.0478
   88.3     3.04   4.801   0.0430
   88.3     2.98   4.842   0.0419
   88.5     2.94   4.882   0.0414
   88.6     2.92   4.922   0.0393
   88.7     2.89   4.962   0.0385
   88.8     2.87   5.001   0.0376
   88.8     2.85   5.042   0.0396
   88.9     2.79   5.083   0.0387
   89.0     2.77   5.124   0.0367
   89.1     2.73   5.167   0.0365
   89.2     2.70   5.209   0.0366
   89.3     2.67   5.248   0.0383
   89.4     2.65   5.290   0.0358
   89.5     2.60   5.330   0.0343
   89.6     2.58   5.373   0.0360
   89.6     2.52   5.415   0.0355
   89.7     2.53   5.456   0.0347
   89.8     2.50   5.497   0.0309
   89.9     2.48   5.539   0.0364
   90.0     2.45   5.582   0.0387
   90.1     2.40   5.626   0.0382
   90.2     2.39   5.669   0.0360
   90.3     2.39   5.711   0.0357
   90.3     2.33   5.753   0.0345
   90.3     2.31   5.794   0.0352
   90.5     2.29   5.835   0.0386
   90.5     2.28   5.875   0.0369
   90.6     2.25   5.914   0.0374
   90.6     2.21   5.954   0.0324
   90.7     2.19   5.996   0.0297
   90.7     2.20   6.035   0.0294
   90.8     2.16   6.075   0.0265
   90.9     2.14   6.118   0.0370
   91.1     2.13   6.161   0.0381
   91.1     2.08   6.202   0.0371
   91.2     2.09   6.243   0.0312
   91.0     2.05   6.283   0.0286
   91.3     2.02   6.325   0.0291
   91.3     2.03   6.367   0.0292
   91.3     1.98   6.407   0.0279
   91.3     1.96   6.447   0.0280
   91.4     1.95   6.490   0.0295
   91.4     1.91   6.529   0.0329
   91.4     1.87   6.571   0.0363
   91.5     1.83   6.615   0.0339
   91.5     1.81   6.658   0.0293
   91.6     1.82   6.702   0.0294
   91.7     1.82   6.746   0.0315
   91.6     1.80   6.787   0.0291
   91.8     1.79   6.828   0.0332
   91.7     1.75   6.869   0.0340
   91.9     1.72   6.911   0.0355
   91.9     1.73   6.951   0.0346
   91.8     1.69   6.990   0.0335
   92.0     1.67   7.034   0.0356
   92.0     1.65   7.075   0.0346
   92.0     1.64   7.116   0.0320
   92.0     1.64   7.158   0.0335
   92.0     1.61   7.199   0.0312
   92.1     1.58   7.240   0.0315
   92.1     1.60   7.280   0.0329
   92.1     1.59   7.323   0.0333
   92.3     1.54   7.365   0.0389
   92.2     1.52   7.407   0.0404
   92.2     1.50   7.447   0.0416
   92.2     1.52   7.488   0.0361
   92.2     1.48   7.527   0.0344
   92.3     1.46   7.569   0.0315
   92.4     1.47   7.610   0.0298
   92.4     1.44   7.654   0.0332
   92.4     1.44   7.699   0.0281
   92.3     1.40   7.741   0.0289
   92.4     1.39   7.782   0.0293
   92.4     1.38   7.821   0.0292
   92.4     1.37   7.862   0.0307
   92.5     1.36   7.902   0.0316
   92.5     1.36   7.944   0.0319
   92.4     1.34   7.983   0.0306
   92.5     1.32   8.023   0.0280
   92.6     1.32   8.066   0.0284
   92.5     1.30   8.106   0.0279
   92.5     1.29   8.145   0.0258
   92.6     1.29   8.187   0.0277
   92.6     1.25   8.228   0.0231
   92.6     1.25   8.269   0.0227
   92.6     1.26   8.311   0.0226
   92.7     1.22   8.352   0.0232
   92.6     1.20   8.394   0.0235
   92.6     1.20   8.436   0.0259
   92.6     1.16   8.476   0.0211
   92.7     1.16   8.518   0.0229
   92.6     1.14   8.558   0.0227
   92.6     1.10   8.599   0.0225
   92.7     1.16   8.641   0.0237
   92.7     1.13   8.686   0.0235
   92.7     1.13   8.729   0.0278
   92.8     1.13   8.772   0.0246
   92.7     1.11   8.814   0.0264
   92.7     1.10   8.855   0.0260
   92.7     1.07   8.897   0.0225
   92.8     1.06   8.936   0.0230
   92.7     1.10   8.976   0.0236
   92.8     1.07   9.016   0.0245
   92.7     1.05   9.057   0.0281
   92.7     1.03   9.099   0.0244
   92.7     1.02   9.140   0.0223
   92.7     1.04   9.180   0.0214
   92.7     1.03   9.221   0.0212
   92.8     1.04   9.262   0.0192
   92.7     0.98   9.303   0.0199
   92.7     0.99   9.345   0.0193
   92.7     1.00   9.385   0.0189
   92.7     0.96   9.427   0.0187
   92.7     0.97   9.468   0.0196
   92.8     0.96   9.507   0.0223
   92.8     0.97   9.550   0.0206
   92.8     0.97   9.590   0.0209
   92.7     0.99   9.632   0.0207
   92.8     0.96   9.676   0.0206
   92.8     0.92   9.720   0.0206
   92.7     0.94   9.760   0.0212
   92.6     0.91   9.802   0.0216
   92.7     0.91   9.842   0.0206
   92.7     0.95   9.880   0.0219
   92.7     0.91   9.921   0.0219
   92.6     0.93   9.961   0.0192
   92.7     0.94   9.999   0.0177
   92.7     0.89  10.039   0.0191
   92.7     0.91  10.079   0.0174
   92.7     0.91  10.117   0.0130
   92.6     0.88  10.158   0.0142
   92.7     0.91  10.201   0.0151
   92.7     0.91  10.241   0.0150
   92.7     0.93  10.281   0.0177
   92.8     0.93  10.323   0.0177
   92.8     0.93  10.367   0.0171
   92.7     0.94  10.408   0.0154
   92.7     0.95  10.450   0.0155
   92.7     0.95  10.491   0.0151
   92.7     0.96  10.532   0.0206
   92.8     0.96  10.575   0.0202
   92.8     0.98  10.618   0.0187
   92.8     1.00  10.662   0.0211
   92.8     1.02  10.706   0.0206
   92.9     1.02  10.750   0.0203
   92.9     1.05  10.793   0.0206
   92.9     1.05  10.835   0.0213
   93.0     1.09  10.875   0.0240
   92.9     1.09  10.915   0.0222
   93.0     1.13  10.959   0.0239
   93.0     1.13  11.000   0.0216
   93.0     1.09  11.038   0.0173
   93.1     1.17  11.079   0.0188
   93.1     1.18  11.120   0.0180
   93.2     1.21  11.161   0.0188
   93.3     1.24  11.202   0.0196
   93.3     1.25  11.244   0.0174
   93.4     1.29  11.286   0.0151
   93.5     1.32  11.328   0.0171
   93.5     1.36  11.371   0.0183
   93.6     1.38  11.413   0.0166
   93.7     1.42  11.455   0.0154
   93.7     1.44  11.497   0.0136
   93.9     1.53  11.539   0.0156
   94.0     1.49  11.580   0.0161
   94.1     1.55  11.623   0.0136
   94.1     1.58  11.666   0.0150
   94.2     1.62  11.709   0.0134
   94.3     1.67  11.752   0.0126
   94.5     1.68  11.794   0.0137
   94.6     1.71  11.836   0.0112
   94.7     1.76  11.875   0.0127
   94.8     1.80  11.916   0.0167
   94.9     1.81  11.957   0.0159
   95.2     1.88  11.998   0.0172
   95.2     1.91  12.041   0.0139
   95.4     1.93  12.082   0.0125
   95.4     1.96  12.125   0.0105
   95.6     2.00  12.164   0.0134
   95.9     2.07  12.205   0.0113
   96.0     2.09  12.246   0.0118
   96.1     2.13  12.286   0.0130
   96.3     2.17  12.328   0.0129
   96.5     2.20  12.369   0.0154
   96.6     2.25  12.411   0.0192
   96.8     2.29  12.453   0.0201
   97.1     2.31  12.496   0.0177
   97.3     2.36  12.538   0.0148
   97.3     2.41  12.580   0.0127
   97.6     2.43  12.623   0.0132
   97.8     2.48  12.666   0.0156
   98.1     2.51  12.709   0.0172
   98.4     2.55  12.753   0.0159
   98.6     2.60  12.796   0.0176
   98.8     2.62  12.837   0.0173
   99.0     2.67  12.879   0.0135
   99.2     2.72  12.919   0.0129
   99.5     2.73  12.963   0.0101
   99.8     2.79  13.005   0.0077
  100.1     2.82  13.047   0.0104
  100.3     2.89  13.089   0.0142
  100.6     2.93  13.129   0.0147
  100.8     2.92  13.171   0.0153
  101.2     2.95  13.212   0.0146
  101.4     3.01  13.255   0.0163
  101.7     3.03  13.296   0.0134
  101.9     3.06  13.336   0.0145
  102.3     3.13  13.381   0.0133
  102.5     3.17  13.423   0.0165
  102.8     3.18  13.465   0.0161
  103.2     3.22  13.507   0.0146
  103.5     3.26  13.547   0.0153
  103.8     3.28  13.590   0.0147
  104.0     3.32  13.633   0.0156
  104.4     3.36  13.678   0.0164
  104.7     3.40  13.724   0.0158
  105.1     3.42  13.766   0.0174
  105.4     3.48  13.809   0.0136
  105.8     3.47  13.851   0.0151
  106.2     3.52  13.891   0.0120
  106.5     3.53  13.931   0.0104
  106.8     3.54  13.975   0.0105
  107.2     3.61  14.014   0.0091
  107.5     3.61  14.054   0.0116
  107.8     3.64  14.096   0.0108
  108.2     3.68  14.137   0.0103
  108.5     3.70  14.179   0.0097
  109.0     3.74  14.223   0.0102
  109.4     3.77  14.264   0.0091
  109.7     3.77  14.305   0.0104
  110.0     3.79  14.346   0.0107
  110.3     3.82  14.390   0.0100
  110.8     3.82  14.433   0.0093
  111.2     3.87  14.476   0.0096
  111.5     3.87  14.517   0.0087
  111.9     3.93  14.558   0.0082
  112.4     3.91  14.601   0.0056
  112.7     3.90  14.643   0.0053
  113.1     3.92  14.687   0.0047
  113.5     3.98  14.734   0.0073
  113.9     3.99  14.778   0.0072
  114.4     4.03  14.822   0.0091
  114.8     4.03  14.861   0.0084
  115.2     4.05  14.903   0.0077
  115.6     4.09  14.943   0.0070
  115.9     4.09  14.984   0.0033
  116.3     4.11  15.025   0.0043
  116.8     4.12  15.064   0.0004
  117.3     4.11  15.106  -0.0007
  117.7     4.14  15.149  -0.0017
  118.0     4.14  15.190  -0.0032
  118.4     4.15  15.231  -0.0060
  118.8     4.15  15.274  -0.0009
  119.3     4.19  15.315  -0.0027
  119.7     4.20  15.357  -0.0030
  120.1     4.18  15.397  -0.0034
  120.6     4.20  15.441  -0.0025
  120.9     4.22  15.482  -0.0009
  121.4     4.21  15.525  -0.0005
  121.7     4.23  15.567   0.0009
  122.2     4.28  15.609  -0.0007
  122.7     4.22  15.653   0.0002
  123.2     4.27  15.697  -0.0039
  123.7     4.24  15.741  -0.0019
  124.1     4.23  15.784  -0.0002
  124.5     4.26  15.826  -0.0029
  124.9     4.30  15.868  -0.0024
  125.4     4.31  15.905  -0.0080
  125.8     4.32  15.944  -0.0024
  126.1     4.28  15.985  -0.0045
  126.7     4.29  16.027  -0.0067
  127.0     4.30  16.071  -0.0037
  127.5     4.33  16.112  -0.0007
  128.0     4.31  16.152  -0.0026
  128.3     4.31  16.192  -0.0036
  128.8     4.32  16.235  -0.0043
  129.2     4.34  16.277  -0.0038
  129.7     4.34  16.318  -0.0043
  130.1     4.32  16.359  -0.0027
  130.6     4.32  16.402  -0.0010
  131.0     4.30  16.444  -0.0038
  131.4     4.34  16.486  -0.0026
  131.9     4.31  16.529  -0.0020
  132.3     4.34  16.570  -0.0051
  132.8     4.33  16.612  -0.0030
  133.3     4.32  16.654  -0.0052
  133.8     4.34  16.698  -0.0041
  134.3     4.32  16.744  -0.0064
  134.7     4.29  16.787  -0.0065
  135.1     4.30  16.829  -0.0073
  135.5     4.27  16.871  -0.0056
  136.0     4.26  16.912  -0.0064
  136.5     4.31  16.954  -0.0039
  136.9     4.28  16.995  -0.0035
  137.3     4.26  17.038   0.0002
  137.7     4.28  17.080  -0.0039
  138.3     4.31  17.123  -0.0077
  138.7     4.33  17.164  -0.0056
  139.2     4.29  17.205  -0.0030
  139.6     4.30  17.246  -0.0057
  140.0     4.34  17.288  -0.0052
  140.5     4.31  17.329  -0.0053
  140.9     4.30  17.369  -0.0080
  141.4     4.29  17.411  -0.0084
  141.7     4.29  17.453  -0.0055
  142.2     4.28  17.494  -0.0075
  142.7     4.33  17.536  -0.0082
  143.1     4.28  17.576  -0.0038
  143.7     4.33  17.616  -0.0095
  143.9     4.34  17.658  -0.0110
  144.6     4.34  17.702  -0.0095
  145.0     4.35  17.746  -0.0067
  145.5     4.33  17.790  -0.0075
  145.9     4.33  17.833  -0.0129
  146.5     4.35  17.876  -0.0131
  146.9     4.32  17.917  -0.0119
  147.4     4.33  17.956  -0.0123
  147.7     4.34  17.998  -0.0146
  148.2     4.32  18.040  -0.0134
  148.6     4.37  18.080  -0.0121
  149.1     4.36  18.118  -0.0117
  149.5     4.40  18.161  -0.0068
  150.1     4.39  18.203  -0.0067
  150.4     4.37  18.245  -0.0088
  150.9     4.37  18.287  -0.0106
  151.3     4.36  18.327  -0.0079
  151.8     4.37  18.370  -0.0064
  152.3     4.39  18.412  -0.0079
  152.7     4.36  18.455  -0.0110
  153.2     4.38  18.497  -0.0099
  153.6     4.37  18.539  -0.0088
  154.0     4.35  18.580  -0.0085
  154.5     4.38  18.621  -0.0105
  155.0     4.35  18.662  -0.0101
  155.3     4.39  18.706  -0.0096
  155.9     4.39  18.748  -0.0115
  156.4     4.38  18.790  -0.0139
  156.8     4.41  18.834  -0.0138
  157.4     4.46  18.878  -0.0135
  157.7     4.39  18.919  -0.0102
  158.1     4.41  18.960  -0.0123
  158.6     4.41  19.004  -0.0129
  159.1     4.41  19.046  -0.0141
  159.6     4.44  19.086  -0.0120
  160.1     4.48  19.128  -0.0144
  160.5     4.46  19.169  -0.0158
  161.0     4.46  19.211  -0.0173
  161.4     4.45  19.252  -0.0173
  161.9     4.49  19.295  -0.0156
  162.3     4.48  19.336  -0.0188
  162.7     4.49  19.375  -0.0167
  163.2     4.52  19.418  -0.0168
  163.6     4.51  19.463  -0.0189
  164.1     4.52  19.504  -0.0135
  164.7     4.57  19.546  -0.0172
  165.1     4.57  19.588  -0.0196
  165.6     4.61  19.630  -0.0187
  166.0     4.60  19.672  -0.0202
  166.5     4.66  19.717  -0.0182
  166.9     4.63  19.759  -0.0190
  167.3     4.63  19.804  -0.0192
  168.0     4.66  19.847  -0.0238
  168.4     4.74  19.889  -0.0232
  168.8     4.69  19.928  -0.0243
  169.2     4.71  19.968  -0.0225
  169.7     4.73  20.009  -0.0252
  170.1     4.76  20.050  -0.0249
  170.7     4.80  20.089  -0.0308
  171.0     4.82  20.128  -0.0321
  171.4     4.86  20.170  -0.0257
  172.0     4.88  20.211  -0.0225
  172.3     4.85  20.253  -0.0238
  172.9     4.90  20.294  -0.0227
  173.4     4.89  20.338  -0.0277
  173.8     4.90  20.381  -0.0251
  174.3     4.94  20.426  -0.0236
  174.8     4.96  20.470  -0.0235
  175.3     4.95  20.512  -0.0262
  175.8     4.98  20.553  -0.0255
  176.2     4.95  20.595  -0.0236
  176.5     5.00  20.636  -0.0228
  177.1     5.02  20.678  -0.0211
  177.4     5.03  20.720  -0.0182
  178.0     5.08  20.764  -0.0206
  178.4     5.06  20.809  -0.0213
  178.9     5.08  20.852  -0.0221
  179.4     5.12  20.895  -0.0218
  179.8     5.11  20.938  -0.0214
  180.3     5.16  20.980  -0.0207
  180.8     5.16  21.020  -0.0234
  181.2     5.18  21.061  -0.0279
  181.7     5.19  21.101  -0.0281
  182.1     5.18  21.141  -0.0277
  182.5     5.18  21.182  -0.0282
  183.0     5.23  21.225  -0.0264
  183.4     5.20  21.267  -0.0251
  183.8     5.26  21.309  -0.0258
  184.3     5.27  21.350  -0.0253
  184.7     5.25  21.390  -0.0248
  185.2     5.27  21.431  -0.0242
  185.5     5.29  21.473  -0.0239
  186.1     5.22  21.516  -0.0219
  186.5     5.31  21.557  -0.0186
  187.0     5.30  21.599  -0.0204
  187.4     5.34  21.641  -0.0209
  187.9     5.35  21.683  -0.0195
  188.4     5.33  21.728  -0.0181
  188.9     5.39  21.770  -0.0179
  189.3     5.40  21.814  -0.0161
  189.8     5.43  21.857  -0.0155
  190.3     5.42  21.900  -0.0155
  190.7     5.43  21.941  -0.0178
  191.2     5.46  21.983  -0.0196
  191.6     5.43  22.027  -0.0205
  192.0     5.46  22.068  -0.0221
  192.6     5.51  22.109  -0.0213
  192.9     5.50  22.150  -0.0213
  193.5     5.53  22.192  -0.0190
  193.9     5.55  22.233  -0.0215
  194.3     5.52  22.274  -0.0206
  194.8     5.57  22.315  -0.0209
  195.3     5.59  22.356  -0.0202
  195.7     5.55  22.397  -0.0212
  196.1     5.62  22.438  -0.0219
  196.6     5.61  22.482  -0.0224
  197.1     5.60  22.524  -0.0240
  197.6     5.64  22.566  -0.0205
  198.0     5.62  22.609  -0.0199
  198.5     5.71  22.650  -0.0182
  198.9     5.68  22.690  -0.0183
  199.3     5.65  22.729  -0.0166
  199.8     5.69  22.772  -0.0191
  200.3     5.73  22.816  -0.0195
  200.7     5.71  22.858  -0.0196
  201.1     5.75  22.900  -0.0188
  201.7     5.73  22.942  -0.0204
  202.1     5.76  22.982  -0.0211
  202.6     5.77  23.025  -0.0206
  203.0     5.80  23.064  -0.0200
  203.5     5.81  23.102  -0.0199
  203.9     5.83  23.141  -0.0192
  204.3     5.82  23.183  -0.0207
  204.7     5.83  23.222  -0.0206
  205.0     5.83  23.263  -0.0204
  205.5     5.79  23.304  -0.0260
  206.1     5.85  23.346  -0.0311
  206.5     5.86  23.386  -0.0247
  206.9     5.89  23.425  -0.0234
  207.4     5.90  23.469  -0.0247
  207.8     5.89  23.510  -0.0251
  208.3     5.90  23.552  -0.0294
  208.7     5.92  23.595  -0.0273
  209.1     5.88  23.636  -0.0257
  209.5     5.92  23.678  -0.0208
  210.0     5.96  23.721  -0.0245
  210.5     5.96  23.763  -0.0330
  211.0     5.98  23.808  -0.0322
  211.4     5.96  23.853  -0.0273
  212.0     5.99  23.896  -0.0221
  212.5     6.00  23.937  -0.0225
  212.8     6.01  23.979  -0.0237
  213.3     6.01  24.022  -0.0234
  213.8     6.05  24.066  -0.0240
  214.2     6.05  24.111  -0.0291
  214.7     6.07  24.154  -0.0257
  215.1     6.03  24.196  -0.0214
  215.6     6.05  24.239  -0.0223
  216.1     6.05  24.282  -0.0225
  216.5     6.10  24.327  -0.0245
  217.1     6.12  24.369  -0.0244
  217.4     6.10  24.413  -0.0201
  217.9     6.09  24.457  -0.0202
  218.4     6.12  24.500  -0.0213
  218.8     6.13  24.546  -0.0215
  219.4     6.15  24.590  -0.0247
  219.9     6.14  24.634  -0.0268
  220.3     6.18  24.677  -0.0241
  220.7     6.15  24.721  -0.0227
  221.2     6.16  24.765  -0.0275
  221.6     6.19  24.811  -0.0278
  222.1     6.15  24.857  -0.0265
  222.6     6.20  24.900  -0.0267
  223.1     6.21  24.942  -0.0282
  223.5     6.20  24.987  -0.0291
  224.0     6.22  25.031  -0.0280
  224.5     6.21  25.073  -0.0298
  224.9     6.22  25.115  -0.0277
  225.3     6.23  25.160  -0.0307
  225.8     6.24  25.202  -0.0306
  226.3     6.24  25.245  -0.0341
  226.7     6.21  25.289  -0.0340
  227.1     6.24  25.333  -0.0303
  227.6     6.30  25.377  -0.0261
  228.1     6.28  25.420  -0.0248
  228.6     6.27  25.464  -0.0255
  229.0     6.29  25.507  -0.0288
  229.5     6.29  25.550  -0.0322
  230.0     6.33  25.596  -0.0304
  230.5     6.32  25.638  -0.0298
  230.9     6.31  25.681  -0.0281
  231.4     6.33  25.724  -0.0306
  231.7     6.35  25.768  -0.0285
  232.3     6.34  25.813  -0.0287
  232.8     6.37  25.857  -0.0295
  233.2     6.33  25.901  -0.0293
  233.7     6.36  25.944  -0.0294
  234.1     6.35  25.985  -0.0326
  234.5     6.39  26.024  -0.0322
  235.0     6.36  26.065  -0.0304
  235.3     6.35  26.105  -0.0313
  235.8     6.37  26.148  -0.0302
  236.1     6.37  26.187  -0.0333
  236.5     6.37  26.230  -0.0358
  237.1     6.38  26.271  -0.0325
  237.5     6.38  26.312  -0.0371
  237.9     6.39  26.353  -0.0382
  238.3     6.39  26.394  -0.0344
  238.7     6.37  26.436  -0.0361
  239.2     6.37  26.478  -0.0397
  239.6     6.36  26.520  -0.0357
  240.0     6.38  26.561  -0.0381
  240.5     6.41  26.603  -0.0338
  240.9     6.47  26.645  -0.0323
  241.3     6.40  26.685  -0.0316
  241.8     6.41  26.728  -0.0321
  242.2     6.38  26.772  -0.0334
  242.6     6.41  26.816  -0.0314
  243.2     6.42  26.860  -0.0349
  243.7     6.42  26.904  -0.0364
  244.0     6.40  26.948  -0.0352
  244.5     6.43  26.989  -0.0386
  244.9     6.44  27.029  -0.0353
  245.3     6.46  27.070  -0.0356
  245.7     6.45  27.111  -0.0339
  246.2     6.45  27.151  -0.0369
  246.5     6.47  27.193  -0.0375
  246.9     6.44  27.235  -0.0392
  247.5     6.46  27.274  -0.0446
  247.8     6.48  27.315  -0.0435
  248.3     6.44  27.359  -0.0452
  248.7     6.47  27.400  -0.0407
  249.1     6.45  27.441  -0.0426
  249.5     6.46  27.483  -0.0438
  250.1     6.45  27.524  -0.0435
  250.5     6.46  27.568  -0.0439
  250.9     6.48  27.610  -0.0441
  251.3     6.46  27.653  -0.0446
  251.7     6.48  27.695  -0.0445
  252.2     6.47  27.736  -0.0444
  252.7     6.49  27.778  -0.0429
  253.1     6.49  27.825  -0.0434
  253.6     6.54  27.872  -0.0445
  254.2     6.54  27.915  -0.0435
  254.4     6.61  27.959  -0.0443
  255.0     6.53  28.000  -0.0395
  255.4     6.58  28.041  -0.0421
  255.8     6.56  28.083  -0.0464
  256.2     6.57  28.125  -0.0453
  256.7     6.60  28.164  -0.0445
  257.1     6.60  28.202  -0.0454
  257.5     6.59  28.245  -0.0451
  258.0     6.62  28.287  -0.0455
  258.4     6.63  28.329  -0.0474
  258.8     6.64  28.372  -0.0467
  259.3     6.67  28.414  -0.0478
  259.8     6.67  28.456  -0.0500
  260.1     6.73  28.499  -0.0519
  260.7     6.71  28.543  -0.0482
  261.0     6.71  28.585  -0.0491
  261.5     6.73  28.629  -0.0515
  262.0     6.77  28.672  -0.0501
  262.4     6.76  28.714  -0.0508
  262.9     6.79  28.754  -0.0490
  263.2     6.77  28.798  -0.0535
  263.8     6.83  28.840  -0.0555
  264.1     6.81  28.884  -0.0564
  264.7     6.86  28.926  -0.0587
  265.0     6.83  28.968  -0.0578
  265.6     6.89  29.009  -0.0563
  265.9     6.89  29.048  -0.0529
  266.4     6.93  29.089  -0.0534
  266.7     6.91  29.130  -0.0583
  267.2     6.95  29.170  -0.0588
  267.6     6.96  29.213  -0.0625
  268.0     7.00  29.254  -0.0635
  268.6     7.01  29.297  -0.0641
  269.0     7.03  29.340  -0.0647
  269.4     6.99  29.380  -0.0656
  269.9     7.08  29.422  -0.0647
  270.3     7.08  29.464  -0.0652
  270.8     7.11  29.506  -0.0688
  271.2     7.15  29.547  -0.0719
  271.5     7.12  29.590  -0.0763
  272.0     7.17  29.633  -0.0787
  272.5     7.16  29.675  -0.0776
  272.9     7.14  29.716  -0.0772
  273.3     7.20  29.756  -0.0750
  273.8     7.24  29.799  -0.0782
  274.3     7.24  29.843  -0.0754
  274.7     7.28  29.884  -0.0767
  275.2     7.28  29.926  -0.0789
  275.5     7.30  29.969  -0.0755
  276.0     7.33  30.011  -0.0743
  276.4     7.34  30.051  -0.0755
  276.9     7.38  30.090  -0.0755
  277.3     7.35  30.130  -0.0712
  277.7     7.38  30.170  -0.0733
  278.0     7.38  30.210  -0.0754
  278.5     7.38  30.252  -0.0769
  279.1     7.40  30.294  -0.0809
  279.5     7.43  30.336  -0.0821
  280.0     7.39  30.380  -0.0788
  280.4     7.46  30.424  -0.0819
  280.8     7.43  30.467  -0.0882
  281.3     7.42  30.510  -0.0862
  281.7     7.45  30.552  -0.0880
  282.1     7.45  30.593  -0.0916
  282.6     7.47  30.636  -0.0917
  283.0     7.46  30.676  -0.0911
  283.5     7.46  30.718  -0.0894
  283.9     7.48  30.760  -0.0886
  284.3     7.48  30.799  -0.0885
  284.8     7.51  30.843  -0.0958
  285.3     7.52  30.888  -0.0952
  285.8     7.47  30.932  -0.0968
  286.2     7.51  30.975  -0.0935
  286.6     7.52  31.014  -0.0927
  287.0     7.46  31.053  -0.0970
  287.4     7.50  31.093  -0.0961
  287.8     7.48  31.135  -0.0977
  288.2     7.45  31.174  -0.0977
  288.7     7.48  31.212  -0.0955
  289.1     7.46  31.252  -0.0942
  289.5     7.48  31.294  -0.0936
  290.0     7.46  31.334  -0.0944
  290.4     7.46  31.377  -0.1002
  290.8     7.47  31.419  -0.1027
  291.3     7.46  31.459  -0.1034
  291.8     7.47  31.500  -0.1026
  292.2     7.48  31.542  -0.1017
  292.6     7.48  31.583  -0.0996
  293.0     7.41  31.624  -0.0991
  293.5     7.44  31.665  -0.1009
  293.8     7.40  31.705  -0.1001
  294.3     7.39  31.745  -0.0992
  294.8     7.40  31.787  -0.1032
  295.1     7.40  31.828  -0.1032
  295.6     7.39  31.872  -0.1038
  296.1     7.37  31.915  -0.1011
  296.5     7.36  31.958  -0.1031
  297.0     7.38  32.000  -0.1087
  297.5     7.32  32.041  -0.1069
  297.8     7.31  32.081  -0.1102
  298.2     7.31  32.123  -0.1104
  298.7     7.27  32.164  -0.1116
  299.1     7.29  32.203  -0.1131
  299.5     7.27  32.242  -0.1085
  300.0     7.25  32.283  -0.1123
  300.4     7.25  32.324  -0.1087
  300.9     7.24  32.364  -0.1088
  301.3     7.22  32.408  -0.1085
  301.7     7.20  32.451  -0.1101
  302.1     7.20  32.491  -0.1109
  302.5     7.24  32.536  -0.1137
  303.0     7.14  32.580  -0.1146
  303.4     7.12  32.625  -0.1135
  303.9     7.11  32.670  -0.1155
  304.4     7.09  32.712  -0.1180
  304.9     7.06  32.754  -0.1244
  305.3     7.09  32.795  -0.1228
  305.8     7.04  32.835  -0.1209
  306.1     7.05  32.879  -0.1228
  306.6     7.08  32.925  -0.1251
  307.0     6.99  32.969  -0.1280
  307.6     7.00  33.013  -0.1277
  307.9     7.01  33.053  -0.1285
  308.3     6.98  33.091  -0.1279
  308.9     6.97  33.132  -0.1268
  309.2     6.92  33.172  -0.1241
  309.7     6.90  33.216  -0.1249
  310.1     6.93  33.262  -0.1243
  310.7     6.89  33.306  -0.1222
  311.1     6.87  33.349  -0.1253
  311.6     6.91  33.391  -0.1277
  312.0     6.86  33.434  -0.1312
  312.4     6.85  33.475  -0.1276
  312.8     6.82  33.516  -0.1252
  313.3     6.80  33.559  -0.1289
  313.7     6.80  33.602  -0.1354
  314.2     6.77  33.645  -0.1370
  314.8     6.78  33.688  -0.1343
  315.1     6.73  33.728  -0.1287
  315.5     6.74  33.771  -0.1266
  316.0     6.72  33.813  -0.1320
  316.4     6.68  33.859  -0.1351
  316.9     6.73  33.902  -0.1359
  317.4     6.65  33.947  -0.1369
  317.8     6.65  33.991  -0.1367
  318.3     6.68  34.032  -0.1412
  318.7     6.60  34.074  -0.1418
  319.3     6.63  34.116  -0.1425
  319.6     6.63  34.156  -0.1424
  319.9     6.61  34.194  -0.1411
  320.4     6.61  34.235  -0.1445
  321.0     6.60  34.277  -0.1449
  321.4     6.57  34.317  -0.1475
  321.8     6.57  34.357  -0.1495
  322.3     6.56  34.398  -0.1524
  322.7     6.54  34.437  -0.1492
  323.2     6.53  34.478  -0.1491
  323.5     6.54  34.519  -0.1511
  323.9     6.49  34.562  -0.1509
  324.3     6.50  34.605  -0.1497
  324.8     6.44  34.646  -0.1524
  325.2     6.46  34.689  -0.1530
  325.7     6.44  34.731  -0.1475
  326.1     6.43  34.771  -0.1529
  326.5     6.42  34.813  -0.1560
  327.0     6.39  34.857  -0.1532
  327.5     6.44  34.901  -0.1580
  328.0     6.40  34.943  -0.1566
  328.5     6.42  34.987  -0.1617
  328.9     6.41  35.029  -0.1627
  329.4     6.42  35.069  -0.1596
  329.8     6.37  35.109  -0.1611
  330.3     6.44  35.150  -0.1648
  330.8     6.41  35.194  -0.1637
  331.2     6.45  35.237  -0.1658
  331.6     6.40  35.281  -0.1750
  332.2     6.39  35.326  -0.1778
  332.7     6.44  35.367  -0.1834
  333.1     6.36  35.409  -0.1835
  333.6     6.39  35.451  -0.1760
  333.9     6.37  35.491  -0.1691
  334.4     6.34  35.535  -0.1646
  334.9     6.34  35.580  -0.1622
  335.4     6.41  35.624  -0.1688
  335.9     6.34  35.668  -0.1654
  336.2     6.31  35.709  -0.1591
  336.7     6.34  35.752  -0.1730
  337.1     6.33  35.792  -0.1816
  337.7     6.39  35.836  -0.1911
  338.0     6.37  35.879  -0.1854
  338.5     6.31  35.923  -0.1787
  339.0     6.28  35.967  -0.1883
  339.5     6.28  36.012  -0.1809
  340.0     6.25  36.055  -0.1854
  340.4     6.26  36.096  -0.1852
  340.9     6.23  36.136  -0.1869
  341.4     6.22  36.175  -0.1846
  341.8     6.22  36.216  -0.1880
  342.2     6.23  36.256  -0.1877
  342.7     6.24  36.297  -0.1887
  343.1     6.21  36.341  -0.1927
  343.6     6.24  36.386  -0.1940
  344.2     6.25  36.432  -0.1952
  344.7     6.27  36.476  -0.1931
  345.2     6.26  36.518  -0.1945
  345.6     6.27  36.561  -0.1962
  346.1     6.25  36.603  -0.2002
  346.5     6.26  36.644  -0.2046
  346.9     6.29  36.688  -0.2036
  347.5     6.26  36.730  -0.2021
  347.8     6.27  36.771  -0.2035
  348.3     6.23  36.813  -0.2061
  348.8     6.26  36.858  -0.2108
  349.3     6.22  36.904  -0.2152
  349.7     6.26  36.950  -0.2156
  350.2     6.24  36.994  -0.2141
  350.6     6.23  37.038  -0.2182
  351.1     6.22  37.080  -0.2176
  351.7     6.23  37.120  -0.2174
  352.1     6.30  37.163  -0.2209
  352.5     6.16  37.207  -0.2224
  352.9     6.20  37.249  -0.2213
  353.4     6.19  37.293  -0.2205
  353.9     6.19  37.337  -0.2214
  354.4     6.19  37.382  -0.2240
  354.9     6.19  37.427  -0.2256
  355.4     6.19  37.470  -0.2242
  355.9     6.19  37.514  -0.2250
  356.3     6.19  37.556  -0.2338
  356.8     6.17  37.600  -0.2333
  357.2     6.18  37.642  -0.2316
  357.7     6.17  37.685  -0.2317
  358.1     6.15  37.730  -0.2311
  358.6     6.15  37.773  -0.2311
  359.1     6.13  37.815  -0.2339
  359.5     6.12  37.856  -0.2328
  359.8     6.07  37.899  -0.2337
  360.4     6.10  37.944  -0.2341
  360.8     6.12  37.988  -0.2360
  361.3     6.03  38.035  -0.2366
  361.7     6.04  38.079  -0.2371
  362.1     6.02  38.121  -0.2326
  362.7     6.04  38.167  -0.2356
  363.1     5.97  38.211  -0.2346
  363.5     5.98  38.252  -0.2342
  364.0     5.95  38.294  -0.2373
  364.5     5.96  38.338  -0.2359
  364.9     5.91  38.380  -0.2358
  365.4     5.93  38.425  -0.2363
  365.9     5.92  38.470  -0.2348
  366.3     5.89  38.511  -0.2400
  366.7     5.86  38.553  -0.2401
  367.1     5.82  38.595  -0.2396
  367.5     5.82  38.636  -0.2439
  368.0     5.82  38.678  -0.2427
  368.5     5.79  38.720  -0.2424
  368.8     5.80  38.764  -0.2428
  369.3     5.76  38.805  -0.2453
  369.7     5.74  38.846  -0.2405
  370.0     5.72  38.889  -0.2345
  370.5     5.72  38.935  -0.2336
  371.0     5.68  38.980  -0.2355
  371.4     5.65  39.025  -0.2371
  372.0     5.68  39.068  -0.2368
  372.4     5.65  39.110  -0.2357
  372.7     5.59  39.150  -0.2364
  373.2     5.61  39.192  -0.2365
  373.5     5.59  39.233  -0.2400
  374.0     5.57  39.273  -0.2423
  374.3     5.61  39.313  -0.2392
  374.7     5.53  39.355  -0.2408
  375.2     5.56  39.396  -0.2412
  375.6     5.55  39.439  -0.2402
  376.1     5.51  39.482  -0.2394
  376.4     5.50  39.523  -0.2365
  376.9     5.57  39.565  -0.2353
  377.3     5.46  39.606  -0.2358
  377.7     5.49  39.649  -0.2350
  378.1     5.47  39.691  -0.2354
  378.6     5.46  39.734  -0.2334
  379.0     5.49  39.778  -0.2325
  379.5     5.45  39.821  -0.2323
  380.0     5.46  39.864  -0.2371
  380.4     5.44  39.908  -0.2376
  380.8     5.42  39.954  -0.2411
  381.3     5.48  39.998  -0.2380
  381.6     5.42  40.040  -0.2381
  382.2     5.44  40.079  -0.2345
  382.5     5.40  40.119  -0.2357
  382.9     5.40  40.161  -0.2365
  383.3     5.39  40.200  -0.2355
  383.6     5.38  40.241  -0.2349
  384.1     5.38  40.281  -0.2359
  384.6     5.38  40.323  -0.2368
  384.9     5.36  40.367  -0.2376
  385.3     5.36  40.412  -0.2394
  385.9     5.33  40.456  -0.2397
  386.2     5.34  40.499  -0.2397
  386.7     5.34  40.542  -0.2395
  387.2     5.32  40.584  -0.2376
  387.6     5.33  40.629  -0.2387
  388.0     5.33  40.674  -0.2419
  388.5     5.30  40.717  -0.2433
  389.0     5.34  40.761  -0.2443
  389.3     5.31  40.803  -0.2462
  389.7     5.32  40.845  -0.2492
  390.2     5.33  40.887  -0.2489
  390.6     5.28  40.933  -0.2526
  391.1     5.33  40.978  -0.2527
  391.6     5.30  41.025  -0.2536
  392.0     5.32  41.070  -0.2498
  392.4     5.31  41.114  -0.2468
  392.9     5.30  41.156  -0.2484
  393.4     5.32  41.199  -0.2528
  393.8     5.32  41.240  -0.2514
  394.2     5.28  41.278  -0.2499
  394.5     5.29  41.321  -0.2483
  395.0     5.29  41.364  -0.2468
  395.3     5.29  41.407  -0.2488
  395.9     5.32  41.453  -0.2504
  396.3     5.31  41.497  -0.2536
  396.7     5.29  41.541  -0.2525
  397.3     5.27  41.585  -0.2487
  397.7     5.30  41.629  -0.2527
  398.2     5.28  41.671  -0.2564
  398.5     5.27  41.717  -0.2554
  399.0     5.29  41.762  -0.2559
  399.4     5.28  41.807  -0.2571
  399.9     5.27  41.848  -0.2527
  400.3     5.27  41.891  -0.2510
  400.7     5.28  41.931  -0.2504
  401.2     5.29  41.975  -0.2535
  401.7     5.27  42.021  -0.2558
  402.1     5.27  42.066  -0.2569
  402.6     5.27  42.109  -0.2587
  403.0     5.23  42.153  -0.2529
  403.5     5.24  42.197  -0.2540
  403.9     5.27  42.240  -0.2554
  404.4     5.25  42.282  -0.2547
  404.7     5.25  42.324  -0.2547
  405.2     5.24  42.368  -0.2571
  405.7     5.27  42.410  -0.2554
  406.0     5.25  42.453  -0.2592
  406.5     5.23  42.498  -0.2614
  407.0     5.23  42.542  -0.2620
  407.4     5.22  42.586  -0.2555
  407.8     5.18  42.631  -0.2551
  408.4     5.23  42.675  -0.2575
  408.7     5.20  42.719  -0.2592
  409.1     5.17  42.762  -0.2588
  409.6     5.20  42.804  -0.2592
  410.0     5.19  42.847  -0.2605
  410.4     5.20  42.889  -0.2640
  410.9     5.18  42.930  -0.2637
  411.3     5.17  42.975  -0.2571
  411.8     5.18  43.020  -0.2544
  412.3     5.18  43.065  -0.2598
  412.7     5.14  43.108  -0.2608
  413.1     5.17  43.150  -0.2599
  413.6     5.15  43.191  -0.2598
  414.0     5.17  43.236  -0.2639
  414.4     5.16  43.276  -0.2626
  414.9     5.12  43.320  -0.2632
  415.3     5.12  43.362  -0.2679
  415.7     5.12  43.404  -0.2709
  416.1     5.13  43.446  -0.2691
  416.5     5.09  43.489  -0.2668
  417.0     5.08  43.532  -0.2672
  417.5     5.11  43.574  -0.2673
  417.8     5.09  43.615  -0.2665
  418.2     5.07  43.658  -0.2621
  418.7     5.09  43.702  -0.2622
  419.1     5.06  43.747  -0.2622
  419.6     5.07  43.790  -0.2610
  420.0     5.08  43.835  -0.2728
  420.5     5.04  43.878  -0.2658
  420.9     5.05  43.925  -0.2637
  421.3     5.02  43.970  -0.2648
  421.9     5.01  44.017  -0.2635
  422.3     4.98  44.062  -0.2612
  422.7     4.99  44.108  -0.2592
  423.2     5.01  44.152  -0.2651
  423.6     4.97  44.193  -0.2621
  424.1     4.97  44.238  -0.2611
  424.5     4.93  44.281  -0.2629
  424.9     4.93  44.323  -0.2633
  425.4     4.94  44.367  -0.2629
  425.8     4.94  44.408  -0.2637
  426.3     4.94  44.453  -0.2667
  426.7     4.91  44.497  -0.2680
  427.1     4.90  44.539  -0.2700
  427.6     4.90  44.580  -0.2689
  428.0     4.90  44.622  -0.2681
  428.3     4.90  44.665  -0.2687
  428.8     4.89  44.710  -0.2688
  429.3     4.85  44.755  -0.2676
  429.8     4.86  44.801  -0.2659
  430.2     4.83  44.845  -0.2699
  430.7     4.84  44.887  -0.2709
  431.2     4.85  44.932  -0.2691
  431.5     4.84  44.978  -0.2706
  432.0     4.83  45.024  -0.2723
  432.5     4.80  45.068  -0.2751
  432.8     4.78  45.111  -0.2753
  433.4     4.79  45.154  -0.2749
  433.8     4.80  45.194  -0.2781
  434.1     4.78  45.236  -0.2881
  434.7     4.77  45.278  -0.2851
  435.0     4.79  45.318  -0.2857
  435.4     4.79  45.359  -0.2868
  435.8     4.80  45.405  -0.2876
  436.3     4.74  45.448  -0.2867
  436.7     4.73  45.494  -0.2772
  437.1     4.72  45.538  -0.2731
  437.6     4.70  45.584  -0.2750
  438.0     4.65  45.627  -0.2704
  438.5     4.68  45.671  -0.2676
  439.0     4.66  45.714  -0.2606
  439.4     4.70  45.759  -0.2557
  439.9     4.70  45.803  -0.2583
  440.3     4.66  45.847  -0.2566
  440.6     4.65  45.889  -0.2630
  441.1     4.69  45.930  -0.2718
  441.6     4.70  45.973  -0.2864
  442.1     4.70  46.019  -0.2883
  442.5     4.65  46.065  -0.2783
  443.3     4.64  46.154  -0.2665
  444.1     4.58  46.226  -0.2697
  444.4     4.55  46.269  -0.2678
  444.9     4.53  46.311  -0.2688
  445.4     4.52  46.354  -0.2668
  445.8     4.53  46.395  -0.2671
  446.2     4.52  46.440  -0.2687
  446.6     4.52  46.484  -0.2721
  447.1     4.54  46.529  -0.2682
  447.5     4.52  46.572  -0.2704
  448.0     4.53  46.614  -0.2673
  448.4     4.48  46.658  -0.2679
  448.9     4.51  46.702  -0.2703
  449.3     4.48  46.745  -0.2692
  449.7     4.46  46.789  -0.2697
  450.1     4.46  46.832  -0.2709
  450.5     4.50  46.875  -0.2719
  451.0     4.47  46.919  -0.2711
  451.4     4.45  46.962  -0.2720
  451.8     4.42  47.007  -0.2689
  452.4     4.46  47.048  -0.2669
  452.8     4.44  47.090  -0.2688
  453.1     4.42  47.133  -0.2678
  453.5     4.43  47.175  -0.2662
  453.9     4.42  47.216  -0.2691
  454.3     4.41  47.261  -0.2714
  454.9     4.43  47.303  -0.2787
  455.3     4.46  47.347  -0.2805
  455.8     4.47  47.392  -0.2859
  456.2     4.46  47.436  -0.2887
  456.6     4.47  47.484  -0.2947
  457.0     4.44  47.529  -0.2859
  457.5     4.45  47.575  -0.2683
  458.0     4.40  47.618  -0.2684
  458.3     4.37  47.662  -0.2658
  458.8     4.38  47.704  -0.2623
  459.3     4.38  47.745  -0.2608
  459.6     4.37  47.786  -0.2576
  460.0     4.36  47.828  -0.2584
  460.5     4.39  47.870  -0.2603
  461.0     4.37  47.911  -0.2575
  461.3     4.36  47.953  -0.2599
  461.8     4.36  47.997  -0.2674
  462.3     4.34  48.042  -0.2676
  462.7     4.37  48.088  -0.2796
  463.2     4.38  48.129  -0.2897
  463.6     4.38  48.173  -0.2900
  464.0     4.36  48.215  -0.2853
  464.5     4.31  48.258  -0.2850
  465.0     4.34  48.302  -0.2801
  465.4     4.29  48.344  -0.2789
  465.7     4.27  48.385  -0.2761
  466.1     4.26  48.426  -0.2746
  466.5     4.29  48.465  -0.2763
  466.9     4.28  48.507  -0.2746
  467.4     4.26  48.551  -0.2745
  467.8     4.25  48.595  -0.2717
  468.3     4.25  48.640  -0.2692
  468.7     4.25  48.684  -0.2742
  469.2     4.26  48.728  -0.2771
  469.6     4.23  48.769  -0.2730
  469.9     4.22  48.811  -0.2737
  470.4     4.24  48.855  -0.2783
  470.8     4.23  48.896  -0.2785
  471.3     4.20  48.938  -0.2767
  471.7     4.23  48.979  -0.2745
  472.1     4.21  49.024  -0.2747
  472.6     4.22  49.071  -0.2761
  473.2     4.21  49.115  -0.2733
  473.5     4.20  49.160  -0.2751
  474.0     4.23  49.201  -0.2702
  474.4     4.20  49.242  -0.2698
  474.8     4.22  49.282  -0.2734
  475.3     4.21  49.325  -0.2733
  475.6     4.22  49.367  -0.2741
  476.2     4.23  49.411  -0.2757
  476.6     4.20  49.455  -0.2740
  476.9     4.24  49.499  -0.2767
  477.5     4.16  49.544  -0.2732
  478.0     4.18  49.589  -0.2733
  478.5     4.19  49.632  -0.2763
  478.7     4.18  49.676  -0.2805
  479.2     4.19  49.720  -0.2806
  479.8     4.16  49.764  -0.2793
  480.2     4.15  49.808  -0.2792
  480.7     4.07  49.852  -0.2783
  481.0     4.14  49.893  -0.2749
  481.4     4.14  49.934  -0.2782
  481.8     4.16  49.978  -0.2811
  482.3     4.18  50.020  -0.2777
  482.8     4.15  50.065  -0.2769
  483.2     4.16  50.106  -0.2770
  483.7     4.15  50.150  -0.2786
  484.1     4.14  50.192  -0.2757
  484.5     4.13  50.231  -0.2766
  484.9     4.12  50.273  -0.2776
  485.3     4.14  50.314  -0.2752
  485.6     4.12  50.356  -0.2787
  486.1     4.19  50.396  -0.2798
  486.6     4.11  50.437  -0.2794
  487.0     4.09  50.479  -0.2815
  487.4     4.11  50.520  -0.2781
  487.8     4.08  50.562  -0.2787
  488.2     4.09  50.605  -0.2799
  488.7     4.09  50.646  -0.2796
  489.0     4.09  50.686  -0.2809
  489.4     4.08  50.730  -0.2781
  489.9     4.07  50.771  -0.2762
  490.3     4.06  50.813  -0.2760
  490.7     4.06  50.855  -0.2791
  491.1     4.02  50.897  -0.2824
  491.5     4.02  50.940  -0.2805
  491.9     4.04  50.981  -0.2740
  492.5     4.04  51.025  -0.2782
  492.7     3.99  51.070  -0.2822
  493.3     4.01  51.112  -0.2782
  493.6     4.03  51.154  -0.2760
  494.0     4.00  51.195  -0.2735
  494.5     3.99  51.236  -0.2717
  494.9     3.96  51.278  -0.2785
  495.3     3.99  51.321  -0.2791
  495.8     3.97  51.363  -0.2762
  496.1     4.03  51.404  -0.2793
  496.7     4.03  51.444  -0.2925
  497.0     4.03  51.484  -0.2898
  497.3     4.04  51.525  -0.2898
  497.8     4.03  51.568  -0.2968
  498.1     4.05  51.610  -0.2923
  498.6     4.04  51.653  -0.2823
  499.0     4.02  51.696  -0.2736
  499.5     4.03  51.739  -0.2655
  499.8     4.02  51.779  -0.2669
  500.3     4.03  51.822  -0.2621
  500.7     4.00  51.864  -0.2658
  501.1     4.02  51.906  -0.2610
  501.5     3.99  51.949  -0.2666
  501.9     4.01  51.990  -0.2719
  502.4     3.99  52.035  -0.2666
  502.8     3.98  52.079  -0.2675
  503.3     3.96  52.125  -0.2796
  503.7     3.98  52.167  -0.2874
  504.1     4.02  52.209  -0.2943
  504.6     4.00  52.251  -0.2992
  505.0     3.99  52.293  -0.2886
  505.4     3.98  52.335  -0.2882
  506.0     3.99  52.375  -0.2891
  506.3     3.99  52.415  -0.2833
  506.7     3.97  52.456  -0.2842
  507.1     3.93  52.497  -0.2783
  507.4     3.91  52.539  -0.2773
  507.9     3.93  52.582  -0.2784
  508.3     3.92  52.624  -0.2788
  508.7     3.93  52.667  -0.2822
  509.2     3.92  52.708  -0.2811
  509.6     3.90  52.751  -0.2839
  510.0     3.95  52.793  -0.2826
  510.4     3.91  52.835  -0.2808
  510.8     3.94  52.877  -0.2870
  511.3     3.96  52.919  -0.2845
  511.7     3.93  52.960  -0.2846
  512.1     3.92  53.001  -0.2801
  512.5     3.91  53.046  -0.2833
  513.0     3.89  53.093  -0.2811
  513.4     3.93  53.138  -0.2850
  513.9     3.90  53.183  -0.2833
  514.3     3.91  53.225  -0.2890
  514.7     3.87  53.267  -0.2870
  515.1     3.87  53.308  -0.2834
  515.6     3.90  53.349  -0.2866
  515.8     3.88  53.388  -0.2852
  516.3     3.86  53.428  -0.2837
  516.5     3.88  53.469  -0.2794
  517.2     3.89  53.510  -0.2834
  517.7     3.93  53.552  -0.2979
  518.1     3.94  53.593  -0.2982
  518.4     3.94  53.634  -0.3010
  518.8     3.91  53.675  -0.3026
  519.2     3.92  53.718  -0.2991
  519.6     3.89  53.759  -0.2893
  519.9     3.90  53.801  -0.2869
  520.5     3.88  53.844  -0.2741
  520.8     3.85  53.886  -0.2657
  521.3     3.92  53.926  -0.2650
  521.7     3.93  53.968  -0.2714
  522.2     3.89  54.010  -0.2779
  522.6     3.85  54.055  -0.2787
  522.9     3.87  54.099  -0.2793
  523.4     3.86  54.141  -0.2778
  523.8     3.88  54.184  -0.2819
  524.4     3.87  54.228  -0.2870
  524.7     3.87  54.270  -0.2929
  525.1     3.90  54.313  -0.3038
  525.5     3.88  54.355  -0.3027
  526.0     3.89  54.398  -0.2952
  526.6     3.88  54.442  -0.2932
  527.0     3.94  54.486  -0.2920
  527.4     3.87  54.529  -0.2916
  527.7     3.85  54.569  -0.2915
  528.1     3.85  54.612  -0.2847
  528.5     3.83  54.652  -0.2869
  528.9     3.85  54.693  -0.2846
  529.4     3.84  54.735  -0.2859
  529.8     3.81  54.778  -0.2879
  530.2     3.83  54.820  -0.2843
  530.6     3.83  54.861  -0.2863
  531.0     3.82  54.906  -0.2875
  531.4     3.83  54.951  -0.2867
  531.8     3.80  54.996  -0.2852
  532.4     3.84  55.040  -0.2860
  532.8     3.78  55.086  -0.2840
  533.3     3.80  55.131  -0.2864
  533.7     3.82  55.172  -0.2867
  534.2     3.80  55.216  -0.2865
  534.5     3.83  55.258  -0.2816
  534.9     3.83  55.299  -0.2844
  535.4     3.79  55.342  -0.2851
  535.8     3.81  55.384  -0.2870
  536.2     3.80  55.423  -0.2869
  536.7     3.79  55.466  -0.2902
  537.1     3.83  55.508  -0.2896
  537.5     3.80  55.548  -0.2848
  537.8     3.79  55.591  -0.2832
  538.3     3.79  55.633  -0.2835
  538.7     3.79  55.675  -0.2807
  539.2     3.81  55.718  -0.2789
  539.5     3.78  55.761  -0.2818
  540.0     3.78  55.803  -0.2837
  540.4     3.80  55.845  -0.2810
  540.8     3.76  55.886  -0.2861
  541.3     3.79  55.927  -0.2812
  541.7     3.80  55.967  -0.2849
  542.0     3.80  56.010  -0.2876
  542.5     3.82  56.051  -0.2822
  542.9     3.77  56.096  -0.2814
  543.3     3.81  56.140  -0.2869
  543.7     3.78  56.184  -0.2822
  544.1     3.76  56.228  -0.2804
  544.6     3.79  56.271  -0.2836
  545.0     3.75  56.312  -0.2848
  545.4     3.76  56.354  -0.2817
  545.9     3.72  56.395  -0.2915
  546.2     3.74  56.434  -0.2890
  546.6     3.75  56.474  -0.2875
  547.1     3.76  56.517  -0.2908
  547.4     3.74  56.559  -0.2858
  547.8     3.75  56.601  -0.2826
  548.3     3.77  56.643  -0.2806
  548.7     3.77  56.683  -0.2832
  549.1     3.77  56.722  -0.2847
  549.4     3.77  56.765  -0.2816
  549.9     3.74  56.806  -0.2799
  550.3     3.76  56.850  -0.2815
  550.7     3.76  56.892  -0.2820
  551.2     3.77  56.932  -0.2788
  551.5     3.76  56.973  -0.2806
  552.0     3.78  57.017  -0.2812
  552.3     3.78  57.059  -0.2836
  552.8     3.78  57.104  -0.2829
  553.3     3.77  57.148  -0.2761
  553.7     3.80  57.189  -0.2753
  554.1     3.77  57.229  -0.2803
  554.5     3.82  57.271  -0.2784
  554.9     3.78  57.312  -0.2795
  555.3     3.75  57.354  -0.2791
  555.8     3.80  57.396  -0.2725
  556.2     3.79  57.440  -0.2745
  556.6     3.81  57.483  -0.2751
  557.1     3.77  57.525  -0.2729
  557.5     3.78  57.566  -0.2753
  557.9     3.77  57.609  -0.2734
  558.2     3.75  57.650  -0.2715
  558.7     3.75  57.690  -0.2625
  559.1     3.77  57.734  -0.2670
  559.5     3.77  57.776  -0.2696
  559.9     3.75  57.819  -0.2670
  560.4     3.77  57.861  -0.2724
  560.8     3.73  57.904  -0.2677
  561.2     3.74  57.945  -0.2619
  561.6     3.81  57.988  -0.2674
  562.1     3.79  58.030  -0.2620
  562.6     3.75  58.074  -0.2603
  562.9     3.73  58.118  -0.2642
  563.4     3.78  58.162  -0.2713
  563.7     3.75  58.204  -0.2707
  564.2     3.71  58.246  -0.2600
  564.6     3.72  58.286  -0.2581
  564.9     3.73  58.326  -0.2598
  565.4     3.74  58.369  -0.2652
  565.8     3.74  58.409  -0.2709
  566.2     3.71  58.448  -0.2682
  566.5     3.72  58.489  -0.2576
  566.9     3.74  58.529  -0.2621
  567.5     3.78  58.571  -0.2640
  567.8     3.74  58.613  -0.2633
  568.2     3.75  58.655  -0.2641
  568.5     3.71  58.697  -0.2634
  569.1     3.74  58.740  -0.2672
  569.4     3.80  58.783  -0.2705
  569.8     3.70  58.826  -0.2614
  570.3     3.76  58.869  -0.2531
  570.7     3.77  58.912  -0.2594
  571.1     3.75  58.954  -0.2640
  571.5     3.77  58.994  -0.2729
  572.0     3.79  59.037  -0.2648
  572.4     3.77  59.077  -0.2712
  572.8     3.84  59.121  -0.2722
  573.2     3.76  59.164  -0.2612
  573.4     3.72  59.207  -0.2604
  574.0     3.68  59.250  -0.2678
  574.3     3.75  59.293  -0.2726
  575.0     3.80  59.334  -0.2706
  575.3     3.78  59.377  -0.2705
  575.8     3.79  59.420  -0.2698
  576.1     3.73  59.459  -0.2683
  576.4     3.73  59.499  -0.2652
  577.0     3.77  59.541  -0.2628
  577.5     3.82  59.584  -0.2744
  577.8     3.78  59.625  -0.2722
  578.2     3.77  59.667  -0.2700
  578.6     3.75  59.709  -0.2718
  579.0     3.76  59.750  -0.2690
  579.6     3.80  59.793  -0.2611
  579.9     3.80  59.837  -0.2517
  580.4     3.86  59.878  -0.2601
  580.7     3.80  59.920  -0.2609
  581.2     3.79  59.962  -0.2550
  581.5     3.83  60.005  -0.2570
  581.9     3.80  60.048  -0.2511
  582.4     3.81  60.090  -0.2484
  582.7     3.81  60.131  -0.2520
  583.2     3.82  60.175  -0.2612
  583.7     3.84  60.219  -0.2573
  583.9     3.83  60.262  -0.2699
  584.4     3.84  60.303  -0.2695
  584.7     3.84  60.343  -0.2681
  585.1     3.80  60.388  -0.2652
  585.5     3.81  60.428  -0.2657
  586.0     3.83  60.469  -0.2695
  586.4     3.82  60.510  -0.2606
  586.9     3.80  60.551  -0.2605
  587.1     3.81  60.594  -0.2639
  587.6     3.81  60.636  -0.2653
  588.0     3.85  60.679  -0.2642
  588.4     3.81  60.722  -0.2639
  588.8     3.84  60.762  -0.2578
  589.2     3.84  60.805  -0.2470
  589.6     3.84  60.847  -0.2600
  590.1     3.87  60.890  -0.2622
  590.5     3.87  60.934  -0.2644
  591.0     3.86  60.974  -0.2613
  591.4     3.90  61.015  -0.2619
  591.6     3.85  61.057  -0.2623
  592.1     3.88  61.100  -0.2606
  592.5     3.85  61.145  -0.2626
  593.0     3.87  61.189  -0.2625
  593.5     3.89  61.233  -0.2585
  593.9     3.88  61.276  -0.2500
  594.4     3.88  61.317  -0.2521
  594.8     3.91  61.356  -0.2480
  595.1     3.87  61.397  -0.2530
  595.5     3.91  61.437  -0.2547
  595.9     3.90  61.475  -0.2549
  596.3     3.86  61.518  -0.2591
  596.7     3.86  61.560  -0.2598
  597.2     3.86  61.601  -0.2532
  597.5     3.86  61.643  -0.2591
  598.0     3.88  61.685  -0.2586
  598.3     3.87  61.727  -0.2602
  598.8     3.90  61.769  -0.2534
  599.1     3.94  61.814  -0.2481
  599.7     3.95  61.858  -0.2492
  600.1     3.92  61.902  -0.2527
