   12.9     2.19   0.038  -0.0005
   13.0     2.17   0.080   0.0064
   13.1     2.21   0.120   0.0008
   13.0     2.18   0.161  -0.0046
   13.1     2.20   0.207   0.0013
   13.0     2.25   0.250   0.0003
   13.1     2.16   0.293   0.0005
   13.1     2.16   0.336   0.0021
   13.1     2.16   0.375   0.0051
   13.1     2.11   0.418  -0.0016
   13.1     2.05   0.460   0.0001
   13.1     2.03   0.500   0.0042
   13.0     2.02   0.544  -0.0006
   13.1     1.94   0.587   0.0014
   13.2     1.97   0.627  -0.0014
   13.2     1.96   0.667  -0.0056
   13.2     1.92   0.710  -0.0082
   13.2     1.92   0.753  -0.0053
   13.3     1.94   0.798  -0.0111
   13.3     1.85   0.841  -0.0023
   13.3     1.91   0.884  -0.0049
   13.4     1.90   0.926  -0.0097
   13.2     1.83   0.968  -0.0065
   13.3     1.93   1.012  -0.0087
   13.5     1.88   1.055  -0.0063
   13.5     1.92   1.096  -0.0039
   13.5     1.87   1.140  -0.0043
   13.6     1.90   1.182   0.0031
   13.5     1.85   1.222  -0.0014
   13.5     1.76   1.265  -0.0038
   13.5     1.77   1.310   0.0018
   13.6     1.81   1.356  -0.0053
   13.7     1.79   1.399  -0.0073
   13.6     1.79   1.443  -0.0034
   13.6     1.77   1.486  -0.0056
   13.6     1.71   1.527  -0.0008
   13.7     1.73   1.569  -0.0000
   13.7     1.73   1.611  -0.0038
   13.7     1.75   1.653   0.0008
   13.8     1.74   1.696  -0.0027
   13.8     1.72   1.738  -0.0071
   13.9     1.73   1.779  -0.0030
   14.0     1.72   1.820  -0.0012
   14.0     1.69   1.864  -0.0035
   14.0     1.67   1.907  -0.0009
   14.2     1.74   1.953  -0.0017
   14.1     1.75   1.997   0.0025
   14.1     1.70   2.042   0.0011
   14.3     1.81   2.086  -0.0010
   14.3     1.77   2.128   0.0039
   14.5     1.77   2.170  -0.0042
   14.4     1.73   2.212  -0.0070
   14.6     1.74   2.253  -0.0063
   14.7     1.85   2.296  -0.0130
   14.8     1.86   2.339  -0.0072
   14.9     1.91   2.381  -0.0060
   15.0     1.80   2.424  -0.0074
   15.0     1.77   2.469  -0.0091
   15.0     1.84   2.513  -0.0067
   15.2     1.79   2.557  -0.0086
   15.3     1.88   2.600  -0.0079
   15.4     1.82   2.644  -0.0063
   15.6     1.98   2.688  -0.0010
   15.8     2.08   2.729   0.0048
   15.9     2.05   2.769  -0.0003
   16.0     2.09   2.811  -0.0115
   16.1     2.06   2.851  -0.0081
   16.2     2.05   2.893  -0.0126
   16.3     2.11   2.934  -0.0212
   16.5     2.18   2.974  -0.0192
   16.7     2.23   3.021  -0.0140
   16.8     2.17   3.065  -0.0153
   17.1     2.28   3.108  -0.0161
   17.2     2.30   3.151  -0.0157
   17.2     2.32   3.194  -0.0239
   17.5     2.31   3.237  -0.0201
   17.6     2.30   3.279  -0.0189
   17.9     2.43   3.322  -0.0211
   18.1     2.50   3.364  -0.0115
   18.3     2.57   3.407  -0.0111
   18.3     2.46   3.449  -0.0074
   18.6     2.48   3.491  -0.0085
   18.8     2.50   3.528  -0.0073
   18.9     2.52   3.574  -0.0056
   19.1     2.51   3.619  -0.0083
   19.3     2.50   3.661  -0.0111
   19.4     2.59   3.702  -0.0010
   19.8     2.55   3.742  -0.0055
   19.9     2.58   3.786  -0.0100
   20.1     2.60   3.829  -0.0037
   20.3     2.63   3.871  -0.0032
   20.7     2.70   3.913  -0.0067
   20.9     2.79   3.957  -0.0060
   21.1     2.86   4.001  -0.0091
   21.5     2.92   4.042  -0.0072
   21.6     2.93   4.081  -0.0072
   21.9     2.99   4.121  -0.0113
   22.1     2.94   4.166  -0.0148
   22.4     2.92   4.211  -0.0146
   22.6     2.98   4.254  -0.0169
   22.9     2.99   4.296  -0.0144
   23.1     3.03   4.339  -0.0075
   23.4     3.05   4.383  -0.0088
   23.6     3.10   4.424  -0.0078
   23.9     3.22   4.466  -0.0045
   24.3     3.27   4.510  -0.0067
   24.7     3.32   4.552  -0.0061
   24.9     3.36   4.592  -0.0061
   25.2     3.35   4.634  -0.0052
   25.5     3.39   4.675  -0.0047
   25.7     3.38   4.720  -0.0121
   26.1     3.48   4.764  -0.0039
   26.3     3.40   4.806  -0.0017
   26.6     3.50   4.847  -0.0036
   26.9     3.54   4.889   0.0009
   27.3     3.61   4.931   0.0012
   27.6     3.61   4.974   0.0013
   27.9     3.66   5.015   0.0055
   28.3     3.71   5.057  -0.0008
   28.6     3.72   5.100   0.0050
   29.0     3.82   5.140   0.0063
   29.2     3.84   5.182  -0.0027
   29.7     3.88   5.224   0.0002
   30.0     3.97   5.266   0.0011
   30.2     3.94   5.312  -0.0001
   30.6     3.96   5.356   0.0024
   30.9     4.02   5.401   0.0045
   31.3     4.00   5.443   0.0032
   31.6     4.01   5.487   0.0036
   32.0     4.05   5.532   0.0005
   32.5     4.15   5.575  -0.0007
   32.7     4.17   5.617  -0.0019
   33.1     4.19   5.660  -0.0080
   33.4     4.26   5.702  -0.0042
   33.8     4.22   5.742  -0.0047
   34.1     4.22   5.783  -0.0085
   34.4     4.28   5.827  -0.0045
   34.8     4.31   5.870  -0.0068
   35.3     4.38   5.916  -0.0077
   35.7     4.36   5.958   0.0003
   36.0     4.40   6.001  -0.0037
   36.4     4.49   6.044  -0.0037
   36.7     4.53   6.087  -0.0053
   37.1     4.57   6.129  -0.0029
   37.5     4.54   6.172  -0.0015
   37.9     4.62   6.212  -0.0063
   38.3     4.66   6.254   0.0011
   38.6     4.62   6.295  -0.0019
   39.0     4.71   6.337  -0.0056
   39.3     4.67   6.381  -0.0037
   39.8     4.69   6.424  -0.0087
   40.2     4.73   6.469  -0.0061
   40.6     4.78   6.512  -0.0095
   40.9     4.76   6.554  -0.0166
   41.3     4.80   6.595  -0.0118
   41.7     4.83   6.636  -0.0108
   42.0     4.84   6.679  -0.0105
   42.5     4.91   6.723  -0.0077
   42.8     4.88   6.763  -0.0079
   43.2     4.91   6.805  -0.0081
   43.6     4.98   6.846  -0.0093
   43.9     5.01   6.888  -0.0058
   44.4     5.02   6.927  -0.0106
   44.6     5.06   6.971  -0.0146
   45.2     5.04   7.017  -0.0176
   45.6     5.06   7.062  -0.0183
   46.0     5.10   7.105  -0.0195
   46.5     5.15   7.149  -0.0174
   46.8     5.17   7.192  -0.0152
   47.3     5.14   7.235  -0.0154
   47.7     5.20   7.276  -0.0111
   48.1     5.24   7.317  -0.0152
   48.4     5.30   7.357  -0.0123
   48.8     5.25   7.397  -0.0117
   49.1     5.26   7.437  -0.0122
   49.7     5.35   7.478  -0.0102
   50.0     5.34   7.522  -0.0097
   50.4     5.44   7.567  -0.0070
   50.9     5.39   7.613  -0.0077
   51.2     5.36   7.657  -0.0134
   51.8     5.42   7.701  -0.0119
   52.2     5.44   7.745  -0.0129
   52.5     5.42   7.788  -0.0108
   52.9     5.43   7.830  -0.0091
   53.3     5.46   7.874  -0.0009
   53.8     5.49   7.917  -0.0014
   54.3     5.52   7.958   0.0032
   54.6     5.47   7.999  -0.0041
   55.0     5.57   8.041  -0.0024
   55.5     5.59   8.085  -0.0021
   56.0     5.66   8.130  -0.0019
   56.4     5.74   8.175  -0.0033
   56.9     5.75   8.219  -0.0000
   57.2     5.65   8.263  -0.0031
   57.7     5.63   8.305  -0.0050
   58.0     5.68   8.348  -0.0112
   58.5     5.70   8.390  -0.0065
   58.9     5.80   8.432  -0.0057
   59.2     5.71   8.473  -0.0046
   59.8     5.75   8.515  -0.0077
   60.1     5.80   8.555  -0.0054
   60.5     5.75   8.597  -0.0081
   60.8     5.79   8.636  -0.0118
   61.3     5.73   8.681  -0.0128
   61.7     5.74   8.727  -0.0064
   62.2     5.80   8.770  -0.0092
   62.7     5.81   8.810  -0.0090
   63.0     5.91   8.852  -0.0115
   63.5     5.85   8.896  -0.0087
   63.9     5.92   8.938  -0.0082
   64.4     5.94   8.981  -0.0101
   64.6     5.85   9.023  -0.0097
   65.1     5.95   9.068  -0.0077
   65.5     5.92   9.108  -0.0071
   65.9     5.90   9.149  -0.0064
   66.5     5.91   9.190  -0.0072
   66.7     5.91   9.231  -0.0098
   67.2     5.94   9.275  -0.0038
   67.8     5.92   9.319  -0.0070
   68.0     5.91   9.362  -0.0113
   68.5     5.95   9.406  -0.0080
   68.9     5.95   9.449  -0.0086
   69.4     5.97   9.493  -0.0088
   69.8     5.98   9.534  -0.0073
   70.2     6.02   9.577  -0.0137
   70.6     6.05   9.618  -0.0118
   71.1     6.06   9.661  -0.0142
   71.5     6.11   9.701  -0.0099
   72.0     6.11   9.741  -0.0100
   72.4     6.15   9.781  -0.0102
   72.8     6.20   9.824  -0.0146
   73.2     6.15   9.871  -0.0123
   73.6     6.14   9.912  -0.0125
   74.1     6.27   9.954  -0.0095
   74.5     6.21   9.994  -0.0093
   74.9     6.24  10.036  -0.0110
   75.3     6.22  10.078  -0.0076
   75.8     6.25  10.119  -0.0099
   76.2     6.29  10.161  -0.0126
   76.7     6.24  10.204  -0.0101
   76.9     6.18  10.246  -0.0135
   77.4     6.17  10.288  -0.0110
   77.9     6.25  10.329  -0.0105
   78.3     6.28  10.373  -0.0180
   78.8     6.25  10.419  -0.0152
   79.3     6.24  10.463  -0.0094
   79.6     6.13  10.506  -0.0127
   80.1     6.25  10.551  -0.0099
   80.5     6.24  10.592  -0.0080
   81.0     6.22  10.635  -0.0138
   81.4     6.19  10.676  -0.0078
   81.8     6.21  10.715  -0.0039
   82.2     6.20  10.756  -0.0065
   82.5     6.09  10.798  -0.0089
   82.9     6.12  10.839  -0.0108
   83.4     6.04  10.879  -0.0094
   83.6     5.96  10.920  -0.0103
   84.2     5.99  10.962  -0.0092
   84.5     6.02  11.009  -0.0086
   85.1     6.02  11.052  -0.0101
   85.4     6.02  11.094  -0.0108
   85.9     6.05  11.137  -0.0135
   86.3     6.00  11.179  -0.0171
   86.7     5.91  11.223  -0.0195
   87.1     5.89  11.265  -0.0170
   87.6     5.96  11.304  -0.0156
   87.9     5.97  11.346  -0.0150
   88.4     5.95  11.386  -0.0133
   88.7     5.93  11.427  -0.0172
   89.1     5.93  11.468  -0.0103
   89.6     5.89  11.513  -0.0097
   90.0     5.86  11.560  -0.0102
   90.5     5.89  11.604  -0.0128
   91.0     5.89  11.648  -0.0110
   91.5     5.85  11.693  -0.0126
   91.8     5.89  11.733  -0.0143
   92.2     5.83  11.777  -0.0160
   92.6     5.81  11.818  -0.0197
   93.0     5.80  11.858  -0.0150
   93.4     5.76  11.897  -0.0185
   93.8     5.79  11.938  -0.0238
   94.2     5.71  11.978  -0.0189
   94.6     5.71  12.020  -0.0171
   95.1     5.70  12.062  -0.0142
   95.4     5.68  12.106  -0.0144
   95.9     5.64  12.152  -0.0187
   96.3     5.57  12.194  -0.0190
   96.7     5.65  12.237  -0.0204
   97.3     5.62  12.282  -0.0184
   97.7     5.73  12.324  -0.0126
   98.1     5.70  12.365  -0.0164
   98.5     5.62  12.406  -0.0191
   98.9     5.60  12.446  -0.0159
   99.3     5.56  12.488  -0.0168
   99.6     5.46  12.529  -0.0206
  100.1     5.52  12.570  -0.0202
  100.5     5.52  12.609  -0.0191
  101.0     5.57  12.654  -0.0248
  101.4     5.45  12.699  -0.0204
  101.8     5.47  12.741  -0.0219
  102.2     5.43  12.784  -0.0271
  102.7     5.44  12.827  -0.0249
  103.1     5.37  12.871  -0.0223
  103.6     5.40  12.912  -0.0236
  104.0     5.44  12.954  -0.0260
  104.3     5.39  12.995  -0.0253
  104.7     5.35  13.035  -0.0263
  105.1     5.32  13.077  -0.0298
  105.5     5.25  13.118  -0.0275
  105.9     5.24  13.159  -0.0234
  106.4     5.21  13.202  -0.0242
  106.8     5.30  13.249  -0.0232
  107.3     5.28  13.293  -0.0234
  107.7     5.24  13.335  -0.0232
  108.2     5.26  13.378  -0.0235
  108.6     5.24  13.421  -0.0293
  109.0     5.20  13.464  -0.0284
  109.4     5.16  13.503  -0.0271
  109.8     5.13  13.545  -0.0305
  110.1     5.06  13.585  -0.0356
  110.6     5.10  13.626  -0.0339
  111.0     5.11  13.667  -0.0310
  111.5     5.13  13.707  -0.0258
  111.8     5.02  13.744  -0.0243
  112.2     4.91  13.789  -0.0223
  112.6     4.97  13.836  -0.0209
  113.1     5.01  13.879  -0.0183
  113.5     4.95  13.921  -0.0223
  113.9     4.85  13.963  -0.0188
  114.4     4.94  14.006  -0.0193
  114.8     4.88  14.048  -0.0186
  115.2     4.83  14.090  -0.0194
  115.7     4.88  14.132  -0.0217
  116.1     4.84  14.173  -0.0206
  116.5     4.77  14.211  -0.0173
  117.0     4.86  14.252  -0.0171
  117.3     4.82  14.292  -0.0213
  117.8     4.79  14.336  -0.0164
  118.2     4.75  14.381  -0.0182
  118.6     4.73  14.426  -0.0216
  119.0     4.65  14.469  -0.0209
  119.5     4.68  14.511  -0.0181
  119.8     4.63  14.555  -0.0205
  120.3     4.60  14.599  -0.0224
  120.7     4.59  14.641  -0.0212
  121.2     4.62  14.683  -0.0218
  121.6     4.57  14.725  -0.0220
  122.0     4.52  14.767  -0.0235
  122.4     4.57  14.806  -0.0199
  122.7     4.47  14.847  -0.0239
  123.1     4.51  14.888  -0.0276
  123.6     4.48  14.933  -0.0238
  124.1     4.40  14.980  -0.0229
  124.4     4.45  15.022  -0.0231
  124.9     4.39  15.063  -0.0231
  125.3     4.36  15.104  -0.0215
  125.7     4.37  15.148  -0.0193
  126.2     4.29  15.191  -0.0225
  126.5     4.35  15.232  -0.0207
  126.9     4.27  15.274  -0.0234
  127.3     4.26  15.316  -0.0216
  127.8     4.27  15.356  -0.0204
  128.2     4.27  15.398  -0.0187
  128.6     4.28  15.438  -0.0242
  129.1     4.20  15.482  -0.0235
  129.5     4.25  15.528  -0.0179
  130.0     4.26  15.571  -0.0190
  130.4     4.21  15.614  -0.0214
  130.8     4.24  15.657  -0.0159
  131.1     4.20  15.696  -0.0176
  131.6     4.24  15.740  -0.0224
  132.1     4.29  15.780  -0.0218
  132.4     4.19  15.820  -0.0200
  132.9     4.23  15.861  -0.0213
  133.3     4.23  15.903  -0.0232
  133.7     4.24  15.946  -0.0207
  134.1     4.14  15.988  -0.0176
  134.5     4.18  16.032  -0.0235
  134.9     4.20  16.076  -0.0184
  135.5     4.15  16.119  -0.0184
  135.9     4.13  16.160  -0.0231
  136.3     4.14  16.202  -0.0208
  136.7     4.21  16.243  -0.0199
  137.1     4.22  16.285  -0.0266
  137.5     4.22  16.327  -0.0249
  137.9     4.18  16.368  -0.0238
  138.4     4.20  16.409  -0.0265
  138.8     4.21  16.451  -0.0219
  139.2     4.27  16.491  -0.0237
  139.7     4.27  16.532  -0.0277
  140.0     4.24  16.571  -0.0278
  140.5     4.27  16.613  -0.0229
  140.9     4.28  16.657  -0.0270
  141.3     4.24  16.701  -0.0269
  141.9     4.28  16.745  -0.0248
  142.3     4.27  16.789  -0.0268
  142.7     4.33  16.831  -0.0266
  143.2     4.30  16.874  -0.0224
  143.6     4.34  16.917  -0.0219
  143.9     4.29  16.957  -0.0232
  144.4     4.25  16.998  -0.0226
  144.8     4.36  17.041  -0.0230
  145.1     4.29  17.081  -0.0276
  145.5     4.29  17.121  -0.0214
  146.1     4.36  17.164  -0.0186
  146.6     4.38  17.208  -0.0217
  147.1     4.37  17.253  -0.0239
  147.4     4.28  17.295  -0.0230
  147.8     4.34  17.338  -0.0274
  148.3     4.34  17.379  -0.0244
  148.8     4.34  17.424  -0.0276
  149.2     4.47  17.466  -0.0273
  149.7     4.39  17.508  -0.0290
  150.2     4.45  17.548  -0.0293
  150.6     4.52  17.591  -0.0321
  151.0     4.48  17.632  -0.0315
  151.4     4.52  17.674  -0.0321
  151.8     4.54  17.713  -0.0275
  152.1     4.50  17.756  -0.0243
  152.6     4.52  17.801  -0.0206
  153.1     4.54  17.846  -0.0259
  153.5     4.53  17.889  -0.0245
  154.1     4.59  17.933  -0.0228
  154.5     4.61  17.977  -0.0244
  155.0     4.56  18.020  -0.0236
  155.4     4.67  18.061  -0.0204
  155.7     4.71  18.101  -0.0235
  156.2     4.70  18.142  -0.0241
  156.6     4.75  18.180  -0.0222
  157.1     4.76  18.220  -0.0242
  157.5     4.79  18.259  -0.0240
  157.9     4.77  18.301  -0.0271
  158.4     4.86  18.347  -0.0265
  158.9     4.87  18.392  -0.0239
  159.3     4.92  18.435  -0.0297
  159.7     4.89  18.479  -0.0308
  160.3     4.88  18.523  -0.0302
  160.7     4.97  18.567  -0.0287
  161.1     4.96  18.609  -0.0285
  161.5     5.04  18.650  -0.0336
  162.0     4.95  18.691  -0.0370
  162.5     5.07  18.732  -0.0348
  162.9     5.02  18.773  -0.0328
  163.3     5.02  18.813  -0.0341
  163.7     5.07  18.851  -0.0335
  164.1     5.14  18.895  -0.0352
  164.6     5.12  18.941  -0.0330
  165.1     5.17  18.984  -0.0366
  165.5     5.16  19.027  -0.0351
  166.0     5.17  19.070  -0.0375
  166.4     5.24  19.111  -0.0375
  166.8     5.27  19.154  -0.0339
  167.3     5.29  19.196  -0.0335
  167.7     5.34  19.238  -0.0314
  168.2     5.39  19.279  -0.0298
  168.6     5.40  19.319  -0.0321
  169.1     5.36  19.360  -0.0312
  169.4     5.42  19.400  -0.0295
  169.9     5.44  19.443  -0.0363
  170.3     5.45  19.489  -0.0366
  170.8     5.50  19.533  -0.0390
  171.4     5.53  19.577  -0.0328
  171.8     5.57  19.620  -0.0333
  172.2     5.54  19.664  -0.0367
  172.7     5.55  19.707  -0.0342
  173.0     5.58  19.747  -0.0352
  173.6     5.62  19.789  -0.0405
  174.0     5.59  19.831  -0.0401
  174.4     5.64  19.871  -0.0386
  174.8     5.66  19.911  -0.0403
  175.2     5.65  19.953  -0.0372
  175.7     5.70  19.991  -0.0359
  176.2     5.70  20.036  -0.0410
  176.7     5.73  20.081  -0.0402
  177.1     5.75  20.124  -0.0420
  177.6     5.77  20.167  -0.0431
  178.0     5.77  20.210  -0.0437
  178.5     5.81  20.255  -0.0419
  178.8     5.84  20.296  -0.0375
  179.3     5.86  20.338  -0.0395
  179.7     5.86  20.378  -0.0342
  180.1     5.88  20.421  -0.0342
  180.6     5.90  20.461  -0.0331
  181.0     5.90  20.502  -0.0325
  181.4     5.93  20.542  -0.0312
  181.9     5.96  20.585  -0.0319
  182.3     5.95  20.631  -0.0342
  182.8     5.95  20.675  -0.0346
  183.2     5.98  20.718  -0.0322
  183.7     6.01  20.758  -0.0350
  184.1     6.06  20.800  -0.0308
  184.5     6.05  20.844  -0.0316
  185.1     6.14  20.886  -0.0328
  185.5     6.03  20.928  -0.0348
  185.9     6.13  20.970  -0.0337
  186.3     6.10  21.012  -0.0304
  186.7     6.12  21.055  -0.0355
  187.2     6.16  21.095  -0.0366
  187.7     6.16  21.136  -0.0313
  188.2     6.27  21.181  -0.0291
  188.5     6.13  21.227  -0.0325
  188.9     6.09  21.270  -0.0375
  189.4     6.18  21.314  -0.0371
  189.8     6.20  21.356  -0.0355
  190.4     6.19  21.399  -0.0359
  190.8     6.25  21.441  -0.0384
  191.3     6.24  21.483  -0.0350
  191.7     6.19  21.524  -0.0364
  192.2     6.32  21.565  -0.0332
  192.5     6.27  21.607  -0.0345
  193.0     6.30  21.651  -0.0327
  193.4     6.26  21.692  -0.0365
  193.9     6.30  21.736  -0.0321
  194.2     6.35  21.783  -0.0401
  194.8     6.38  21.826  -0.0374
  195.3     6.35  21.868  -0.0354
  195.8     6.43  21.911  -0.0339
  196.2     6.44  21.954  -0.0350
  196.6     6.42  21.997  -0.0365
  197.0     6.41  22.040  -0.0353
  197.4     6.45  22.081  -0.0342
  197.9     6.39  22.124  -0.0380
  198.2     6.43  22.165  -0.0410
  198.8     6.48  22.208  -0.0368
  199.2     6.43  22.250  -0.0356
  199.6     6.48  22.292  -0.0367
  200.1     6.45  22.338  -0.0366
  200.5     6.51  22.382  -0.0383
  201.0     6.51  22.424  -0.0397
  201.5     6.55  22.467  -0.0430
  201.9     6.50  22.511  -0.0404
  202.3     6.47  22.554  -0.0411
  202.8     6.57  22.594  -0.0399
  203.2     6.50  22.635  -0.0384
  203.6     6.53  22.675  -0.0383
  203.9     6.46  22.718  -0.0378
  204.4     6.50  22.760  -0.0376
  204.8     6.47  22.803  -0.0376
  205.4     6.56  22.846  -0.0377
  205.8     6.54  22.891  -0.0360
  206.3     6.51  22.937  -0.0357
  206.7     6.53  22.979  -0.0378
  207.1     6.57  23.021  -0.0294
  207.7     6.58  23.066  -0.0324
  208.1     6.62  23.108  -0.0358
  208.5     6.59  23.150  -0.0337
  209.0     6.59  23.191  -0.0350
  209.3     6.61  23.230  -0.0325
  209.8     6.63  23.273  -0.0301
  210.2     6.61  23.314  -0.0314
  210.7     6.63  23.355  -0.0348
  211.0     6.66  23.397  -0.0336
  211.4     6.62  23.442  -0.0371
  211.9     6.64  23.488  -0.0303
  212.4     6.70  23.531  -0.0315
  212.9     6.73  23.574  -0.0300
  213.4     6.71  23.616  -0.0290
  213.8     6.73  23.656  -0.0274
  214.2     6.72  23.699  -0.0284
  214.6     6.69  23.740  -0.0280
  215.1     6.70  23.781  -0.0303
  215.4     6.72  23.823  -0.0288
  215.8     6.75  23.862  -0.0298
  216.2     6.66  23.903  -0.0274
  216.6     6.70  23.944  -0.0246
  217.2     6.77  23.989  -0.0262
  217.6     6.79  24.035  -0.0303
  218.1     6.80  24.077  -0.0243
  218.6     6.84  24.119  -0.0279
  219.0     6.85  24.162  -0.0265
  219.4     6.83  24.204  -0.0261
  219.9     6.78  24.246  -0.0264
  220.3     6.85  24.287  -0.0197
  220.8     6.89  24.331  -0.0233
  221.1     6.80  24.374  -0.0268
  221.5     6.80  24.417  -0.0244
  222.0     6.83  24.459  -0.0242
  222.5     6.76  24.499  -0.0218
  222.8     6.79  24.541  -0.0221
  223.4     6.88  24.587  -0.0281
  223.8     6.90  24.632  -0.0256
  224.4     6.90  24.675  -0.0284
  224.7     6.91  24.716  -0.0289
  225.2     6.93  24.758  -0.0272
  225.5     6.93  24.802  -0.0280
  226.1     6.99  24.842  -0.0275
  226.4     6.90  24.885  -0.0267
  227.0     6.94  24.929  -0.0252
  227.3     6.96  24.968  -0.0286
  227.8     7.02  25.009  -0.0249
  228.2     6.98  25.051  -0.0290
  228.7     6.99  25.092  -0.0338
  229.1     7.02  25.137  -0.0322
  229.6     7.01  25.183  -0.0340
  230.1     6.96  25.224  -0.0337
  230.4     6.92  25.265  -0.0333
  230.9     6.98  25.307  -0.0380
  231.3     7.09  25.351  -0.0391
  231.8     7.11  25.393  -0.0371
  232.2     7.08  25.434  -0.0425
  232.7     7.11  25.474  -0.0372
  233.2     7.19  25.517  -0.0383
  233.6     7.22  25.556  -0.0339
  234.0     7.26  25.600  -0.0367
  234.5     7.25  25.641  -0.0385
  234.9     7.24  25.684  -0.0410
  235.3     7.25  25.730  -0.0457
  235.8     7.30  25.773  -0.0456
  236.3     7.27  25.816  -0.0380
  236.8     7.29  25.859  -0.0359
  237.2     7.22  25.902  -0.0361
  237.6     7.27  25.946  -0.0374
  238.0     7.28  25.987  -0.0357
  238.4     7.22  26.028  -0.0368
  238.8     7.18  26.070  -0.0345
  239.3     7.25  26.112  -0.0330
  239.7     7.18  26.153  -0.0349
  240.1     7.19  26.195  -0.0333
  240.5     7.11  26.236  -0.0326
  240.9     7.12  26.279  -0.0304
  241.4     7.17  26.324  -0.0269
  241.8     7.19  26.366  -0.0305
  242.3     7.24  26.408  -0.0312
  242.7     7.11  26.448  -0.0300
  243.1     7.22  26.491  -0.0350
  243.5     7.20  26.532  -0.0344
  244.0     7.30  26.573  -0.0367
  244.4     7.20  26.614  -0.0352
  244.8     7.21  26.657  -0.0392
  245.2     7.22  26.697  -0.0372
  245.6     7.18  26.739  -0.0347
  246.1     7.16  26.784  -0.0347
  246.5     7.23  26.828  -0.0324
  247.0     7.22  26.874  -0.0321
  247.5     7.18  26.919  -0.0344
  248.0     7.25  26.963  -0.0317
  248.3     7.14  27.004  -0.0316
  248.8     7.21  27.047  -0.0306
  249.1     7.13  27.091  -0.0278
  249.7     7.26  27.134  -0.0371
  250.1     7.18  27.176  -0.0367
  250.5     7.18  27.217  -0.0347
  250.9     7.22  27.258  -0.0358
  251.3     7.22  27.299  -0.0344
  251.8     7.16  27.340  -0.0361
  252.1     7.17  27.383  -0.0395
  252.6     7.12  27.428  -0.0364
  253.1     7.15  27.472  -0.0387
  253.6     7.22  27.514  -0.0363
  254.1     7.20  27.557  -0.0345
  254.4     7.23  27.597  -0.0351
  254.9     7.20  27.640  -0.0381
  255.3     7.23  27.682  -0.0369
  255.6     7.19  27.722  -0.0338
  256.1     7.23  27.763  -0.0348
  256.6     7.20  27.807  -0.0369
  257.0     7.17  27.848  -0.0319
  257.5     7.18  27.888  -0.0339
  258.0     7.20  27.933  -0.0336
  258.3     7.21  27.978  -0.0338
  258.8     7.20  28.024  -0.0356
  259.2     7.21  28.067  -0.0365
  259.7     7.18  28.111  -0.0336
  260.1     7.19  28.155  -0.0373
  260.6     7.18  28.198  -0.0401
  261.1     7.21  28.240  -0.0395
  261.5     7.21  28.283  -0.0401
  261.9     7.25  28.323  -0.0411
  262.3     7.22  28.365  -0.0414
  262.8     7.27  28.404  -0.0461
  263.2     7.31  28.443  -0.0454
  263.6     7.32  28.485  -0.0442
  264.1     7.37  28.527  -0.0413
  264.6     7.35  28.573  -0.0422
  265.1     7.39  28.618  -0.0468
  265.5     7.29  28.662  -0.0492
  265.9     7.36  28.707  -0.0532
  266.2     7.32  28.750  -0.0526
  266.8     7.30  28.791  -0.0541
  267.2     7.36  28.834  -0.0509
  267.6     7.40  28.874  -0.0554
  268.0     7.36  28.914  -0.0553
  268.5     7.41  28.954  -0.0556
  268.9     7.32  28.996  -0.0518
  269.4     7.45  29.036  -0.0473
  269.8     7.43  29.079  -0.0492
  270.1     7.36  29.124  -0.0504
  270.7     7.41  29.169  -0.0548
  271.0     7.52  29.211  -0.0505
  271.6     7.45  29.254  -0.0540
  271.9     7.41  29.297  -0.0561
  272.4     7.32  29.340  -0.0559
  272.8     7.29  29.382  -0.0559
  273.2     7.36  29.424  -0.0552
  273.7     7.39  29.464  -0.0559
  274.1     7.37  29.507  -0.0559
  274.6     7.37  29.548  -0.0582
  274.9     7.28  29.591  -0.0616
  275.4     7.40  29.632  -0.0596
  275.8     7.37  29.677  -0.0562
  276.4     7.40  29.722  -0.0558
  276.7     7.37  29.765  -0.0550
  277.3     7.40  29.806  -0.0625
  277.7     7.42  29.849  -0.0630
  278.2     7.42  29.893  -0.0623
  278.6     7.44  29.936  -0.0624
  279.0     7.43  29.977  -0.0657
  279.4     7.41  30.018  -0.0680
  279.8     7.37  30.059  -0.0662
  280.3     7.37  30.099  -0.0691
  280.7     7.45  30.141  -0.0704
  281.1     7.41  30.182  -0.0706
  281.6     7.44  30.226  -0.0711
  282.1     7.46  30.272  -0.0689
  282.5     7.48  30.315  -0.0704
  282.9     7.41  30.358  -0.0671
  283.4     7.41  30.398  -0.0676
  283.8     7.42  30.441  -0.0666
  284.4     7.56  30.484  -0.0676
  284.8     7.55  30.525  -0.0656
  285.2     7.54  30.567  -0.0674
  285.7     7.54  30.611  -0.0702
  286.1     7.59  30.652  -0.0702
  286.5     7.53  30.693  -0.0681
  286.9     7.57  30.733  -0.0693
  287.3     7.54  30.774  -0.0709
  287.7     7.46  30.819  -0.0779
  288.2     7.49  30.865  -0.0844
  288.8     7.51  30.907  -0.0759
  289.1     7.49  30.949  -0.0741
  289.5     7.49  30.992  -0.0763
  290.0     7.56  31.034  -0.0769
  290.5     7.48  31.077  -0.0712
  290.9     7.48  31.120  -0.0742
  291.4     7.46  31.162  -0.0763
  291.8     7.43  31.204  -0.0733
  292.3     7.43  31.246  -0.0774
  292.7     7.44  31.288  -0.0778
  293.0     7.43  31.329  -0.0755
  293.6     7.39  31.373  -0.0748
  294.1     7.39  31.420  -0.0775
  294.6     7.53  31.463  -0.0777
  295.1     7.51  31.506  -0.0768
  295.5     7.48  31.548  -0.0759
  295.9     7.44  31.591  -0.0765
  296.3     7.48  31.633  -0.0776
  296.7     7.38  31.674  -0.0770
  297.3     7.49  31.716  -0.0770
  297.7     7.55  31.759  -0.0763
  298.2     7.57  31.801  -0.0805
  298.6     7.51  31.843  -0.0796
  299.1     7.52  31.884  -0.0815
  299.5     7.59  31.927  -0.0856
  300.0     7.51  31.973  -0.0883
  300.5     7.50  32.018  -0.0870
  300.9     7.55  32.059  -0.0845
  301.3     7.47  32.101  -0.0841
  301.8     7.43  32.143  -0.0873
  302.2     7.42  32.186  -0.0824
  302.6     7.44  32.229  -0.0840
  303.1     7.46  32.271  -0.0875
  303.6     7.49  32.312  -0.0904
  304.1     7.50  32.355  -0.0865
  304.5     7.48  32.396  -0.0882
  304.9     7.46  32.438  -0.0886
  305.4     7.46  32.481  -0.0910
  305.8     7.51  32.524  -0.0929
  306.2     7.40  32.568  -0.0942
  306.7     7.33  32.611  -0.0912
  307.0     7.25  32.654  -0.0873
  307.5     7.26  32.696  -0.0921
  308.0     7.30  32.737  -0.0933
  308.5     7.33  32.778  -0.0949
  308.9     7.29  32.819  -0.0930
  309.4     7.41  32.859  -0.0918
  309.7     7.35  32.903  -0.0909
  310.2     7.33  32.944  -0.0928
  310.7     7.36  32.987  -0.0880
  311.1     7.30  33.027  -0.0891
  311.6     7.22  33.073  -0.0946
  312.0     7.16  33.118  -0.0951
  312.5     7.16  33.162  -0.0972
  312.8     7.13  33.203  -0.0951
  313.3     7.07  33.246  -0.0953
  313.8     7.05  33.288  -0.0975
  314.3     7.06  33.332  -0.0966
  314.7     7.03  33.376  -0.0979
  315.1     7.01  33.418  -0.1024
  315.6     6.99  33.461  -0.1004
  316.0     6.95  33.503  -0.1037
  316.5     6.90  33.546  -0.1067
  317.0     7.01  33.588  -0.1035
  317.5     7.02  33.634  -0.1065
  318.0     7.01  33.679  -0.1072
  318.4     6.93  33.724  -0.1098
  318.9     6.91  33.766  -0.1142
  319.4     6.90  33.809  -0.1119
  319.8     6.89  33.852  -0.1065
  320.3     6.91  33.895  -0.1070
  320.8     6.97  33.937  -0.1063
  321.2     6.95  33.978  -0.1084
  321.6     6.86  34.018  -0.1084
  322.0     6.81  34.060  -0.1122
  322.5     6.84  34.104  -0.1146
  322.9     6.81  34.144  -0.1108
  323.4     6.88  34.188  -0.1099
  323.9     6.85  34.232  -0.1126
  324.4     6.80  34.277  -0.1114
  324.9     6.82  34.321  -0.1093
  325.3     6.76  34.364  -0.1113
  325.7     6.75  34.409  -0.1121
  326.3     6.77  34.451  -0.1115
  326.8     6.78  34.494  -0.1145
  327.2     6.76  34.538  -0.1152
  327.6     6.75  34.580  -0.1150
  328.1     6.75  34.623  -0.1183
  328.6     6.71  34.666  -0.1183
  328.9     6.70  34.707  -0.1217
  329.4     6.70  34.751  -0.1243
  329.8     6.77  34.797  -0.1265
  330.4     6.79  34.843  -0.1258
  330.9     6.74  34.886  -0.1267
  331.3     6.75  34.929  -0.1293
  331.8     6.76  34.973  -0.1266
  332.3     6.72  35.016  -0.1293
  332.7     6.73  35.058  -0.1260
  333.2     6.77  35.102  -0.1202
  333.6     6.66  35.144  -0.1204
  334.0     6.68  35.184  -0.1238
  334.6     6.66  35.224  -0.1231
  335.0     6.68  35.267  -0.1282
  335.4     6.79  35.310  -0.1262
  335.9     6.74  35.356  -0.1298
  336.4     6.76  35.400  -0.1283
  336.7     6.72  35.444  -0.1277
  337.3     6.74  35.486  -0.1280
  337.7     6.76  35.529  -0.1276
  338.2     6.74  35.573  -0.1313
  338.6     6.70  35.617  -0.1393
  339.2     6.82  35.659  -0.1385
  339.6     6.77  35.702  -0.1418
  340.0     6.76  35.743  -0.1437
  340.6     6.71  35.784  -0.1417
  341.0     6.82  35.826  -0.1382
  341.4     6.86  35.866  -0.1374
  341.8     6.87  35.911  -0.1388
  342.3     6.82  35.955  -0.1388
  342.7     6.84  35.996  -0.1434
  343.2     6.86  36.037  -0.1424
  343.7     6.87  36.079  -0.1465
  344.0     6.88  36.122  -0.1482
  344.5     6.80  36.167  -0.1456
  344.9     6.88  36.207  -0.1516
  345.4     6.85  36.251  -0.1530
  345.8     6.86  36.294  -0.1498
  346.3     6.89  36.336  -0.1572
  346.8     7.02  36.376  -0.1547
  347.2     7.05  36.418  -0.1518
  347.7     7.03  36.462  -0.1643
  348.2     7.09  36.508  -0.1591
  348.7     7.16  36.552  -0.1610
  349.2     7.29  36.596  -0.1638
  349.6     7.16  36.638  -0.1693
  350.1     7.16  36.680  -0.1685
  350.6     7.30  36.723  -0.1679
  350.9     7.09  36.764  -0.1750
  351.4     7.24  36.806  -0.1741
  351.8     7.12  36.850  -0.1757
  352.2     7.17  36.892  -0.1797
  352.8     7.15  36.934  -0.1815
  353.1     7.08  36.975  -0.1840
  353.6     7.14  37.017  -0.1813
  353.9     7.07  37.060  -0.1774
  354.5     7.11  37.106  -0.1690
  354.9     7.07  37.149  -0.1718
  355.3     7.11  37.191  -0.1764
  355.7     7.03  37.233  -0.1801
  356.1     6.93  37.274  -0.1755
  356.5     6.89  37.316  -0.1818
  357.0     6.96  37.358  -0.1819
  357.4     6.87  37.400  -0.1758
  357.9     6.88  37.443  -0.1710
  358.3     6.92  37.481  -0.1711
  358.7     6.85  37.524  -0.1752
  359.2     6.90  37.565  -0.1770
  359.6     6.82  37.608  -0.1775
  360.0     6.79  37.653  -0.1766
  360.6     6.87  37.697  -0.1765
  361.1     6.83  37.739  -0.1770
  361.4     6.75  37.781  -0.1771
  361.8     6.72  37.822  -0.1722
  362.2     6.64  37.865  -0.1772
  362.7     6.69  37.906  -0.1842
  363.1     6.78  37.947  -0.1775
  363.6     6.71  37.987  -0.1762
  364.0     6.68  38.028  -0.1772
  364.4     6.67  38.067  -0.1809
  364.8     6.68  38.107  -0.1762
  365.3     6.67  38.150  -0.1786
  365.7     6.61  38.195  -0.1743
  366.2     6.62  38.239  -0.1749
  366.7     6.62  38.281  -0.1749
  367.0     6.60  38.325  -0.1793
  367.5     6.59  38.368  -0.1768
  367.9     6.56  38.412  -0.1792
  368.4     6.63  38.454  -0.1759
  368.8     6.50  38.496  -0.1758
  369.3     6.53  38.539  -0.1755
  369.7     6.50  38.582  -0.1820
  370.2     6.48  38.623  -0.1792
  370.7     6.60  38.664  -0.1802
  371.2     6.58  38.707  -0.1850
  371.5     6.64  38.753  -0.1790
  372.1     6.67  38.798  -0.1789
  372.6     6.66  38.844  -0.1781
  373.0     6.66  38.888  -0.1834
  373.4     6.62  38.931  -0.1840
  373.9     6.66  38.975  -0.1825
  374.3     6.59  39.017  -0.1825
  374.7     6.56  39.059  -0.1814
  375.1     6.54  39.100  -0.1797
  375.5     6.55  39.142  -0.1826
  375.9     6.54  39.184  -0.1848
  376.4     6.49  39.225  -0.1830
  376.9     6.59  39.268  -0.1896
  377.2     6.51  39.312  -0.1876
  377.6     6.46  39.358  -0.1883
  378.2     6.46  39.401  -0.1911
  378.6     6.46  39.444  -0.1877
  379.0     6.43  39.489  -0.1856
  379.4     6.41  39.533  -0.1800
  379.8     6.43  39.574  -0.1780
  380.2     6.40  39.617  -0.1776
  380.6     6.33  39.657  -0.1791
  381.1     6.27  39.699  -0.1793
  381.4     6.23  39.741  -0.1796
  381.7     6.25  39.784  -0.1783
  382.2     6.26  39.824  -0.1790
  382.6     6.29  39.868  -0.1817
  383.2     6.27  39.914  -0.1775
  383.6     6.29  39.958  -0.1831
  384.1     6.24  40.001  -0.1832
  384.5     6.33  40.045  -0.1859
  384.9     6.39  40.088  -0.1814
  385.3     6.33  40.130  -0.1808
  385.8     6.28  40.173  -0.1794
  386.2     6.23  40.217  -0.1785
  386.7     6.32  40.259  -0.1800
  387.1     6.31  40.298  -0.1789
  387.4     6.33  40.342  -0.1783
  387.9     6.28  40.385  -0.1829
  388.2     6.30  40.427  -0.1854
  388.8     6.28  40.473  -0.1849
  389.2     6.33  40.517  -0.1814
  389.5     6.29  40.559  -0.1868
  390.0     6.25  40.601  -0.1868
  390.4     6.27  40.645  -0.1898
  390.9     6.25  40.690  -0.2022
  391.4     6.34  40.732  -0.2001
  391.8     6.27  40.774  -0.1983
  392.2     6.25  40.819  -0.1988
  392.7     6.30  40.862  -0.1995
  393.1     6.28  40.905  -0.1983
  393.5     6.21  40.948  -0.2000
  393.9     6.26  40.990  -0.1980
  394.4     6.22  41.037  -0.1975
  394.8     6.27  41.082  -0.2045
  395.2     6.23  41.125  -0.2051
  395.6     6.21  41.169  -0.2040
  396.1     6.24  41.210  -0.2012
  396.6     6.33  41.254  -0.1991
  396.9     6.22  41.298  -0.2015
  397.4     6.24  41.339  -0.2018
  397.7     6.12  41.381  -0.2063
  398.2     6.19  41.423  -0.2091
  398.5     6.19  41.464  -0.2091
  398.9     6.23  41.505  -0.2138
  399.4     6.35  41.545  -0.2110
  400.0     6.23  41.589  -0.2069
  400.3     6.20  41.635  -0.2059
  400.7     6.23  41.679  -0.2039
  401.2     6.20  41.721  -0.2066
  401.6     6.26  41.764  -0.2062
  402.1     6.35  41.808  -0.2060
  402.6     6.27  41.850  -0.2082
  402.9     6.15  41.893  -0.2075
  403.4     6.09  41.935  -0.2073
  403.7     6.11  41.979  -0.2043
  404.1     6.11  42.019  -0.2080
  404.6     6.16  42.060  -0.2071
  405.0     6.28  42.100  -0.2040
  405.4     6.21  42.142  -0.2036
  405.9     6.17  42.188  -0.2022
  406.4     6.27  42.231  -0.2075
  406.9     6.29  42.275  -0.2088
  407.3     6.11  42.318  -0.2066
  407.8     6.24  42.361  -0.2071
  408.2     6.26  42.404  -0.2081
  408.6     6.22  42.447  -0.2037
  409.1     6.28  42.490  -0.2020
  409.5     6.23  42.533  -0.2016
  409.8     6.25  42.575  -0.2017
  410.4     6.21  42.618  -0.2017
  410.7     6.17  42.661  -0.2033
  411.2     6.19  42.704  -0.2002
  411.6     6.16  42.751  -0.1988
  412.2     6.24  42.795  -0.1947
  412.5     6.20  42.838  -0.1960
  413.0     6.18  42.881  -0.1994
  413.4     6.24  42.922  -0.2005
  413.8     6.15  42.965  -0.1980
  414.4     6.19  43.008  -0.2032
  414.7     6.18  43.050  -0.2101
  415.1     6.18  43.092  -0.2078
  415.5     6.15  43.135  -0.2059
  415.8     6.09  43.177  -0.2019
  416.5     6.10  43.217  -0.2032
  417.0     6.11  43.262  -0.2043
  417.4     6.16  43.305  -0.2057
  417.8     6.11  43.351  -0.2061
  418.2     6.09  43.393  -0.2036
  418.8     6.25  43.437  -0.2006
  419.1     6.14  43.481  -0.2027
  419.6     6.08  43.522  -0.2046
  419.9     6.04  43.565  -0.2041
  420.5     6.04  43.607  -0.2053
  420.8     6.12  43.648  -0.2070
  421.2     6.03  43.692  -0.2043
  421.7     6.01  43.733  -0.2055
  422.1     5.97  43.776  -0.2060
  422.6     5.99  43.819  -0.2023
  423.1     6.04  43.863  -0.1975
  423.4     6.06  43.908  -0.1973
  423.9     6.03  43.950  -0.1967
  424.4     6.05  43.994  -0.1985
  424.9     6.11  44.037  -0.1949
  425.3     6.04  44.082  -0.1957
  425.8     6.07  44.127  -0.1989
  426.2     6.10  44.172  -0.1961
  426.6     6.02  44.216  -0.1976
  427.2     6.07  44.261  -0.1977
  427.6     6.07  44.307  -0.2007
  428.0     5.99  44.350  -0.1960
  428.5     5.93  44.396  -0.1974
  429.1     5.96  44.442  -0.2031
  429.5     6.00  44.489  -0.2043
  429.9     5.90  44.534  -0.2052
  430.4     5.87  44.580  -0.2021
  430.8     6.00  44.625  -0.2063
  431.2     5.92  44.670  -0.2038
  431.8     5.92  44.716  -0.2045
  432.3     5.96  44.763  -0.2049
  433.0     6.00  44.808  -0.2049
  433.3     5.94  44.853  -0.2058
  433.8     6.02  44.899  -0.2056
  434.3     6.00  44.943  -0.2017
  434.8     6.08  44.990  -0.2021
  435.4     6.03  45.035  -0.2021
  435.7     5.95  45.079  -0.2004
  436.2     5.98  45.125  -0.1972
  436.7     6.00  45.171  -0.2005
  437.1     5.90  45.216  -0.2017
  437.6     5.95  45.260  -0.2012
  438.1     5.93  45.308  -0.2006
  438.6     5.98  45.354  -0.2040
  439.0     5.89  45.401  -0.2029
  439.6     5.91  45.447  -0.2035
  440.1     5.93  45.491  -0.2006
  440.5     5.96  45.537  -0.2038
  440.9     5.92  45.583  -0.2048
  441.4     5.80  45.630  -0.2055
  441.9     5.89  45.675  -0.2119
  442.3     5.86  45.721  -0.2146
  442.8     5.79  45.767  -0.2173
  443.2     5.83  45.813  -0.2135
  443.7     5.95  45.858  -0.2144
  444.1     5.90  45.904  -0.2150
  444.8     5.99  45.950  -0.2158
  445.2     5.86  45.994  -0.2120
  445.6     5.88  46.038  -0.2110
  445.8     5.75  46.077  -0.2096
  446.3     5.77  46.123  -0.2108
  446.8     5.75  46.170  -0.2093
  447.3     5.88  46.212  -0.2107
  447.7     5.81  46.254  -0.2140
  448.1     5.79  46.301  -0.2158
  448.6     5.76  46.346  -0.2153
  449.0     5.75  46.389  -0.2179
  449.5     5.74  46.431  -0.2199
  450.0     5.82  46.472  -0.2170
  450.3     5.80  46.515  -0.2127
  450.8     5.76  46.559  -0.2202
  451.2     5.81  46.601  -0.2213
  451.7     5.87  46.642  -0.2191
  452.1     5.75  46.687  -0.2236
  452.5     5.71  46.733  -0.2191
  453.0     5.70  46.776  -0.2161
  453.5     5.63  46.817  -0.2135
  453.9     5.79  46.858  -0.2176
  454.4     5.79  46.903  -0.2164
  454.9     5.82  46.945  -0.2201
  455.2     5.75  46.986  -0.2220
  455.6     5.79  47.028  -0.2208
  456.0     5.74  47.071  -0.2205
  456.6     5.80  47.112  -0.2198
  457.0     5.79  47.153  -0.2144
  457.3     5.69  47.193  -0.2169
  457.6     5.59  47.237  -0.2171
  458.3     5.70  47.283  -0.2166
  458.6     5.69  47.327  -0.2221
  459.0     5.55  47.370  -0.2197
  459.5     5.55  47.412  -0.2196
  459.8     5.52  47.452  -0.2148
  460.4     5.57  47.497  -0.2115
  460.8     5.52  47.538  -0.2118
  461.2     5.52  47.580  -0.2087
  461.7     5.51  47.623  -0.2084
  462.0     5.53  47.664  -0.2117
  462.4     5.50  47.706  -0.2113
  462.8     5.46  47.750  -0.2170
  463.3     5.51  47.793  -0.2141
  463.7     5.48  47.838  -0.2179
  464.3     5.54  47.883  -0.2170
  464.7     5.51  47.927  -0.2150
  465.0     5.43  47.970  -0.2141
  465.5     5.44  48.012  -0.2165
  465.7     5.41  48.054  -0.2227
  466.3     5.39  48.096  -0.2176
  466.7     5.41  48.136  -0.2155
  467.1     5.43  48.178  -0.2194
  467.5     5.39  48.222  -0.2186
  468.0     5.43  48.263  -0.2186
  468.3     5.44  48.304  -0.2215
  468.7     5.35  48.345  -0.2181
  469.2     5.42  48.389  -0.2200
  469.6     5.36  48.434  -0.2190
  470.0     5.36  48.479  -0.2214
  470.6     5.30  48.522  -0.2205
  470.9     5.34  48.564  -0.2230
  471.3     5.32  48.608  -0.2277
  471.7     5.31  48.649  -0.2268
  472.2     5.30  48.694  -0.2210
  472.6     5.26  48.735  -0.2170
  473.0     5.26  48.780  -0.2250
  473.4     5.31  48.822  -0.2199
  473.8     5.26  48.864  -0.2209
  474.2     5.26  48.903  -0.2225
  474.6     5.23  48.948  -0.2177
  475.0     5.27  48.992  -0.2217
  475.5     5.25  49.037  -0.2164
  476.0     5.19  49.082  -0.2193
  476.4     5.05  49.127  -0.2219
  476.8     5.25  49.168  -0.2214
  477.2     5.25  49.209  -0.2233
  477.6     5.19  49.253  -0.2231
  478.1     5.35  49.296  -0.2250
  478.4     5.19  49.339  -0.2281
  478.8     5.27  49.381  -0.2269
  479.2     5.21  49.424  -0.2271
  479.6     5.17  49.465  -0.2239
  480.0     5.15  49.509  -0.2241
  480.7     5.26  49.554  -0.2300
  481.0     5.21  49.598  -0.2294
  481.5     5.26  49.643  -0.2253
  481.9     5.26  49.686  -0.2237
  482.3     5.28  49.730  -0.2302
  482.8     5.30  49.772  -0.2356
  483.2     5.26  49.814  -0.2327
  483.6     5.33  49.856  -0.2458
  484.0     5.33  49.898  -0.2454
  484.5     5.33  49.938  -0.2428
  484.9     5.33  49.980  -0.2406
  485.4     5.34  50.018  -0.2403
  485.6     5.23  50.063  -0.2309
  486.1     5.30  50.109  -0.2257
  486.5     5.36  50.154  -0.2261
  487.0     5.30  50.199  -0.2255
  487.4     5.32  50.241  -0.2239
  487.8     5.29  50.284  -0.2285
  488.2     5.22  50.325  -0.2236
  488.7     5.26  50.367  -0.2241
  489.1     5.34  50.409  -0.2296
  489.5     5.28  50.450  -0.2300
  489.9     5.30  50.492  -0.2258
  490.3     5.34  50.532  -0.2237
  490.8     5.38  50.573  -0.2237
  491.1     5.26  50.612  -0.2279
  491.4     5.25  50.657  -0.2267
  491.9     5.19  50.702  -0.2261
  492.5     5.28  50.747  -0.2262
  493.0     5.35  50.791  -0.2277
  493.6     5.42  50.835  -0.2314
  494.1     5.40  50.879  -0.2281
  494.9     5.45  50.920  -0.2256
  495.5     5.54  50.963  -0.2254
  496.0     5.63  51.006  -0.2225
  496.6     5.68  51.048  -0.2283
  497.2     5.67  51.089  -0.2267
  497.8     5.67  51.133  -0.2253
  498.4     5.67  51.174  -0.2254
  498.9     5.73  51.218  -0.2262
  499.6     5.69  51.264  -0.2269
  500.2     5.71  51.308  -0.2254
  500.9     5.75  51.351  -0.2249
  501.4     5.77  51.394  -0.2260
  501.9     5.74  51.436  -0.2232
  502.5     5.81  51.480  -0.2229
  503.1     5.79  51.521  -0.2203
  503.8     5.71  51.563  -0.2156
  504.2     5.68  51.607  -0.2187
  504.8     5.73  51.647  -0.2177
  505.4     5.74  51.689  -0.2236
  505.9     5.78  51.730  -0.2231
  506.4     5.80  51.772  -0.2240
  507.0     5.75  51.818  -0.2242
  507.6     5.78  51.861  -0.2230
  508.2     5.74  51.904  -0.2225
  508.6     5.72  51.946  -0.2208
  509.2     5.66  51.989  -0.2274
  509.8     5.67  52.033  -0.2237
  510.3     5.66  52.077  -0.2236
  510.8     5.61  52.120  -0.2243
  511.3     5.63  52.162  -0.2313
  511.7     5.63  52.203  -0.2254
  512.3     5.61  52.244  -0.2239
  512.8     5.64  52.287  -0.2223
  513.1     5.52  52.330  -0.2240
  513.7     5.50  52.375  -0.2282
  514.2     5.52  52.421  -0.2198
  514.7     5.40  52.464  -0.2140
  515.2     5.43  52.507  -0.2162
  515.7     5.40  52.551  -0.2182
  516.1     5.45  52.595  -0.2155
  516.6     5.39  52.638  -0.2174
  517.1     5.37  52.681  -0.2160
  517.6     5.34  52.725  -0.2135
  518.1     5.29  52.767  -0.2164
  518.5     5.28  52.807  -0.2215
  518.9     5.30  52.851  -0.2196
  519.4     5.25  52.893  -0.2201
  519.9     5.22  52.938  -0.2240
  520.2     5.20  52.983  -0.2211
  520.8     5.25  53.025  -0.2236
  521.2     5.19  53.067  -0.2217
  521.6     5.18  53.110  -0.2220
  522.2     5.11  53.151  -0.2247
  522.6     5.19  53.193  -0.2240
  522.9     5.18  53.234  -0.2197
  523.4     5.08  53.276  -0.2232
  523.8     5.18  53.319  -0.2219
  524.3     5.07  53.359  -0.2238
  524.6     5.08  53.402  -0.2233
  525.0     5.08  53.443  -0.2238
  525.6     5.06  53.487  -0.2214
  526.0     5.08  53.532  -0.2238
  526.4     4.97  53.575  -0.2236
  526.8     5.07  53.619  -0.2200
  527.3     5.05  53.662  -0.2188
  527.8     5.05  53.707  -0.2230
  528.1     4.92  53.750  -0.2223
  528.7     4.98  53.794  -0.2210
  529.0     4.96  53.837  -0.2196
  529.5     4.95  53.881  -0.2208
  529.9     4.92  53.922  -0.2201
  530.5     4.96  53.963  -0.2229
  530.8     4.95  54.005  -0.2247
  531.2     4.94  54.050  -0.2224
  531.6     4.88  54.097  -0.2251
  532.1     4.82  54.142  -0.2269
  532.5     4.83  54.183  -0.2264
  532.9     4.86  54.226  -0.2210
  533.4     4.86  54.268  -0.2191
  533.8     4.87  54.310  -0.2190
  534.2     4.84  54.352  -0.2234
  534.7     4.91  54.395  -0.2230
  534.9     4.83  54.436  -0.2225
  535.5     4.79  54.480  -0.2236
  536.0     4.87  54.522  -0.2242
  536.4     4.86  54.564  -0.2224
  536.8     4.80  54.608  -0.2211
  537.2     4.82  54.654  -0.2236
  537.8     4.84  54.699  -0.2267
  538.2     4.89  54.741  -0.2245
  538.6     4.79  54.782  -0.2280
  538.9     4.81  54.824  -0.2238
  539.3     4.70  54.866  -0.2272
  539.8     4.84  54.908  -0.2255
  540.2     4.83  54.949  -0.2258
  540.7     4.75  54.989  -0.2282
  541.1     4.73  55.031  -0.2281
  541.4     4.76  55.073  -0.2293
  542.0     4.81  55.115  -0.2263
  542.3     4.75  55.159  -0.2268
  542.9     4.84  55.203  -0.2284
  543.4     4.88  55.251  -0.2294
  543.7     4.83  55.294  -0.2313
  544.2     4.88  55.336  -0.2308
  544.6     4.83  55.379  -0.2336
  545.0     4.79  55.421  -0.2344
  545.4     4.84  55.463  -0.2374
  545.9     4.83  55.506  -0.2336
  546.4     4.77  55.548  -0.2354
  546.7     4.82  55.588  -0.2372
  547.1     4.80  55.630  -0.2347
  547.6     4.79  55.673  -0.2364
  548.0     4.76  55.715  -0.2380
  548.3     4.81  55.760  -0.2349
  548.9     4.83  55.805  -0.2353
  549.3     4.87  55.847  -0.2300
  549.6     4.77  55.889  -0.2286
  550.2     4.82  55.932  -0.2304
  550.7     4.84  55.974  -0.2265
  551.0     4.75  56.015  -0.2293
  551.4     4.77  56.058  -0.2301
  551.8     4.80  56.098  -0.2346
  552.2     4.82  56.139  -0.2335
  552.6     4.80  56.180  -0.2354
  553.1     4.83  56.221  -0.2356
  553.5     4.84  56.263  -0.2294
  554.0     4.82  56.305  -0.2279
  554.4     4.89  56.352  -0.2302
  554.9     4.92  56.397  -0.2338
  555.3     4.86  56.440  -0.2294
  555.8     4.88  56.483  -0.2295
  556.1     4.83  56.526  -0.2311
  556.6     4.79  56.570  -0.2292
  557.0     4.79  56.611  -0.2277
  557.3     4.76  56.653  -0.2296
  557.8     4.73  56.694  -0.2299
  558.2     4.80  56.735  -0.2282
  558.7     4.79  56.776  -0.2291
  559.0     4.74  56.818  -0.2336
  559.5     4.78  56.859  -0.2289
  559.9     4.84  56.904  -0.2264
  560.4     4.79  56.950  -0.2274
  560.9     4.87  56.993  -0.2292
  561.3     4.80  57.038  -0.2277
  561.7     4.82  57.080  -0.2256
  562.1     4.85  57.123  -0.2262
  562.7     4.83  57.167  -0.2270
  563.0     4.81  57.209  -0.2302
  563.4     4.84  57.250  -0.2308
  563.9     4.85  57.291  -0.2299
  564.3     4.85  57.333  -0.2282
  564.7     4.84  57.375  -0.2295
  565.0     4.82  57.415  -0.2273
  565.6     4.81  57.458  -0.2285
  565.9     4.88  57.504  -0.2278
  566.4     4.88  57.548  -0.2298
  566.8     4.83  57.592  -0.2320
  567.2     4.76  57.633  -0.2321
  567.6     4.73  57.675  -0.2301
  568.1     4.76  57.719  -0.2316
  568.5     4.75  57.760  -0.2320
  568.9     4.70  57.804  -0.2320
  569.4     4.67  57.848  -0.2356
  569.7     4.73  57.889  -0.2312
  570.1     4.78  57.932  -0.2292
  570.6     4.86  57.974  -0.2234
  571.1     4.73  58.016  -0.2211
  571.5     4.80  58.061  -0.2226
  572.0     4.81  58.106  -0.2230
  572.2     4.72  58.150  -0.2234
  572.8     4.82  58.192  -0.2229
  573.2     4.82  58.236  -0.2206
  573.6     4.84  58.280  -0.2268
  574.0     4.75  58.320  -0.2277
  574.4     4.73  58.364  -0.2273
  574.9     4.73  58.408  -0.2239
  575.2     4.74  58.448  -0.2258
  575.5     4.75  58.487  -0.2259
  576.0     4.72  58.527  -0.2282
  576.3     4.73  58.570  -0.2272
  576.7     4.60  58.614  -0.2265
  577.2     4.73  58.660  -0.2230
  577.6     4.67  58.704  -0.2267
  578.0     4.67  58.748  -0.2236
  578.4     4.68  58.792  -0.2207
  578.9     4.68  58.834  -0.2213
  579.2     4.63  58.876  -0.2183
  579.6     4.70  58.917  -0.2199
  580.0     4.61  58.960  -0.2233
  580.4     4.68  59.002  -0.2231
  580.7     4.68  59.042  -0.2234
  581.2     4.68  59.084  -0.2213
  581.6     4.67  59.125  -0.2239
  582.1     4.69  59.169  -0.2268
  582.4     4.59  59.216  -0.2273
  582.9     4.67  59.260  -0.2315
  583.3     4.66  59.302  -0.2329
  583.8     4.63  59.344  -0.2328
  584.1     4.76  59.387  -0.2332
  584.6     4.71  59.431  -0.2289
  584.9     4.70  59.474  -0.2285
  585.4     4.75  59.516  -0.2297
  585.8     4.72  59.557  -0.2330
  586.2     4.64  59.599  -0.2321
  586.5     4.63  59.640  -0.2367
  587.0     4.69  59.682  -0.2399
  587.4     4.68  59.727  -0.2374
  587.9     4.72  59.772  -0.2363
  588.2     4.66  59.815  -0.2359
  588.7     4.70  59.857  -0.2323
  589.2     4.72  59.903  -0.2313
  589.5     4.64  59.946  -0.2326
  589.9     4.64  59.989  -0.2310
  590.3     4.64  60.033  -0.2337
  590.8     4.59  60.076  -0.2346
  591.3     4.77  60.117  -0.2342
  591.7     4.64  60.160  -0.2349
  592.0     4.72  60.203  -0.2339
  592.4     4.77  60.244  -0.2312
  592.8     4.63  60.288  -0.2321
  593.3     4.69  60.335  -0.2324
  593.7     4.71  60.380  -0.2329
  594.1     4.66  60.423  -0.2330
  594.6     4.68  60.467  -0.2301
  595.0     4.63  60.510  -0.2295
  595.5     4.70  60.552  -0.2353
  596.0     4.70  60.596  -0.2303
  596.2     4.69  60.638  -0.2339
  596.7     4.76  60.677  -0.2377
  597.1     4.75  60.717  -0.2416
  597.5     4.72  60.761  -0.2390
  597.9     4.71  60.801  -0.2413
  598.4     4.76  60.844  -0.2407
  598.8     4.73  60.891  -0.2380
  599.3     4.75  60.938  -0.2422
  599.8     4.79  60.981  -0.2411
  600.1     4.79  61.026  -0.2395
