   11.5     1.55   0.042  -0.0023
   11.6     1.62   0.081  -0.0043
   11.5     1.59   0.119   0.0013
   11.5     1.59   0.160  -0.0051
   11.5     1.56   0.200  -0.0058
   11.6     1.57   0.239  -0.0053
   11.6     1.60   0.278  -0.0083
   11.6     1.54   0.318  -0.0068
   11.5     1.55   0.356  -0.0028
   11.7     1.51   0.397  -0.0077
   11.6     1.54   0.438  -0.0056
   11.6     1.47   0.479  -0.0085
   11.6     1.49   0.520  -0.0093
   11.7     1.46   0.559  -0.0053
   11.5     1.49   0.599  -0.0103
   11.7     1.48   0.641  -0.0147
   11.7     1.47   0.681  -0.0099
   11.7     1.47   0.719  -0.0157
   11.7     1.51   0.760  -0.0145
   11.8     1.45   0.800  -0.0108
   11.7     1.47   0.840  -0.0124
   11.7     1.42   0.880  -0.0138
   11.7     1.45   0.922  -0.0175
   11.8     1.42   0.960  -0.0138
   11.8     1.42   0.999  -0.0157
   11.8     1.46   1.039  -0.0185
   11.8     1.46   1.081  -0.0184
   11.8     1.41   1.121  -0.0138
   11.8     1.39   1.160  -0.0210
   11.8     1.40   1.200  -0.0239
   11.9     1.44   1.242  -0.0184
   12.0     1.45   1.281  -0.0160
   12.0     1.50   1.321  -0.0217
   12.0     1.51   1.361  -0.0222
   12.0     1.41   1.401  -0.0201
   12.0     1.44   1.441  -0.0244
   12.0     1.47   1.480  -0.0266
   12.1     1.56   1.520  -0.0247
   12.2     1.55   1.561  -0.0242
   12.3     1.61   1.601  -0.0271
   12.4     1.65   1.641  -0.0282
   12.4     1.60   1.681  -0.0262
   12.4     1.62   1.724  -0.0259
   12.5     1.69   1.763  -0.0298
   12.6     1.71   1.802  -0.0250
   12.5     1.69   1.842  -0.0269
   12.6     1.70   1.883  -0.0294
   12.7     1.73   1.924  -0.0242
   12.8     1.75   1.965  -0.0275
   12.9     1.77   2.005  -0.0276
   12.9     1.72   2.046  -0.0312
   13.0     1.86   2.086  -0.0348
   13.1     1.87   2.125  -0.0312
   13.3     1.94   2.164  -0.0330
   13.4     2.02   2.202  -0.0384
   13.5     2.03   2.241  -0.0384
   13.6     2.04   2.280  -0.0424
   13.7     2.04   2.322  -0.0429
   13.8     2.11   2.362  -0.0382
   13.9     2.06   2.401  -0.0404
   14.0     2.13   2.440  -0.0418
   14.2     2.21   2.481  -0.0389
   14.3     2.23   2.522  -0.0399
   14.5     2.29   2.562  -0.0398
   14.6     2.27   2.602  -0.0412
   14.8     2.30   2.644  -0.0392
   14.9     2.35   2.684  -0.0323
   15.1     2.39   2.724  -0.0377
   15.1     2.40   2.763  -0.0403
   15.3     2.42   2.802  -0.0389
   15.4     2.50   2.842  -0.0442
   15.5     2.53   2.881  -0.0384
   15.8     2.63   2.921  -0.0449
   16.0     2.66   2.963  -0.0445
   16.1     2.67   3.005  -0.0448
   16.4     2.76   3.042  -0.0456
   16.5     2.71   3.081  -0.0410
   16.8     2.81   3.121  -0.0435
   16.9     2.88   3.160  -0.0388
   17.1     2.90   3.199  -0.0411
   17.3     2.96   3.238  -0.0450
   17.5     2.95   3.279  -0.0435
   17.7     3.06   3.319  -0.0463
   17.9     3.05   3.358  -0.0454
   18.1     3.15   3.396  -0.0456
   18.4     3.15   3.435  -0.0483
   18.5     3.20   3.474  -0.0465
   18.8     3.22   3.515  -0.0440
   19.0     3.29   3.559  -0.0465
   19.2     3.27   3.599  -0.0429
   19.4     3.35   3.640  -0.0471
   19.8     3.42   3.682  -0.0482
   20.1     3.44   3.724  -0.0434
   20.1     3.46   3.763  -0.0465
   20.4     3.47   3.804  -0.0509
   20.7     3.52   3.843  -0.0447
   21.0     3.52   3.884  -0.0475
   21.3     3.59   3.923  -0.0518
   21.4     3.61   3.962  -0.0498
   21.7     3.71   4.002  -0.0500
   22.0     3.68   4.041  -0.0549
   22.1     3.64   4.080  -0.0517
   22.5     3.69   4.120  -0.0537
   22.7     3.74   4.161  -0.0551
   23.1     3.84   4.205  -0.0501
   23.3     3.84   4.244  -0.0576
   23.6     3.89   4.285  -0.0546
   23.9     3.94   4.324  -0.0579
   24.2     4.03   4.366  -0.0588
   24.5     4.04   4.407  -0.0569
   24.8     4.10   4.447  -0.0574
   25.2     4.12   4.488  -0.0603
   25.4     4.14   4.526  -0.0573
   25.7     4.24   4.565  -0.0539
   26.0     4.14   4.605  -0.0575
   26.3     4.27   4.645  -0.0588
   26.6     4.31   4.683  -0.0536
   26.9     4.36   4.722  -0.0583
   27.2     4.38   4.761  -0.0610
   27.5     4.45   4.803  -0.0622
   27.8     4.38   4.847  -0.0669
   28.1     4.43   4.887  -0.0648
   28.4     4.46   4.927  -0.0667
   28.7     4.47   4.966  -0.0706
   29.1     4.58   5.005  -0.0669
   29.5     4.62   5.045  -0.0682
   29.7     4.68   5.085  -0.0665
   30.1     4.73   5.125  -0.0670
   30.3     4.72   5.167  -0.0649
   30.7     4.75   5.208  -0.0705
   31.1     4.85   5.249  -0.0696
   31.3     4.77   5.287  -0.0685
   31.6     4.86   5.327  -0.0767
   32.0     4.85   5.367  -0.0704
   32.3     4.89   5.406  -0.0714
   32.7     4.87   5.450  -0.0681
   33.0     4.87   5.490  -0.0709
   33.4     4.92   5.532  -0.0723
   33.7     5.05   5.569  -0.0761
   34.1     5.13   5.609  -0.0701
   34.4     5.11   5.650  -0.0719
   34.7     5.11   5.689  -0.0716
   35.0     5.11   5.729  -0.0721
   35.5     5.26   5.770  -0.0710
   35.8     5.25   5.810  -0.0703
   36.2     5.27   5.849  -0.0736
   36.5     5.20   5.889  -0.0738
   36.8     5.29   5.928  -0.0737
   37.2     5.31   5.967  -0.0720
   37.6     5.32   6.007  -0.0761
   37.9     5.34   6.048  -0.0757
   38.3     5.41   6.090  -0.0743
   38.7     5.49   6.130  -0.0734
   38.9     5.55   6.169  -0.0689
   39.4     5.52   6.210  -0.0713
   39.8     5.52   6.251  -0.0736
   40.2     5.55   6.291  -0.0737
   40.4     5.60   6.331  -0.0761
   40.9     5.63   6.371  -0.0710
   41.2     5.69   6.411  -0.0766
   41.5     5.63   6.450  -0.0737
   41.9     5.71   6.491  -0.0777
   42.3     5.73   6.528  -0.0792
   42.6     5.71   6.569  -0.0750
   43.1     5.73   6.608  -0.0783
   43.4     5.79   6.649  -0.0775
   43.7     5.81   6.693  -0.0784
   44.1     5.78   6.732  -0.0829
   44.5     5.88   6.772  -0.0780
   44.9     5.97   6.812  -0.0797
   45.2     5.91   6.853  -0.0814
   45.6     5.96   6.894  -0.0790
   46.1     6.07   6.934  -0.0775
   46.4     6.05   6.975  -0.0828
   46.8     6.07   7.015  -0.0783
   47.2     6.11   7.056  -0.0765
   47.6     6.09   7.096  -0.0812
   47.8     6.05   7.135  -0.0781
   48.3     6.11   7.174  -0.0773
   48.7     6.10   7.215  -0.0829
   49.0     6.18   7.254  -0.0811
   49.5     6.23   7.295  -0.0768
   49.9     6.24   7.338  -0.0801
   50.3     6.29   7.377  -0.0860
   50.7     6.33   7.416  -0.0847
   51.1     6.37   7.456  -0.0810
   51.5     6.37   7.498  -0.0822
   51.7     6.31   7.538  -0.0847
   52.1     6.29   7.577  -0.0819
   52.5     6.39   7.619  -0.0834
   53.0     6.39   7.658  -0.0885
   53.4     6.47   7.699  -0.0809
   53.8     6.50   7.738  -0.0811
   54.1     6.37   7.778  -0.0829
   54.5     6.44   7.819  -0.0837
   54.8     6.37   7.859  -0.0838
   55.2     6.43   7.898  -0.0876
   55.6     6.44   7.939  -0.0830
   56.0     6.50   7.981  -0.0823
   56.3     6.44   8.020  -0.0865
   56.6     6.38   8.059  -0.0842
   57.1     6.46   8.099  -0.0859
   57.4     6.45   8.139  -0.0835
   57.8     6.52   8.179  -0.0800
   58.2     6.51   8.218  -0.0776
   58.5     6.48   8.259  -0.0793
   59.0     6.53   8.298  -0.0808
   59.3     6.52   8.337  -0.0790
   59.8     6.59   8.376  -0.0787
   60.2     6.56   8.416  -0.0834
   60.6     6.62   8.457  -0.0854
   61.0     6.57   8.496  -0.0833
   61.4     6.66   8.536  -0.0894
   61.7     6.60   8.578  -0.0903
   62.1     6.65   8.618  -0.0850
   62.6     6.65   8.659  -0.0855
   63.0     6.63   8.698  -0.0890
   63.4     6.67   8.741  -0.0833
   63.7     6.64   8.782  -0.0878
   64.1     6.67   8.823  -0.0905
   64.5     6.66   8.863  -0.0890
   65.0     6.61   8.903  -0.0876
   65.4     6.76   8.942  -0.0919
   65.7     6.67   8.983  -0.0897
   66.1     6.76   9.023  -0.0879
   66.6     6.77   9.063  -0.0913
   67.0     6.80   9.104  -0.0869
   67.4     6.76   9.141  -0.0839
   67.7     6.78   9.182  -0.0847
   68.1     6.68   9.224  -0.0881
   68.6     6.81   9.264  -0.0846
   69.0     6.69   9.302  -0.0872
   69.3     6.77   9.342  -0.0888
   69.8     6.82   9.384  -0.0840
   70.1     6.79   9.423  -0.0896
   70.6     6.73   9.463  -0.0880
   70.9     6.74   9.503  -0.0838
   71.3     6.75   9.543  -0.0840
   71.7     6.77   9.582  -0.0843
   72.2     6.74   9.624  -0.0846
   72.5     6.76   9.664  -0.0860
   73.0     6.79   9.705  -0.0832
   73.4     6.76   9.744  -0.0826
   73.7     6.74   9.785  -0.0843
   74.1     6.70   9.829  -0.0830
   74.6     6.65   9.870  -0.0873
   75.0     6.64   9.911  -0.0853
   75.3     6.65   9.951  -0.0835
   75.6     6.60   9.992  -0.0895
   76.1     6.67  10.031  -0.0898
   76.6     6.68  10.072  -0.0858
   77.0     6.59  10.111  -0.0895
   77.5     6.68  10.153  -0.0860
   77.8     6.63  10.193  -0.0833
   78.2     6.60  10.233  -0.0852
   78.6     6.64  10.271  -0.0824
   79.0     6.63  10.311  -0.0780
   79.4     6.68  10.350  -0.0832
   79.8     6.58  10.391  -0.0821
   80.3     6.59  10.433  -0.0843
   80.7     6.66  10.475  -0.0851
   81.2     6.61  10.515  -0.0823
   81.6     6.63  10.555  -0.0886
   82.0     6.57  10.596  -0.0854
   82.3     6.50  10.638  -0.0880
   82.8     6.51  10.677  -0.0896
   83.0     6.55  10.716  -0.0887
   83.5     6.44  10.757  -0.0891
   83.9     6.49  10.797  -0.0832
   84.3     6.34  10.838  -0.0806
   84.7     6.31  10.878  -0.0838
   85.2     6.44  10.917  -0.0816
   85.5     6.29  10.958  -0.0886
   85.8     6.30  10.997  -0.0858
   86.2     6.21  11.037  -0.0865
   86.7     6.23  11.081  -0.0818
   87.2     6.26  11.123  -0.0801
   87.6     6.19  11.162  -0.0820
   87.9     6.17  11.201  -0.0862
   88.3     6.03  11.241  -0.0834
   88.7     6.06  11.280  -0.0815
   89.0     5.98  11.319  -0.0834
   89.5     5.97  11.359  -0.0815
   89.9     5.97  11.400  -0.0822
   90.4     6.03  11.441  -0.0870
   90.7     6.00  11.480  -0.0879
   91.0     5.94  11.521  -0.0901
   91.5     5.91  11.561  -0.0945
   91.7     5.80  11.601  -0.0917
   92.3     5.85  11.641  -0.0932
   92.6     5.78  11.683  -0.0918
   93.2     5.79  11.725  -0.0909
   93.5     5.73  11.766  -0.0946
   93.9     5.74  11.806  -0.0959
   94.3     5.67  11.846  -0.0954
   94.8     5.65  11.889  -0.0981
   95.2     5.69  11.928  -0.0987
   95.7     5.71  11.969  -0.0928
   95.9     5.62  12.009  -0.0922
   96.4     5.60  12.050  -0.0922
   96.8     5.51  12.089  -0.0896
   97.3     5.54  12.132  -0.0931
   97.6     5.48  12.171  -0.0957
   98.0     5.43  12.211  -0.0913
   98.4     5.45  12.251  -0.0929
   98.8     5.30  12.291  -0.0932
   99.2     5.30  12.334  -0.0861
   99.7     5.32  12.376  -0.0868
  100.1     5.26  12.414  -0.0919
  100.4     5.14  12.454  -0.0871
  100.7     5.09  12.496  -0.0910
  101.2     5.12  12.535  -0.0953
  101.7     5.04  12.575  -0.0984
  102.0     4.99  12.615  -0.0992
  102.3     4.95  12.655  -0.0953
  102.8     4.91  12.695  -0.0985
  103.2     4.86  12.735  -0.0958
  103.6     4.82  12.775  -0.0939
  104.0     4.77  12.817  -0.0954
  104.4     4.73  12.859  -0.0955
  104.7     4.71  12.899  -0.0975
  105.2     4.59  12.942  -0.1000
  105.6     4.59  12.983  -0.1009
  106.1     4.58  13.023  -0.0928
  106.4     4.48  13.061  -0.0978
  106.9     4.53  13.101  -0.1060
  107.2     4.44  13.143  -0.1077
  107.6     4.42  13.183  -0.1060
  108.0     4.33  13.221  -0.1102
  108.5     4.33  13.261  -0.1073
  108.9     4.38  13.303  -0.1060
  109.2     4.25  13.344  -0.1058
  109.7     4.26  13.384  -0.1076
  110.1     4.16  13.425  -0.1102
  110.5     4.12  13.465  -0.1105
  110.8     4.15  13.504  -0.1065
  111.3     4.08  13.545  -0.1115
  111.6     3.96  13.586  -0.1106
  112.0     3.93  13.626  -0.1103
  112.4     3.88  13.667  -0.1131
  112.8     3.88  13.707  -0.1101
  113.2     3.73  13.749  -0.1111
  113.7     3.74  13.790  -0.1135
  114.1     3.66  13.830  -0.1137
  114.4     3.57  13.869  -0.1140
  115.0     3.65  13.910  -0.1071
  115.3     3.51  13.950  -0.1093
  115.7     3.52  13.990  -0.1088
  116.1     3.47  14.028  -0.1044
  116.4     3.37  14.067  -0.1201
  116.8     3.39  14.106  -0.1188
  117.1     3.23  14.145  -0.1196
  117.5     3.21  14.186  -0.1178
  118.0     3.12  14.227  -0.1179
  118.3     3.07  14.264  -0.1244
  118.8     3.09  14.305  -0.1176
  119.2     3.02  14.347  -0.1190
  119.6     2.97  14.388  -0.1231
  120.0     2.96  14.427  -0.1253
  120.4     2.90  14.467  -0.1268
  120.9     2.89  14.508  -0.1272
  121.2     2.81  14.548  -0.1273
  121.6     2.74  14.589  -0.1228
  122.0     2.71  14.629  -0.1244
  122.4     2.62  14.669  -0.1314
  122.8     2.54  14.709  -0.1304
  123.2     2.53  14.748  -0.1274
  123.6     2.49  14.789  -0.1351
  124.1     2.40  14.832  -0.1301
  124.4     2.38  14.870  -0.1285
  124.8     2.33  14.908  -0.1321
  125.2     2.28  14.949  -0.1303
  125.6     2.18  14.991  -0.1321
  126.0     2.21  15.030  -0.1345
  126.5     2.15  15.070  -0.1320
  126.9     2.10  15.111  -0.1296
  127.4     2.11  15.153  -0.1327
  127.7     2.02  15.192  -0.1331
  128.1     1.96  15.233  -0.1324
  128.4     1.92  15.272  -0.1329
  128.9     1.85  15.311  -0.1301
  129.2     1.75  15.351  -0.1279
  129.6     1.72  15.391  -0.1302
  130.0     1.70  15.435  -0.1324
  130.6     1.62  15.477  -0.1357
  131.0     1.62  15.517  -0.1373
  131.4     1.60  15.557  -0.1374
  131.7     1.50  15.597  -0.1360
  132.1     1.47  15.637  -0.1377
  132.6     1.44  15.677  -0.1369
  132.9     1.42  15.718  -0.1373
  133.3     1.38  15.759  -0.1373
  133.7     1.29  15.798  -0.1392
  134.2     1.30  15.838  -0.1409
  134.5     1.19  15.879  -0.1405
  134.8     1.28  15.919  -0.1438
  135.3     1.22  15.958  -0.1405
  135.6     1.10  15.998  -0.1352
  136.0     1.05  16.038  -0.1386
  136.4     0.99  16.080  -0.1361
  136.8     0.96  16.118  -0.1410
  137.2     0.94  16.158  -0.1400
  137.6     0.95  16.198  -0.1361
  138.1     0.97  16.238  -0.1402
  138.4     0.81  16.277  -0.1378
  138.8     0.86  16.317  -0.1398
  139.3     0.80  16.356  -0.1397
  139.6     0.86  16.399  -0.1426
  140.1     0.83  16.439  -0.1415
  140.5     0.71  16.478  -0.1421
  140.8     0.68  16.520  -0.1497
  141.4     0.68  16.559  -0.1432
  141.7     0.67  16.598  -0.1411
  142.2     0.69  16.639  -0.1403
  142.6     0.50  16.683  -0.1400
  142.9     0.61  16.723  -0.1388
  143.3     0.52  16.762  -0.1381
  143.7     0.45  16.802  -0.1397
  144.0     0.44  16.844  -0.1400
  144.5     0.39  16.885  -0.1439
  144.9     0.41  16.924  -0.1423
  145.4     0.42  16.964  -0.1454
  145.8     0.35  17.004  -0.1500
  146.2     0.45  17.043  -0.1505
  146.6     0.38  17.084  -0.1529
  147.0     0.33  17.125  -0.1530
  147.5     0.29  17.164  -0.1586
  147.8     0.44  17.205  -0.1558
  148.3     0.46  17.244  -0.1491
  148.6     0.40  17.286  -0.1540
  149.1     0.40  17.328  -0.1528
  149.5     0.45  17.370  -0.1550
  150.0     0.43  17.408  -0.1556
  150.4     0.43  17.449  -0.1529
  150.8     0.43  17.489  -0.1580
  151.2     0.46  17.527  -0.1577
  151.5     0.50  17.565  -0.1564
  151.9     0.46  17.605  -0.1583
  152.4     0.52  17.643  -0.1590
  152.7     0.54  17.683  -0.1579
  153.2     0.64  17.722  -0.1633
  153.5     0.54  17.762  -0.1644
  154.0     0.63  17.803  -0.1617
  154.4     0.63  17.842  -0.1619
  154.7     0.66  17.882  -0.1679
  155.1     0.81  17.924  -0.1665
  155.5     0.73  17.965  -0.1682
  156.0     0.83  18.004  -0.1721
  156.5     0.91  18.044  -0.1739
  156.9     0.93  18.085  -0.1726
  157.3     1.07  18.126  -0.1769
  157.8     1.22  18.167  -0.1786
  158.1     1.19  18.205  -0.1752
  158.6     1.39  18.248  -0.1743
  159.0     1.43  18.290  -0.1749
  159.4     1.51  18.330  -0.1828
  159.8     1.60  18.370  -0.1824
  160.2     1.61  18.409  -0.1852
  160.7     1.80  18.450  -0.1877
  161.2     1.88  18.490  -0.1855
  161.6     2.05  18.532  -0.1856
  162.0     2.09  18.573  -0.1915
  162.5     2.18  18.614  -0.1905
  162.8     2.19  18.652  -0.1874
  163.1     2.34  18.692  -0.1898
  163.6     2.44  18.733  -0.1937
  164.1     2.54  18.774  -0.1900
  164.5     2.67  18.812  -0.1940
  165.0     2.76  18.853  -0.1931
  165.4     2.85  18.892  -0.1940
  165.8     2.92  18.931  -0.1939
  166.1     3.02  18.970  -0.1940
  166.5     3.07  19.012  -0.1943
  167.0     3.21  19.052  -0.1930
  167.3     3.24  19.093  -0.1900
  167.8     3.39  19.131  -0.1908
  168.3     3.48  19.173  -0.1914
  168.8     3.62  19.215  -0.1881
  169.1     3.75  19.254  -0.1920
  169.6     3.81  19.294  -0.1947
  170.0     3.85  19.339  -0.1928
  170.5     3.89  19.382  -0.1932
  171.0     4.08  19.428  -0.1922
  171.4     4.23  19.471  -0.1969
  171.9     4.33  19.516  -0.1969
  172.3     4.34  19.559  -0.1955
  172.8     4.35  19.601  -0.1966
  173.3     4.46  19.644  -0.1966
  173.6     4.54  19.687  -0.1976
  174.1     4.66  19.731  -0.1914
  174.5     4.64  19.775  -0.1949
  175.0     4.75  19.819  -0.1934
  175.5     4.87  19.863  -0.1950
  176.0     4.95  19.906  -0.1943
  176.4     5.02  19.950  -0.1936
  176.8     5.10  19.994  -0.1958
  177.4     5.20  20.036  -0.1933
  177.9     5.27  20.080  -0.1952
  178.2     5.29  20.125  -0.1971
  178.7     5.45  20.169  -0.1958
  179.2     5.48  20.211  -0.1962
  179.6     5.50  20.252  -0.1937
  180.0     5.55  20.293  -0.1931
  180.5     5.69  20.336  -0.1941
  180.8     5.67  20.379  -0.1908
  181.4     5.76  20.424  -0.1931
  181.9     5.79  20.469  -0.1936
  182.4     5.87  20.512  -0.1925
  182.8     5.91  20.555  -0.1910
  183.3     6.03  20.598  -0.1870
  183.8     6.08  20.641  -0.1879
  184.3     6.12  20.685  -0.1888
  184.7     6.21  20.730  -0.1863
  185.1     6.19  20.775  -0.1874
  185.6     6.28  20.816  -0.1892
  186.1     6.32  20.859  -0.1898
  186.6     6.37  20.902  -0.1881
  187.0     6.50  20.944  -0.1882
  187.5     6.48  20.987  -0.1926
  187.8     6.47  21.030  -0.1878
  188.3     6.51  21.074  -0.1903
  188.9     6.60  21.117  -0.1925
  189.3     6.66  21.158  -0.1899
  189.8     6.73  21.203  -0.1926
  190.1     6.69  21.245  -0.1936
  190.6     6.73  21.287  -0.1959
  191.0     6.71  21.327  -0.1945
  191.5     6.84  21.370  -0.1962
  192.0     6.85  21.413  -0.1911
  192.4     6.94  21.454  -0.1928
  192.9     6.84  21.495  -0.1916
  193.2     7.01  21.538  -0.1931
  193.7     6.97  21.578  -0.1900
  194.1     7.07  21.617  -0.1919
  194.5     7.02  21.659  -0.1913
  195.0     7.07  21.698  -0.1925
  195.4     7.16  21.739  -0.1939
  195.9     7.24  21.779  -0.1940
  196.4     7.19  21.820  -0.1901
  196.7     7.21  21.862  -0.1943
  197.1     7.17  21.904  -0.1941
  197.6     7.23  21.944  -0.1895
  198.1     7.26  21.985  -0.1929
  198.6     7.34  22.027  -0.1920
  198.9     7.28  22.067  -0.1908
  199.3     7.34  22.109  -0.1900
  199.7     7.28  22.150  -0.1865
  200.2     7.41  22.190  -0.1814
  200.6     7.27  22.230  -0.1869
  201.1     7.42  22.272  -0.1933
  201.6     7.41  22.312  -0.1914
  201.9     7.27  22.353  -0.1876
  202.5     7.52  22.394  -0.1921
  202.8     7.53  22.433  -0.1946
  203.3     7.49  22.474  -0.1932
  203.7     7.57  22.513  -0.1919
  204.1     7.50  22.553  -0.1927
  204.5     7.44  22.592  -0.1923
  205.0     7.48  22.631  -0.1906
  205.3     7.47  22.672  -0.1857
  205.7     7.47  22.711  -0.1862
  206.1     7.49  22.752  -0.1868
  206.6     7.57  22.792  -0.1905
  207.1     7.58  22.833  -0.1950
  207.5     7.60  22.872  -0.1911
  208.1     7.64  22.913  -0.1911
  208.5     7.69  22.954  -0.1952
  208.9     7.64  22.993  -0.1931
  209.3     7.64  23.033  -0.1932
  209.8     7.68  23.074  -0.1964
  210.3     7.74  23.116  -0.1956
  210.6     7.68  23.156  -0.1910
  211.1     7.68  23.195  -0.1898
  211.5     7.72  23.236  -0.1870
  211.9     7.73  23.278  -0.1895
  212.5     7.70  23.319  -0.1890
  212.9     7.75  23.360  -0.1907
  213.3     7.83  23.401  -0.1922
  213.8     7.83  23.440  -0.1906
  214.2     7.80  23.479  -0.1999
  214.6     7.83  23.520  -0.1993
  215.0     7.81  23.561  -0.2016
  215.4     7.75  23.601  -0.2066
  215.9     7.73  23.642  -0.2027
  216.4     7.85  23.680  -0.2031
  216.8     7.88  23.723  -0.1999
  217.2     7.89  23.763  -0.1962
  217.6     7.85  23.802  -0.2015
  218.0     7.77  23.843  -0.1992
  218.4     7.78  23.883  -0.2014
  218.8     7.75  23.925  -0.2002
  219.3     7.85  23.965  -0.1998
  219.8     7.84  24.004  -0.1978
  220.2     7.86  24.044  -0.1977
  220.6     7.79  24.085  -0.2001
  221.0     7.76  24.123  -0.1991
  221.5     7.85  24.166  -0.1978
  221.8     7.79  24.206  -0.1980
  222.2     7.79  24.245  -0.1974
  222.6     7.78  24.286  -0.2012
  223.0     7.76  24.326  -0.2011
  223.4     7.73  24.364  -0.2006
  223.8     7.75  24.405  -0.1994
  224.3     7.79  24.444  -0.2007
  224.7     7.85  24.483  -0.1991
  225.0     7.79  24.524  -0.2007
  225.6     7.76  24.564  -0.2014
  226.0     7.74  24.603  -0.1995
  226.3     7.71  24.644  -0.1995
  226.7     7.77  24.686  -0.1996
  227.2     7.72  24.726  -0.1998
  227.6     7.83  24.768  -0.2025
  228.1     7.83  24.809  -0.2013
  228.5     7.78  24.850  -0.1981
  228.9     7.78  24.891  -0.2002
  229.4     7.75  24.932  -0.1982
  229.8     7.70  24.973  -0.1997
  230.2     7.69  25.015  -0.2046
  230.6     7.73  25.054  -0.2003
  230.9     7.71  25.094  -0.1974
  231.5     7.72  25.134  -0.2025
  231.9     7.78  25.173  -0.1978
  232.3     7.70  25.213  -0.1998
  232.7     7.72  25.253  -0.1995
  233.1     7.75  25.292  -0.2014
  233.4     7.64  25.331  -0.2021
  234.0     7.70  25.371  -0.2005
  234.4     7.73  25.413  -0.2022
  234.7     7.64  25.455  -0.2070
  235.2     7.67  25.494  -0.2023
  235.6     7.69  25.533  -0.2020
  236.0     7.64  25.573  -0.2006
  236.3     7.64  25.614  -0.2012
  236.7     7.59  25.653  -0.2041
  237.3     7.67  25.693  -0.1993
  237.6     7.62  25.733  -0.2046
  238.1     7.67  25.774  -0.2018
  238.5     7.63  25.813  -0.2034
  238.9     7.65  25.853  -0.2051
  239.4     7.66  25.892  -0.2014
  239.9     7.67  25.932  -0.2071
  240.2     7.68  25.973  -0.2035
  240.8     7.72  26.014  -0.2073
  241.1     7.66  26.059  -0.2063
  241.7     7.77  26.099  -0.2019
  242.1     7.77  26.140  -0.2023
  242.4     7.70  26.182  -0.2025
  242.8     7.63  26.224  -0.2070
  243.3     7.71  26.265  -0.2054
  243.7     7.73  26.303  -0.2034
  244.2     7.75  26.343  -0.2054
  244.5     7.68  26.384  -0.2004
  245.0     7.73  26.423  -0.2048
  245.4     7.72  26.464  -0.2030
  245.8     7.71  26.503  -0.2021
  246.3     7.72  26.542  -0.2081
  246.7     7.75  26.582  -0.2062
  246.9     7.64  26.620  -0.2119
  247.5     7.64  26.662  -0.2099
  247.9     7.61  26.706  -0.2062
  248.4     7.67  26.746  -0.2143
  248.8     7.72  26.785  -0.2079
  249.2     7.68  26.828  -0.2050
  249.8     7.74  26.868  -0.2068
  250.2     7.71  26.906  -0.2034
  250.6     7.62  26.944  -0.2055
  250.9     7.73  26.986  -0.2064
  251.3     7.60  27.025  -0.2099
  251.8     7.62  27.067  -0.2099
  252.3     7.65  27.106  -0.2105
  252.7     7.71  27.146  -0.2124
  253.1     7.67  27.187  -0.2137
  253.5     7.61  27.227  -0.2152
  253.9     7.67  27.266  -0.2113
  254.4     7.70  27.309  -0.2090
  254.8     7.63  27.351  -0.2085
  255.2     7.69  27.390  -0.2082
  255.7     7.67  27.429  -0.2133
  256.0     7.67  27.469  -0.2113
  256.5     7.70  27.509  -0.2125
  257.0     7.68  27.547  -0.2154
  257.3     7.68  27.587  -0.2146
  257.9     7.75  27.627  -0.2148
  258.2     7.79  27.668  -0.2126
  258.7     7.73  27.707  -0.2158
  259.1     7.74  27.746  -0.2102
  259.5     7.75  27.785  -0.2133
  259.8     7.72  27.823  -0.2113
  260.3     7.69  27.863  -0.2152
  260.7     7.67  27.905  -0.2181
  261.0     7.63  27.944  -0.2162
  261.7     7.73  27.984  -0.2166
  262.0     7.63  28.024  -0.2160
  262.4     7.70  28.064  -0.2187
  262.8     7.69  28.107  -0.2179
  263.3     7.66  28.148  -0.2184
  263.8     7.71  28.187  -0.2201
  264.1     7.62  28.227  -0.2171
  264.6     7.66  28.268  -0.2182
  265.0     7.64  28.307  -0.2181
  265.5     7.67  28.348  -0.2167
  265.8     7.63  28.386  -0.2159
  266.3     7.67  28.425  -0.2153
  266.7     7.62  28.464  -0.2201
  267.2     7.73  28.503  -0.2162
  267.6     7.70  28.544  -0.2218
  268.0     7.64  28.585  -0.2190
  268.4     7.64  28.626  -0.2188
  268.9     7.66  28.666  -0.2150
  269.2     7.64  28.708  -0.2180
  269.8     7.68  28.750  -0.2195
  270.2     7.68  28.790  -0.2185
  270.5     7.64  28.828  -0.2205
  270.9     7.64  28.868  -0.2230
  271.5     7.62  28.909  -0.2249
  272.0     7.66  28.950  -0.2262
  272.3     7.60  28.989  -0.2235
  272.7     7.60  29.030  -0.2226
  273.2     7.60  29.069  -0.2262
  273.5     7.64  29.109  -0.2254
  274.0     7.61  29.152  -0.2269
  274.6     7.66  29.194  -0.2310
  274.9     7.67  29.233  -0.2293
  275.3     7.56  29.274  -0.2283
  275.8     7.66  29.315  -0.2311
  276.2     7.60  29.355  -0.2234
  276.6     7.62  29.394  -0.2225
  277.0     7.64  29.434  -0.2267
  277.4     7.60  29.473  -0.2257
  278.0     7.68  29.514  -0.2289
  278.4     7.65  29.552  -0.2300
  278.7     7.61  29.592  -0.2291
  279.3     7.72  29.632  -0.2287
  279.8     7.64  29.671  -0.2284
  280.0     7.58  29.713  -0.2289
  280.5     7.61  29.753  -0.2305
  280.9     7.58  29.796  -0.2271
  281.4     7.57  29.838  -0.2282
  281.7     7.63  29.879  -0.2309
  282.3     7.48  29.917  -0.2307
  282.8     7.57  29.959  -0.2279
  283.2     7.51  29.999  -0.2296
  283.6     7.52  30.039  -0.2288
  283.9     7.58  30.079  -0.2280
  284.4     7.58  30.121  -0.2285
  284.9     7.57  30.160  -0.2252
  285.3     7.53  30.202  -0.2267
  285.7     7.51  30.241  -0.2241
  286.2     7.51  30.280  -0.2225
  286.6     7.54  30.321  -0.2246
  287.0     7.47  30.363  -0.2279
  287.5     7.55  30.406  -0.2278
  288.0     7.46  30.448  -0.2299
  288.3     7.53  30.487  -0.2269
  288.8     7.56  30.527  -0.2288
  289.2     7.47  30.568  -0.2318
  289.6     7.34  30.610  -0.2278
  290.0     7.35  30.652  -0.2294
  290.5     7.41  30.694  -0.2301
  291.0     7.44  30.735  -0.2305
  291.4     7.36  30.779  -0.2320
  292.0     7.41  30.819  -0.2314
  292.4     7.49  30.859  -0.2313
  292.7     7.43  30.900  -0.2278
  293.1     7.41  30.940  -0.2275
  293.6     7.37  30.982  -0.2104
  294.0     7.39  31.028  -0.2100
  294.6     7.35  31.072  -0.2113
  295.0     7.36  31.111  -0.2047
  295.4     7.36  31.154  -0.2097
  295.9     7.30  31.196  -0.2131
  296.3     7.32  31.236  -0.2046
  296.7     7.34  31.277  -0.2070
  297.2     7.29  31.316  -0.2105
  297.7     7.32  31.359  -0.2106
  298.0     7.30  31.400  -0.2133
  298.5     7.24  31.441  -0.2077
  299.0     7.36  31.480  -0.2105
  299.4     7.27  31.520  -0.2077
  299.7     7.30  31.561  -0.2093
  300.2     7.24  31.601  -0.2136
  300.6     7.27  31.644  -0.2132
  301.2     7.26  31.687  -0.2136
  301.9     7.25  31.771  -0.2099
  302.6     7.29  31.864  -0.2119
  303.6     7.25  31.905  -0.2134
  303.9     7.23  31.945  -0.2158
  304.3     7.20  31.984  -0.2167
  304.7     7.13  32.026  -0.2123
  305.2     7.16  32.068  -0.2152
  305.6     7.20  32.109  -0.2128
  306.1     7.22  32.148  -0.2110
  306.5     7.15  32.188  -0.2145
  306.9     7.12  32.227  -0.2139
  307.3     7.14  32.269  -0.2138
  307.8     7.06  32.312  -0.2170
  308.2     7.12  32.351  -0.2171
  308.7     7.15  32.392  -0.2195
  309.1     7.06  32.433  -0.2195
  309.5     7.16  32.473  -0.2152
  309.9     7.07  32.514  -0.2140
  310.4     7.09  32.554  -0.2113
  310.9     7.08  32.595  -0.2097
  311.3     7.09  32.640  -0.2107
  311.7     7.04  32.682  -0.2126
  312.2     7.02  32.726  -0.2189
  312.7     6.98  32.769  -0.2141
  313.2     6.99  32.808  -0.2164
  313.5     7.01  32.850  -0.2164
  314.0     7.05  32.892  -0.2172
  314.5     6.98  32.934  -0.2192
  314.9     6.93  32.976  -0.2153
  315.4     6.93  33.015  -0.2187
  315.8     6.92  33.056  -0.2213
  316.2     6.98  33.100  -0.2263
  316.7     6.96  33.141  -0.2254
  317.1     6.91  33.179  -0.2276
  317.6     6.93  33.219  -0.2295
  318.0     6.92  33.260  -0.2273
  318.3     6.91  33.300  -0.2301
  318.9     6.92  33.339  -0.2313
  319.3     6.90  33.378  -0.2393
  319.7     6.88  33.417  -0.2403
  320.2     6.90  33.456  -0.2393
  320.6     6.91  33.498  -0.2478
  321.0     6.79  33.540  -0.2406
  321.4     6.84  33.582  -0.2428
  321.9     6.80  33.621  -0.2444
  322.4     6.87  33.660  -0.2432
  322.7     6.76  33.701  -0.2466
  323.2     6.80  33.740  -0.2451
  323.6     6.82  33.782  -0.2469
  324.1     6.82  33.824  -0.2459
  324.6     6.72  33.864  -0.2478
  325.0     6.70  33.907  -0.2514
  325.4     6.84  33.948  -0.2487
  325.9     6.68  33.987  -0.2538
  326.3     6.69  34.028  -0.2524
  326.7     6.64  34.066  -0.2559
  327.1     6.65  34.104  -0.2522
  327.5     6.64  34.146  -0.2525
  328.0     6.65  34.190  -0.2570
  328.4     6.65  34.231  -0.2569
  328.9     6.58  34.272  -0.2557
  329.2     6.61  34.312  -0.2547
  329.9     6.66  34.353  -0.2561
  330.1     6.60  34.394  -0.2574
  330.5     6.51  34.433  -0.2584
  331.0     6.59  34.474  -0.2605
  331.5     6.52  34.516  -0.2584
  331.9     6.50  34.556  -0.2623
  332.4     6.51  34.597  -0.2635
  332.8     6.51  34.636  -0.2591
  333.2     6.52  34.675  -0.2612
  333.6     6.46  34.714  -0.2621
  334.0     6.51  34.754  -0.2610
  334.6     6.54  34.797  -0.2655
  334.9     6.53  34.838  -0.2664
  335.3     6.45  34.878  -0.2604
  335.8     6.42  34.917  -0.2615
  336.2     6.43  34.960  -0.2597
  336.6     6.41  35.002  -0.2584
  337.2     6.37  35.042  -0.2628
  337.6     6.40  35.085  -0.2615
  338.0     6.34  35.127  -0.2597
  338.5     6.39  35.169  -0.2650
  338.9     6.33  35.207  -0.2629
  339.3     6.36  35.247  -0.2633
  339.8     6.33  35.287  -0.2641
  340.3     6.34  35.327  -0.2595
  340.7     6.33  35.371  -0.2616
  341.1     6.30  35.418  -0.2653
  341.6     6.39  35.461  -0.2660
  342.1     6.31  35.504  -0.2662
  342.6     6.30  35.544  -0.2679
  343.1     6.30  35.583  -0.2720
  343.4     6.31  35.623  -0.2765
  343.8     6.31  35.665  -0.2688
  344.4     6.36  35.704  -0.2723
  344.7     6.34  35.746  -0.2724
  345.1     6.28  35.788  -0.2684
  345.5     6.23  35.833  -0.2717
  346.0     6.25  35.876  -0.2728
  346.5     6.29  35.918  -0.2725
  346.9     6.27  35.957  -0.2718
  347.3     6.21  35.999  -0.2741
  347.8     6.25  36.044  -0.2724
  348.4     6.25  36.087  -0.2731
  348.7     6.15  36.131  -0.2746
  349.2     6.20  36.170  -0.2753
  349.6     6.14  36.212  -0.2743
  350.0     6.18  36.253  -0.2745
  350.5     6.21  36.292  -0.2747
  350.9     6.24  36.333  -0.2753
  351.4     6.17  36.375  -0.2738
  351.7     6.18  36.413  -0.2751
  352.2     6.18  36.455  -0.2759
  352.6     6.22  36.495  -0.2767
  353.1     6.21  36.534  -0.2764
  353.4     6.16  36.576  -0.2783
  354.0     6.20  36.617  -0.2754
  354.3     6.20  36.659  -0.2765
  354.7     6.22  36.699  -0.2773
  355.2     6.29  36.740  -0.2742
  355.5     6.13  36.779  -0.2771
  356.0     6.15  36.821  -0.2769
  356.5     6.19  36.861  -0.2762
  356.8     6.11  36.900  -0.2736
  357.1     6.11  36.941  -0.2721
  357.6     5.93  36.982  -0.2754
  358.0     6.15  37.022  -0.2738
  358.5     6.13  37.063  -0.2731
  358.9     6.14  37.103  -0.2754
  359.3     6.17  37.143  -0.2766
  359.8     6.12  37.182  -0.2739
  360.2     6.12  37.222  -0.2745
  360.6     6.13  37.265  -0.2792
  360.9     6.11  37.308  -0.2751
  361.4     6.14  37.346  -0.2785
  361.9     6.14  37.387  -0.2772
  362.2     6.10  37.426  -0.2758
  362.6     6.14  37.466  -0.2798
  363.1     6.17  37.504  -0.2791
  363.5     6.13  37.543  -0.2783
  363.9     6.10  37.584  -0.2784
  364.3     6.18  37.626  -0.2827
  364.8     6.09  37.666  -0.2810
  365.2     6.21  37.707  -0.2785
  365.6     6.13  37.747  -0.2839
  366.0     6.16  37.786  -0.2818
  366.5     6.16  37.826  -0.2823
  366.8     6.22  37.865  -0.2847
  367.4     6.20  37.909  -0.2773
  367.8     6.16  37.950  -0.2795
  368.3     6.12  37.990  -0.2813
  368.7     6.15  38.030  -0.2810
  369.0     6.23  38.071  -0.2799
  369.6     6.28  38.111  -0.2781
  369.9     6.18  38.152  -0.2852
  370.3     6.14  38.193  -0.2793
  370.8     6.21  38.233  -0.2803
  371.2     6.18  38.271  -0.2809
  371.7     6.19  38.311  -0.2786
  372.1     6.17  38.349  -0.2793
  372.5     6.14  38.388  -0.2795
  373.0     6.20  38.429  -0.2770
  373.4     6.21  38.469  -0.2791
  373.8     6.17  38.510  -0.2794
  374.2     6.18  38.551  -0.2793
  374.7     6.20  38.592  -0.2803
  375.1     6.18  38.631  -0.2781
  375.6     6.20  38.671  -0.2786
  375.9     6.17  38.710  -0.2787
  376.4     6.29  38.751  -0.2794
  376.8     6.21  38.790  -0.2818
  377.2     6.20  38.832  -0.2779
  377.7     6.23  38.872  -0.2767
  378.0     6.23  38.913  -0.2772
  378.5     6.18  38.953  -0.2781
  379.0     6.20  38.992  -0.2788
  379.4     6.19  39.033  -0.2786
  379.9     6.23  39.072  -0.2758
  380.2     6.19  39.112  -0.2783
  380.7     6.26  39.157  -0.2776
  381.1     6.25  39.199  -0.2764
  381.7     6.21  39.240  -0.2789
  382.0     6.13  39.280  -0.2783
  382.5     6.18  39.321  -0.2793
  382.9     6.15  39.361  -0.2828
  383.3     6.18  39.402  -0.2790
  383.7     6.16  39.441  -0.2799
  384.1     6.18  39.483  -0.2819
  384.6     6.19  39.522  -0.2826
  385.0     6.19  39.561  -0.2810
  385.4     6.17  39.599  -0.2828
  385.8     6.16  39.638  -0.2849
  386.2     6.17  39.676  -0.2830
  386.7     6.13  39.717  -0.2806
  387.0     6.12  39.758  -0.2800
  387.5     6.15  39.801  -0.2773
  387.7     6.07  39.842  -0.2781
  388.2     5.91  39.880  -0.2766
  388.6     5.98  39.921  -0.2728
  389.0     6.00  39.963  -0.2745
  389.5     5.98  40.004  -0.2782
  389.9     6.02  40.043  -0.2816
  390.3     6.04  40.086  -0.2812
  390.8     6.03  40.127  -0.2787
  391.2     6.02  40.167  -0.2826
  391.6     6.01  40.206  -0.2807
  392.0     5.98  40.247  -0.2804
  392.4     6.05  40.289  -0.2789
  393.0     5.99  40.329  -0.2788
  393.4     6.00  40.367  -0.2808
  393.7     5.96  40.411  -0.2801
  394.3     6.01  40.453  -0.2794
  394.6     5.93  40.493  -0.2831
  395.0     5.96  40.533  -0.2828
  395.4     5.96  40.574  -0.2851
  395.8     5.91  40.613  -0.2829
  396.2     5.94  40.654  -0.2821
  396.7     5.94  40.694  -0.2836
  397.0     5.88  40.736  -0.2809
  397.5     5.92  40.779  -0.2855
  398.0     5.95  40.818  -0.2888
  398.3     5.85  40.857  -0.2879
  398.6     5.84  40.898  -0.2898
  399.1     5.85  40.938  -0.2849
  399.5     5.90  40.980  -0.2838
  399.9     5.80  41.022  -0.2850
  400.3     5.85  41.061  -0.2830
  400.8     5.83  41.103  -0.2870
  401.1     5.80  41.143  -0.2857
  401.6     5.87  41.184  -0.2875
  402.1     5.88  41.224  -0.2855
  402.4     5.85  41.266  -0.2866
  402.9     5.86  41.305  -0.2874
  403.3     5.83  41.347  -0.2879
  403.6     5.81  41.387  -0.2889
  404.1     5.90  41.428  -0.2869
  404.5     5.84  41.467  -0.2889
  404.9     5.86  41.508  -0.2852
  405.3     5.80  41.549  -0.2872
  405.8     5.78  41.589  -0.2938
  406.1     5.84  41.631  -0.2904
  406.5     5.76  41.674  -0.2894
  407.0     5.80  41.713  -0.2899
  407.4     5.75  41.752  -0.2879
  407.8     5.75  41.791  -0.2884
  408.2     5.80  41.833  -0.2890
  408.5     5.78  41.872  -0.2895
  409.0     5.79  41.914  -0.2883
  409.5     5.81  41.953  -0.2896
  409.9     5.77  41.993  -0.2901
  410.3     5.74  42.034  -0.2886
  410.7     5.77  42.076  -0.2871
  411.2     5.80  42.117  -0.2877
  411.5     5.78  42.157  -0.2890
  411.9     5.75  42.197  -0.2899
  412.4     5.76  42.236  -0.2921
  412.8     5.71  42.279  -0.2880
  413.2     5.76  42.320  -0.2932
  413.7     5.70  42.361  -0.2921
  414.1     5.77  42.401  -0.2900
  414.5     5.75  42.441  -0.2930
  414.8     5.71  42.481  -0.2926
  415.3     5.71  42.522  -0.2896
  415.7     5.72  42.564  -0.2916
  416.2     5.74  42.606  -0.2884
  416.6     5.71  42.646  -0.2895
  417.0     5.67  42.687  -0.2890
  417.4     5.67  42.727  -0.2922
  417.9     5.64  42.768  -0.2904
  418.2     5.67  42.808  -0.2883
  418.7     5.64  42.849  -0.2892
  419.1     5.65  42.891  -0.2904
  419.6     5.70  42.933  -0.2944
  419.9     5.60  42.974  -0.2951
  420.4     5.62  43.015  -0.2941
  420.8     5.68  43.055  -0.2954
  421.2     5.63  43.097  -0.2938
  421.6     5.66  43.137  -0.2925
  422.0     5.61  43.177  -0.2911
  422.3     5.49  43.218  -0.2932
  422.8     5.58  43.258  -0.2911
  423.2     5.56  43.300  -0.2885
  423.7     5.61  43.341  -0.2914
  424.0     5.58  43.381  -0.2901
  424.5     5.55  43.420  -0.2877
  424.9     5.52  43.459  -0.2862
  425.2     5.55  43.499  -0.2872
  425.6     5.56  43.542  -0.2873
  426.0     5.54  43.584  -0.2878
  426.4     5.46  43.623  -0.2904
  426.9     5.53  43.664  -0.2853
  427.2     5.58  43.705  -0.2874
  427.7     5.61  43.746  -0.2879
  428.0     5.47  43.787  -0.2926
  428.5     5.51  43.825  -0.2921
  428.8     5.46  43.866  -0.2918
  429.2     5.52  43.906  -0.2884
  429.7     5.45  43.948  -0.2864
  430.0     5.50  43.987  -0.2895
  430.5     5.46  44.028  -0.2912
  430.8     5.47  44.067  -0.2918
  431.2     5.51  44.107  -0.2941
  431.6     5.45  44.149  -0.2928
  432.1     5.44  44.190  -0.2953
  432.5     5.47  44.230  -0.2957
  432.9     5.47  44.271  -0.2925
  433.4     5.52  44.311  -0.2876
  433.7     5.48  44.352  -0.2890
  434.3     5.54  44.392  -0.2857
  434.6     5.47  44.431  -0.2868
  435.0     5.45  44.470  -0.2862
  435.5     5.45  44.510  -0.2897
  435.8     5.40  44.551  -0.2930
  436.2     5.45  44.592  -0.2947
  436.7     5.41  44.635  -0.2948
  437.1     5.48  44.678  -0.2948
  437.5     5.37  44.717  -0.2904
  437.9     5.48  44.759  -0.2884
  438.4     5.40  44.801  -0.2897
  438.8     5.43  44.843  -0.2891
  439.2     5.41  44.885  -0.2929
  439.6     5.45  44.930  -0.2888
  440.0     5.37  44.970  -0.2927
  440.5     5.36  45.010  -0.2906
  440.9     5.37  45.053  -0.2918
  441.4     5.33  45.096  -0.2903
  441.8     5.43  45.137  -0.2889
  442.2     5.40  45.177  -0.2952
  442.6     5.39  45.218  -0.2951
  443.0     5.37  45.259  -0.2913
  443.5     5.33  45.300  -0.2914
  443.9     5.37  45.340  -0.2894
  444.2     5.34  45.382  -0.2901
  444.7     5.33  45.424  -0.2895
  445.1     5.33  45.463  -0.2909
  445.5     5.36  45.504  -0.2907
  445.9     5.34  45.545  -0.2898
  446.3     5.34  45.584  -0.2934
  446.7     5.29  45.626  -0.2897
  447.2     5.34  45.666  -0.2889
  447.6     5.30  45.706  -0.2909
  448.0     5.30  45.748  -0.2913
  448.5     5.30  45.787  -0.2936
  448.8     5.30  45.827  -0.2920
  449.3     5.33  45.867  -0.2915
  449.6     5.28  45.905  -0.2962
  450.0     5.28  45.945  -0.2954
  450.4     5.30  45.987  -0.2937
  450.9     5.27  46.030  -0.2921
  451.3     5.29  46.072  -0.2908
  451.7     5.27  46.113  -0.2921
  452.1     5.25  46.152  -0.2887
  452.6     5.23  46.195  -0.2905
  453.0     5.19  46.237  -0.2930
  453.4     5.26  46.276  -0.2900
  453.8     5.14  46.318  -0.2920
  454.2     5.20  46.360  -0.2916
  454.7     5.23  46.400  -0.2903
  455.0     5.17  46.441  -0.2911
  455.5     5.16  46.481  -0.2915
  455.8     5.14  46.521  -0.2915
  456.2     5.19  46.560  -0.2911
  456.6     5.12  46.598  -0.2941
  457.0     5.12  46.639  -0.2933
  457.4     5.13  46.679  -0.2917
  457.9     5.16  46.718  -0.2974
  458.2     5.11  46.757  -0.2956
  458.5     5.08  46.798  -0.2945
  458.9     5.06  46.837  -0.2986
  459.4     5.17  46.878  -0.2974
  459.9     5.17  46.918  -0.2969
  460.2     5.16  46.956  -0.2968
  460.6     5.07  46.998  -0.2943
  460.9     5.16  47.038  -0.2933
  461.5     5.12  47.079  -0.2929
  461.8     5.12  47.118  -0.2910
  462.2     5.12  47.157  -0.2918
  462.6     5.07  47.195  -0.2965
  463.0     5.09  47.238  -0.2948
  463.4     5.06  47.279  -0.2931
  463.9     5.13  47.320  -0.2917
  464.4     5.11  47.360  -0.2949
  464.8     5.09  47.400  -0.2966
  465.2     5.07  47.442  -0.2934
  465.6     5.11  47.481  -0.2927
  466.0     5.10  47.521  -0.2939
  466.4     5.09  47.560  -0.2895
  466.6     5.03  47.602  -0.2906
  467.2     5.05  47.642  -0.2945
  467.6     5.03  47.681  -0.2924
  467.9     4.99  47.722  -0.2926
  468.3     5.03  47.761  -0.2910
  468.8     5.08  47.800  -0.2945
  469.2     5.02  47.842  -0.2954
  469.5     5.08  47.882  -0.2916
  470.1     5.01  47.925  -0.2900
  470.5     5.03  47.966  -0.2920
  470.8     4.97  48.005  -0.2921
  471.2     4.88  48.046  -0.2898
  471.6     4.96  48.089  -0.2877
  471.9     4.97  48.129  -0.2916
  472.4     4.91  48.168  -0.2887
  472.8     4.93  48.209  -0.2907
  473.3     4.94  48.249  -0.2922
  473.7     4.93  48.288  -0.2910
  474.1     4.97  48.327  -0.2952
  474.5     4.91  48.367  -0.2964
  474.9     4.95  48.408  -0.2973
  475.4     4.91  48.448  -0.2951
  475.8     4.89  48.487  -0.2973
  476.1     4.94  48.530  -0.2966
  476.5     4.95  48.571  -0.2999
  476.9     4.98  48.611  -0.2997
  477.2     4.85  48.653  -0.2982
  477.7     4.82  48.693  -0.3001
  478.1     4.81  48.734  -0.2992
  478.5     4.79  48.774  -0.2972
  478.9     4.75  48.815  -0.2993
  479.3     4.79  48.856  -0.2989
  479.7     4.91  48.897  -0.2984
  480.2     4.87  48.936  -0.3018
  480.6     4.88  48.976  -0.2997
  481.0     4.89  49.016  -0.2987
  481.4     4.82  49.056  -0.3011
  481.9     4.90  49.097  -0.2993
  482.3     4.84  49.141  -0.2983
  482.7     4.84  49.182  -0.3003
  483.1     4.87  49.223  -0.2950
  483.5     4.87  49.263  -0.2984
  483.9     4.80  49.305  -0.3007
  484.3     4.80  49.344  -0.2958
  484.7     4.83  49.385  -0.3009
  485.1     4.90  49.426  -0.2946
  485.5     4.93  49.465  -0.2989
  485.9     4.78  49.504  -0.3025
  486.4     4.78  49.544  -0.3011
  486.7     4.83  49.584  -0.3024
  487.1     4.75  49.624  -0.2991
  487.5     4.76  49.665  -0.3024
  487.8     4.77  49.705  -0.2956
  488.2     4.68  49.746  -0.2944
  488.8     4.75  49.790  -0.2950
  489.1     4.78  49.830  -0.2974
  489.5     4.74  49.868  -0.2989
  489.9     4.76  49.910  -0.2917
  490.3     4.75  49.948  -0.2983
  490.7     4.77  49.988  -0.2942
  491.1     4.72  50.029  -0.2926
  491.6     4.79  50.073  -0.2926
  492.0     4.78  50.115  -0.2918
  492.4     4.71  50.155  -0.2962
  492.8     4.75  50.194  -0.2919
  493.2     4.83  50.236  -0.2959
  493.6     4.68  50.277  -0.2988
  494.1     4.73  50.316  -0.2973
  494.3     4.70  50.356  -0.3011
  494.9     4.75  50.400  -0.2962
  495.2     4.72  50.440  -0.2951
  495.6     4.66  50.481  -0.2983
  496.1     4.75  50.522  -0.3018
  496.5     4.66  50.564  -0.3002
  496.9     4.74  50.605  -0.2995
  497.3     4.70  50.644  -0.3041
  497.7     4.75  50.684  -0.3029
  498.1     4.72  50.725  -0.3034
  498.5     4.73  50.765  -0.3046
  498.9     4.70  50.804  -0.3031
  499.4     4.78  50.843  -0.3007
  499.8     4.67  50.881  -0.3046
  500.2     4.71  50.921  -0.3054
  500.5     4.73  50.960  -0.3033
  501.0     4.71  51.002  -0.3033
  501.4     4.79  51.044  -0.3050
  501.8     4.73  51.086  -0.3076
  502.2     4.70  51.123  -0.2999
  502.6     4.77  51.163  -0.3032
  503.0     4.61  51.205  -0.3027
  503.4     4.71  51.243  -0.3031
  503.7     4.68  51.283  -0.3040
  504.1     4.64  51.321  -0.3059
  504.5     4.75  51.359  -0.3067
  504.9     4.64  51.401  -0.3082
  505.3     4.69  51.440  -0.3118
  505.9     4.69  51.483  -0.3084
  506.3     4.67  51.523  -0.3059
  506.7     4.62  51.562  -0.3068
  507.0     4.64  51.603  -0.3064
  507.4     4.68  51.647  -0.3071
  507.9     4.64  51.689  -0.3027
  508.3     4.64  51.726  -0.3056
  508.7     4.68  51.765  -0.3056
  509.1     4.64  51.807  -0.3062
  509.6     4.59  51.847  -0.3058
  510.0     4.65  51.888  -0.3027
  510.4     4.62  51.931  -0.3040
  510.7     4.64  51.973  -0.3048
  511.3     4.64  52.013  -0.3061
  511.7     4.68  52.053  -0.3041
  512.0     4.60  52.093  -0.3045
  512.5     4.64  52.133  -0.3080
  512.9     4.61  52.174  -0.3053
  513.2     4.60  52.214  -0.3071
  513.7     4.60  52.258  -0.3073
  514.2     4.58  52.299  -0.3026
  514.6     4.64  52.340  -0.3062
  515.0     4.57  52.381  -0.3080
  515.3     4.54  52.421  -0.3077
  515.8     4.61  52.462  -0.3075
  516.2     4.55  52.505  -0.3069
  516.6     4.63  52.546  -0.3082
  517.1     4.52  52.587  -0.3066
  517.4     4.59  52.627  -0.3029
  517.8     4.63  52.667  -0.3040
  518.3     4.62  52.707  -0.3057
  518.5     4.56  52.745  -0.3046
  519.0     4.57  52.786  -0.3042
  519.4     4.62  52.826  -0.3072
  519.8     4.53  52.867  -0.3075
  520.1     4.49  52.912  -0.3073
  520.7     4.50  52.951  -0.3065
  521.0     4.49  52.990  -0.3083
  521.4     4.51  53.031  -0.3082
  521.8     4.46  53.073  -0.3105
  522.3     4.47  53.115  -0.3076
  522.7     4.52  53.157  -0.3114
  523.1     4.50  53.196  -0.3113
  523.6     4.53  53.237  -0.3094
  524.0     4.53  53.277  -0.3053
  524.4     4.50  53.316  -0.3070
  524.7     4.53  53.357  -0.3046
  525.1     4.49  53.398  -0.3027
  525.5     4.44  53.438  -0.3029
  526.0     4.52  53.477  -0.3050
  526.4     4.48  53.520  -0.3040
  526.8     4.54  53.561  -0.3055
  527.2     4.42  53.602  -0.3066
  527.6     4.42  53.643  -0.3012
  528.0     4.42  53.686  -0.3057
  528.5     4.45  53.728  -0.3048
  528.9     4.39  53.770  -0.3041
  529.3     4.48  53.809  -0.2936
  529.6     4.48  53.851  -0.2940
  530.1     4.43  53.891  -0.2921
  530.6     4.40  53.932  -0.2932
  530.9     4.34  53.970  -0.2905
  531.4     4.43  54.010  -0.2863
  531.8     4.42  54.048  -0.2892
  532.0     4.45  54.087  -0.2864
  532.5     4.41  54.129  -0.2874
  533.0     4.42  54.169  -0.2823
  533.4     4.43  54.210  -0.2868
  533.9     4.49  54.250  -0.2851
  534.3     4.43  54.291  -0.2854
  534.6     4.42  54.334  -0.2817
  535.0     4.45  54.375  -0.2816
  535.5     4.36  54.415  -0.2819
  535.9     4.40  54.455  -0.2816
  536.3     4.44  54.496  -0.2799
  536.6     4.40  54.535  -0.2788
  537.0     4.43  54.576  -0.2813
  537.5     4.38  54.616  -0.2831
  537.8     4.41  54.657  -0.2842
  538.3     4.35  54.696  -0.2841
  538.6     4.35  54.735  -0.2816
  539.0     4.39  54.778  -0.2826
  539.4     4.39  54.820  -0.2826
  539.9     4.41  54.861  -0.2793
  540.3     4.38  54.900  -0.2781
  540.7     4.37  54.942  -0.2785
  541.1     4.41  54.982  -0.2778
  541.5     4.36  55.022  -0.2833
  541.9     4.36  55.064  -0.2814
  542.3     4.35  55.106  -0.2809
  542.7     4.32  55.148  -0.2786
  543.0     4.33  55.188  -0.2798
  543.5     4.32  55.229  -0.2816
  543.9     4.42  55.270  -0.2798
  544.4     4.31  55.311  -0.2822
  544.7     4.41  55.352  -0.2820
  545.1     4.33  55.396  -0.2837
  545.5     4.41  55.435  -0.2799
  545.9     4.36  55.476  -0.2865
  546.3     4.34  55.515  -0.2909
  546.8     4.19  55.559  -0.2850
  547.2     4.18  55.600  -0.2801
  547.6     4.19  55.642  -0.2840
  547.9     4.29  55.683  -0.2857
  548.5     4.25  55.725  -0.2851
  548.9     4.26  55.766  -0.2859
  549.1     4.23  55.807  -0.2810
  549.7     4.18  55.847  -0.2810
  550.0     4.18  55.886  -0.2806
  550.5     4.25  55.927  -0.2747
  550.8     4.21  55.967  -0.2775
  551.3     4.22  56.010  -0.2807
  551.6     4.21  56.054  -0.2798
  552.0     4.26  56.095  -0.2799
  552.4     4.28  56.133  -0.2806
  552.8     4.23  56.176  -0.2826
  553.1     4.15  56.218  -0.2805
  553.6     4.17  56.257  -0.2789
  553.9     4.17  56.298  -0.2813
  554.3     4.23  56.338  -0.2790
  554.8     4.21  56.379  -0.2814
  555.2     4.17  56.421  -0.2791
  555.6     4.23  56.460  -0.2801
  555.9     4.21  56.501  -0.2835
  556.3     4.20  56.541  -0.2777
  556.8     4.19  56.581  -0.2790
  557.2     4.19  56.625  -0.2832
  557.7     4.22  56.667  -0.2795
  558.0     4.25  56.707  -0.2813
  558.4     4.22  56.747  -0.2843
  558.9     4.27  56.790  -0.2774
  559.3     4.25  56.831  -0.2803
  559.7     4.25  56.872  -0.2810
  560.1     4.22  56.914  -0.2820
  560.6     4.23  56.954  -0.2841
  561.0     4.30  56.997  -0.2826
  561.3     4.28  57.039  -0.2835
  561.9     4.31  57.080  -0.2827
  562.3     4.28  57.121  -0.2838
  562.6     4.37  57.161  -0.2847
  563.1     4.28  57.201  -0.2871
  563.5     4.36  57.243  -0.2802
  563.9     4.27  57.287  -0.2837
  564.3     4.26  57.328  -0.2867
  564.8     4.29  57.367  -0.2813
  565.2     4.36  57.408  -0.2819
  565.6     4.36  57.449  -0.2821
  566.0     4.27  57.489  -0.2815
  566.4     4.24  57.530  -0.2815
  566.7     4.25  57.570  -0.2794
  567.2     4.24  57.609  -0.2830
  567.7     4.28  57.650  -0.2844
  568.0     4.22  57.688  -0.2838
  568.4     4.27  57.728  -0.2851
  568.9     4.38  57.766  -0.2794
  569.2     4.26  57.806  -0.2797
  569.7     4.34  57.847  -0.2894
  570.0     4.20  57.890  -0.2848
  570.4     4.26  57.931  -0.2860
  570.8     4.29  57.969  -0.2868
  571.2     4.24  58.009  -0.2875
  571.6     4.27  58.053  -0.2870
  572.0     4.22  58.097  -0.2907
  572.5     4.23  58.138  -0.2901
  572.9     4.24  58.178  -0.2875
  573.5     4.24  58.220  -0.2875
  573.7     4.19  58.260  -0.2911
  574.1     4.21  58.301  -0.2892
  574.5     4.21  58.341  -0.2873
  575.0     4.24  58.381  -0.2850
  575.4     4.32  58.422  -0.2891
  575.7     4.23  58.463  -0.2838
  576.2     4.11  58.507  -0.2851
  576.5     4.22  58.547  -0.2887
  577.1     4.23  58.588  -0.2885
  577.4     4.25  58.628  -0.2825
  577.8     4.27  58.669  -0.2856
  578.2     4.25  58.709  -0.2882
  578.6     4.21  58.750  -0.2889
  578.9     4.20  58.790  -0.2877
  579.4     4.15  58.831  -0.2920
  579.6     4.18  58.873  -0.2929
  580.1     4.12  58.914  -0.2948
  580.6     4.13  58.956  -0.2918
  580.8     4.19  58.996  -0.2940
  581.4     4.14  59.035  -0.2972
  581.7     4.22  59.075  -0.2957
  582.2     4.19  59.117  -0.2928
  582.7     4.32  59.159  -0.2947
  582.9     4.18  59.198  -0.2949
  583.4     4.21  59.238  -0.2948
  583.7     4.24  59.278  -0.2943
  584.2     4.23  59.320  -0.2946
  584.6     4.20  59.361  -0.2911
  585.1     4.24  59.401  -0.2973
  585.4     4.16  59.443  -0.2938
  585.8     4.23  59.483  -0.2913
  586.2     4.18  59.525  -0.2948
  586.7     4.23  59.565  -0.2947
  587.0     4.22  59.604  -0.2918
  587.4     4.17  59.645  -0.2915
  587.9     4.08  59.684  -0.2972
  588.2     4.20  59.724  -0.2930
  588.6     4.14  59.770  -0.2915
  589.1     4.20  59.812  -0.2937
  589.5     4.22  59.853  -0.2936
  589.9     4.14  59.893  -0.2910
  590.3     4.16  59.935  -0.2937
  590.7     4.16  59.976  -0.2937
  591.1     4.15  60.016  -0.2911
  591.6     4.20  60.056  -0.2882
  591.9     4.15  60.100  -0.2918
  592.4     4.18  60.140  -0.2898
  592.8     4.22  60.182  -0.2879
  593.1     4.16  60.223  -0.2897
  593.7     4.16  60.263  -0.2917
  594.1     4.19  60.303  -0.2870
  594.4     4.19  60.346  -0.2935
  594.9     4.16  60.390  -0.2905
  595.2     4.17  60.431  -0.2893
  595.7     4.24  60.472  -0.2932
  596.1     4.23  60.512  -0.2901
  596.6     4.22  60.553  -0.2914
  596.8     4.19  60.593  -0.2939
  597.2     4.18  60.633  -0.2881
  597.7     4.20  60.675  -0.2915
  598.1     4.14  60.716  -0.2885
  598.4     4.16  60.754  -0.2882
  598.7     4.12  60.796  -0.2841
  599.1     4.04  60.836  -0.2815
  599.4     4.02  60.875  -0.2871
  599.9     4.08  60.916  -0.2841
  600.4     4.09  60.957  -0.2882
