   13.7     1.55   0.044  -0.0038
   13.9     1.56   0.089   0.0061
   14.1     1.61   0.130  -0.0107
   14.2     1.60   0.169  -0.0265
   14.5     1.72   0.210  -0.0029
   14.9     1.90   0.251   0.0090
   15.2     2.02   0.292  -0.0032
   15.6     2.29   0.333   0.0039
   16.2     2.50   0.374  -0.0097
   16.8     2.87   0.418  -0.0283
   17.4     3.26   0.460  -0.0181
   18.2     3.71   0.502   0.0965
   19.1     4.08   0.542   0.1108
   19.8     4.41   0.582   0.1167
   20.5     4.83   0.622   0.1210
   21.5     5.20   0.663   0.1101
   22.5     5.56   0.704   0.1147
   23.5     5.93   0.745   0.1178
   24.5     6.28   0.787   0.1127
   25.4     6.63   0.827   0.1134
   26.5     6.91   0.868   0.1112
   27.6     7.25   0.909   0.1108
   28.6     7.46   0.949   0.1135
   29.7     7.76   0.989   0.1140
   30.8     8.01   1.029   0.1130
   31.9     8.25   1.069   0.1163
   33.0     8.48   1.111   0.1104
   34.1     8.65   1.151   0.1066
   35.2     8.91   1.190   0.1139
   36.3     9.00   1.232   0.1100
   37.3     9.16   1.271   0.1115
   38.4     9.31   1.310   0.1172
   39.4     9.49   1.350   0.1095
   40.5     9.56   1.393   0.1103
   41.6     9.66   1.433   0.1132
   42.6     9.80   1.473   0.1062
   43.7     9.86   1.513   0.1071
   44.8    10.03   1.553   0.1087
   45.7    10.11   1.593   0.1066
   46.7    10.14   1.634   0.1106
   47.7    10.20   1.676   0.1116
   48.8    10.35   1.716   0.1108
   49.9    10.42   1.759   0.1142
   50.9    10.48   1.802   0.1068
   52.0    10.46   1.846   0.1093
   53.0    10.56   1.889   0.1111
   54.1    10.64   1.932   0.1113
   55.0    10.65   1.973   0.1148
   56.0    10.70   2.014   0.1117
   57.0    10.77   2.055   0.1092
   57.8    10.73   2.097   0.1101
   58.8    10.78   2.140   0.1080
   59.7    10.82   2.181   0.1130
   60.6    10.82   2.222   0.1116
   61.5    10.84   2.264   0.1166
   62.3    10.80   2.305   0.1143
   63.2    10.89   2.345   0.1129
   64.0    10.84   2.385   0.1161
   64.9    10.83   2.427   0.1090
   65.8    10.85   2.467   0.1114
   66.7    10.83   2.509   0.1148
   67.4    10.82   2.550   0.1098
   68.2    10.79   2.592   0.1154
   69.0    10.71   2.633   0.1114
   69.7    10.68   2.674   0.1124
   70.5    10.66   2.718   0.1143
   71.3    10.62   2.761   0.1124
   72.1    10.61   2.803   0.1179
   72.7    10.47   2.844   0.1180
   73.6    10.44   2.885   0.1141
   74.2    10.39   2.924   0.1153
   74.9    10.28   2.966   0.1122
   75.6    10.22   3.008   0.1131
   76.3    10.11   3.052   0.1149
   77.1    10.02   3.095   0.1155
   77.7     9.96   3.138   0.1174
   78.4     9.85   3.180   0.1142
   79.0     9.71   3.225   0.1206
   79.7     9.56   3.267   0.1163
   80.4     9.51   3.309   0.1154
   81.1     9.32   3.350   0.1158
   81.6     9.24   3.390   0.1093
   82.2     9.02   3.431   0.1158
   82.8     8.94   3.471   0.1087
   83.3     8.85   3.512   0.1098
   83.7     8.65   3.556   0.1165
   84.4     8.46   3.598   0.1123
   85.0     8.38   3.640   0.1155
   85.5     8.11   3.684   0.1238
   86.2     8.01   3.727   0.1206
   86.7     7.84   3.769   0.1253
   87.2     7.71   3.808   0.1194
   87.6     7.49   3.849   0.1139
   88.2     7.30   3.890   0.1174
   88.6     7.08   3.931   0.1146
   89.1     6.96   3.972   0.1161
   89.6     6.84   4.014   0.1222
   90.0     6.59   4.054   0.1169
   90.5     6.40   4.095   0.1163
   91.0     6.19   4.139   0.1169
   91.3     6.02   4.182   0.1088
   91.9     5.84   4.222   0.1114
   92.2     5.62   4.265   0.1115
   92.8     5.47   4.308   0.1065
   93.2     5.23   4.350   0.1094
   93.5     5.07   4.392   0.1079
   94.0     4.86   4.434   0.1118
   94.4     4.73   4.478   0.1093
   94.7     4.52   4.517   0.1086
   95.2     4.38   4.560   0.1120
   95.5     4.18   4.602   0.1152
   95.9     4.01   4.642   0.1096
   96.3     3.91   4.682   0.1106
   96.7     3.75   4.722   0.1087
   97.0     3.60   4.762   0.1084
   97.3     3.51   4.803   0.1068
   97.6     3.45   4.844   0.1080
   98.0     3.44   4.886   0.1122
   98.3     3.45   4.926   0.1089
   98.6     3.44   4.968   0.1022
   99.0     3.39   5.010   0.1064
   99.3     3.38   5.054   0.1002
   99.6     3.32   5.094   0.1069
   99.9     3.27   5.132   0.1012
  100.1     3.27   5.172   0.1055
  100.5     3.15   5.211   0.1104
  100.6     3.09   5.251   0.1084
  101.0     3.05   5.294   0.1100
  101.4     3.00   5.336   0.1017
  101.6     2.89   5.380   0.1058
  101.8     2.84   5.421   0.1046
  102.1     2.77   5.465   0.1074
  102.4     2.71   5.509   0.1040
  102.6     2.61   5.554   0.1075
  102.9     2.51   5.593   0.1081
  103.1     2.51   5.633   0.1051
  103.4     2.41   5.675   0.1105
  103.6     2.37   5.717   0.1059
  103.9     2.27   5.759   0.1059
  104.1     2.21   5.801   0.1047
  104.3     2.21   5.844   0.1028
  104.6     2.11   5.886   0.1057
  104.8     2.00   5.925   0.1032
  105.0     1.94   5.966   0.1012
  105.2     1.87   6.005   0.1027
  105.5     1.79   6.047   0.1014
  105.6     1.73   6.089   0.0998
  105.8     1.65   6.130   0.1036
  105.9     1.60   6.173   0.1019
  106.2     1.50   6.215   0.1055
  106.4     1.46   6.256   0.1087
  106.5     1.39   6.299   0.1047
  106.8     1.31   6.342   0.1003
  107.0     1.25   6.384   0.1016
  107.1     1.13   6.426   0.0988
  107.3     1.10   6.466   0.0964
  107.4     1.04   6.506   0.1002
  107.7     0.98   6.545   0.1037
  107.8     0.91   6.588   0.1002
  108.0     0.91   6.628   0.1017
  108.2     0.82   6.668   0.1025
  108.2     0.74   6.708   0.1012
  108.4     0.70   6.748   0.1006
  108.5     0.65   6.790   0.1042
  108.8     0.59   6.832   0.1034
  108.9     0.54   6.874   0.1011
  109.0     0.46   6.913   0.1015
  109.2     0.39   6.954   0.1006
  109.4     0.41   6.994   0.0980
  109.4     0.30   7.038   0.1001
  109.6     0.22   7.079   0.0990
  109.7     0.18   7.122   0.0983
  109.9     0.16   7.162   0.0969
  109.9     0.06   7.205   0.0991
  110.0     0.05   7.249   0.1013
  110.2    -0.01   7.296   0.0968
  110.3    -0.07   7.340   0.0938
  110.6    -0.14   7.382   0.0958
  110.6    -0.17   7.422   0.0965
  110.7    -0.20   7.464   0.0958
  110.7    -0.24   7.504   0.0928
  111.0    -0.35   7.545   0.0926
  110.9    -0.40   7.588   0.0944
  111.1    -0.41   7.628   0.0886
  111.2    -0.45   7.669   0.0865
  111.3    -0.48   7.712   0.0903
  111.4    -0.59   7.754   0.0927
  111.5    -0.60   7.795   0.0887
  111.6    -0.62   7.835   0.0883
  111.7    -0.71   7.875   0.0942
  111.8    -0.73   7.917   0.0956
  111.9    -0.78   7.958   0.0907
  111.9    -0.81   7.998   0.0904
  112.0    -0.82   8.038   0.0960
  112.1    -0.89   8.077   0.0934
  112.2    -0.95   8.120   0.0943
  112.3    -0.96   8.163   0.0965
  112.3    -1.01   8.205   0.0970
  112.3    -1.09   8.245   0.0943
  112.4    -1.11   8.286   0.0932
  112.6    -1.18   8.327   0.0939
  112.5    -1.17   8.366   0.0907
  112.7    -1.23   8.408   0.0905
  112.7    -1.30   8.449   0.0947
  112.8    -1.27   8.489   0.0913
  112.8    -1.30   8.529   0.0904
  112.9    -1.39   8.568   0.0923
  113.0    -1.38   8.609   0.0961
  113.1    -1.45   8.653   0.0954
  113.0    -1.51   8.695   0.0928
  113.2    -1.46   8.735   0.0916
  113.2    -1.58   8.775   0.0950
  113.3    -1.60   8.816   0.0898
  113.2    -1.59   8.859   0.0942
  113.4    -1.61   8.901   0.0905
  113.5    -1.61   8.941   0.0935
  113.4    -1.63   8.983   0.0914
  113.5    -1.65   9.025   0.0915
  113.5    -1.77   9.069   0.0901
  113.5    -1.83   9.113   0.0867
  113.7    -1.83   9.155   0.0917
  113.7    -1.83   9.197   0.0932
  113.7    -1.86   9.240   0.0959
  113.7    -1.91   9.280   0.0931
  113.8    -1.92   9.321   0.0923
  113.8    -1.95   9.362   0.0965
  113.9    -1.95   9.404   0.0952
  113.9    -1.98   9.445   0.0994
  114.0    -2.03   9.486   0.0990
  114.0    -2.02   9.526   0.0975
  114.0    -2.07   9.568   0.0953
  114.1    -2.05   9.608   0.0919
  114.2    -2.06   9.649   0.0956
  114.1    -2.14   9.691   0.0918
  114.1    -2.16   9.731   0.0938
  114.1    -2.15   9.773   0.0870
  114.1    -2.24   9.813   0.0903
  114.1    -2.23   9.854   0.0846
  114.3    -2.28   9.896   0.0917
  114.2    -2.30   9.938   0.0845
  114.2    -2.28   9.980   0.0851
  114.2    -2.33  10.022   0.0845
  114.3    -2.36  10.063   0.0864
  114.4    -2.39  10.103   0.0910
  114.3    -2.31  10.145   0.0849
  114.3    -2.41  10.187   0.0903
  114.4    -2.33  10.228   0.0902
  114.4    -2.41  10.269   0.0915
  114.4    -2.40  10.310   0.0876
  114.4    -2.40  10.350   0.0862
  114.4    -2.38  10.392   0.0877
  114.5    -2.41  10.435   0.0882
  114.5    -2.43  10.479   0.0965
  114.5    -2.42  10.520   0.0890
  114.5    -2.44  10.559   0.0933
  114.5    -2.54  10.599   0.0901
  114.5    -2.53  10.640   0.0855
  114.4    -2.61  10.679   0.0935
  114.6    -2.54  10.720   0.0883
  114.5    -2.58  10.763   0.0904
  114.6    -2.58  10.805   0.0906
  114.6    -2.59  10.848   0.0887
  114.5    -2.63  10.892   0.0926
  114.5    -2.62  10.935   0.0876
  114.6    -2.65  10.980   0.0869
  114.6    -2.69  11.020   0.0935
  114.6    -2.66  11.062   0.0911
  114.6    -2.67  11.104   0.0935
  114.5    -2.72  11.145   0.0933
  114.4    -2.68  11.187   0.0927
  114.6    -2.70  11.226   0.0943
  114.6    -2.71  11.267   0.0909
  114.5    -2.75  11.308   0.0969
  114.6    -2.68  11.351   0.0925
  114.5    -2.74  11.392   0.0929
  114.4    -2.75  11.435   0.0869
  114.6    -2.76  11.479   0.0924
  114.5    -2.78  11.523   0.0874
  114.6    -2.74  11.564   0.0864
  114.6    -2.80  11.605   0.0908
  114.5    -2.79  11.647   0.0872
  114.6    -2.83  11.686   0.0919
  114.5    -2.79  11.726   0.0899
  114.6    -2.80  11.769   0.0875
  114.5    -2.82  11.811   0.0919
  114.5    -2.79  11.852   0.0884
  114.5    -2.81  11.894   0.0900
  114.6    -2.83  11.934   0.0889
  114.6    -2.84  11.975   0.0846
  114.4    -2.84  12.017   0.0857
  114.5    -2.83  12.059   0.0899
  114.5    -2.86  12.099   0.0818
  114.5    -2.83  12.138   0.0869
  114.5    -2.86  12.179   0.0824
  114.5    -2.88  12.223   0.0858
  114.6    -2.86  12.267   0.0846
  114.5    -2.85  12.309   0.0843
  114.4    -2.88  12.350   0.0885
  114.3    -2.87  12.389   0.0860
  114.5    -2.81  12.430   0.0931
  114.5    -2.86  12.473   0.0821
  114.4    -2.81  12.514   0.0832
  114.5    -2.81  12.559   0.0834
  114.4    -2.85  12.603   0.0814
  114.5    -2.79  12.646   0.0874
  114.5    -2.80  12.691   0.0805
  114.5    -2.79  12.736   0.0865
  114.5    -2.77  12.776   0.0862
  114.5    -2.74  12.818   0.0876
  114.6    -2.77  12.859   0.0904
  114.6    -2.74  12.900   0.0872
  114.6    -2.74  12.942   0.0843
  114.6    -2.71  12.984   0.0856
  114.5    -2.73  13.024   0.0801
  114.7    -2.70  13.066   0.0863
  114.7    -2.67  13.107   0.0830
  114.8    -2.65  13.146   0.0803
  114.7    -2.71  13.189   0.0853
  114.8    -2.60  13.232   0.0783
  114.8    -2.62  13.274   0.0819
  114.8    -2.57  13.315   0.0806
  115.0    -2.52  13.357   0.0800
  115.0    -2.49  13.397   0.0823
  115.0    -2.48  13.437   0.0808
  115.2    -2.47  13.478   0.0825
  115.1    -2.49  13.520   0.0824
  115.2    -2.43  13.563   0.0813
  115.3    -2.39  13.604   0.0801
  115.5    -2.33  13.646   0.0794
  115.5    -2.39  13.687   0.0815
  115.5    -2.34  13.728   0.0741
  115.7    -2.25  13.770   0.0764
  115.7    -2.22  13.813   0.0803
  115.9    -2.23  13.856   0.0756
  116.1    -2.14  13.898   0.0763
  116.1    -2.20  13.939   0.0778
  116.3    -2.03  13.981   0.0733
  116.3    -2.10  14.021   0.0761
  116.4    -2.05  14.063   0.0793
  116.6    -2.02  14.108   0.0755
  116.8    -1.93  14.149   0.0748
  116.9    -1.93  14.189   0.0727
  117.1    -1.79  14.230   0.0763
  117.3    -1.76  14.271   0.0715
  117.4    -1.74  14.315   0.0751
  117.5    -1.68  14.356   0.0763
  117.8    -1.58  14.396   0.0688
  118.0    -1.60  14.439   0.0755
  118.1    -1.52  14.482   0.0747
  118.4    -1.46  14.526   0.0707
  118.5    -1.46  14.571   0.0743
  118.8    -1.36  14.613   0.0663
  118.9    -1.38  14.655   0.0680
  119.1    -1.36  14.696   0.0751
  119.4    -1.30  14.737   0.0702
  119.6    -1.23  14.777   0.0689
  119.9    -1.24  14.818   0.0720
  120.0    -1.19  14.858   0.0685
  120.3    -1.20  14.898   0.0689
  120.5    -1.13  14.940   0.0755
  120.7    -1.12  14.979   0.0691
  121.0    -1.11  15.019   0.0697
  121.3    -1.07  15.060   0.0759
  121.5    -1.00  15.102   0.0718
  121.8    -1.00  15.141   0.0688
  122.1    -0.93  15.184   0.0694
  122.4    -0.96  15.227   0.0704
  122.7    -0.86  15.271   0.0668
  122.9    -0.85  15.312   0.0676
  123.2    -0.80  15.355   0.0757
  123.6    -0.75  15.398   0.0735
  123.9    -0.76  15.439   0.0711
  124.2    -0.69  15.480   0.0724
  124.5    -0.58  15.523   0.0750
  124.8    -0.61  15.562   0.0756
  125.0    -0.55  15.602   0.0676
  125.4    -0.55  15.643   0.0732
  125.8    -0.52  15.685   0.0740
  126.1    -0.47  15.724   0.0677
  126.3    -0.40  15.765   0.0767
  126.7    -0.44  15.807   0.0789
  127.1    -0.33  15.848   0.0714
  127.4    -0.35  15.891   0.0780
  127.8    -0.31  15.934   0.0737
  128.2    -0.28  15.975   0.0658
  128.5    -0.27  16.015   0.0705
  128.8    -0.22  16.055   0.0709
  129.2    -0.19  16.097   0.0671
  129.6    -0.17  16.139   0.0710
  129.9    -0.18  16.183   0.0708
  130.4    -0.06  16.225   0.0662
  130.7    -0.08  16.268   0.0706
  131.0    -0.03  16.311   0.0710
  131.5    -0.06  16.353   0.0656
  131.9     0.05  16.398   0.0669
  132.4     0.01  16.440   0.0667
  132.8     0.10  16.481   0.0633
  133.2     0.16  16.521   0.0664
  133.6     0.20  16.561   0.0671
  133.9     0.18  16.601   0.0606
  134.4     0.25  16.642   0.0642
  134.7     0.26  16.682   0.0633
  135.0     0.25  16.723   0.0607
  135.6     0.33  16.763   0.0613
  135.9     0.36  16.805   0.0674
  136.4     0.37  16.845   0.0631
  136.8     0.42  16.885   0.0588
  137.2     0.45  16.926   0.0629
  137.6     0.45  16.968   0.0604
  138.1     0.51  17.007   0.0614
  138.4     0.49  17.049   0.0642
  138.8     0.56  17.090   0.0606
  139.3     0.59  17.131   0.0592
  139.7     0.63  17.171   0.0619
  140.1     0.66  17.214   0.0630
  140.7     0.70  17.256   0.0614
  141.0     0.69  17.296   0.0621
  141.4     0.76  17.337   0.0618
  141.8     0.78  17.378   0.0605
  142.3     0.79  17.419   0.0618
  142.8     0.89  17.461   0.0673
  143.2     0.96  17.501   0.0643
  143.7     0.97  17.543   0.0642
  144.1     0.98  17.582   0.0689
  144.4     1.06  17.623   0.0663
  145.0     1.11  17.663   0.0602
  145.4     1.16  17.705   0.0629
  145.9     1.20  17.747   0.0612
  146.3     1.23  17.788   0.0544
  146.8     1.26  17.827   0.0543
  147.2     1.37  17.866   0.0608
  147.7     1.44  17.906   0.0632
  148.1     1.49  17.947   0.0584
  148.5     1.54  17.987   0.0558
  149.0     1.59  18.029   0.0634
  149.5     1.69  18.074   0.0632
  150.0     1.77  18.114   0.0641
  150.5     1.83  18.160   0.0653
  151.0     1.82  18.203   0.0605
  151.4     2.01  18.244   0.0626
  151.9     2.09  18.285   0.0615
  152.4     2.12  18.326   0.0603
  152.8     2.20  18.365   0.0624
  153.3     2.27  18.408   0.0564
  153.7     2.38  18.448   0.0612
  154.1     2.44  18.488   0.0661
  154.6     2.54  18.529   0.0632
  155.0     2.56  18.568   0.0637
  155.5     2.68  18.609   0.0670
  156.0     2.69  18.651   0.0608
  156.5     2.85  18.692   0.0621
  156.9     2.87  18.734   0.0601
  157.4     2.96  18.775   0.0582
  157.8     3.07  18.816   0.0592
  158.3     3.19  18.856   0.0549
  158.8     3.21  18.898   0.0592
  159.4     3.33  18.939   0.0587
  159.8     3.49  18.979   0.0557
  160.2     3.58  19.020   0.0583
  160.7     3.63  19.063   0.0588
  161.1     3.70  19.104   0.0565
  161.6     3.78  19.144   0.0594
  162.2     3.87  19.184   0.0625
  162.6     3.91  19.225   0.0577
  163.1     4.01  19.265   0.0631
  163.5     4.14  19.306   0.0641
  163.9     4.17  19.348   0.0586
  164.4     4.29  19.388   0.0594
  164.8     4.38  19.429   0.0610
  165.4     4.42  19.468   0.0561
  165.8     4.48  19.510   0.0596
  166.3     4.61  19.553   0.0612
  166.9     4.68  19.595   0.0583
  167.3     4.75  19.636   0.0620
  167.7     4.79  19.676   0.0631
  168.2     4.84  19.716   0.0593
  168.6     4.90  19.756   0.0627
  169.3     5.04  19.800   0.0604
  169.6     5.09  19.843   0.0574
  170.1     5.21  19.885   0.0629
  170.6     5.25  19.928   0.0570
  171.1     5.27  19.969   0.0595
  171.6     5.36  20.013   0.0608
  172.1     5.41  20.055   0.0541
  172.5     5.48  20.096   0.0599
  173.1     5.53  20.138   0.0575
  173.5     5.60  20.178   0.0561
  174.0     5.66  20.219   0.0629
  174.4     5.73  20.260   0.0627
  174.9     5.81  20.302   0.0631
  175.4     5.84  20.342   0.0624
  175.8     5.86  20.385   0.0588
  176.3     5.89  20.428   0.0618
  176.8     5.97  20.470   0.0583
  177.3     6.10  20.511   0.0610
  177.7     6.07  20.554   0.0639
  178.2     6.11  20.594   0.0587
  178.7     6.19  20.635   0.0655
  179.2     6.21  20.677   0.0631
  179.7     6.35  20.718   0.0626
  180.1     6.38  20.759   0.0688
  180.6     6.39  20.801   0.0663
  181.1     6.47  20.843   0.0644
  181.4     6.46  20.885   0.0642
  182.0     6.54  20.927   0.0627
  182.5     6.57  20.971   0.0651
  183.0     6.63  21.012   0.0655
  183.5     6.66  21.054   0.0626
  183.9     6.70  21.095   0.0690
  184.4     6.69  21.137   0.0656
  184.9     6.73  21.180   0.0628
  185.4     6.79  21.221   0.0637
  185.8     6.78  21.262   0.0610
  186.3     6.86  21.305   0.0644
  186.7     6.88  21.348   0.0623
  187.2     6.93  21.389   0.0565
  187.7     6.95  21.430   0.0615
  188.1     6.97  21.470   0.0599
  188.6     7.00  21.511   0.0532
  189.1     7.05  21.554   0.0565
  189.5     7.09  21.595   0.0525
  190.0     7.16  21.637   0.0515
  190.5     7.14  21.679   0.0578
  191.0     7.13  21.721   0.0562
  191.5     7.19  21.764   0.0589
  191.9     7.18  21.807   0.0580
  192.3     7.21  21.850   0.0576
  192.8     7.24  21.889   0.0599
  193.3     7.26  21.929   0.0568
  193.7     7.27  21.970   0.0605
  194.1     7.36  22.010   0.0656
  194.7     7.33  22.051   0.0603
  195.1     7.35  22.091   0.0585
  195.5     7.30  22.132   0.0612
  195.9     7.40  22.174   0.0615
  196.5     7.43  22.214   0.0599
  196.9     7.42  22.255   0.0590
  197.3     7.46  22.297   0.0633
  197.8     7.43  22.338   0.0579
  198.3     7.50  22.380   0.0598
  198.7     7.47  22.421   0.0640
  199.1     7.53  22.461   0.0589
  199.6     7.49  22.504   0.0640
  200.0     7.48  22.545   0.0637
  200.5     7.55  22.587   0.0643
  201.0     7.51  22.628   0.0689
  201.4     7.60  22.672   0.0620
  202.0     7.60  22.713   0.0639
  202.4     7.54  22.753   0.0659
  202.8     7.56  22.794   0.0597
  203.2     7.58  22.834   0.0653
  203.8     7.61  22.876   0.0630
  204.2     7.59  22.916   0.0623
  204.5     7.59  22.955   0.0653
  205.1     7.64  22.997   0.0627
  205.5     7.65  23.037   0.0635
  205.9     7.65  23.078   0.0696
  206.5     7.66  23.121   0.0644
  206.9     7.67  23.164   0.0638
  207.4     7.66  23.206   0.0683
  207.7     7.64  23.247   0.0626
  208.3     7.68  23.287   0.0626
  208.7     7.64  23.327   0.0705
  209.1     7.64  23.366   0.0662
  209.6     7.66  23.409   0.0660
  210.2     7.70  23.452   0.0677
  210.6     7.64  23.494   0.0647
  211.0     7.63  23.536   0.0621
  211.5     7.69  23.581   0.0668
  212.0     7.69  23.624   0.0632
  212.4     7.73  23.667   0.0688
  212.9     7.69  23.708   0.0722
  213.3     7.69  23.750   0.0675
  213.8     7.68  23.790   0.0669
  214.3     7.78  23.831   0.0692
  214.6     7.70  23.872   0.0689
  215.0     7.78  23.916   0.0714
  215.6     7.77  23.960   0.0680
  216.1     7.73  24.002   0.0729
  216.5     7.75  24.045   0.0720
  217.0     7.73  24.087   0.0700
  217.4     7.72  24.128   0.0698
  217.9     7.74  24.170   0.0676
  218.3     7.75  24.211   0.0734
  218.8     7.75  24.254   0.0692
  219.3     7.73  24.295   0.0676
  219.7     7.75  24.335   0.0701
  220.2     7.76  24.378   0.0695
  220.6     7.76  24.419   0.0723
  221.0     7.74  24.460   0.0686
  221.4     7.75  24.501   0.0687
  221.9     7.76  24.544   0.0643
  222.4     7.75  24.585   0.0648
  222.8     7.74  24.626   0.0702
  223.2     7.77  24.666   0.0649
  223.6     7.79  24.706   0.0658
  224.1     7.75  24.748   0.0669
  224.5     7.77  24.787   0.0656
  225.0     7.74  24.829   0.0682
  225.3     7.77  24.869   0.0661
  225.8     7.80  24.909   0.0662
  226.3     7.80  24.953   0.0655
  226.8     7.82  24.996   0.0623
  227.2     7.82  25.036   0.0667
  227.6     7.88  25.077   0.0648
  228.2     7.85  25.118   0.0637
  228.6     7.83  25.158   0.0688
  229.0     7.80  25.198   0.0636
  229.4     7.80  25.243   0.0640
  229.9     7.79  25.283   0.0672
  230.4     7.88  25.325   0.0626
  230.7     7.84  25.368   0.0690
  231.2     7.89  25.412   0.0643
  231.7     7.85  25.457   0.0665
  232.2     7.84  25.499   0.0708
  232.6     7.89  25.540   0.0670
  233.1     7.86  25.583   0.0724
  233.5     7.87  25.624   0.0667
  234.0     7.86  25.666   0.0703
  234.4     7.79  25.709   0.0693
  234.8     7.79  25.751   0.0635
  235.3     7.79  25.795   0.0699
  235.7     7.75  25.836   0.0631
  236.1     7.73  25.877   0.0663
  236.6     7.76  25.919   0.0675
  237.0     7.71  25.961   0.0709
  237.5     7.76  26.003   0.0691
  237.9     7.75  26.045   0.0626
  238.4     7.71  26.086   0.0651
  238.8     7.73  26.128   0.0640
  239.2     7.75  26.170   0.0668
  239.8     7.81  26.211   0.0682
  240.0     7.79  26.251   0.0669
  240.5     7.77  26.290   0.0698
  240.9     7.81  26.330   0.0621
  241.4     7.76  26.373   0.0668
  241.8     7.80  26.414   0.0654
  242.3     7.79  26.456   0.0662
  242.7     7.76  26.495   0.0692
  243.1     7.82  26.535   0.0645
  243.5     7.81  26.575   0.0644
  244.0     7.75  26.616   0.0674
  244.4     7.80  26.656   0.0596
  244.8     7.81  26.696   0.0650
  245.2     7.80  26.737   0.0688
  245.7     7.82  26.778   0.0643
  246.1     7.75  26.820   0.0636
  246.5     7.81  26.859   0.0620
  247.0     7.85  26.897   0.0575
  247.4     7.84  26.935   0.0574
  247.8     7.81  26.977   0.0618
  248.2     7.81  27.017   0.0609
  248.6     7.81  27.060   0.0568
  249.0     7.83  27.102   0.0596
  249.5     7.81  27.144   0.0653
  249.9     7.84  27.186   0.0613
  250.3     7.87  27.232   0.0590
  250.8     7.79  27.275   0.0628
  251.3     7.77  27.316   0.0640
  251.8     7.80  27.357   0.0592
  252.1     7.78  27.399   0.0616
  252.6     7.77  27.441   0.0632
  253.0     7.79  27.481   0.0624
  253.4     7.82  27.523   0.0577
  254.0     7.80  27.566   0.0601
  254.3     7.79  27.607   0.0628
  254.7     7.84  27.647   0.0581
  255.1     7.79  27.689   0.0573
  255.5     7.80  27.729   0.0606
  256.0     7.78  27.771   0.0605
  256.4     7.80  27.813   0.0634
  256.8     7.77  27.853   0.0626
  257.3     7.77  27.895   0.0618
  257.7     7.83  27.935   0.0615
  258.1     7.80  27.975   0.0565
  258.5     7.75  28.017   0.0573
  258.9     7.70  28.057   0.0604
  259.4     7.79  28.099   0.0570
  259.8     7.81  28.140   0.0622
  260.2     7.75  28.180   0.0631
  260.6     7.80  28.220   0.0584
  261.1     7.81  28.259   0.0592
  261.5     7.79  28.299   0.0583
  261.9     7.80  28.339   0.0551
  262.3     7.71  28.380   0.0599
  262.8     7.80  28.422   0.0576
  263.1     7.76  28.463   0.0606
  263.4     7.83  28.504   0.0592
  264.0     7.77  28.545   0.0572
  264.4     7.82  28.589   0.0605
  264.9     7.77  28.632   0.0572
  265.4     7.81  28.672   0.0594
  265.7     7.77  28.712   0.0548
  266.1     7.73  28.754   0.0599
  266.5     7.81  28.794   0.0534
  267.0     7.70  28.836   0.0590
  267.4     7.74  28.876   0.0578
  267.8     7.73  28.918   0.0601
  268.3     7.72  28.960   0.0557
  268.7     7.69  29.002   0.0570
  269.2     7.73  29.048   0.0566
  269.6     7.77  29.091   0.0559
  270.0     7.75  29.132   0.0612
  270.4     7.68  29.174   0.0581
  270.8     7.76  29.216   0.0640
  271.3     7.70  29.258   0.0587
  271.7     7.73  29.300   0.0622
  272.1     7.73  29.340   0.0634
  272.7     7.67  29.383   0.0590
  273.0     7.62  29.424   0.0647
  273.5     7.71  29.466   0.0659
  273.9     7.69  29.509   0.0624
  274.4     7.69  29.552   0.0627
  274.9     7.76  29.593   0.0596
  275.1     7.68  29.634   0.0604
  275.5     7.68  29.674   0.0634
  276.0     7.67  29.717   0.0612
  276.5     7.67  29.759   0.0577
  276.9     7.68  29.800   0.0588
  277.2     7.64  29.843   0.0620
  277.6     7.68  29.886   0.0618
  278.1     7.67  29.927   0.0599
  278.5     7.70  29.970   0.0632
  279.0     7.63  30.010   0.0654
  279.5     7.65  30.051   0.0662
  279.8     7.62  30.091   0.0608
  280.3     7.68  30.132   0.0609
  280.6     7.63  30.171   0.0634
  281.0     7.65  30.211   0.0661
  281.5     7.63  30.252   0.0639
  282.0     7.63  30.293   0.0610
  282.4     7.66  30.333   0.0635
  282.8     7.60  30.375   0.0627
  283.2     7.59  30.419   0.0616
  283.7     7.63  30.459   0.0561
  284.1     7.59  30.498   0.0539
  284.5     7.62  30.540   0.0544
  285.0     7.64  30.581   0.0574
  285.3     7.62  30.623   0.0532
  285.7     7.59  30.663   0.0515
  286.3     7.63  30.707   0.0553
  286.6     7.61  30.746   0.0524
  287.0     7.63  30.788   0.0489
  287.5     7.57  30.831   0.0491
  288.0     7.62  30.875   0.0533
  288.5     7.59  30.920   0.0563
  288.7     7.57  30.961   0.0554
  289.3     7.56  31.000   0.0508
  289.7     7.60  31.041   0.0510
  290.1     7.57  31.082   0.0566
  290.4     7.53  31.125   0.0611
  291.0     7.59  31.169   0.0577
  291.4     7.50  31.211   0.0603
  291.8     7.51  31.254   0.0643
  292.3     7.52  31.296   0.0571
  292.6     7.46  31.337   0.0547
  293.1     7.50  31.378   0.0560
  293.5     7.52  31.417   0.0582
  294.0     7.49  31.459   0.0536
  294.4     7.47  31.497   0.0575
  294.8     7.55  31.539   0.0562
  295.3     7.46  31.580   0.0535
  295.6     7.50  31.621   0.0551
  296.2     7.50  31.662   0.0518
  296.4     7.47  31.706   0.0515
  297.0     7.50  31.747   0.0565
  297.4     7.49  31.789   0.0539
  297.8     7.46  31.830   0.0556
  298.2     7.40  31.871   0.0571
  298.6     7.42  31.912   0.0519
  299.0     7.39  31.954   0.0546
  299.4     7.49  31.995   0.0531
  299.9     7.38  32.036   0.0526
  300.4     7.40  32.075   0.0526
  300.8     7.34  32.114   0.0503
  301.1     7.32  32.155   0.0527
  301.6     7.30  32.198   0.0539
  302.0     7.34  32.241   0.0521
  302.5     7.30  32.284   0.0534
  302.8     7.29  32.323   0.0566
  303.3     7.29  32.362   0.0565
  303.7     7.32  32.405   0.0535
  304.1     7.27  32.446   0.0542
  304.6     7.24  32.489   0.0550
  305.0     7.24  32.532   0.0516
  305.5     7.32  32.576   0.0512
  305.9     7.24  32.619   0.0554
  306.4     7.27  32.663   0.0517
  306.8     7.19  32.708   0.0484
  307.3     7.18  32.750   0.0542
  307.7     7.22  32.792   0.0491
  308.2     7.18  32.836   0.0492
  308.6     7.19  32.877   0.0521
  309.1     7.21  32.921   0.0508
  309.5     7.16  32.963   0.0462
  309.9     7.15  33.006   0.0485
  310.3     7.11  33.046   0.0477
  310.9     7.19  33.085   0.0458
  311.2     7.13  33.129   0.0451
  311.7     7.14  33.171   0.0483
  312.2     7.17  33.212   0.0479
  312.5     7.13  33.253   0.0456
  313.0     7.11  33.294   0.0466
  313.4     7.09  33.335   0.0490
  313.8     7.09  33.376   0.0510
  314.4     7.11  33.418   0.0467
  314.8     7.12  33.461   0.0508
  315.2     7.11  33.500   0.0472
  315.7     7.06  33.541   0.0401
  316.1     7.05  33.584   0.0446
  316.6     7.07  33.625   0.0473
  317.0     7.08  33.665   0.0418
  317.3     7.06  33.706   0.0420
  317.9     7.01  33.747   0.0407
  318.3     7.11  33.789   0.0432
  318.7     7.03  33.829   0.0432
  319.1     6.98  33.871   0.0485
  319.6     7.00  33.913   0.0482
  320.0     7.00  33.954   0.0443
  320.3     6.96  33.996   0.0490
  320.9     6.95  34.040   0.0486
  321.4     6.98  34.081   0.0442
  321.8     6.94  34.121   0.0452
  322.3     6.96  34.162   0.0488
  322.7     7.02  34.203   0.0428
  323.1     6.89  34.244   0.0441
  323.6     6.94  34.287   0.0403
  324.1     6.93  34.327   0.0389
  324.5     6.92  34.371   0.0443
  324.8     6.93  34.414   0.0414
  325.3     6.89  34.458   0.0426
  325.7     6.87  34.502   0.0384
  326.3     6.87  34.545   0.0383
  326.6     6.82  34.587   0.0386
  327.1     6.90  34.627   0.0367
  327.6     6.86  34.667   0.0415
  328.1     6.84  34.708   0.0370
  328.4     6.78  34.750   0.0375
  329.0     6.87  34.791   0.0370
  329.3     6.81  34.833   0.0374
  329.8     6.80  34.874   0.0391
  330.3     6.83  34.914   0.0343
  330.6     6.80  34.955   0.0370
  331.0     6.73  34.995   0.0379
  331.5     6.77  35.038   0.0343
  331.8     6.70  35.078   0.0368
  332.3     6.73  35.120   0.0340
  332.8     6.76  35.162   0.0328
  333.3     6.72  35.205   0.0335
  333.8     6.76  35.246   0.0314
  334.1     6.71  35.288   0.0339
  334.5     6.64  35.327   0.0354
  334.9     6.66  35.367   0.0341
  335.4     6.68  35.410   0.0315
  335.8     6.66  35.451   0.0321
  336.2     6.66  35.491   0.0323
  336.6     6.71  35.532   0.0336
  337.0     6.63  35.572   0.0329
  337.5     6.64  35.614   0.0340
  337.8     6.59  35.655   0.0367
  338.3     6.64  35.694   0.0346
  338.7     6.62  35.735   0.0325
  339.1     6.61  35.777   0.0326
  339.5     6.61  35.818   0.0344
  340.0     6.65  35.861   0.0320
  340.5     6.59  35.903   0.0290
  340.9     6.63  35.943   0.0307
  341.4     6.60  35.983   0.0256
  341.8     6.60  36.024   0.0301
  342.2     6.57  36.067   0.0278
  342.7     6.58  36.108   0.0254
  343.1     6.59  36.151   0.0247
  343.6     6.58  36.194   0.0216
  344.0     6.56  36.235   0.0312
  344.6     6.58  36.279   0.0268
  345.0     6.55  36.324   0.0260
  345.3     6.59  36.368   0.0310
  345.8     6.62  36.410   0.0230
  346.3     6.55  36.451   0.0232
  346.7     6.61  36.490   0.0263
  347.1     6.61  36.530   0.0243
  347.6     6.65  36.572   0.0233
  347.9     6.62  36.616   0.0249
  348.5     6.59  36.658   0.0252
  348.8     6.58  36.699   0.0249
  349.3     6.55  36.740   0.0293
  349.7     6.55  36.781   0.0320
  350.1     6.63  36.822   0.0252
  350.6     6.60  36.863   0.0246
  351.0     6.61  36.904   0.0257
  351.4     6.64  36.944   0.0237
  351.8     6.62  36.984   0.0233
  352.3     6.63  37.026   0.0262
  352.7     6.61  37.069   0.0224
  353.2     6.66  37.109   0.0232
  353.6     6.61  37.149   0.0229
  354.0     6.67  37.190   0.0235
  354.3     6.64  37.230   0.0228
  354.7     6.67  37.273   0.0187
  355.2     6.68  37.314   0.0225
  355.7     6.68  37.356   0.0210
  356.0     6.68  37.396   0.0228
  356.5     6.69  37.437   0.0247
  356.9     6.71  37.478   0.0219
  357.3     6.67  37.518   0.0233
  357.7     6.70  37.560   0.0224
  358.2     6.69  37.602   0.0194
  358.6     6.73  37.645   0.0203
  359.0     6.68  37.688   0.0184
  359.5     6.67  37.729   0.0210
  359.9     6.65  37.769   0.0222
  360.3     6.75  37.810   0.0220
  360.7     6.73  37.852   0.0251
  361.2     6.79  37.892   0.0214
  361.6     6.66  37.933   0.0197
  362.0     6.72  37.973   0.0218
  362.5     6.79  38.016   0.0194
  362.9     6.70  38.057   0.0231
  363.3     6.70  38.102   0.0220
  363.8     6.74  38.145   0.0163
  364.2     6.77  38.188   0.0206
  364.7     6.70  38.228   0.0185
  365.1     6.78  38.269   0.0194
  365.5     6.77  38.310   0.0225
  366.0     6.75  38.350   0.0214
  366.5     6.79  38.392   0.0192
  366.9     6.84  38.435   0.0175
  367.3     6.71  38.478   0.0187
  367.7     6.85  38.519   0.0198
  368.1     6.73  38.560   0.0175
  368.5     6.77  38.601   0.0144
  368.9     6.73  38.641   0.0172
  369.4     6.75  38.681   0.0230
  369.8     6.76  38.722   0.0205
  370.2     6.79  38.763   0.0164
  370.7     6.75  38.807   0.0172
  371.1     6.79  38.851   0.0166
  371.6     6.77  38.896   0.0156
  372.1     6.76  38.940   0.0145
  372.5     6.78  38.985   0.0176
  373.0     6.71  39.031   0.0167
  373.5     6.76  39.076   0.0139
  374.0     6.72  39.122   0.0153
  374.4     6.71  39.166   0.0209
  374.9     6.75  39.212   0.0186
  375.4     6.74  39.256   0.0168
  375.8     6.73  39.301   0.0166
  376.3     6.73  39.346   0.0220
  376.7     6.72  39.390   0.0190
  377.2     6.73  39.436   0.0197
  377.7     6.70  39.482   0.0181
  378.3     6.72  39.527   0.0175
  378.6     6.72  39.572   0.0196
  379.2     6.72  39.617   0.0200
  379.6     6.77  39.661   0.0198
  380.0     6.63  39.707   0.0198
  380.4     6.69  39.754   0.0193
  380.9     6.66  39.798   0.0205
  381.4     6.67  39.844   0.0214
  382.0     6.63  39.889   0.0210
  382.3     6.67  39.937   0.0211
  382.7     6.63  39.983   0.0157
  383.3     6.63  40.028   0.0200
  383.7     6.64  40.072   0.0170
  384.1     6.57  40.117   0.0180
  384.7     6.63  40.161   0.0223
  385.1     6.62  40.206   0.0240
  385.6     6.60  40.251   0.0241
  385.9     6.59  40.297   0.0218
  386.5     6.63  40.341   0.0238
  386.9     6.55  40.388   0.0245
  387.4     6.58  40.434   0.0198
  387.9     6.56  40.478   0.0213
  388.3     6.59  40.522   0.0215
  388.8     6.56  40.567   0.0225
  389.2     6.54  40.612   0.0221
  389.6     6.52  40.656   0.0256
  390.1     6.51  40.700   0.0307
  390.6     6.54  40.746   0.0263
  391.0     6.53  40.788   0.0270
  391.5     6.53  40.831   0.0222
  391.9     6.47  40.872   0.0234
  392.3     6.50  40.914   0.0238
  392.7     6.48  40.955   0.0242
  393.1     6.49  40.995   0.0271
  393.6     6.50  41.036   0.0205
  394.1     6.54  41.077   0.0230
  394.4     6.50  41.118   0.0227
  394.8     6.48  41.158   0.0238
  395.3     6.45  41.198   0.0267
  395.7     6.46  41.241   0.0213
  396.1     6.53  41.284   0.0242
  396.6     6.45  41.328   0.0186
  396.9     6.47  41.368   0.0184
  397.4     6.47  41.408   0.0175
  397.8     6.43  41.450   0.0196
  398.2     6.41  41.491   0.0221
  398.5     6.45  41.531   0.0230
  399.0     6.41  41.573   0.0208
  399.4     6.38  41.615   0.0181
  399.9     6.39  41.658   0.0202
  400.3     6.45  41.701   0.0197
  400.7     6.36  41.744   0.0242
  401.2     6.38  41.789   0.0217
  401.6     6.39  41.830   0.0193
  402.1     6.37  41.872   0.0189
  402.5     6.34  41.913   0.0183
  402.9     6.41  41.955   0.0220
  403.4     6.31  41.997   0.0196
  403.8     6.35  42.040   0.0219
  404.3     6.34  42.083   0.0207
  404.7     6.36  42.123   0.0181
  405.1     6.38  42.164   0.0201
  405.5     6.31  42.206   0.0204
  405.8     6.34  42.246   0.0176
  406.3     6.38  42.288   0.0200
  406.7     6.32  42.329   0.0211
  407.1     6.30  42.369   0.0164
  407.6     6.38  42.409   0.0178
  407.9     6.26  42.450   0.0199
  408.5     6.31  42.491   0.0152
  408.8     6.27  42.532   0.0178
  409.1     6.28  42.573   0.0166
  409.7     6.36  42.615   0.0181
  410.2     6.25  42.658   0.0195
  410.5     6.19  42.700   0.0221
  410.9     6.11  42.740   0.0186
  411.4     6.25  42.780   0.0140
  411.8     6.30  42.822   0.0165
  412.2     6.21  42.861   0.0161
  412.6     6.35  42.903   0.0140
  413.0     6.28  42.944   0.0188
  413.3     6.23  42.984   0.0194
  413.8     6.21  43.024   0.0153
  414.2     6.15  43.066   0.0196
  414.7     6.18  43.111   0.0240
  415.1     6.22  43.154   0.0204
  415.5     6.15  43.192   0.0178
  415.9     6.19  43.232   0.0207
  416.3     6.18  43.274   0.0179
  416.7     6.18  43.316   0.0175
  417.2     6.15  43.357   0.0183
  417.7     6.17  43.399   0.0142
  418.1     6.14  43.441   0.0165
  418.6     6.20  43.482   0.0174
  418.9     6.10  43.526   0.0205
  419.3     6.16  43.570   0.0201
  419.8     6.18  43.614   0.0161
  420.2     6.07  43.657   0.0192
  420.6     6.05  43.700   0.0223
  421.1     6.10  43.741   0.0190
  421.5     6.04  43.783   0.0225
  421.9     6.12  43.825   0.0224
  422.4     6.05  43.866   0.0195
  422.8     6.03  43.909   0.0210
  423.2     6.05  43.950   0.0165
  423.6     6.12  43.993   0.0204
  424.1     6.00  44.035   0.0177
  424.5     6.09  44.076   0.0127
  424.8     6.03  44.117   0.0148
  425.3     6.07  44.159   0.0104
  425.7     6.04  44.202   0.0099
  426.2     6.08  44.244   0.0112
  426.6     6.02  44.284   0.0091
  427.0     6.01  44.326   0.0144
  427.5     6.00  44.367   0.0138
  427.7     6.02  44.408   0.0153
  428.2     5.97  44.449   0.0172
  428.7     5.97  44.492   0.0126
  429.0     5.95  44.531   0.0172
  429.4     6.03  44.572   0.0219
  429.9     5.96  44.615   0.0185
  430.3     5.92  44.655   0.0208
  430.7     5.97  44.697   0.0242
  431.1     5.95  44.739   0.0202
  431.5     5.91  44.779   0.0199
  432.0     5.98  44.822   0.0199
  432.3     5.87  44.861   0.0174
  432.9     5.98  44.904   0.0211
  433.2     5.98  44.947   0.0211
  433.6     5.93  44.986   0.0185
  434.1     5.95  45.027   0.0209
  434.6     5.89  45.069   0.0141
  434.9     5.89  45.109   0.0130
  435.4     5.97  45.151   0.0147
  435.8     5.94  45.193   0.0149
  436.2     5.91  45.235   0.0180
  436.6     5.87  45.275   0.0213
  437.1     5.92  45.320   0.0206
  437.6     5.90  45.363   0.0221
  438.0     5.86  45.409   0.0174
  438.5     5.85  45.451   0.0221
  438.9     5.82  45.492   0.0200
  439.2     5.86  45.533   0.0245
  439.7     5.86  45.573   0.0256
  440.2     5.79  45.616   0.0189
  440.6     5.78  45.655   0.0174
  440.9     5.87  45.697   0.0186
  441.4     5.86  45.739   0.0184
  441.9     5.90  45.780   0.0234
  442.3     5.87  45.820   0.0198
  442.8     5.89  45.861   0.0179
  443.3     5.79  45.902   0.0176
  443.6     5.79  45.945   0.0187
  443.9     5.82  45.985   0.0222
  444.4     5.82  46.026   0.0186
  444.8     5.83  46.068   0.0179
  445.3     5.80  46.108   0.0194
  445.7     5.80  46.150   0.0192
  446.2     5.79  46.194   0.0198
  446.6     5.76  46.236   0.0155
  447.1     5.75  46.279   0.0143
  447.5     5.82  46.321   0.0142
  447.9     5.81  46.361   0.0171
  448.3     5.76  46.401   0.0145
  448.8     5.70  46.441   0.0159
  449.1     5.73  46.483   0.0168
  449.5     5.73  46.525   0.0168
  449.9     5.71  46.566   0.0157
  450.5     5.71  46.605   0.0189
  450.8     5.65  46.646   0.0154
  451.3     5.67  46.690   0.0178
  451.6     5.63  46.734   0.0148
  452.2     5.67  46.778   0.0159
  452.6     5.67  46.819   0.0202
  452.9     5.66  46.856   0.0183
  453.3     5.64  46.897   0.0212
  453.7     5.67  46.938   0.0178
  454.1     5.64  46.980   0.0182
  454.7     5.65  47.024   0.0198
  455.0     5.60  47.065   0.0145
  455.4     5.50  47.107   0.0199
  455.9     5.62  47.150   0.0152
  456.3     5.64  47.193   0.0190
  456.8     5.55  47.238   0.0126
  457.2     5.49  47.282   0.0163
  457.5     5.56  47.322   0.0165
  458.0     5.51  47.363   0.0135
  458.5     5.51  47.403   0.0173
  458.8     5.55  47.443   0.0116
  459.2     5.50  47.486   0.0153
  459.7     5.54  47.527   0.0155
  460.2     5.51  47.570   0.0167
  460.5     5.47  47.613   0.0192
  461.0     5.48  47.655   0.0144
  461.4     5.49  47.699   0.0152
  461.8     5.52  47.741   0.0176
  462.3     5.53  47.782   0.0155
  462.6     5.52  47.825   0.0211
  463.0     5.47  47.867   0.0166
  463.5     5.43  47.909   0.0150
  463.9     5.43  47.948   0.0186
  464.3     5.41  47.991   0.0170
  464.7     5.43  48.033   0.0172
  465.1     5.44  48.074   0.0181
  465.6     5.42  48.113   0.0164
  465.9     5.45  48.154   0.0093
  466.3     5.42  48.195   0.0120
  466.7     5.38  48.236   0.0140
  467.1     5.37  48.276   0.0142
  467.6     5.39  48.318   0.0091
  468.0     5.42  48.361   0.0128
  468.3     5.34  48.401   0.0148
  468.8     5.34  48.442   0.0165
  469.3     5.41  48.482   0.0142
  469.7     5.45  48.526   0.0121
  470.1     5.43  48.569   0.0128
  470.5     5.38  48.608   0.0162
  470.9     5.39  48.649   0.0158
  471.3     5.36  48.687   0.0123
  471.7     5.39  48.731   0.0117
  472.1     5.34  48.773   0.0129
  472.5     5.41  48.814   0.0143
  473.0     5.34  48.858   0.0139
  473.4     5.37  48.901   0.0166
  473.9     5.40  48.944   0.0154
  474.4     5.39  48.987   0.0134
  474.8     5.35  49.031   0.0118
  475.2     5.30  49.073   0.0112
  475.6     5.37  49.115   0.0112
  476.1     5.33  49.155   0.0087
  476.5     5.30  49.196   0.0122
  476.9     5.35  49.238   0.0142
  477.3     5.33  49.280   0.0135
  477.8     5.32  49.323   0.0123
  478.3     5.30  49.364   0.0111
  478.7     5.28  49.406   0.0158
  479.0     5.26  49.447   0.0147
  479.5     5.36  49.488   0.0145
  480.0     5.26  49.529   0.0180
  480.3     5.26  49.567   0.0215
  480.7     5.26  49.609   0.0216
  481.1     5.24  49.652   0.0159
  481.5     5.27  49.693   0.0202
  482.0     5.23  49.734   0.0193
  482.4     5.21  49.778   0.0169
  482.8     5.20  49.818   0.0172
  483.3     5.23  49.859   0.0209
  483.7     5.23  49.902   0.0191
  484.1     5.29  49.943   0.0191
  484.6     5.23  49.983   0.0174
  484.9     5.20  50.023   0.0210
  485.4     5.13  50.064   0.0198
  485.7     5.22  50.106   0.0170
  486.2     5.23  50.149   0.0191
  486.6     5.27  50.190   0.0214
  487.0     5.22  50.231   0.0211
  487.4     5.19  50.273   0.0151
  487.8     5.20  50.314   0.0144
  488.3     5.18  50.360   0.0183
  488.8     5.21  50.403   0.0193
  489.1     5.16  50.446   0.0203
  489.7     5.24  50.485   0.0173
  490.0     5.15  50.527   0.0224
  490.4     5.15  50.570   0.0238
  490.9     5.18  50.611   0.0202
  491.2     5.14  50.652   0.0178
  491.8     5.13  50.694   0.0216
  492.1     5.13  50.738   0.0205
  492.5     5.13  50.782   0.0192
  493.0     5.13  50.825   0.0200
  493.4     5.18  50.871   0.0175
  493.9     5.15  50.913   0.0138
  494.3     5.15  50.954   0.0145
  494.7     5.09  50.997   0.0161
  495.1     5.07  51.038   0.0146
  495.5     5.11  51.079   0.0180
  496.0     5.08  51.120   0.0191
  496.3     5.11  51.164   0.0151
  496.8     5.04  51.209   0.0168
  497.2     5.06  51.249   0.0153
  497.5     5.10  51.290   0.0161
  498.0     5.11  51.331   0.0165
  498.4     5.08  51.371   0.0127
  498.8     5.09  51.413   0.0148
  499.3     4.88  51.456   0.0164
  499.6     5.07  51.496   0.0158
  500.0     5.07  51.537   0.0113
  500.4     5.01  51.579   0.0158
  500.8     5.07  51.621   0.0113
  501.3     5.07  51.662   0.0143
  501.6     4.99  51.704   0.0137
  502.1     5.02  51.746   0.0127
  502.5     5.02  51.787   0.0152
  502.8     4.99  51.827   0.0167
  503.3     5.00  51.868   0.0185
  503.7     5.05  51.908   0.0189
  504.1     5.01  51.950   0.0106
  504.5     5.00  51.990   0.0138
  504.9     4.98  52.031   0.0156
  505.2     4.96  52.070   0.0143
  505.8     5.01  52.112   0.0186
  506.1     5.03  52.157   0.0145
  506.5     5.02  52.199   0.0135
  506.8     4.96  52.239   0.0163
  507.3     5.00  52.280   0.0129
  507.8     4.95  52.321   0.0115
  508.2     4.98  52.364   0.0160
  508.6     4.93  52.405   0.0123
  509.1     4.99  52.447   0.0087
  509.5     4.98  52.488   0.0148
  509.9     4.99  52.529   0.0093
  510.2     4.95  52.571   0.0119
  510.8     4.97  52.619   0.0156
  511.2     4.96  52.663   0.0108
  511.6     4.96  52.704   0.0081
  512.0     4.96  52.747   0.0129
  512.5     4.94  52.789   0.0035
  512.9     4.96  52.831   0.0088
  513.3     4.93  52.873   0.0107
  513.8     4.97  52.914   0.0160
  514.1     5.05  52.958   0.0115
  514.6     4.96  53.000   0.0128
  515.0     4.93  53.043   0.0130
  515.5     4.94  53.085   0.0099
  515.9     4.95  53.126   0.0098
  516.3     4.97  53.168   0.0130
  516.7     4.97  53.211   0.0078
  517.1     5.04  53.254   0.0092
  517.6     5.03  53.294   0.0106
  518.0     5.05  53.337   0.0122
  518.5     5.03  53.378   0.0099
  518.8     4.97  53.419   0.0143
  519.3     5.02  53.461   0.0144
  519.7     5.05  53.505   0.0130
  520.1     5.03  53.549   0.0110
  520.5     5.03  53.591   0.0077
  521.0     4.98  53.632   0.0082
  521.4     5.01  53.673   0.0071
  521.8     5.04  53.712   0.0070
  522.2     5.06  53.754   0.0076
  522.6     5.01  53.797   0.0091
  523.0     5.00  53.839   0.0131
  523.5     5.00  53.881   0.0153
  523.9     5.02  53.921   0.0191
  524.3     5.01  53.965   0.0146
  524.8     5.04  54.008   0.0195
  525.2     5.01  54.048   0.0187
  525.6     4.99  54.087   0.0118
  526.0     5.02  54.126   0.0164
  526.5     5.03  54.167   0.0129
  526.9     5.02  54.207   0.0145
  527.3     5.08  54.249   0.0166
  527.6     5.06  54.289   0.0129
  528.1     4.99  54.333   0.0125
  528.6     5.07  54.374   0.0165
  529.0     5.08  54.416   0.0118
  529.4     5.10  54.462   0.0106
  529.9     4.99  54.504   0.0147
  530.3     5.04  54.546   0.0145
  530.7     5.06  54.587   0.0093
  531.1     5.03  54.629   0.0108
  531.6     5.08  54.670   0.0123
  532.0     5.04  54.712   0.0107
  532.3     4.99  54.753   0.0151
  532.9     5.01  54.793   0.0177
  533.3     5.06  54.836   0.0128
  533.7     5.03  54.879   0.0145
  534.0     4.96  54.922   0.0121
  534.6     5.02  54.965   0.0107
  535.0     4.98  55.003   0.0131
  535.4     4.96  55.044   0.0159
  535.7     4.95  55.087   0.0153
  536.3     4.97  55.129   0.0155
  536.6     4.97  55.171   0.0131
  537.1     5.02  55.214   0.0166
  537.4     4.92  55.256   0.0134
  538.0     5.00  55.299   0.0129
  538.3     4.95  55.342   0.0177
  538.8     4.98  55.385   0.0177
  539.2     4.94  55.427   0.0139
  539.6     4.98  55.471   0.0164
  540.1     4.97  55.512   0.0156
  540.5     5.01  55.551   0.0153
  540.9     4.97  55.594   0.0148
  541.4     4.97  55.637   0.0137
  541.8     4.96  55.677   0.0081
  542.2     4.97  55.721   0.0113
  542.6     4.94  55.763   0.0157
  543.0     4.90  55.807   0.0179
  543.5     4.93  55.848   0.0175
  543.8     4.91  55.888   0.0133
  544.1     4.94  55.928   0.0108
  544.7     4.95  55.971   0.0121
  545.1     4.89  56.012   0.0134
  545.5     4.96  56.054   0.0111
  545.9     4.91  56.096   0.0095
  546.3     4.89  56.139   0.0126
  546.7     4.94  56.181   0.0152
  547.2     4.89  56.224   0.0166
  547.7     4.93  56.270   0.0128
  548.0     4.85  56.314   0.0105
  548.5     4.88  56.357   0.0123
  548.9     4.87  56.398   0.0141
  549.3     4.91  56.438   0.0146
  549.7     4.89  56.479   0.0166
  550.2     4.87  56.520   0.0146
  550.6     4.87  56.563   0.0124
  551.0     4.84  56.603   0.0127
  551.4     4.89  56.643   0.0109
  551.8     4.87  56.685   0.0117
  552.2     4.89  56.725   0.0115
  552.6     4.92  56.767   0.0078
  553.0     4.85  56.809   0.0152
  553.4     4.85  56.850   0.0127
  553.8     4.89  56.889   0.0140
  554.3     4.86  56.930   0.0128
  554.6     4.88  56.973   0.0118
  555.2     4.86  57.014   0.0109
  555.6     4.90  57.056   0.0115
  555.9     4.89  57.098   0.0173
  556.3     4.87  57.139   0.0180
  556.8     4.86  57.181   0.0184
  557.2     4.88  57.222   0.0150
  557.6     4.88  57.261   0.0144
  557.8     4.81  57.301   0.0129
  558.4     4.90  57.341   0.0131
  558.7     4.86  57.381   0.0168
  559.1     4.87  57.421   0.0133
  559.5     4.84  57.460   0.0143
  559.9     4.83  57.499   0.0120
  560.3     4.82  57.539   0.0122
  560.7     4.88  57.580   0.0156
  561.1     4.80  57.622   0.0122
  561.6     4.86  57.664   0.0140
  562.0     4.87  57.704   0.0118
  562.3     4.81  57.745   0.0182
  562.8     4.82  57.787   0.0147
  563.2     4.91  57.830   0.0144
  563.5     4.79  57.871   0.0113
  564.0     4.85  57.913   0.0114
  564.3     4.81  57.955   0.0078
  564.9     4.84  57.999   0.0080
  565.3     4.79  58.043   0.0079
  565.7     4.82  58.088   0.0063
  566.2     4.78  58.132   0.0080
  566.7     4.88  58.174   0.0086
  567.0     4.76  58.216   0.0136
  567.3     4.78  58.257   0.0094
  567.8     4.77  58.297   0.0114
  568.3     4.80  58.338   0.0102
  568.6     4.86  58.381   0.0103
  569.1     4.80  58.421   0.0108
  569.5     4.80  58.462   0.0101
  570.0     4.88  58.503   0.0112
  570.1     4.78  58.544   0.0098
  570.7     4.82  58.588   0.0060
  571.0     4.72  58.628   0.0077
  571.5     4.80  58.671   0.0132
  571.9     4.81  58.712   0.0111
  572.3     4.64  58.755   0.0157
  572.7     4.75  58.796   0.0099
  573.1     4.73  58.838   0.0122
  573.5     4.76  58.878   0.0125
  574.0     4.77  58.921   0.0125
  574.4     4.73  58.964   0.0134
  574.7     4.72  59.004   0.0142
  575.2     4.79  59.045   0.0154
  575.5     4.72  59.086   0.0106
  576.0     4.76  59.126   0.0158
  576.4     4.73  59.168   0.0145
  576.8     4.75  59.209   0.0122
  577.1     4.71  59.248   0.0097
  577.6     4.77  59.290   0.0121
  578.0     4.78  59.330   0.0069
  578.4     4.74  59.370   0.0067
  578.7     4.72  59.415   0.0098
  579.2     4.76  59.458   0.0077
  579.6     4.77  59.498   0.0088
  580.0     4.80  59.540   0.0050
  580.4     4.76  59.580   0.0052
  580.8     4.77  59.621   0.0078
  581.1     4.76  59.663   0.0093
  581.5     4.67  59.704   0.0104
  581.9     4.72  59.747   0.0082
  582.4     4.74  59.791   0.0051
  582.9     4.78  59.833   0.0079
  583.2     4.76  59.879   0.0072
  583.7     4.72  59.922   0.0111
  584.0     4.70  59.963   0.0137
  584.5     4.71  60.004   0.0058
  584.9     4.71  60.044   0.0082
  585.3     4.69  60.086   0.0099
  585.6     4.70  60.127   0.0082
  586.1     4.71  60.167   0.0076
  586.5     4.73  60.209   0.0111
  586.9     4.69  60.250   0.0117
  587.3     4.75  60.291   0.0107
  587.7     4.73  60.335   0.0105
  588.1     4.75  60.377   0.0084
  588.5     4.72  60.420   0.0051
  589.0     4.70  60.462   0.0059
  589.4     4.75  60.504   0.0066
  589.8     4.74  60.546   0.0034
  590.2     4.70  60.587   0.0022
  590.5     4.73  60.630   0.0043
  591.0     4.78  60.673   0.0052
  591.4     4.77  60.715   0.0051
  591.8     4.78  60.757   0.0075
  592.3     4.79  60.799   0.0074
  592.7     4.79  60.841   0.0086
  593.1     4.84  60.883   0.0082
  593.5     4.79  60.925   0.0061
  594.0     4.84  60.966   0.0059
  594.4     4.84  61.007   0.0041
  594.8     4.93  61.049   0.0034
  595.2     4.88  61.089   0.0043
  595.6     4.87  61.129   0.0035
  595.9     4.93  61.171   0.0032
  596.5     4.88  61.214   0.0055
  596.8     4.84  61.258   0.0017
  597.2     4.86  61.298   0.0060
  597.7     4.90  61.339   0.0079
  598.1     4.89  61.380   0.0061
  598.3     4.80  61.421   0.0105
  598.8     4.83  61.462   0.0093
  599.2     4.75  61.503   0.0032
  599.7     4.72  61.547   0.0054
  600.0     4.80  61.587   0.0045
