   16.3     2.96   0.043  -0.0034
   16.5     3.05   0.086  -0.0016
   16.9     3.16   0.129  -0.0052
   17.2     3.27   0.174  -0.0068
   17.5     3.38   0.212  -0.0084
   17.7     3.45   0.255  -0.0084
   18.1     3.52   0.298  -0.0032
   18.3     3.59   0.340   0.0021
   18.5     3.64   0.383   0.0020
   18.9     3.70   0.425   0.0011
   19.3     3.81   0.468   0.0036
   19.7     3.85   0.512  -0.0019
   19.9     3.94   0.554  -0.0033
   20.3     4.01   0.598   0.0001
   20.5     3.97   0.642  -0.0018
   20.9     4.08   0.684   0.0016
   21.2     4.13   0.728   0.0027
   21.5     4.17   0.772  -0.0053
   21.9     4.20   0.815  -0.0061
   22.3     4.21   0.859  -0.0034
   22.5     4.26   0.902  -0.0005
   22.9     4.28   0.946   0.0008
   23.1     4.32   0.989  -0.0016
   23.4     4.37   1.028  -0.0038
   23.8     4.39   1.072  -0.0048
   24.1     4.35   1.115  -0.0045
   24.3     4.36   1.157   0.0002
   24.7     4.42   1.201  -0.0017
   24.9     4.45   1.241   0.0004
   25.2     4.44   1.281  -0.0001
   25.6     4.46   1.324  -0.0072
   25.8     4.44   1.366  -0.0006
   26.0     4.52   1.406   0.0003
   26.4     4.45   1.449  -0.0035
   26.6     4.48   1.491   0.0017
   27.0     4.48   1.533  -0.0017
   27.2     4.43   1.575  -0.0026
   27.5     4.45   1.617  -0.0008
   27.7     4.48   1.660  -0.0021
   28.0     4.50   1.700  -0.0031
   28.3     4.47   1.741  -0.0021
   28.5     4.48   1.783  -0.0040
   28.8     4.49   1.824  -0.0024
   29.0     4.50   1.864  -0.0027
   29.3     4.51   1.905  -0.0009
   29.5     4.51   1.946   0.0017
   29.8     4.53   1.986   0.0017
   30.1     4.48   2.026   0.0009
   30.2     4.51   2.066  -0.0002
   30.5     4.52   2.107   0.0004
   31.1     4.49   2.230   0.0001
   31.3     4.50   2.270   0.0006
   31.7     4.47   2.312  -0.0021
   31.9     4.45   2.355   0.0042
   32.1     4.48   2.397   0.0020
   32.3     4.47   2.438   0.0009
   32.5     4.43   2.478   0.0013
   32.7     4.39   2.519  -0.0014
   32.9     4.37   2.561  -0.0008
   33.1     4.44   2.602   0.0017
   33.4     4.37   2.643  -0.0009
   33.5     4.40   2.685  -0.0003
   33.8     4.37   2.727  -0.0019
   34.0     4.37   2.767  -0.0065
   34.2     4.39   2.808  -0.0019
   34.4     4.33   2.849   0.0006
   34.6     4.33   2.890  -0.0017
   34.7     4.34   2.929  -0.0019
   34.9     4.27   2.971  -0.0038
   35.1     4.27   3.012   0.0006
   35.2     4.24   3.053  -0.0037
   35.4     4.21   3.095  -0.0015
   35.6     4.18   3.135  -0.0059
   35.7     4.20   3.176  -0.0039
   35.9     4.15   3.215  -0.0013
   36.1     4.20   3.256  -0.0066
   36.2     4.18   3.298  -0.0038
   36.4     4.19   3.340  -0.0110
   36.6     4.14   3.381  -0.0049
   36.8     4.16   3.424  -0.0061
   36.9     4.11   3.464  -0.0046
   37.0     4.07   3.505  -0.0062
   37.3     4.04   3.547  -0.0061
   37.3     4.02   3.587  -0.0033
   37.6     4.06   3.630  -0.0034
   37.7     4.02   3.672  -0.0010
   37.8     4.02   3.713  -0.0055
   38.1     4.04   3.754  -0.0142
   38.0     4.00   3.796  -0.0029
   38.3     3.94   3.839   0.0006
   38.5     3.97   3.882  -0.0021
   38.6     3.97   3.922  -0.0026
   38.7     3.88   3.964  -0.0026
   38.9     3.88   4.005  -0.0039
   39.0     3.86   4.045  -0.0002
   39.1     3.88   4.090  -0.0010
   39.2     3.82   4.131  -0.0023
   39.5     3.80   4.174  -0.0017
   39.6     3.88   4.216  -0.0055
   39.6     3.74   4.258  -0.0033
   39.8     3.75   4.302  -0.0045
   40.0     3.76   4.343  -0.0068
   40.0     3.69   4.384  -0.0019
   40.1     3.71   4.426  -0.0021
   40.4     3.70   4.465  -0.0046
   40.4     3.61   4.504  -0.0020
   40.5     3.62   4.545  -0.0041
   40.7     3.63   4.587  -0.0053
   40.7     3.57   4.627  -0.0011
   40.8     3.60   4.666  -0.0032
   41.0     3.53   4.705  -0.0029
   41.1     3.49   4.745   0.0017
   41.2     3.52   4.784  -0.0009
   41.3     3.46   4.825  -0.0037
   41.4     3.46   4.864   0.0011
   41.5     3.47   4.907  -0.0030
   41.6     3.41   4.947  -0.0036
   41.7     3.38   4.986   0.0038
   41.8     3.41   5.026  -0.0010
   41.8     3.38   5.066  -0.0048
   42.0     3.34   5.106   0.0011
   42.1     3.36   5.146  -0.0044
   42.2     3.35   5.186  -0.0044
   42.2     3.28   5.225  -0.0010
   42.3     3.31   5.264  -0.0014
   42.4     3.31   5.304  -0.0052
   42.6     3.23   5.343  -0.0027
   42.7     3.31   5.383   0.0031
   42.9     3.25   5.423   0.0068
   42.8     3.24   5.462   0.0057
   43.0     3.28   5.501   0.0065
   43.1     3.27   5.540   0.0021
   43.3     3.25   5.578   0.0045
   43.3     3.26   5.620   0.0001
   43.3     3.25   5.660  -0.0035
   43.5     3.28   5.701  -0.0048
   43.7     3.24   5.741  -0.0068
   43.8     3.19   5.778  -0.0031
   43.8     3.27   5.817  -0.0014
   43.8     3.23   5.858  -0.0080
   44.0     3.20   5.897  -0.0032
   44.2     3.29   5.937  -0.0038
   44.2     3.22   5.975  -0.0046
   44.3     3.16   6.012  -0.0023
   44.4     3.18   6.054  -0.0030
   44.7     3.28   6.095  -0.0066
   44.7     3.21   6.135  -0.0021
   44.9     3.24   6.177  -0.0007
   45.0     3.21   6.219  -0.0046
   45.2     3.28   6.260  -0.0015
   45.4     3.30   6.303   0.0023
   45.5     3.26   6.342  -0.0025
   45.5     3.26   6.383   0.0013
   45.7     3.28   6.425   0.0024
   45.9     3.32   6.467  -0.0023
   46.0     3.32   6.508  -0.0005
   46.3     3.29   6.551   0.0002
   46.5     3.34   6.592  -0.0002
   46.6     3.37   6.634   0.0028
   46.8     3.36   6.673  -0.0026
   46.8     3.35   6.714   0.0007
   47.1     3.38   6.755   0.0010
   47.3     3.45   6.795  -0.0033
   47.4     3.37   6.835  -0.0021
   47.6     3.39   6.876   0.0017
   47.8     3.43   6.916   0.0017
   48.0     3.45   6.955   0.0023
   48.2     3.50   6.996  -0.0002
   48.4     3.50   7.038   0.0010
   48.6     3.52   7.080  -0.0001
   48.8     3.56   7.121   0.0032
   49.0     3.53   7.160   0.0012
   49.2     3.53   7.199   0.0025
   49.4     3.55   7.240   0.0031
   49.6     3.53   7.280   0.0041
   49.8     3.55   7.317   0.0025
   50.1     3.58   7.358   0.0046
   50.3     3.61   7.398   0.0072
   50.4     3.62   7.437   0.0043
   50.8     3.62   7.478   0.0023
   51.0     3.59   7.518  -0.0008
   51.2     3.66   7.560   0.0038
   51.5     3.69   7.601   0.0044
   51.8     3.70   7.642   0.0008
   52.1     3.73   7.683  -0.0011
   52.2     3.78   7.724  -0.0012
   52.5     3.73   7.764  -0.0013
   52.8     3.71   7.806  -0.0043
   53.0     3.75   7.847  -0.0009
   53.3     3.73   7.886   0.0011
   53.6     3.77   7.926  -0.0000
   53.9     3.80   7.966  -0.0021
   54.2     3.81   8.004   0.0005
   54.4     3.80   8.045   0.0005
   54.7     3.84   8.084   0.0025
   54.9     3.79   8.124   0.0008
   55.2     3.80   8.165   0.0029
   55.6     3.80   8.206   0.0056
   55.8     3.83   8.245   0.0015
   56.2     3.85   8.284   0.0012
   56.4     3.85   8.324   0.0008
   56.8     3.83   8.362   0.0059
   57.1     3.88   8.402   0.0044
   57.4     3.89   8.441   0.0042
   57.7     3.91   8.480   0.0019
   58.0     3.90   8.520   0.0028
   58.4     3.94   8.558   0.0058
   58.7     3.92   8.599   0.0033
   59.1     3.98   8.638   0.0012
   59.4     4.01   8.678   0.0011
   59.8     4.05   8.720  -0.0022
   60.1     3.99   8.761  -0.0045
   60.3     4.02   8.802  -0.0011
   60.7     3.99   8.844   0.0024
   61.2     4.17   8.885  -0.0019
   61.5     4.08   8.927  -0.0015
   61.9     4.06   8.967   0.0008
   62.2     4.14   9.010   0.0058
   62.5     4.10   9.051   0.0022
   62.9     4.11   9.092  -0.0028
   63.3     4.12   9.133  -0.0005
   63.7     4.09   9.176   0.0008
   64.1     4.10   9.219  -0.0001
   64.5     4.17   9.261   0.0031
   64.9     4.15   9.305   0.0051
   65.3     4.13   9.347   0.0016
   65.7     4.08   9.392   0.0003
   66.1     4.19   9.436   0.0021
   66.6     4.17   9.478   0.0042
   67.0     4.20   9.521   0.0025
   67.4     4.14   9.564  -0.0005
   67.8     4.15   9.607  -0.0006
   68.2     4.07   9.650   0.0009
   68.6     4.12   9.693  -0.0021
   69.0     4.14   9.736  -0.0024
   69.4     4.18   9.779  -0.0030
   69.8     4.20   9.823   0.0002
   70.3     4.15   9.867   0.0006
   70.7     4.14   9.908   0.0002
   71.3     4.13   9.952   0.0031
   71.5     4.08   9.997   0.0040
   72.1     4.11  10.039   0.0047
   72.5     4.11  10.083   0.0055
   72.9     4.10  10.127   0.0025
   73.4     4.10  10.171   0.0043
   73.8     4.06  10.215   0.0049
   74.3     4.02  10.260   0.0009
   74.7     4.01  10.304   0.0010
   75.1     3.98  10.350   0.0015
   75.7     4.04  10.394  -0.0018
   76.1     4.02  10.438  -0.0045
   76.5     4.02  10.481  -0.0048
   77.0     4.02  10.525   0.0003
   77.5     4.05  10.568  -0.0012
   78.0     3.96  10.611   0.0014
   78.4     3.98  10.653   0.0045
   78.9     3.96  10.698  -0.0012
   79.3     3.98  10.742  -0.0039
   79.7     3.92  10.785  -0.0018
   80.2     3.98  10.830   0.0014
   80.7     3.90  10.873   0.0035
   81.2     3.90  10.918   0.0002
   81.6     3.94  10.963  -0.0052
   82.1     3.95  11.006   0.0011
   82.6     4.00  11.049  -0.0021
   83.0     3.99  11.095   0.0007
   83.5     4.01  11.139  -0.0029
   84.0     4.10  11.183  -0.0009
   84.4     4.12  11.222   0.0006
   84.8     4.15  11.266  -0.0037
   85.3     4.20  11.308  -0.0002
   85.8     4.18  11.349  -0.0050
   86.2     4.19  11.391  -0.0022
   86.6     4.17  11.435  -0.0025
   87.0     4.20  11.475  -0.0046
   87.5     4.19  11.518  -0.0017
   88.0     4.25  11.561  -0.0086
   88.4     4.17  11.604  -0.0069
   88.8     4.14  11.646  -0.0080
   89.3     4.16  11.687  -0.0044
   89.7     4.14  11.728  -0.0068
   90.1     4.11  11.770  -0.0045
   90.5     4.09  11.811  -0.0032
   91.0     4.16  11.852  -0.0028
   91.4     4.03  11.891  -0.0010
   91.9     4.03  11.934  -0.0015
   92.4     4.00  11.976  -0.0001
   92.8     4.04  12.020  -0.0010
   93.2     4.04  12.061  -0.0003
   93.7     3.98  12.101   0.0002
   94.1     3.92  12.144  -0.0053
   94.5     3.89  12.183  -0.0039
   95.0     3.89  12.225  -0.0020
   95.4     3.84  12.264  -0.0052
   95.7     3.80  12.305  -0.0021
   96.2     3.75  12.344  -0.0070
   96.7     3.74  12.384  -0.0061
   97.1     3.74  12.424  -0.0041
   97.5     3.68  12.465  -0.0075
   97.9     3.66  12.505  -0.0023
   98.3     3.65  12.544  -0.0081
   98.8     3.61  12.586  -0.0042
   99.2     3.56  12.627  -0.0046
   99.6     3.46  12.667  -0.0011
  100.1     3.50  12.708  -0.0038
  100.5     3.48  12.749  -0.0011
  100.9     3.38  12.790  -0.0012
  101.3     3.28  12.831  -0.0040
  101.8     3.26  12.871  -0.0048
  102.1     3.22  12.914  -0.0027
  102.6     3.26  12.957  -0.0089
  103.1     3.16  12.999  -0.0107
  103.5     3.15  13.042  -0.0120
  104.0     3.09  13.082  -0.0153
  104.3     3.02  13.123  -0.0107
  104.8     2.99  13.164  -0.0149
  105.3     2.94  13.206  -0.0140
  105.7     2.84  13.249  -0.0184
  106.1     2.82  13.291  -0.0144
  106.7     2.80  13.331  -0.0189
  107.1     2.72  13.375  -0.0154
  107.5     2.67  13.418  -0.0108
  108.0     2.62  13.460  -0.0117
  108.4     2.54  13.504  -0.0097
  108.9     2.47  13.544  -0.0141
  109.2     2.40  13.587  -0.0098
  109.7     2.35  13.628  -0.0154
  110.2     2.26  13.670  -0.0174
  110.5     2.22  13.713  -0.0106
  111.1     2.19  13.754  -0.0166
  111.5     2.10  13.794  -0.0143
  111.9     2.09  13.836  -0.0143
  112.4     1.98  13.878  -0.0217
  112.8     1.91  13.919  -0.0194
  113.2     1.81  13.960  -0.0193
  113.7     1.79  14.001  -0.0203
  114.2     1.68  14.044  -0.0209
  114.5     1.64  14.087  -0.0212
  115.0     1.55  14.131  -0.0212
  115.5     1.54  14.174  -0.0242
  115.9     1.38  14.216  -0.0242
  116.3     1.35  14.258  -0.0187
  116.7     1.27  14.301  -0.0238
  117.3     1.16  14.344  -0.0239
  117.8     1.14  14.386  -0.0219
  118.1     1.04  14.427  -0.0242
  118.5     0.96  14.467  -0.0265
  119.0     0.94  14.509  -0.0263
  119.4     0.86  14.550  -0.0229
  119.9     0.81  14.590  -0.0235
  120.2     0.68  14.632  -0.0296
  120.7     0.67  14.671  -0.0287
  121.1     0.63  14.709  -0.0257
  121.5     0.54  14.749  -0.0239
  122.0     0.48  14.790  -0.0231
  122.4     0.43  14.831  -0.0256
  122.8     0.34  14.870  -0.0223
  123.2     0.26  14.908  -0.0233
  123.6     0.21  14.947  -0.0219
  124.0     0.18  14.989  -0.0284
  124.5     0.05  15.030  -0.0250
  124.9     0.00  15.071  -0.0253
  125.2    -0.04  15.112  -0.0220
  125.7    -0.13  15.151  -0.0257
  126.2    -0.10  15.189  -0.0222
  126.5    -0.18  15.229  -0.0234
  127.0    -0.22  15.270  -0.0297
  127.4    -0.32  15.311  -0.0259
  127.8    -0.38  15.349  -0.0207
  128.2    -0.39  15.388  -0.0241
  128.6    -0.48  15.429  -0.0295
  129.0    -0.52  15.467  -0.0282
  129.4    -0.59  15.507  -0.0261
  129.8    -0.63  15.546  -0.0251
  130.1    -0.67  15.584  -0.0262
  130.7    -0.63  15.625  -0.0315
  131.1    -0.71  15.663  -0.0282
  131.3    -0.75  15.700  -0.0247
  131.8    -0.84  15.740  -0.0256
  132.2    -0.82  15.781  -0.0260
  132.6    -0.89  15.822  -0.0236
  132.9    -0.97  15.859  -0.0245
  133.4    -1.07  15.898  -0.0252
  133.8    -1.06  15.938  -0.0279
  134.2    -1.03  15.978  -0.0289
  134.6    -1.12  16.018  -0.0256
  135.2    -1.16  16.060  -0.0281
  135.6    -1.16  16.098  -0.0310
  135.9    -1.18  16.139  -0.0280
  136.3    -1.19  16.178  -0.0239
  136.7    -1.21  16.217  -0.0270
  137.1    -1.23  16.256  -0.0319
  137.5    -1.29  16.296  -0.0299
  137.9    -1.32  16.336  -0.0249
  138.3    -1.32  16.377  -0.0232
  138.6    -1.32  16.418  -0.0346
  139.1    -1.35  16.460  -0.0369
  139.6    -1.34  16.502  -0.0350
  140.1    -1.29  16.545  -0.0358
  140.4    -1.36  16.588  -0.0357
  140.8    -1.37  16.630  -0.0317
  141.2    -1.42  16.671  -0.0306
  141.7    -1.38  16.715  -0.0361
  142.2    -1.41  16.757  -0.0320
  142.6    -1.38  16.798  -0.0301
  143.0    -1.34  16.840  -0.0344
  143.5    -1.33  16.879  -0.0357
  143.8    -1.36  16.919  -0.0286
  144.3    -1.27  16.959  -0.0308
  144.6    -1.31  16.997  -0.0335
  145.1    -1.30  17.038  -0.0273
  145.4    -1.26  17.077  -0.0273
  145.9    -1.22  17.116  -0.0325
  146.4    -1.21  17.156  -0.0328
  146.7    -1.20  17.196  -0.0321
  147.1    -1.19  17.235  -0.0345
  147.5    -1.11  17.272  -0.0368
  148.0    -1.12  17.315  -0.0308
  148.4    -1.08  17.356  -0.0335
  148.8    -1.07  17.395  -0.0376
  149.2    -1.05  17.437  -0.0319
  149.6    -1.03  17.477  -0.0312
  150.0    -0.92  17.516  -0.0331
  150.4    -0.89  17.555  -0.0315
  150.9    -0.88  17.597  -0.0304
  151.3    -0.77  17.638  -0.0321
  151.8    -0.81  17.679  -0.0283
  152.0    -0.77  17.722  -0.0298
  152.6    -0.69  17.763  -0.0317
  153.0    -0.65  17.804  -0.0309
  153.4    -0.60  17.845  -0.0333
  154.0    -0.44  17.885  -0.0304
  154.4    -0.47  17.926  -0.0289
  154.7    -0.39  17.964  -0.0323
  155.0    -0.39  18.004  -0.0278
  155.5    -0.30  18.045  -0.0262
  155.8    -0.26  18.086  -0.0307
  156.2    -0.18  18.126  -0.0274
  156.7    -0.14  18.165  -0.0266
  157.0    -0.10  18.204  -0.0315
  157.5    -0.05  18.243  -0.0268
  157.9     0.07  18.283  -0.0279
  158.2     0.10  18.321  -0.0284
  158.6     0.20  18.361  -0.0223
  159.1     0.22  18.403  -0.0295
  159.5     0.34  18.445  -0.0294
  160.0     0.43  18.484  -0.0227
  160.4     0.44  18.524  -0.0292
  160.8     0.49  18.565  -0.0243
  161.1     0.62  18.606  -0.0265
  161.6     0.67  18.647  -0.0261
  162.1     0.76  18.688  -0.0305
  162.6     0.91  18.731  -0.0296
  163.0     0.96  18.770  -0.0244
  163.4     1.05  18.812  -0.0279
  163.8     1.14  18.855  -0.0282
  164.3     1.22  18.895  -0.0335
  164.7     1.34  18.936  -0.0301
  165.1     1.35  18.978  -0.0359
  165.5     1.48  19.020  -0.0309
  166.0     1.59  19.064  -0.0359
  166.4     1.62  19.105  -0.0315
  166.9     1.81  19.146  -0.0327
  167.4     1.83  19.188  -0.0379
  167.7     2.00  19.227  -0.0362
  168.1     1.99  19.269  -0.0375
  168.6     2.11  19.310  -0.0339
  168.9     2.14  19.350  -0.0335
  169.5     2.30  19.392  -0.0369
  169.8     2.36  19.433  -0.0358
  170.3     2.46  19.475  -0.0405
  170.6     2.54  19.514  -0.0349
  171.0     2.53  19.554  -0.0397
  171.5     2.66  19.595  -0.0343
  171.9     2.77  19.634  -0.0364
  172.4     2.88  19.675  -0.0411
  172.8     2.95  19.715  -0.0382
  173.2     3.02  19.756  -0.0391
  173.6     3.12  19.795  -0.0372
  174.0     3.16  19.836  -0.0378
  174.5     3.27  19.876  -0.0396
  174.9     3.31  19.917  -0.0367
  175.4     3.38  19.960  -0.0380
  175.8     3.52  20.002  -0.0353
  176.2     3.59  20.045  -0.0343
  176.6     3.63  20.089  -0.0366
  177.1     3.74  20.132  -0.0382
  177.6     3.77  20.174  -0.0334
  178.1     3.88  20.218  -0.0317
  178.5     4.00  20.261  -0.0346
  179.0     4.04  20.304  -0.0312
  179.5     4.12  20.349  -0.0362
  179.9     4.19  20.390  -0.0377
  180.3     4.27  20.433  -0.0347
  180.7     4.31  20.477  -0.0365
  181.2     4.44  20.518  -0.0398
  181.6     4.43  20.562  -0.0417
  182.2     4.51  20.605  -0.0389
  182.5     4.58  20.648  -0.0413
  183.0     4.68  20.691  -0.0393
  183.4     4.79  20.732  -0.0343
  184.0     4.82  20.777  -0.0384
  184.4     4.88  20.821  -0.0382
  184.9     4.95  20.865  -0.0377
  185.2     4.92  20.908  -0.0378
  185.8     5.03  20.952  -0.0331
  186.1     5.09  20.996  -0.0341
  186.6     5.14  21.041  -0.0329
  187.0     5.21  21.082  -0.0346
  187.5     5.25  21.125  -0.0345
  188.0     5.30  21.169  -0.0348
  188.3     5.38  21.212  -0.0377
  188.9     5.40  21.255  -0.0337
  189.3     5.51  21.297  -0.0361
  189.7     5.39  21.339  -0.0394
  190.2     5.54  21.382  -0.0354
  190.6     5.58  21.424  -0.0399
  191.1     5.65  21.465  -0.0396
  191.5     5.71  21.509  -0.0389
  191.9     5.71  21.549  -0.0375
  192.3     5.75  21.588  -0.0436
  192.7     5.84  21.630  -0.0413
  193.2     5.83  21.672  -0.0416
  193.7     5.87  21.715  -0.0427
  194.0     5.92  21.756  -0.0364
  194.6     5.94  21.798  -0.0318
  195.0     6.00  21.843  -0.0415
  195.4     6.06  21.883  -0.0394
  195.8     6.08  21.925  -0.0393
  196.3     6.13  21.965  -0.0416
  196.8     6.15  22.007  -0.0406
  197.2     6.18  22.048  -0.0359
  197.5     6.19  22.092  -0.0412
  198.1     6.22  22.134  -0.0366
  198.4     6.24  22.174  -0.0346
  198.9     6.30  22.217  -0.0393
  199.3     6.36  22.259  -0.0395
  199.7     6.27  22.301  -0.0388
  200.2     6.31  22.343  -0.0391
  200.6     6.31  22.382  -0.0383
  201.0     6.36  22.422  -0.0350
  201.4     6.45  22.463  -0.0388
  201.9     6.30  22.504  -0.0365
  202.3     6.35  22.547  -0.0440
  202.8     6.47  22.587  -0.0416
  203.3     6.44  22.629  -0.0365
  203.7     6.44  22.669  -0.0356
  204.0     6.45  22.712  -0.0341
  204.5     6.53  22.754  -0.0357
  204.9     6.50  22.795  -0.0333
  205.4     6.53  22.836  -0.0403
  206.0     6.53  22.879  -0.0351
  206.4     6.52  22.921  -0.0377
  206.8     6.53  22.959  -0.0402
  207.2     6.51  23.002  -0.0358
  207.6     6.54  23.042  -0.0388
  208.1     6.55  23.084  -0.0350
  208.5     6.59  23.126  -0.0386
  208.9     6.55  23.167  -0.0390
  209.3     6.62  23.207  -0.0377
  209.9     6.64  23.250  -0.0403
  210.3     6.65  23.291  -0.0376
  210.7     6.63  23.333  -0.0373
  211.2     6.68  23.376  -0.0367
  211.7     6.68  23.418  -0.0386
  212.1     6.69  23.459  -0.0398
  212.6     6.70  23.499  -0.0341
  213.0     6.67  23.542  -0.0335
  213.4     6.71  23.585  -0.0337
  213.9     6.73  23.627  -0.0341
  214.4     6.70  23.668  -0.0361
  214.8     6.71  23.712  -0.0331
  215.2     6.72  23.752  -0.0368
  215.7     6.73  23.793  -0.0352
  216.2     6.76  23.835  -0.0361
  216.6     6.82  23.874  -0.0387
  217.0     6.73  23.917  -0.0344
  217.5     6.82  23.959  -0.0389
  218.0     6.70  24.000  -0.0401
  218.3     6.87  24.040  -0.0360
  218.8     6.89  24.081  -0.0376
  219.4     6.96  24.123  -0.0360
  219.7     6.91  24.167  -0.0387
  220.2     6.88  24.211  -0.0438
  220.6     6.90  24.254  -0.0422
  221.2     6.90  24.297  -0.0420
  221.6     6.93  24.339  -0.0454
  222.1     6.99  24.383  -0.0366
  222.6     6.92  24.425  -0.0424
  223.0     6.96  24.467  -0.0432
  223.4     6.95  24.508  -0.0407
  223.9     6.95  24.548  -0.0419
  224.3     7.00  24.589  -0.0426
  224.8     6.97  24.631  -0.0418
  225.3     6.96  24.672  -0.0478
  225.7     7.02  24.712  -0.0464
  226.1     7.03  24.753  -0.0482
  226.5     7.03  24.793  -0.0502
  227.0     7.05  24.833  -0.0471
  227.4     7.06  24.874  -0.0408
  227.9     7.05  24.915  -0.0458
  228.3     7.08  24.954  -0.0460
  228.7     7.13  24.992  -0.0449
  229.1     7.09  25.033  -0.0454
  229.5     7.11  25.073  -0.0498
  230.0     7.11  25.112  -0.0479
  230.4     7.16  25.151  -0.0417
  230.7     7.10  25.191  -0.0382
  231.2     7.14  25.230  -0.0400
  231.7     7.20  25.270  -0.0389
  232.1     7.23  25.310  -0.0372
  232.5     7.18  25.351  -0.0382
  232.9     7.16  25.390  -0.0383
  233.4     7.18  25.431  -0.0391
  233.7     7.19  25.469  -0.0378
  234.3     7.17  25.508  -0.0371
  234.6     7.24  25.547  -0.0426
  235.0     7.22  25.587  -0.0396
  235.5     7.20  25.625  -0.0386
  235.9     7.26  25.664  -0.0414
  236.3     7.24  25.701  -0.0458
  236.7     7.20  25.740  -0.0426
  237.1     7.24  25.779  -0.0406
  237.6     7.28  25.819  -0.0449
  238.0     7.25  25.857  -0.0418
  238.4     7.28  25.898  -0.0410
  238.8     7.30  25.937  -0.0438
  239.3     7.31  25.974  -0.0436
  239.6     7.32  26.015  -0.0459
  240.0     7.30  26.055  -0.0429
  240.5     7.32  26.094  -0.0401
  240.8     7.31  26.133  -0.0395
  241.3     7.34  26.174  -0.0407
  241.7     7.32  26.214  -0.0348
  242.2     7.42  26.253  -0.0392
  242.6     7.34  26.291  -0.0380
  243.1     7.35  26.332  -0.0331
  243.4     7.42  26.373  -0.0406
  243.8     7.32  26.414  -0.0411
  244.4     7.37  26.455  -0.0360
  244.8     7.41  26.496  -0.0434
  245.2     7.44  26.536  -0.0417
  245.7     7.40  26.579  -0.0404
  246.1     7.42  26.623  -0.0445
  246.5     7.45  26.664  -0.0409
  247.1     7.47  26.705  -0.0429
  247.3     7.47  26.744  -0.0460
  247.9     7.44  26.785  -0.0388
  248.2     7.46  26.824  -0.0431
  248.6     7.40  26.863  -0.0419
  249.1     7.47  26.904  -0.0400
  249.5     7.47  26.944  -0.0457
  249.9     7.45  26.986  -0.0425
  250.4     7.49  27.028  -0.0452
  250.8     7.44  27.072  -0.0463
  251.3     7.46  27.113  -0.0443
  251.7     7.45  27.154  -0.0436
  252.1     7.46  27.195  -0.0448
  252.5     7.46  27.235  -0.0420
  253.0     7.52  27.276  -0.0476
  253.4     7.47  27.315  -0.0442
  253.8     7.51  27.356  -0.0350
  254.3     7.47  27.397  -0.0381
  254.7     7.54  27.437  -0.0418
  255.0     7.48  27.477  -0.0442
  255.5     7.47  27.517  -0.0438
  255.9     7.58  27.557  -0.0425
  256.3     7.53  27.597  -0.0462
  256.7     7.52  27.640  -0.0461
  257.2     7.57  27.682  -0.0456
  257.6     7.57  27.723  -0.0501
  258.0     7.57  27.763  -0.0449
  258.5     7.54  27.804  -0.0462
  258.9     7.63  27.845  -0.0459
  259.2     7.57  27.885  -0.0398
  259.8     7.57  27.926  -0.0419
  260.2     7.61  27.966  -0.0423
  260.5     7.56  28.007  -0.0413
  260.9     7.61  28.047  -0.0466
  261.4     7.65  28.085  -0.0444
  261.8     7.63  28.126  -0.0449
  262.1     7.61  28.164  -0.0504
  262.5     7.62  28.206  -0.0508
  263.0     7.61  28.245  -0.0453
  263.3     7.60  28.285  -0.0493
  263.7     7.59  28.325  -0.0492
  264.2     7.62  28.364  -0.0463
  264.6     7.63  28.404  -0.0506
  264.9     7.62  28.446  -0.0470
  265.4     7.64  28.487  -0.0495
  265.8     7.62  28.528  -0.0504
  266.2     7.65  28.570  -0.0508
  266.6     7.65  28.610  -0.0507
  267.1     7.64  28.651  -0.0477
  267.5     7.64  28.695  -0.0527
  267.9     7.61  28.736  -0.0565
  268.3     7.59  28.779  -0.0534
  268.7     7.67  28.820  -0.0549
  269.2     7.60  28.859  -0.0563
  269.6     7.64  28.901  -0.0543
  269.9     7.67  28.943  -0.0582
  270.5     7.70  28.985  -0.0554
  270.8     7.63  29.029  -0.0599
  271.3     7.66  29.071  -0.0544
  271.8     7.65  29.111  -0.0549
  272.1     7.68  29.154  -0.0584
  272.5     7.68  29.195  -0.0551
  273.0     7.62  29.236  -0.0589
  273.4     7.59  29.278  -0.0527
  273.8     7.60  29.319  -0.0549
  274.2     7.66  29.362  -0.0576
  274.7     7.63  29.403  -0.0558
  275.1     7.63  29.446  -0.0523
  275.5     7.61  29.486  -0.0523
  276.0     7.65  29.525  -0.0527
  276.3     7.62  29.565  -0.0460
  276.7     7.64  29.606  -0.0478
  277.2     7.63  29.646  -0.0540
  277.6     7.66  29.687  -0.0508
  278.0     7.59  29.730  -0.0553
  278.4     7.65  29.772  -0.0506
  278.9     7.66  29.815  -0.0532
  279.3     7.65  29.858  -0.0574
  279.6     7.55  29.902  -0.0544
  280.1     7.62  29.944  -0.0597
  280.6     7.60  29.985  -0.0544
  280.9     7.57  30.026  -0.0579
  281.4     7.61  30.070  -0.0583
  281.8     7.59  30.113  -0.0521
  282.3     7.52  30.156  -0.0550
  282.8     7.52  30.202  -0.0597
  283.2     7.56  30.246  -0.0600
  283.6     7.51  30.290  -0.0584
  284.2     7.58  30.334  -0.0557
  284.5     7.57  30.377  -0.0617
  285.0     7.52  30.421  -0.0597
  285.3     7.55  30.463  -0.0659
  285.8     7.48  30.506  -0.0634
  286.2     7.56  30.551  -0.0636
  286.7     7.53  30.594  -0.0677
  287.2     7.55  30.638  -0.0641
  287.6     7.51  30.682  -0.0648
  288.1     7.50  30.727  -0.0628
  288.5     7.52  30.768  -0.0632
  288.9     7.53  30.812  -0.0617
  289.3     7.47  30.855  -0.0674
  289.9     7.53  30.898  -0.0648
  290.4     7.48  30.940  -0.0660
  290.8     7.49  30.984  -0.0645
  291.1     7.48  31.028  -0.0663
  291.6     7.45  31.071  -0.0709
  292.1     7.49  31.116  -0.0711
  292.5     7.47  31.158  -0.0713
  292.9     7.42  31.199  -0.0654
  293.4     7.38  31.242  -0.0686
  293.8     7.44  31.282  -0.0698
  294.2     7.48  31.326  -0.0699
  294.6     7.46  31.369  -0.0695
  295.1     7.45  31.408  -0.0651
  295.5     7.47  31.449  -0.0701
  295.9     7.38  31.491  -0.0676
  296.4     7.37  31.532  -0.0672
  296.8     7.38  31.574  -0.0672
  297.2     7.39  31.616  -0.0609
  297.7     7.42  31.659  -0.0666
  298.1     7.42  31.700  -0.0656
  298.6     7.39  31.743  -0.0664
  298.9     7.39  31.784  -0.0691
  299.3     7.32  31.825  -0.0653
  299.8     7.38  31.868  -0.0699
  300.2     7.31  31.909  -0.0683
  300.7     7.30  31.951  -0.0666
  301.1     7.33  31.992  -0.0682
  301.5     7.30  32.035  -0.0631
  302.0     7.34  32.076  -0.0681
  302.3     7.34  32.117  -0.0678
  302.8     7.28  32.156  -0.0645
  303.2     7.19  32.199  -0.0678
  303.6     7.30  32.239  -0.0649
  304.1     7.23  32.281  -0.0643
  304.5     7.26  32.322  -0.0672
  304.9     7.20  32.362  -0.0636
  305.3     7.21  32.402  -0.0662
  305.6     7.18  32.442  -0.0716
  306.1     7.27  32.483  -0.0673
  306.6     7.22  32.524  -0.0680
  307.0     7.22  32.564  -0.0747
  307.4     7.13  32.607  -0.0675
  307.9     7.20  32.648  -0.0706
  308.3     7.19  32.688  -0.0735
  308.6     7.16  32.728  -0.0710
  309.0     7.20  32.768  -0.0662
  309.5     7.16  32.809  -0.0703
  309.9     7.16  32.851  -0.0708
  310.4     7.11  32.891  -0.0683
  310.7     7.13  32.936  -0.0707
  311.3     7.09  32.979  -0.0774
  311.8     7.12  33.022  -0.0723
  312.1     7.11  33.063  -0.0718
  312.6     7.09  33.105  -0.0734
  313.0     7.11  33.147  -0.0712
  313.6     7.09  33.188  -0.0737
  314.0     7.13  33.230  -0.0785
  314.4     7.08  33.271  -0.0773
  314.8     7.05  33.314  -0.0747
  315.3     7.03  33.356  -0.0814
  315.7     7.00  33.398  -0.0785
  316.0     7.01  33.438  -0.0764
  316.5     7.05  33.482  -0.0826
  317.0     6.97  33.526  -0.0783
  317.5     7.00  33.567  -0.0762
  317.9     6.93  33.608  -0.0820
  318.4     6.98  33.651  -0.0798
  318.8     6.95  33.692  -0.0775
  319.2     6.93  33.731  -0.0841
  319.7     6.93  33.774  -0.0779
  320.1     6.94  33.816  -0.0789
  320.6     6.94  33.856  -0.0870
  320.9     6.90  33.897  -0.0821
  321.4     6.90  33.938  -0.0802
  321.8     6.89  33.979  -0.0855
  322.3     6.87  34.022  -0.0866
  322.6     6.86  34.062  -0.0834
  323.2     6.84  34.103  -0.0845
  323.6     6.80  34.144  -0.0819
  324.0     6.85  34.186  -0.0849
  324.5     6.88  34.229  -0.0884
  325.0     6.92  34.271  -0.0840
  325.4     6.82  34.313  -0.0876
  325.9     6.78  34.358  -0.0905
  326.3     6.82  34.401  -0.0882
  326.7     6.74  34.445  -0.0859
  327.1     6.75  34.485  -0.0876
  327.6     6.77  34.525  -0.0877
  328.0     6.71  34.565  -0.0865
  328.5     6.73  34.606  -0.0864
  328.9     6.72  34.648  -0.0907
  329.4     6.73  34.689  -0.0906
  329.8     6.70  34.730  -0.0945
  330.2     6.69  34.771  -0.0959
  330.7     6.73  34.811  -0.0965
  331.1     6.70  34.852  -0.0951
  331.5     6.66  34.890  -0.0948
  331.9     6.65  34.929  -0.0949
  332.3     6.67  34.968  -0.0950
  332.8     6.65  35.007  -0.0952
  333.1     6.63  35.047  -0.0929
  333.6     6.63  35.087  -0.0929
  334.0     6.67  35.126  -0.0994
  334.5     6.65  35.164  -0.0970
  334.9     6.57  35.205  -0.0991
  335.3     6.62  35.244  -0.1044
  335.6     6.59  35.283  -0.1061
  336.0     6.55  35.323  -0.1028
  336.5     6.60  35.362  -0.1016
  336.9     6.59  35.402  -0.1029
  337.4     6.58  35.443  -0.0977
  337.9     6.56  35.484  -0.0992
  338.2     6.61  35.523  -0.1014
  338.6     6.53  35.563  -0.0997
  339.0     6.50  35.601  -0.1041
  339.5     6.49  35.640  -0.1054
  339.9     6.54  35.680  -0.1014
  340.3     6.52  35.719  -0.1053
  340.6     6.49  35.758  -0.1047
  341.1     6.51  35.800  -0.1040
  341.6     6.49  35.840  -0.1079
  342.0     6.54  35.880  -0.1056
  342.4     6.48  35.920  -0.1068
  342.9     6.54  35.959  -0.1071
  343.3     6.48  35.997  -0.1049
  343.8     6.48  36.036  -0.1101
  344.1     6.44  36.076  -0.1121
  344.6     6.48  36.118  -0.1095
  345.1     6.53  36.157  -0.1110
  345.4     6.50  36.198  -0.1117
  345.9     6.48  36.240  -0.1101
  346.2     6.46  36.281  -0.1134
  346.7     6.44  36.322  -0.1109
  347.2     6.46  36.362  -0.1129
  347.6     6.49  36.403  -0.1138
  348.1     6.45  36.443  -0.1107
  348.3     6.45  36.486  -0.1148
  349.0     6.46  36.527  -0.1130
  349.3     6.49  36.570  -0.1141
  349.8     6.42  36.611  -0.1188
  350.2     6.44  36.653  -0.1192
  350.6     6.44  36.695  -0.1178
  351.1     6.41  36.736  -0.1198
  351.6     6.42  36.777  -0.1164
  351.9     6.40  36.817  -0.1196
  352.4     6.36  36.857  -0.1173
  352.8     6.41  36.898  -0.1153
  353.2     6.41  36.938  -0.1152
  353.6     6.39  36.978  -0.1116
  354.0     6.38  37.019  -0.1165
  354.4     6.41  37.060  -0.1160
  354.8     6.41  37.098  -0.1171
  355.3     6.37  37.138  -0.1184
  355.7     6.36  37.179  -0.1157
  356.1     6.40  37.220  -0.1170
  356.5     6.38  37.259  -0.1131
  357.0     6.43  37.301  -0.1121
  357.3     6.44  37.339  -0.1118
  357.8     6.41  37.381  -0.1121
  358.2     6.37  37.421  -0.1127
  358.6     6.44  37.462  -0.1151
  359.0     6.31  37.503  -0.1133
  359.4     6.46  37.542  -0.1120
  360.0     6.44  37.585  -0.1158
  360.3     6.39  37.627  -0.1138
  360.7     6.43  37.667  -0.1125
  361.1     6.38  37.707  -0.1167
  361.6     6.40  37.748  -0.1165
  362.0     6.42  37.791  -0.1192
  362.4     6.39  37.833  -0.1172
  362.9     6.38  37.874  -0.1147
  363.3     6.43  37.914  -0.1169
  363.8     6.43  37.954  -0.1161
  364.2     6.42  37.994  -0.1165
  364.6     6.41  38.034  -0.1176
  365.0     6.38  38.075  -0.1185
  365.5     6.45  38.115  -0.1164
  365.8     6.45  38.157  -0.1200
  366.3     6.44  38.199  -0.1172
  366.7     6.45  38.238  -0.1181
  367.1     6.47  38.277  -0.1142
  367.5     6.39  38.318  -0.1129
  367.9     6.45  38.356  -0.1174
  368.3     6.38  38.397  -0.1162
  368.7     6.46  38.437  -0.1144
  369.2     6.44  38.474  -0.1145
  369.5     6.45  38.515  -0.1127
  370.0     6.50  38.556  -0.1166
  370.4     6.49  38.596  -0.1185
  370.9     6.43  38.637  -0.1155
  371.2     6.46  38.678  -0.1164
  371.6     6.50  38.718  -0.1203
  372.1     6.51  38.758  -0.1187
  372.6     6.45  38.799  -0.1159
  373.0     6.46  38.841  -0.1187
  373.4     6.42  38.881  -0.1203
  373.7     6.51  38.923  -0.1208
  374.1     6.42  38.967  -0.1205
  374.6     6.49  39.008  -0.1251
  375.0     6.43  39.050  -0.1216
  375.5     6.40  39.092  -0.1158
  375.9     6.46  39.133  -0.1186
  376.3     6.54  39.174  -0.1174
  376.8     6.44  39.216  -0.1156
  377.2     6.43  39.256  -0.1178
  377.5     6.46  39.297  -0.1218
  378.0     6.46  39.338  -0.1187
  378.4     6.42  39.379  -0.1172
  378.8     6.39  39.419  -0.1202
  379.2     6.52  39.459  -0.1180
  379.5     6.43  39.499  -0.1165
  380.1     6.47  39.541  -0.1172
  380.5     6.46  39.583  -0.1196
  380.9     6.44  39.622  -0.1212
  381.3     6.46  39.664  -0.1217
  381.8     6.46  39.705  -0.1227
  382.2     6.45  39.747  -0.1239
  382.6     6.43  39.789  -0.1290
  383.1     6.45  39.832  -0.1262
  383.4     6.39  39.873  -0.1239
  383.9     6.38  39.916  -0.1279
  384.3     6.41  39.957  -0.1255
  384.6     6.43  39.998  -0.1240
  385.1     6.44  40.040  -0.1238
  385.5     6.35  40.083  -0.1199
  385.9     6.36  40.126  -0.1226
  386.5     6.38  40.170  -0.1254
  386.8     6.38  40.211  -0.1207
  387.2     6.38  40.256  -0.1210
  387.7     6.38  40.298  -0.1218
  388.2     6.41  40.341  -0.1172
  388.6     6.35  40.386  -0.1195
  389.1     6.37  40.428  -0.1236
  389.4     6.36  40.470  -0.1228
  389.9     6.43  40.514  -0.1192
  390.3     6.35  40.558  -0.1227
  390.8     6.40  40.601  -0.1242
  391.2     6.38  40.644  -0.1165
  391.6     6.34  40.688  -0.1167
  392.0     6.38  40.732  -0.1237
  392.5     6.24  40.776  -0.1207
  392.9     6.33  40.820  -0.1203
  393.4     6.32  40.864  -0.1237
  393.9     6.32  40.903  -0.1198
  394.2     6.32  40.946  -0.1189
  394.6     6.34  40.991  -0.1241
  395.2     6.29  41.037  -0.1250
  395.6     6.35  41.080  -0.1183
  396.0     6.28  41.124  -0.1257
  396.5     6.25  41.167  -0.1228
  396.9     6.32  41.209  -0.1242
  397.3     6.28  41.251  -0.1289
  397.7     6.32  41.294  -0.1223
  398.1     6.32  41.335  -0.1241
  398.5     6.28  41.376  -0.1238
  398.9     6.25  41.418  -0.1227
  399.5     6.32  41.461  -0.1235
  399.9     6.33  41.504  -0.1233
  400.2     6.29  41.546  -0.1242
  400.6     6.29  41.589  -0.1230
  401.1     6.26  41.632  -0.1205
  401.4     6.24  41.674  -0.1268
  402.0     6.27  41.714  -0.1242
  402.4     6.30  41.758  -0.1246
  402.7     6.27  41.799  -0.1232
  403.2     6.30  41.839  -0.1250
  403.7     6.27  41.880  -0.1248
  404.2     6.27  41.923  -0.1328
  404.5     6.29  41.965  -0.1280
  404.9     6.21  42.007  -0.1289
  405.3     6.23  42.049  -0.1324
  405.8     6.24  42.091  -0.1316
  406.2     6.17  42.132  -0.1273
  406.6     6.23  42.173  -0.1288
  407.0     6.22  42.216  -0.1328
  407.5     6.22  42.257  -0.1266
  408.0     6.22  42.297  -0.1251
  408.3     6.23  42.339  -0.1278
  408.8     6.27  42.380  -0.1345
  409.1     6.22  42.421  -0.1311
  409.6     6.25  42.461  -0.1299
  410.0     6.21  42.502  -0.1306
  410.5     6.23  42.542  -0.1276
  410.9     6.19  42.585  -0.1298
  411.3     6.21  42.627  -0.1308
  411.7     6.15  42.665  -0.1270
  412.2     6.22  42.707  -0.1248
  412.6     6.23  42.747  -0.1258
  413.0     6.23  42.787  -0.1237
  413.4     6.21  42.828  -0.1258
  413.8     6.19  42.869  -0.1241
  414.3     6.21  42.910  -0.1200
  414.6     6.21  42.950  -0.1258
  415.1     6.19  42.992  -0.1234
  415.5     6.10  43.033  -0.1231
  415.9     6.18  43.075  -0.1274
  416.3     6.15  43.117  -0.1216
  416.8     6.17  43.160  -0.1251
  417.2     6.20  43.202  -0.1221
  417.7     6.12  43.243  -0.1307
  418.1     6.08  43.286  -0.1288
  418.4     6.11  43.330  -0.1248
  418.9     6.15  43.370  -0.1317
  419.3     6.09  43.413  -0.1332
  419.8     6.09  43.453  -0.1270
  420.2     6.13  43.496  -0.1327
  420.6     6.08  43.539  -0.1323
  421.1     6.05  43.580  -0.1332
  421.4     6.09  43.623  -0.1322
  422.0     6.15  43.665  -0.1314
  422.4     6.07  43.704  -0.1352
  422.8     6.08  43.746  -0.1332
  423.2     6.09  43.788  -0.1266
  423.6     6.01  43.825  -0.1302
  424.0     6.13  43.867  -0.1281
  424.5     6.01  43.908  -0.1238
  424.8     5.98  43.950  -0.1296
  425.3     5.99  43.992  -0.1236
  425.8     6.01  44.033  -0.1255
  426.2     6.07  44.072  -0.1310
  426.6     5.97  44.116  -0.1312
  427.1     6.06  44.157  -0.1336
  427.5     5.98  44.199  -0.1343
  427.9     6.03  44.242  -0.1325
  428.2     5.95  44.285  -0.1356
  428.8     5.96  44.329  -0.1312
  429.2     5.94  44.373  -0.1323
  429.6     5.99  44.415  -0.1347
  430.2     5.94  44.457  -0.1284
  430.6     5.99  44.498  -0.1310
  431.0     5.95  44.539  -0.1264
  431.4     5.93  44.580  -0.1332
  431.9     5.95  44.623  -0.1364
  432.4     6.00  44.667  -0.1324
  432.7     5.95  44.711  -0.1334
  433.2     5.92  44.751  -0.1337
  433.6     5.85  44.792  -0.1340
  433.8     5.83  44.831  -0.1317
  434.4     5.92  44.871  -0.1301
  434.8     5.87  44.910  -0.1374
  435.2     5.86  44.950  -0.1344
  435.6     5.89  44.988  -0.1362
  436.0     5.90  45.029  -0.1386
  436.5     5.82  45.070  -0.1344
  436.8     5.86  45.110  -0.1344
  437.2     5.85  45.151  -0.1361
  437.6     5.84  45.189  -0.1354
  438.0     5.83  45.229  -0.1301
  438.3     5.85  45.268  -0.1298
  438.9     5.82  45.310  -0.1301
  439.3     5.77  45.350  -0.1310
  439.6     5.83  45.390  -0.1301
  440.1     5.75  45.429  -0.1301
  440.5     5.80  45.469  -0.1255
  440.9     5.76  45.510  -0.1311
  441.3     5.80  45.549  -0.1308
  441.7     5.76  45.588  -0.1300
  442.1     5.80  45.628  -0.1337
  442.6     5.86  45.669  -0.1267
  443.0     5.77  45.708  -0.1322
  443.3     5.75  45.748  -0.1356
  443.7     5.75  45.787  -0.1319
  444.1     5.73  45.828  -0.1378
  444.5     5.75  45.868  -0.1316
  445.1     5.75  45.906  -0.1335
  445.4     5.78  45.947  -0.1286
  445.8     5.76  45.986  -0.1244
  446.2     5.70  46.023  -0.1287
  446.5     5.66  46.063  -0.1271
  446.9     5.73  46.102  -0.1316
  447.4     5.73  46.142  -0.1280
  447.7     5.72  46.182  -0.1292
  448.2     5.65  46.223  -0.1370
  448.5     5.64  46.264  -0.1339
  449.0     5.61  46.303  -0.1326
  449.5     5.67  46.344  -0.1323
  449.9     5.66  46.385  -0.1332
  450.3     5.66  46.427  -0.1281
  450.8     5.68  46.469  -0.1349
  451.2     5.64  46.511  -0.1309
  451.6     5.63  46.552  -0.1341
  451.9     5.68  46.593  -0.1340
  452.4     5.64  46.635  -0.1299
  452.7     5.68  46.677  -0.1332
  453.3     5.61  46.720  -0.1313
  453.7     5.60  46.763  -0.1342
  454.2     5.58  46.804  -0.1315
  454.6     5.59  46.846  -0.1330
  455.0     5.61  46.888  -0.1271
  455.4     5.59  46.929  -0.1289
  455.8     5.58  46.972  -0.1304
  456.2     5.52  47.013  -0.1352
  456.7     5.50  47.053  -0.1327
  457.1     5.53  47.095  -0.1348
  457.5     5.53  47.135  -0.1319
  457.9     5.62  47.176  -0.1336
  458.4     5.51  47.219  -0.1348
  458.7     5.51  47.260  -0.1339
  459.2     5.53  47.300  -0.1340
  459.6     5.52  47.341  -0.1320
  460.1     5.45  47.383  -0.1330
  460.5     5.52  47.422  -0.1304
  460.8     5.47  47.464  -0.1344
  461.1     5.49  47.502  -0.1355
  461.6     5.49  47.542  -0.1350
  462.0     5.45  47.585  -0.1343
  462.4     5.43  47.625  -0.1324
  462.9     5.44  47.666  -0.1301
  463.3     5.48  47.709  -0.1298
  463.7     5.42  47.749  -0.1285
  464.1     5.47  47.790  -0.1292
  464.3     5.43  47.831  -0.1279
  464.9     5.44  47.873  -0.1284
  465.2     5.46  47.916  -0.1304
  465.6     5.43  47.957  -0.1328
  466.0     5.44  47.998  -0.1328
  466.5     5.36  48.039  -0.1279
  466.9     5.41  48.081  -0.1313
  467.4     5.37  48.122  -0.1369
  467.8     5.35  48.163  -0.1302
  468.1     5.38  48.202  -0.1324
  468.6     5.37  48.244  -0.1301
  469.0     5.36  48.286  -0.1257
  469.4     5.36  48.325  -0.1333
  469.8     5.34  48.367  -0.1307
  470.2     5.32  48.407  -0.1315
  470.6     5.36  48.447  -0.1334
  471.0     5.29  48.485  -0.1316
  471.3     5.32  48.524  -0.1288
  471.7     5.33  48.562  -0.1310
  472.1     5.31  48.604  -0.1327
  472.5     5.32  48.645  -0.1323
  472.9     5.30  48.685  -0.1376
  473.3     5.30  48.725  -0.1352
  473.8     5.29  48.767  -0.1334
  474.1     5.26  48.807  -0.1321
  474.7     5.35  48.847  -0.1313
  475.0     5.32  48.889  -0.1306
  475.5     5.31  48.931  -0.1341
  475.7     5.28  48.972  -0.1276
  476.1     5.20  49.014  -0.1277
  476.7     5.26  49.058  -0.1281
  477.1     5.16  49.101  -0.1283
  477.5     5.25  49.143  -0.1275
  478.0     5.20  49.186  -0.1305
  478.3     5.22  49.228  -0.1300
  478.8     5.21  49.270  -0.1349
  479.1     5.26  49.311  -0.1347
  479.6     5.18  49.352  -0.1333
  480.0     5.20  49.394  -0.1364
  480.5     5.24  49.434  -0.1312
  480.8     5.15  49.475  -0.1306
  481.3     5.20  49.518  -0.1311
  481.6     5.26  49.558  -0.1314
  482.1     5.20  49.599  -0.1286
  482.5     5.17  49.640  -0.1301
  482.9     5.18  49.681  -0.1313
  483.4     5.17  49.723  -0.1347
  483.8     5.19  49.766  -0.1301
  484.2     5.17  49.807  -0.1294
  484.6     5.19  49.848  -0.1351
  485.1     5.17  49.891  -0.1309
  485.5     5.18  49.934  -0.1300
  485.9     5.20  49.975  -0.1302
  486.3     5.19  50.017  -0.1289
  486.8     5.16  50.059  -0.1293
  487.1     5.13  50.102  -0.1315
  487.6     5.14  50.145  -0.1313
  488.1     5.13  50.188  -0.1275
  488.5     5.21  50.230  -0.1321
  488.8     5.10  50.274  -0.1356
  489.3     5.09  50.317  -0.1398
  489.7     5.12  50.361  -0.1409
  490.2     5.09  50.405  -0.1362
  490.7     5.07  50.449  -0.1413
  491.1     5.10  50.492  -0.1377
  491.5     5.04  50.535  -0.1397
  491.9     5.09  50.579  -0.1406
  492.4     5.06  50.622  -0.1410
  492.8     5.04  50.665  -0.1388
  493.2     5.06  50.709  -0.1375
  493.6     5.05  50.752  -0.1325
  494.1     5.06  50.795  -0.1378
  494.6     5.04  50.838  -0.1384
  494.9     5.01  50.879  -0.1371
  495.4     5.02  50.924  -0.1375
  495.8     5.08  50.965  -0.1327
  496.2     5.06  51.007  -0.1326
  496.7     5.04  51.052  -0.1332
  497.0     5.00  51.096  -0.1324
  497.6     5.01  51.138  -0.1331
  498.0     5.01  51.181  -0.1341
  498.4     4.96  51.223  -0.1302
  498.7     4.97  51.266  -0.1303
  499.2     4.95  51.309  -0.1312
  499.6     4.97  51.352  -0.1306
  500.1     4.93  51.395  -0.1315
  500.4     4.95  51.439  -0.1275
  501.0     4.89  51.480  -0.1260
  501.3     4.95  51.523  -0.1287
  501.7     4.96  51.564  -0.1262
  502.2     4.98  51.606  -0.1277
  502.7     4.91  51.650  -0.1293
  503.0     4.96  51.690  -0.1265
  503.4     4.92  51.734  -0.1241
  503.9     4.91  51.776  -0.1253
  504.3     4.86  51.818  -0.1295
  504.7     4.91  51.860  -0.1272
  505.0     4.90  51.901  -0.1225
  505.6     4.88  51.942  -0.1252
  505.9     4.94  51.983  -0.1257
  506.4     4.92  52.024  -0.1322
  506.8     4.92  52.066  -0.1334
  507.1     4.86  52.110  -0.1325
  507.6     4.89  52.148  -0.1281
  508.0     4.93  52.191  -0.1319
  508.5     4.90  52.234  -0.1300
  508.8     4.85  52.275  -0.1321
  509.2     4.82  52.316  -0.1326
  509.6     4.86  52.357  -0.1348
  510.0     4.86  52.399  -0.1400
  510.5     4.89  52.438  -0.1395
  510.9     4.86  52.481  -0.1435
  511.4     4.83  52.524  -0.1384
  511.8     4.83  52.564  -0.1358
  512.1     4.87  52.606  -0.1412
  512.6     4.85  52.648  -0.1392
  513.0     4.82  52.691  -0.1345
  513.4     4.81  52.733  -0.1387
  514.0     4.80  52.774  -0.1407
  514.4     4.87  52.816  -0.1365
  514.7     4.81  52.857  -0.1355
  515.2     4.86  52.897  -0.1356
  515.6     4.80  52.937  -0.1322
  515.9     4.78  52.978  -0.1288
  516.4     4.78  53.019  -0.1316
  516.8     4.79  53.058  -0.1293
  517.1     4.68  53.097  -0.1318
  517.5     4.76  53.139  -0.1324
  518.0     4.77  53.181  -0.1322
  518.3     4.73  53.223  -0.1364
  518.8     4.85  53.266  -0.1464
  519.2     4.77  53.308  -0.1329
  519.6     4.77  53.351  -0.1306
  520.1     4.76  53.394  -0.1337
  520.5     4.77  53.437  -0.1355
  520.9     4.77  53.480  -0.1334
  521.3     4.76  53.523  -0.1362
  521.8     4.77  53.566  -0.1377
  522.3     4.77  53.609  -0.1335
  522.6     4.72  53.649  -0.1301
  522.9     4.73  53.689  -0.1352
  523.4     4.73  53.732  -0.1400
  523.9     4.71  53.772  -0.1363
  524.3     4.70  53.815  -0.1344
  524.8     4.73  53.857  -0.1413
  525.1     4.72  53.897  -0.1367
  525.5     4.70  53.939  -0.1358
  526.0     4.75  53.983  -0.1367
  526.3     4.71  54.023  -0.1382
  526.8     4.72  54.066  -0.1351
  527.2     4.69  54.109  -0.1353
  527.6     4.74  54.151  -0.1352
  528.0     4.71  54.192  -0.1327
  528.5     4.71  54.233  -0.1331
  528.9     4.68  54.277  -0.1381
  529.3     4.74  54.319  -0.1345
  529.8     4.74  54.363  -0.1344
  530.2     4.67  54.405  -0.1372
  530.7     4.70  54.448  -0.1358
  531.0     4.73  54.489  -0.1325
  531.4     4.64  54.531  -0.1336
  531.9     4.69  54.571  -0.1405
  532.3     4.67  54.614  -0.1352
  532.6     4.65  54.655  -0.1347
  533.2     4.66  54.697  -0.1372
  533.5     4.67  54.738  -0.1369
  533.9     4.62  54.780  -0.1332
  534.3     4.62  54.821  -0.1340
  534.8     4.66  54.861  -0.1381
  535.2     4.63  54.901  -0.1384
  535.6     4.65  54.942  -0.1340
  536.0     4.63  54.982  -0.1360
  536.3     4.68  55.024  -0.1405
  536.8     4.66  55.064  -0.1368
  537.2     4.62  55.105  -0.1350
  537.6     4.63  55.145  -0.1367
  538.0     4.60  55.182  -0.1353
  538.4     4.62  55.222  -0.1328
  538.8     4.64  55.265  -0.1342
  539.2     4.63  55.305  -0.1399
  539.6     4.62  55.344  -0.1353
  539.9     4.64  55.384  -0.1358
  540.3     4.60  55.424  -0.1372
  540.8     4.63  55.465  -0.1356
  541.2     4.68  55.506  -0.1351
  541.6     4.60  55.546  -0.1365
  542.0     4.64  55.585  -0.1400
  542.4     4.64  55.627  -0.1379
  542.9     4.59  55.667  -0.1411
  543.3     4.61  55.707  -0.1435
  543.6     4.65  55.745  -0.1427
  544.0     4.66  55.783  -0.1379
  544.3     4.63  55.824  -0.1423
  544.8     4.65  55.864  -0.1391
  545.2     4.61  55.903  -0.1346
  545.6     4.59  55.942  -0.1346
  546.0     4.61  55.982  -0.1389
  546.4     4.61  56.024  -0.1356
  546.7     4.61  56.064  -0.1371
  547.1     4.60  56.102  -0.1397
  547.5     4.62  56.143  -0.1358
  547.9     4.56  56.182  -0.1418
  548.4     4.58  56.225  -0.1372
  548.7     4.54  56.266  -0.1386
  549.1     4.58  56.307  -0.1426
  549.6     4.60  56.347  -0.1384
  550.0     4.57  56.390  -0.1369
  550.4     4.58  56.434  -0.1368
  550.7     4.57  56.474  -0.1298
  551.1     4.59  56.515  -0.1329
  551.6     4.55  56.556  -0.1376
  552.1     4.60  56.600  -0.1321
  552.5     4.56  56.641  -0.1345
  552.9     4.61  56.682  -0.1362
  553.3     4.55  56.725  -0.1362
  553.8     4.57  56.765  -0.1364
  554.1     4.55  56.806  -0.1319
  554.6     4.60  56.849  -0.1381
  554.9     4.60  56.891  -0.1310
  555.3     4.58  56.932  -0.1380
  555.7     4.58  56.973  -0.1360
  556.1     4.52  57.014  -0.1333
  556.6     4.54  57.056  -0.1329
  557.0     4.57  57.100  -0.1369
  557.4     4.54  57.141  -0.1429
  557.8     4.51  57.183  -0.1378
  558.3     4.59  57.223  -0.1425
  558.5     4.54  57.263  -0.1386
  558.9     4.50  57.302  -0.1401
  559.4     4.56  57.344  -0.1458
  559.8     4.55  57.382  -0.1345
  560.2     4.59  57.422  -0.1415
  560.5     4.51  57.464  -0.1389
  560.9     4.55  57.503  -0.1404
  561.3     4.57  57.544  -0.1419
  561.7     4.51  57.583  -0.1398
  562.1     4.56  57.624  -0.1422
  562.6     4.55  57.664  -0.1455
  563.0     4.59  57.704  -0.1428
  563.3     4.52  57.746  -0.1436
  563.7     4.55  57.789  -0.1414
  564.2     4.49  57.831  -0.1381
  564.6     4.48  57.874  -0.1448
  565.0     4.51  57.917  -0.1422
  565.5     4.52  57.959  -0.1469
  565.9     4.56  58.000  -0.1458
  566.3     4.52  58.041  -0.1428
  566.7     4.49  58.081  -0.1452
  567.2     4.60  58.122  -0.1453
  567.5     4.56  58.163  -0.1402
  567.8     4.54  58.202  -0.1387
  568.2     4.52  58.242  -0.1393
  568.7     4.60  58.283  -0.1427
  569.0     4.49  58.322  -0.1456
  569.4     4.52  58.361  -0.1453
  569.9     4.55  58.400  -0.1436
  570.1     4.55  58.441  -0.1481
  570.6     4.59  58.482  -0.1437
  571.1     4.50  58.521  -0.1396
  571.4     4.53  58.561  -0.1451
  571.8     4.52  58.601  -0.1427
  572.3     4.56  58.639  -0.1450
  572.6     4.54  58.681  -0.1468
  572.9     4.55  58.723  -0.1446
  573.4     4.53  58.763  -0.1450
  573.8     4.49  58.805  -0.1448
  574.2     4.50  58.846  -0.1445
  574.6     4.48  58.886  -0.1376
  575.0     4.50  58.928  -0.1420
  575.4     4.50  58.971  -0.1425
  575.8     4.55  59.011  -0.1430
  576.3     4.49  59.053  -0.1429
  576.6     4.57  59.095  -0.1455
  577.1     4.53  59.136  -0.1416
  577.4     4.56  59.176  -0.1424
  577.8     4.46  59.219  -0.1470
  578.2     4.57  59.262  -0.1453
  578.7     4.51  59.304  -0.1407
  579.0     4.46  59.345  -0.1433
  579.5     4.47  59.388  -0.1381
  579.9     4.50  59.429  -0.1424
  580.3     4.47  59.472  -0.1427
  580.7     4.47  59.513  -0.1372
  581.2     4.49  59.553  -0.1389
  581.5     4.47  59.595  -0.1432
  582.0     4.48  59.638  -0.1411
  582.4     4.48  59.679  -0.1412
  582.6     4.52  59.718  -0.1402
  583.2     4.48  59.758  -0.1390
  583.4     4.45  59.800  -0.1426
  584.0     4.54  59.842  -0.1433
  584.3     4.54  59.885  -0.1426
  584.7     4.56  59.925  -0.1411
  585.2     4.54  59.968  -0.1387
  585.6     4.50  60.011  -0.1403
  586.0     4.47  60.051  -0.1437
  586.2     4.45  60.094  -0.1444
  586.7     4.46  60.137  -0.1423
  587.2     4.55  60.180  -0.1391
  587.7     4.51  60.225  -0.1395
  588.1     4.51  60.267  -0.1424
  588.5     4.54  60.311  -0.1414
  588.9     4.50  60.354  -0.1389
  589.4     4.53  60.397  -0.1441
  589.8     4.54  60.441  -0.1401
  590.3     4.54  60.486  -0.1374
  590.6     4.49  60.529  -0.1398
  591.0     4.45  60.573  -0.1381
  591.5     4.52  60.617  -0.1384
  591.9     4.54  60.661  -0.1420
  592.4     4.49  60.704  -0.1366
  592.8     4.53  60.747  -0.1387
  593.2     4.47  60.792  -0.1372
  593.7     4.53  60.835  -0.1346
  594.1     4.57  60.880  -0.1377
  594.5     4.51  60.925  -0.1392
  595.0     4.59  60.967  -0.1400
  595.4     4.47  61.011  -0.1410
  595.7     4.52  61.055  -0.1366
  596.2     4.51  61.097  -0.1336
  596.7     4.59  61.143  -0.1356
  597.1     4.50  61.187  -0.1383
  597.6     4.54  61.231  -0.1371
  598.0     4.55  61.274  -0.1391
  598.4     4.51  61.315  -0.1432
  598.9     4.54  61.357  -0.1429
  599.3     4.59  61.401  -0.1448
  599.7     4.49  61.444  -0.1462
  600.1     4.58  61.488  -0.1410
