   13.8     1.75   0.043   0.0092
   13.8     1.80   0.085   0.0054
   13.8     1.69   0.125   0.0085
   13.8     1.69   0.164   0.0152
   13.8     1.62   0.208   0.0023
   13.8     1.61   0.249   0.0080
   13.9     1.67   0.293   0.0113
   13.9     1.68   0.336   0.0132
   13.9     1.68   0.379   0.0088
   13.9     1.60   0.424   0.0081
   14.0     1.71   0.467   0.0096
   13.9     1.63   0.511   0.0078
   14.0     1.65   0.554   0.0058
   14.1     1.59   0.597   0.0085
   14.1     1.63   0.641   0.0070
   14.0     1.54   0.685   0.0039
   14.0     1.58   0.727  -0.0038
   14.0     1.56   0.773  -0.0017
   14.0     1.55   0.817  -0.0031
   14.0     1.51   0.862  -0.0016
   14.1     1.50   0.905  -0.0054
   14.1     1.50   0.948  -0.0155
   14.2     1.54   0.992  -0.0142
   14.1     1.47   1.035  -0.0130
   14.1     1.50   1.079  -0.0171
   14.3     1.53   1.122  -0.0206
   14.2     1.49   1.167  -0.0215
   14.2     1.44   1.208  -0.0139
   14.2     1.46   1.253  -0.0186
   14.2     1.46   1.296  -0.0259
   14.2     1.44   1.341  -0.0270
   14.3     1.41   1.386  -0.0324
   14.3     1.37   1.429  -0.0187
   14.2     1.34   1.471  -0.0350
   14.3     1.38   1.512  -0.0348
   14.3     1.42   1.556  -0.0457
   14.4     1.41   1.600  -0.0362
   14.5     1.46   1.644  -0.0310
   14.6     1.42   1.688  -0.0243
   14.7     1.52   1.730  -0.0327
   14.6     1.47   1.774  -0.0353
   14.7     1.43   1.816  -0.0310
   14.7     1.49   1.857  -0.0344
   14.7     1.47   1.900  -0.0286
   14.8     1.44   1.945  -0.0277
   14.8     1.45   1.989  -0.0348
   15.0     1.53   2.033  -0.0521
   15.0     1.46   2.076  -0.0559
   15.0     1.53   2.119  -0.0588
   15.1     1.57   2.164  -0.0554
   15.1     1.46   2.205  -0.0577
   15.3     1.48   2.247  -0.0582
   15.4     1.54   2.290  -0.0630
   15.5     1.49   2.334  -0.0615
   15.5     1.57   2.379  -0.0601
   15.6     1.53   2.421  -0.0726
   15.7     1.66   2.460  -0.0771
   15.8     1.62   2.502  -0.0799
   15.8     1.60   2.541  -0.0869
   16.0     1.60   2.580  -0.0969
   16.1     1.67   2.621  -0.0973
   16.1     1.68   2.661  -0.0917
   16.3     1.66   2.703  -0.0919
   16.4     1.64   2.745  -0.0958
   16.5     1.71   2.786  -0.0960
   16.6     1.73   2.826  -0.0812
   16.7     1.66   2.867  -0.0634
   16.8     1.76   2.909  -0.0524
   17.0     1.70   2.950  -0.0600
   17.1     1.73   2.991  -0.0577
   17.3     1.76   3.033  -0.0549
   17.3     1.78   3.076  -0.0601
   17.6     1.79   3.122  -0.0520
   17.6     1.87   3.163  -0.0581
   17.9     1.85   3.206  -0.0580
   18.1     1.90   3.247  -0.0717
   18.2     1.91   3.289  -0.0643
   18.4     1.99   3.332  -0.0629
   18.6     1.96   3.370  -0.0568
   18.8     1.96   3.412  -0.0607
   19.0     2.02   3.455  -0.0658
   19.1     2.03   3.496  -0.0617
   19.3     2.02   3.538  -0.0695
   19.5     2.10   3.577  -0.0789
   19.6     2.03   3.619  -0.0840
   19.8     2.14   3.659  -0.0769
   20.1     2.12   3.703  -0.0828
   20.4     2.12   3.747  -0.0831
   20.6     2.18   3.788  -0.0817
   20.9     2.19   3.828  -0.0742
   20.9     2.22   3.872  -0.0730
   21.3     2.25   3.916  -0.0702
   21.5     2.27   3.957  -0.0755
   21.8     2.28   3.997  -0.0796
   22.0     2.35   4.039  -0.0817
   22.2     2.35   4.080  -0.0837
   22.5     2.39   4.121  -0.0824
   22.8     2.45   4.163  -0.0845
   23.0     2.43   4.205  -0.0826
   23.2     2.45   4.246  -0.0822
   23.7     2.50   4.287  -0.0809
   23.8     2.49   4.327  -0.0827
   24.0     2.52   4.369  -0.0815
   24.3     2.59   4.412  -0.0851
   24.5     2.57   4.454  -0.0798
   24.8     2.53   4.497  -0.0813
   25.1     2.61   4.538  -0.0818
   25.4     2.63   4.580  -0.0838
   25.7     2.67   4.624  -0.0791
   26.0     2.78   4.668  -0.0837
   26.3     2.73   4.711  -0.0856
   26.7     2.81   4.751  -0.0858
   26.8     2.79   4.792  -0.0867
   27.1     2.79   4.833  -0.0794
   27.5     2.81   4.875  -0.0882
   27.7     2.84   4.915  -0.0895
   28.0     2.91   4.956  -0.0855
   28.4     2.97   4.995  -0.0907
   28.7     2.95   5.034  -0.1069
   29.0     3.09   5.075  -0.1117
   29.3     2.97   5.116  -0.1053
   29.6     3.00   5.159  -0.0872
   30.0     3.09   5.200  -0.0818
   30.3     3.07   5.243  -0.0800
   30.6     3.10   5.284  -0.0825
   30.9     3.14   5.324  -0.0758
   31.2     3.22   5.367  -0.0781
   31.6     3.18   5.409  -0.0813
   31.9     3.17   5.451  -0.0803
   32.2     3.21   5.494  -0.0739
   32.5     3.26   5.536  -0.0738
   32.9     3.25   5.576  -0.0781
   33.3     3.36   5.617  -0.0730
   33.6     3.33   5.659  -0.0736
   33.9     3.39   5.697  -0.0782
   34.3     3.36   5.739  -0.0691
   34.6     3.44   5.778  -0.0745
   34.9     3.39   5.818  -0.0762
   35.2     3.44   5.859  -0.0699
   35.6     3.46   5.899  -0.0663
   35.9     3.43   5.940  -0.0871
   36.3     3.48   5.982  -0.0843
   36.7     3.63   6.024  -0.0794
   37.0     3.58   6.065  -0.0869
   37.4     3.61   6.106  -0.0686
   37.7     3.59   6.146  -0.0632
   38.1     3.58   6.189  -0.0715
   38.5     3.61   6.235  -0.0516
   39.0     3.67   6.276  -0.0303
   39.3     3.70   6.319  -0.0186
   39.7     3.69   6.360   0.0110
   40.1     3.69   6.402   0.0229
   40.4     3.73   6.443   0.0184
   40.8     3.80   6.486   0.0176
   41.2     3.83   6.526   0.0109
   41.5     3.81   6.568   0.0051
   41.9     3.80   6.609   0.0109
   42.3     3.90   6.649   0.0074
   42.6     3.83   6.690  -0.0043
   43.0     3.88   6.732  -0.0042
   43.4     3.83   6.774  -0.0136
   43.8     3.91   6.815  -0.0023
   44.1     3.99   6.855  -0.0164
   44.5     3.94   6.897  -0.0250
   45.0     3.94   6.941  -0.0389
   45.4     3.97   6.985  -0.0265
   45.8     4.00   7.028  -0.0192
   46.1     4.04   7.070  -0.0384
   46.5     4.05   7.108  -0.0490
   46.9     4.04   7.151  -0.0637
   47.3     4.01   7.194  -0.0733
   47.6     4.12   7.235  -0.0950
   48.0     4.05   7.278  -0.1655
   48.4     4.04   7.318  -0.1595
   48.8     4.18   7.358  -0.1657
   49.2     4.11   7.398  -0.1393
   49.6     4.09   7.438  -0.1827
   50.0     4.12   7.479  -0.1857
   50.3     4.14   7.522  -0.1848
   50.8     4.17   7.563  -0.1798
   51.2     4.22   7.606  -0.1852
   51.6     4.26   7.647  -0.2076
   51.9     4.27   7.688  -0.1874
   52.4     4.24   7.732  -0.2734
   52.9     4.30   7.775  -0.2435
   53.2     4.31   7.817  -0.3432
   53.5     4.30   7.859  -0.4268
   53.9     4.31   7.898  -0.4407
   54.3     4.37   7.941  -0.4493
   54.8     4.38   7.981  -0.4498
   55.2     4.33   8.020  -0.4375
   55.5     4.37   8.061  -0.4133
   56.0     4.41   8.103  -0.4173
   56.4     4.42   8.144  -0.4074
   56.6     4.41   8.186  -0.4003
   57.0     4.39   8.226  -0.4042
   57.5     4.42   8.268  -0.4089
   57.9     4.41   8.309  -0.3939
   58.2     4.44   8.350  -0.3900
   58.7     4.44   8.391  -0.3836
   59.0     4.47   8.433  -0.3558
   59.5     4.45   8.473  -0.3510
   59.9     4.47   8.519  -0.3532
   60.3     4.52   8.564  -0.3413
   60.8     4.51   8.606  -0.3497
   61.2     4.55   8.645  -0.3347
   61.6     4.60   8.685  -0.3374
   62.0     4.61   8.726  -0.3443
   62.3     4.55   8.770  -0.3559
   62.8     4.58   8.811  -0.3579
   63.2     4.59   8.852  -0.3684
   63.7     4.62   8.895  -0.3673
   64.1     4.66   8.937  -0.3727
   64.5     4.64   8.979  -0.3708
   64.8     4.62   9.018  -0.3599
   65.2     4.62   9.061  -0.3766
   65.7     4.70   9.103  -0.3838
   66.0     4.65   9.144  -0.3683
   66.5     4.70   9.185  -0.3703
   66.9     4.73   9.228  -0.3545
   67.3     4.71   9.270  -0.3409
   67.8     4.79   9.313  -0.3431
   68.2     4.78   9.356  -0.3494
   68.7     4.83   9.398  -0.3663
   69.0     4.82   9.438  -0.3774
   69.4     4.83   9.478  -0.3682
   69.8     4.78   9.517  -0.3680
   70.3     4.82   9.557  -0.3239
   70.6     4.86   9.598  -0.2867
   71.1     4.90   9.638  -0.3198
   71.4     4.85   9.678  -0.3001
   71.8     4.87   9.720  -0.2759
   72.2     4.87   9.761  -0.2696
   72.6     4.94   9.804  -0.2733
   73.1     4.92   9.844  -0.2380
   73.4     4.89   9.888  -0.2250
   73.9     4.89   9.929  -0.2199
   74.3     4.94   9.970  -0.2075
   74.7     4.97  10.013  -0.1845
   75.2     4.92  10.057  -0.1626
   75.6     4.96  10.099  -0.1653
   76.0     4.96  10.141  -0.1657
   76.4     4.94  10.181  -0.1435
   76.8     4.99  10.221  -0.1451
   77.2     4.99  10.262  -0.2958
   77.7     5.02  10.304  -0.2788
   78.0     5.04  10.345  -0.2613
   78.4     5.08  10.385  -0.3057
   78.9     5.01  10.425  -0.2969
   79.3     5.02  10.467  -0.2927
   79.7     5.04  10.510  -0.3235
   80.2     5.11  10.551  -0.3029
   80.6     5.13  10.593  -0.2831
   81.0     5.13  10.636  -0.3507
   81.5     5.08  10.677  -0.2114
   81.9     5.10  10.718  -0.1898
   82.2     5.09  10.761  -0.1436
   82.7     5.15  10.803  -0.1284
   83.2     5.18  10.848  -0.1443
   83.6     5.17  10.892  -0.1288
   84.0     5.15  10.934  -0.1123
   84.5     5.16  10.977  -0.0958
   84.9     5.17  11.019  -0.0830
   85.4     5.18  11.062  -0.0863
   85.7     5.20  11.105  -0.0773
   86.1     5.20  11.147  -0.0613
   86.6     5.17  11.188  -0.0665
   86.9     5.19  11.229  -0.0717
   87.4     5.17  11.270  -0.0656
   87.8     5.27  11.311  -0.0779
   88.2     5.23  11.351  -0.0773
   88.7     5.23  11.393  -0.0610
   89.1     5.17  11.436  -0.0532
   89.5     5.25  11.477  -0.0651
   89.9     5.20  11.517  -0.0647
   90.4     5.23  11.560  -0.0697
   90.7     5.19  11.602  -0.0646
   91.2     5.20  11.646  -0.0444
   91.6     5.23  11.689  -0.0324
   92.1     5.25  11.729  -0.0303
   92.5     5.29  11.769  -0.0282
   92.8     5.23  11.809  -0.0249
   93.3     5.25  11.849  -0.0216
   93.6     5.18  11.891  -0.0259
   94.1     5.22  11.931  -0.0229
   94.4     5.27  11.971  -0.0203
   94.9     5.29  12.014  -0.0078
   95.3     5.23  12.056  -0.0049
   95.7     5.28  12.099  -0.0288
   96.1     5.29  12.139  -0.0212
   96.6     5.32  12.182  -0.0048
   97.0     5.31  12.224   0.0102
   97.5     5.31  12.265   0.0234
   97.7     5.27  12.305   0.0228
   98.2     5.29  12.347   0.0229
   98.7     5.31  12.394   0.0142
   99.0     5.36  12.437   0.0177
   99.5     5.34  12.481   0.0031
  100.0     5.43  12.522   0.0120
  100.4     5.40  12.562   0.0185
  100.8     5.34  12.603   0.0244
  101.2     5.28  12.644   0.0190
  101.5     5.29  12.685   0.0198
  102.0     5.28  12.729  -0.0002
  102.4     5.29  12.772   0.0176
  102.9     5.32  12.816   0.0052
  103.3     5.26  12.857  -0.0044
  103.6     5.28  12.898  -0.0155
  104.1     5.32  12.938  -0.0256
  104.5     5.37  12.982  -0.0393
  105.1     5.37  13.025  -0.0519
  105.4     5.31  13.067  -0.0571
  105.9     5.33  13.107  -0.0686
  106.3     5.38  13.151  -0.0688
  106.8     5.37  13.196  -0.0705
  107.2     5.45  13.237  -0.0629
  107.6     5.38  13.279  -0.0941
  108.1     5.43  13.320  -0.0856
  108.4     5.42  13.364  -0.1124
  108.9     5.40  13.407  -0.0822
  109.3     5.43  13.446  -0.0696
  109.7     5.45  13.488  -0.0698
  110.1     5.36  13.528  -0.0809
  110.5     5.35  13.568  -0.0943
  111.0     5.39  13.611  -0.0925
  111.3     5.44  13.651  -0.1303
  111.8     5.41  13.693  -0.1342
  112.2     5.45  13.734  -0.1514
  112.6     5.44  13.775  -0.1605
  113.0     5.41  13.816  -0.1537
  113.5     5.51  13.858  -0.1762
  113.8     5.40  13.900  -0.1803
  114.3     5.46  13.944  -0.1610
  114.7     5.36  13.988  -0.1659
  115.2     5.36  14.030  -0.1753
  115.6     5.46  14.069  -0.1739
  115.9     5.41  14.110  -0.1965
  116.3     5.41  14.151  -0.2036
  116.7     5.37  14.192  -0.2304
  117.1     5.40  14.235  -0.2781
  117.6     5.44  14.275  -0.2853
  118.0     5.40  14.316  -0.2961
  118.5     5.39  14.357  -0.3175
  118.8     5.40  14.396  -0.3088
  119.2     5.34  14.437  -0.3082
  119.7     5.39  14.477  -0.2815
  120.1     5.43  14.518  -0.3171
  120.6     5.45  14.561  -0.3288
  120.9     5.39  14.602  -0.3260
  121.3     5.41  14.644  -0.3093
  121.8     5.35  14.687  -0.3006
  122.2     5.40  14.731  -0.2775
  122.7     5.40  14.775  -0.2709
  123.1     5.39  14.816  -0.2992
  123.5     5.44  14.856  -0.3081
  123.9     5.38  14.895  -0.3233
  124.2     5.42  14.937  -0.3404
  124.6     5.43  14.977  -0.3891
  125.0     5.36  15.020  -0.4069
  125.5     5.40  15.063  -0.3985
  125.9     5.44  15.102  -0.4157
  126.3     5.45  15.144  -0.4267
  126.8     5.44  15.184  -0.4380
  127.3     5.45  15.226  -0.4720
  127.6     5.42  15.268  -0.4836
  127.9     5.34  15.310  -0.4740
  128.4     5.37  15.353  -0.4629
  128.8     5.47  15.394  -0.4748
  129.2     5.42  15.434  -0.4749
  129.7     5.39  15.478  -0.4878
  130.2     5.43  15.524  -0.4991
  130.6     5.39  15.564  -0.5042
  131.0     5.46  15.606  -0.4767
  131.4     5.41  15.645  -0.4798
  131.7     5.39  15.687  -0.4968
  132.3     5.43  15.730  -0.4833
  132.6     5.42  15.769  -0.4638
  133.0     5.42  15.809  -0.4742
  133.4     5.45  15.852  -0.4700
  133.7     5.32  15.893  -0.4665
  134.2     5.36  15.935  -0.4907
  134.7     5.55  15.978  -0.5053
  135.1     5.41  16.019  -0.4887
  135.5     5.39  16.060  -0.4918
  135.9     5.40  16.103  -0.4979
  136.3     5.36  16.144  -0.4794
  136.8     5.39  16.184  -0.4621
  137.1     5.40  16.226  -0.4691
  137.6     5.41  16.270  -0.4687
  138.0     5.38  16.313  -0.4875
  138.5     5.40  16.356  -0.4302
  138.9     5.42  16.394  -0.3897
  139.4     5.38  16.436  -0.4798
  139.7     5.44  16.480  -0.4964
  140.1     5.37  16.523  -0.4990
  140.7     5.39  16.566  -0.4972
  141.0     5.39  16.606  -0.5028
  141.5     5.39  16.647  -0.4842
  141.9     5.39  16.687  -0.4792
  142.3     5.37  16.728  -0.4646
  142.7     5.41  16.768  -0.5035
  143.2     5.40  16.811  -0.5113
  143.6     5.37  16.854  -0.5077
  144.0     5.35  16.897  -0.5062
  144.5     5.39  16.939  -0.5204
  144.9     5.34  16.981  -0.5216
  145.3     5.38  17.024  -0.5082
  145.8     5.39  17.068  -0.5176
  146.2     5.36  17.110  -0.5177
  146.7     5.36  17.153  -0.4987
  147.1     5.38  17.193  -0.5088
  147.5     5.37  17.234  -0.5319
  148.0     5.32  17.276  -0.5056
  148.4     5.33  17.318  -0.4970
  148.8     5.37  17.359  -0.4926
  149.3     5.33  17.400  -0.4856
  149.8     5.38  17.444  -0.4920
  150.2     5.36  17.485  -0.4965
  150.6     5.42  17.526  -0.4770
  151.0     5.30  17.567  -0.4749
  151.5     5.31  17.608  -0.4793
  151.9     5.48  17.651  -0.4738
  152.4     5.43  17.692  -0.4832
  152.9     5.37  17.735  -0.4742
  153.3     5.38  17.776  -0.4675
  153.8     5.47  17.820  -0.4559
  154.1     5.33  17.862  -0.4589
  154.6     5.41  17.904  -0.4699
  155.0     5.35  17.947  -0.4759
  155.4     5.37  17.988  -0.4643
  156.0     5.39  18.032  -0.4428
  156.3     5.35  18.073  -0.3827
  156.8     5.38  18.114  -0.4420
  157.1     5.36  18.156  -0.4739
  157.6     5.34  18.195  -0.4843
  158.1     5.35  18.237  -0.4822
  158.6     5.30  18.277  -0.4826
  159.0     5.36  18.318  -0.4816
  159.5     5.33  18.360  -0.4637
  159.9     5.36  18.403  -0.4631
  160.3     5.32  18.444  -0.4572
  160.7     5.27  18.486  -0.4775
  161.0     5.29  18.527  -0.4713
  161.5     5.26  18.570  -0.4783
  162.0     5.32  18.614  -0.4833
  162.6     5.34  18.657  -0.4799
  162.9     5.30  18.697  -0.4992
  163.4     5.26  18.737  -0.5021
  163.8     5.25  18.779  -0.4915
  164.3     5.30  18.823  -0.4535
  164.8     5.28  18.864  -0.4489
  165.2     5.31  18.903  -0.4373
  165.5     5.28  18.945  -0.4543
  166.0     5.30  18.988  -0.4550
  166.5     5.32  19.028  -0.4400
  166.9     5.30  19.071  -0.4418
  167.3     5.29  19.112  -0.4227
  167.8     5.27  19.154  -0.4238
  168.2     5.29  19.198  -0.4214
  168.7     5.26  19.239  -0.4200
  169.1     5.22  19.281  -0.4049
  169.5     5.26  19.323  -0.3790
  169.9     5.22  19.366  -0.3455
  170.5     5.30  19.410  -0.4278
  171.0     5.28  19.450  -0.4189
  171.4     5.22  19.491  -0.4157
  171.8     5.23  19.531  -0.4143
  172.2     5.33  19.572  -0.3588
  172.7     5.27  19.612  -0.3281
  173.1     5.21  19.655  -0.2611
  173.7     5.29  19.696  -0.2254
  173.9     5.29  19.738  -0.2131
  174.4     5.27  19.781  -0.2148
  174.8     5.26  19.823  -0.2200
  175.3     5.19  19.863  -0.2249
  175.7     5.24  19.907  -0.2236
  176.1     5.19  19.949  -0.2017
  176.6     5.21  19.990  -0.2025
  177.1     5.28  20.031  -0.1992
  177.5     5.22  20.072  -0.1719
  177.9     5.21  20.116  -0.1696
  178.4     5.19  20.160  -0.1515
  178.8     5.19  20.202  -0.1480
  179.3     5.22  20.245  -0.1504
  179.7     5.18  20.284  -0.1540
  180.1     5.30  20.325  -0.1555
  180.6     5.21  20.366  -0.1575
  181.0     5.18  20.405  -0.1637
  181.3     5.25  20.447  -0.1612
  181.8     5.18  20.491  -0.1487
  182.3     5.22  20.533  -0.1436
  182.7     5.15  20.576  -0.1429
  183.2     5.23  20.617  -0.1374
  183.4     5.25  20.658  -0.1358
  184.1     5.16  20.701  -0.1292
  184.4     5.21  20.742  -0.1399
  184.9     5.23  20.784  -0.1299
  185.4     5.17  20.827  -0.1331
  185.7     5.07  20.868  -0.1568
  186.2     5.12  20.912  -0.1606
  186.7     5.20  20.956  -0.1506
  187.1     5.22  20.999  -0.1637
  187.6     5.22  21.040  -0.1719
  188.0     5.18  21.082  -0.1697
  188.4     5.19  21.124  -0.1844
  188.8     5.09  21.166  -0.1809
  189.3     5.15  21.207  -0.1665
  189.7     5.18  21.249  -0.1546
  190.0     5.12  21.290  -0.1291
  190.5     5.16  21.332  -0.1227
  191.0     5.18  21.374  -0.1074
  191.4     5.12  21.416  -0.1162
  191.9     5.15  21.458  -0.1065
  192.4     5.17  21.501  -0.1107
  192.8     5.18  21.543  -0.1089
  193.2     5.15  21.583  -0.0930
  193.6     5.14  21.626  -0.0966
  194.1     5.23  21.668  -0.0896
  194.5     5.13  21.712  -0.0859
  194.9     5.16  21.756  -0.0854
  195.4     5.15  21.797  -0.0806
  195.8     5.12  21.836  -0.0707
  196.2     5.15  21.877  -0.0682
  196.6     5.18  21.919  -0.0679
  197.0     5.13  21.961  -0.0720
  197.5     5.10  22.004  -0.0720
  197.9     5.16  22.043  -0.0771
  198.3     5.19  22.085  -0.0794
  198.7     5.14  22.126  -0.0842
  199.2     5.14  22.166  -0.0843
  199.7     5.18  22.207  -0.1128
  200.1     5.12  22.247  -0.1181
  200.3     5.15  22.288  -0.1195
  200.9     5.19  22.331  -0.1183
  201.3     5.16  22.373  -0.1178
  201.7     5.13  22.415  -0.1236
  202.2     5.16  22.459  -0.1183
  202.6     5.15  22.500  -0.1237
  203.0     5.21  22.545  -0.1218
  203.4     5.18  22.587  -0.1234
  203.9     5.13  22.627  -0.1222
  204.2     5.08  22.669  -0.1263
  204.7     5.14  22.711  -0.1359
  205.1     5.12  22.752  -0.1425
  205.7     5.17  22.796  -0.1327
  206.0     5.20  22.836  -0.1348
  206.5     5.20  22.879  -0.1494
  207.0     5.26  22.920  -0.1711
  207.4     5.22  22.961  -0.1632
  207.8     5.27  23.003  -0.1545
  208.2     5.21  23.042  -0.1673
  208.6     5.26  23.084  -0.1644
  209.1     5.21  23.126  -0.1557
  209.5     5.24  23.166  -0.1552
  209.9     5.36  23.207  -0.1803
  210.5     5.26  23.252  -0.1833
  210.9     5.25  23.295  -0.1716
  211.4     5.27  23.337  -0.1733
  211.6     5.23  23.377  -0.2049
  212.2     5.26  23.421  -0.2330
  212.6     5.25  23.463  -0.2482
  213.0     5.28  23.505  -0.2232
  213.4     5.22  23.547  -0.2514
  213.9     5.19  23.589  -0.2904
  214.2     5.21  23.631  -0.3171
  214.7     5.19  23.672  -0.3557
  215.1     5.17  23.714  -0.3126
  215.5     5.18  23.756  -0.2991
  216.0     5.26  23.799  -0.3171
  216.5     5.25  23.841  -0.3336
  216.9     5.21  23.882  -0.5214
  217.3     5.22  23.922  -0.5992
  217.6     5.14  23.964  -0.5928
  218.0     5.19  24.008  -0.5958
  218.5     5.21  24.052  -0.6186
  219.0     5.15  24.096  -0.6084
  219.5     5.17  24.136  -0.5694
  219.8     5.17  24.177  -0.5656
  220.3     5.20  24.220  -0.6283
  220.8     5.29  24.261  -0.6593
  221.2     5.18  24.304  -0.6543
  221.6     5.17  24.345  -0.6080
  222.1     5.25  24.387  -0.5601
  222.4     5.17  24.428  -0.5667
  223.0     5.23  24.467  -0.5415
  223.4     5.27  24.509  -0.5561
  223.8     5.20  24.550  -0.5571
  224.3     5.25  24.593  -0.5361
  224.7     5.25  24.635  -0.5127
  225.1     5.26  24.675  -0.5325
  225.6     5.24  24.717  -0.5224
  226.0     5.28  24.763  -0.5024
  226.4     5.26  24.809  -0.5275
  226.9     5.28  24.852  -0.5206
  227.3     5.23  24.894  -0.5154
  227.7     5.24  24.934  -0.5245
  228.1     5.23  24.978  -0.5494
  228.7     5.25  25.021  -0.5443
  229.1     5.29  25.062  -0.5504
  229.5     5.29  25.104  -0.5615
  229.9     5.26  25.146  -0.5406
  230.3     5.25  25.187  -0.5459
  230.8     5.26  25.229  -0.5553
  231.2     5.32  25.271  -0.5756
  231.6     5.20  25.313  -0.5518
  232.1     5.29  25.355  -0.5017
  232.5     5.23  25.398  -0.5426
  233.0     5.25  25.441  -0.5177
  233.4     5.23  25.482  -0.4908
  233.8     5.27  25.524  -0.5051
  234.4     5.36  25.570  -0.4958
  234.8     5.27  25.613  -0.4963
  235.2     5.30  25.654  -0.5209
  235.6     5.32  25.696  -0.5705
  236.0     5.30  25.737  -0.5641
  236.4     5.29  25.780  -0.5626
  236.9     5.29  25.821  -0.5973
  237.3     5.32  25.864  -0.6113
  237.8     5.40  25.904  -0.5693
  238.2     5.27  25.947  -0.5662
  238.7     5.34  25.986  -0.5824
  239.0     5.38  26.028  -0.5753
  239.5     5.34  26.069  -0.5725
  239.9     5.34  26.111  -0.5689
  240.4     5.27  26.153  -0.5522
  240.7     5.26  26.195  -0.5212
  241.2     5.39  26.236  -0.4961
  241.6     5.31  26.279  -0.4203
  242.1     5.25  26.320  -0.4247
  242.6     5.39  26.363  -0.4187
  243.0     5.32  26.408  -0.4045
  243.4     5.29  26.449  -0.3721
  243.8     5.33  26.488  -0.3741
  244.3     5.34  26.531  -0.4007
  244.7     5.39  26.572  -0.4066
  245.1     5.34  26.616  -0.4099
  245.6     5.30  26.656  -0.4223
  246.0     5.34  26.696  -0.4345
  246.3     5.28  26.738  -0.4441
  246.8     5.26  26.780  -0.4446
  247.2     5.28  26.822  -0.4530
  247.7     5.33  26.864  -0.4417
  248.1     5.29  26.906  -0.4484
  248.4     5.29  26.949  -0.4474
  248.9     5.33  26.991  -0.4521
  249.3     5.32  27.031  -0.4531
  249.8     5.29  27.074  -0.4404
  250.2     5.30  27.117  -0.4741
  250.7     5.35  27.159  -0.4595
  251.2     5.31  27.201  -0.4430
  251.6     5.30  27.240  -0.4520
  251.9     5.29  27.282  -0.4596
  252.5     5.37  27.325  -0.4719
  252.8     5.29  27.365  -0.4833
  253.3     5.25  27.406  -0.4485
  253.7     5.26  27.449  -0.4659
  254.1     5.28  27.491  -0.4502
  254.6     5.35  27.535  -0.4406
  255.0     5.34  27.575  -0.4510
  255.5     5.38  27.617  -0.4636
  255.9     5.34  27.661  -0.4666
  256.3     5.31  27.704  -0.4371
  256.7     5.29  27.746  -0.3778
  257.3     5.32  27.787  -0.3229
  257.5     5.32  27.830  -0.3879
  258.1     5.32  27.875  -0.3739
  258.5     5.32  27.919  -0.3680
  258.9     5.35  27.960  -0.3410
  259.3     5.30  27.999  -0.2764
  259.7     5.32  28.039  -0.2677
  260.1     5.30  28.082  -0.3034
  260.6     5.31  28.124  -0.3466
  261.0     5.29  28.164  -0.3822
  261.5     5.29  28.205  -0.3697
  261.8     5.28  28.244  -0.3977
  262.4     5.33  28.286  -0.4275
  262.8     5.32  28.327  -0.4252
  263.1     5.31  28.369  -0.3508
  263.6     5.34  28.411  -0.2295
  264.0     5.33  28.455  -0.2725
  264.4     5.30  28.497  -0.2653
  264.9     5.34  28.538  -0.3050
  265.3     5.33  28.580  -0.2858
  265.7     5.37  28.622  -0.2814
  266.2     5.34  28.666  -0.2188
  266.5     5.35  28.708  -0.2124
  267.1     5.37  28.750  -0.2160
  267.5     5.34  28.792  -0.2203
  268.0     5.36  28.832  -0.2221
  268.3     5.38  28.874  -0.2115
  268.8     5.36  28.915  -0.1973
  269.2     5.36  28.958  -0.1949
  269.7     5.40  28.999  -0.1881
  270.1     5.37  29.040  -0.1788
  270.6     5.43  29.082  -0.1825
  271.0     5.42  29.124  -0.1945
  271.4     5.36  29.166  -0.2424
  271.9     5.38  29.210  -0.2556
  272.2     5.37  29.250  -0.2780
  272.7     5.40  29.291  -0.2231
  273.2     5.45  29.333  -0.2508
  273.6     5.39  29.376  -0.2646
  274.1     5.38  29.423  -0.2392
  274.6     5.43  29.464  -0.2201
  275.0     5.40  29.509  -0.2629
  275.5     5.49  29.551  -0.2699
  275.9     5.50  29.591  -0.2483
  276.4     5.46  29.635  -0.2442
  276.9     5.49  29.674  -0.2460
  277.3     5.44  29.716  -0.2243
  277.6     5.45  29.759  -0.2127
  278.1     5.45  29.799  -0.2136
  278.5     5.49  29.842  -0.2369
  279.0     5.49  29.883  -0.2349
  279.4     5.48  29.923  -0.2702
  279.7     5.45  29.964  -0.3083
  280.3     5.44  30.005  -0.3555
  280.6     5.47  30.047  -0.3948
  281.2     5.44  30.089  -0.3748
  281.7     5.46  30.132  -0.4479
  282.0     5.42  30.172  -0.4389
  282.5     5.56  30.217  -0.3285
  282.9     5.49  30.260  -0.3084
  283.5     5.43  30.304  -0.2959
  283.9     5.46  30.345  -0.2232
  284.2     5.46  30.387  -0.2304
  284.6     5.42  30.427  -0.2218
  285.1     5.48  30.470  -0.2198
  285.6     5.48  30.511  -0.2078
  286.0     5.47  30.554  -0.2259
  286.4     5.44  30.597  -0.2249
  286.8     5.40  30.639  -0.1293
  287.3     5.46  30.681  -0.0809
  287.8     5.45  30.723  -0.0841
  288.3     5.50  30.766  -0.0918
  288.6     5.48  30.809  -0.0832
  289.1     5.45  30.851  -0.0816
  289.6     5.44  30.894  -0.0543
  290.0     5.46  30.937  -0.0506
  290.5     5.51  30.980  -0.0448
  290.9     5.49  31.023  -0.0498
  291.3     5.48  31.066  -0.0398
  291.8     5.55  31.106  -0.0257
  292.2     5.42  31.146  -0.0179
  292.6     5.48  31.187  -0.0237
  293.1     5.54  31.229  -0.0277
  293.5     5.54  31.272  -0.0224
  294.0     5.51  31.313  -0.0376
  294.4     5.47  31.357  -0.0264
  294.8     5.44  31.398  -0.0226
  295.3     5.50  31.439  -0.0231
  295.7     5.52  31.481   0.0009
  296.1     5.47  31.524   0.0045
  296.6     5.52  31.565  -0.0050
  297.1     5.46  31.609  -0.0060
  297.5     5.62  31.651  -0.0228
  298.0     5.51  31.694  -0.0257
  298.4     5.54  31.738  -0.0124
  298.9     5.48  31.780  -0.0184
  299.3     5.53  31.822  -0.0086
  299.7     5.50  31.865   0.0246
  300.2     5.47  31.906   0.0295
  300.6     5.52  31.948   0.0424
  301.0     5.49  31.989   0.0382
  301.5     5.52  32.029   0.0432
  301.8     5.48  32.073   0.0367
  302.2     5.50  32.114   0.0326
  302.8     5.50  32.158   0.0385
  303.1     5.47  32.200   0.0368
  303.6     5.48  32.241   0.0262
  304.0     5.46  32.283   0.0351
  304.5     5.52  32.325   0.0283
  304.8     5.52  32.367   0.0342
  305.3     5.52  32.409   0.0295
  305.8     5.53  32.449   0.0165
  306.2     5.57  32.490   0.0127
  306.6     5.54  32.535   0.0153
  307.1     5.53  32.579   0.0034
  307.5     5.61  32.621  -0.0192
  307.9     5.54  32.662  -0.0175
  308.3     5.58  32.704  -0.0119
  308.7     5.45  32.747   0.0030
  309.3     5.54  32.787   0.0005
  309.7     5.55  32.829   0.0289
  310.1     5.58  32.873   0.0400
  310.7     5.61  32.915   0.0346
  311.0     5.58  32.957   0.0273
  311.5     5.50  32.996   0.0324
  311.7     5.58  33.039   0.0471
  312.3     5.59  33.082   0.0370
  312.8     5.68  33.123   0.0476
  313.2     5.57  33.165   0.0325
  313.7     5.63  33.206   0.0373
  314.0     5.65  33.247   0.0470
  314.5     5.64  33.290   0.0535
  314.9     5.58  33.335   0.0594
  315.4     5.55  33.377   0.0612
  315.9     5.62  33.418   0.0506
  316.3     5.62  33.459   0.0641
  316.7     5.59  33.500   0.0432
  317.2     5.66  33.542   0.0189
  317.6     5.66  33.583   0.0100
  318.1     5.67  33.622   0.0333
  318.5     5.69  33.666   0.0183
  319.0     5.69  33.707   0.0360
  319.4     5.71  33.749   0.0409
  319.9     5.74  33.791   0.0324
  320.3     5.75  33.834   0.0512
  320.9     5.80  33.877   0.0636
  321.3     5.79  33.920   0.0647
  321.8     5.81  33.961   0.0668
  322.2     5.77  34.001   0.0754
  322.5     5.76  34.045   0.0897
  323.1     5.75  34.088   0.0772
  323.5     5.82  34.132   0.0670
  324.0     5.96  34.175   0.0784
  324.5     5.93  34.214   0.0821
  324.9     5.88  34.256   0.0657
  325.4     5.88  34.300   0.0501
  325.8     5.92  34.341   0.0357
  326.3     5.91  34.382   0.0100
  326.7     5.96  34.423   0.0229
  327.1     5.95  34.465  -0.0198
  327.6     5.97  34.507  -0.0377
  328.1     5.97  34.548  -0.0295
  328.5     6.01  34.590  -0.0212
  328.9     5.91  34.631  -0.0274
  329.4     6.04  34.673  -0.0189
  329.8     5.98  34.715   0.0346
  330.3     6.05  34.757  -0.0031
  330.7     6.04  34.799   0.0146
  331.2     5.99  34.844   0.0265
  331.7     5.93  34.888   0.0230
  332.1     6.02  34.930   0.0443
  332.7     6.07  34.973   0.0518
  333.1     6.13  35.013   0.0619
  333.6     6.09  35.058   0.0432
  334.1     6.13  35.099   0.0523
  334.5     6.13  35.139   0.0607
  334.9     6.15  35.182   0.0714
  335.4     6.08  35.226   0.0658
  335.9     6.12  35.269   0.0532
  336.4     6.13  35.309   0.0514
  336.8     6.24  35.351   0.0498
  337.2     6.19  35.393   0.0547
  337.7     6.18  35.434   0.0578
  338.1     6.19  35.477   0.0473
  338.7     6.29  35.518   0.0566
  339.1     6.38  35.558   0.0441
  339.5     6.38  35.602   0.0635
  340.0     6.37  35.647   0.0410
  340.5     6.42  35.691   0.0716
  341.0     6.54  35.732   0.0975
  341.6     6.49  35.773   0.1084
  342.0     6.62  35.811   0.1064
  342.5     6.64  35.854   0.1037
  343.0     6.70  35.896   0.1162
  343.4     6.68  35.938   0.1080
  343.9     6.73  35.978   0.1180
  344.3     6.71  36.019   0.1105
  344.9     6.84  36.060   0.1082
  345.3     6.75  36.099   0.1018
  345.8     6.76  36.140   0.0956
  346.2     6.82  36.181   0.0971
  346.7     6.85  36.223   0.0306
  347.2     6.78  36.265   0.0555
  347.8     6.88  36.307   0.0879
  348.2     6.86  36.347   0.0855
  348.7     6.83  36.391   0.0839
  349.2     6.88  36.434   0.0822
  349.6     6.92  36.476   0.0637
  350.2     6.90  36.517   0.0603
  350.7     6.84  36.557   0.0205
  351.1     6.86  36.599   0.0030
  351.7     6.97  36.639   0.0275
  352.0     6.83  36.681   0.0381
  352.6     6.80  36.724   0.0705
  353.2     6.84  36.765   0.0742
  353.6     6.78  36.810   0.0569
  354.2     6.78  36.851   0.0807
  354.6     6.84  36.894   0.0689
  355.0     6.76  36.936   0.0501
  355.6     6.84  36.979   0.0207
  356.1     6.79  37.021   0.0359
  356.5     6.78  37.061   0.0574
  357.0     6.74  37.102   0.0352
  357.5     6.79  37.147  -0.0057
  358.0     6.73  37.192  -0.0099
  358.5     6.64  37.233  -0.0060
  358.9     6.71  37.276   0.0335
  359.4     6.66  37.319  -0.0027
  359.8     6.64  37.361  -0.0095
  360.3     6.61  37.404  -0.0357
  360.6     6.61  37.444  -0.0292
  361.1     6.54  37.486  -0.1001
  361.6     6.57  37.529  -0.1809
  361.9     6.53  37.568  -0.0784
  362.5     6.54  37.609  -0.1456
  362.8     6.48  37.651  -0.0522
  363.3     6.46  37.692   0.0490
  363.7     6.40  37.734   0.0192
  364.1     6.38  37.776   0.0178
  364.5     6.39  37.817  -0.0053
  364.9     6.33  37.859   0.0335
  365.3     6.23  37.900   0.0260
  365.8     6.25  37.944   0.0515
  366.1     6.18  37.987   0.0583
  366.6     6.20  38.029   0.0339
  367.1     6.23  38.070   0.0416
  367.4     6.18  38.109   0.0395
  368.0     6.16  38.151   0.0449
  368.2     6.08  38.192   0.0399
  368.7     6.11  38.234   0.0387
  369.1     6.10  38.274   0.0367
  369.5     6.09  38.317   0.0307
  370.0     5.99  38.359   0.0125
  370.3     5.96  38.401  -0.0003
  370.7     5.90  38.442  -0.0170
  371.1     5.91  38.484  -0.0190
  371.5     5.90  38.527  -0.0190
  371.9     5.86  38.568   0.0147
  372.4     5.83  38.609  -0.0020
  372.8     5.84  38.650   0.0119
  373.1     5.77  38.693   0.0029
  373.7     5.85  38.736  -0.0194
  374.1     5.70  38.780  -0.0112
  374.4     5.72  38.822  -0.0017
  374.9     5.72  38.862   0.0159
  375.3     5.73  38.903   0.0304
  375.7     5.70  38.945   0.0270
  376.1     5.68  38.987   0.0215
  376.5     5.66  39.029   0.0299
  376.9     5.62  39.068   0.0383
  377.3     5.60  39.110   0.0387
  377.7     5.54  39.154   0.0426
  378.0     5.54  39.194   0.0361
  378.6     5.53  39.237   0.0446
  379.0     5.59  39.280   0.0437
  379.4     5.46  39.322   0.0387
  379.8     5.45  39.364   0.0377
  380.2     5.49  39.406  -0.0011
  380.6     5.46  39.448   0.0099
  381.0     5.38  39.493   0.0043
  381.4     5.37  39.535  -0.0075
  381.9     5.44  39.578   0.0173
  382.2     5.37  39.620   0.0327
  382.6     5.32  39.659   0.0310
  383.1     5.34  39.702   0.0261
  383.4     5.32  39.744   0.0282
  383.9     5.25  39.786   0.0266
  384.3     5.30  39.827   0.0372
  384.8     5.28  39.868   0.0193
  385.0     5.25  39.909  -0.0065
  385.5     5.25  39.952  -0.0187
  385.8     5.21  39.996  -0.0266
  386.3     5.20  40.039  -0.0670
  386.8     5.23  40.081  -0.0701
  387.1     5.21  40.122  -0.0783
  387.5     5.22  40.167  -0.0934
  387.9     5.16  40.209  -0.1072
  388.3     5.11  40.251  -0.1047
  388.8     5.12  40.296  -0.1076
  389.2     5.18  40.338  -0.1031
  389.5     5.03  40.378  -0.1000
  390.0     5.07  40.421  -0.1059
  390.5     5.20  40.462  -0.1008
  390.9     5.11  40.506  -0.1093
  391.3     5.13  40.548  -0.1023
  391.7     5.08  40.588  -0.1072
  392.1     5.09  40.630  -0.1037
  392.4     5.06  40.671  -0.1028
  392.8     5.02  40.711  -0.1096
  393.3     5.04  40.751  -0.1101
  393.6     5.03  40.793  -0.1044
  394.0     5.06  40.835  -0.1102
  394.4     4.95  40.878  -0.1083
  394.8     4.98  40.919  -0.1097
  395.2     4.98  40.961  -0.0986
  395.6     4.96  41.004  -0.0941
  396.1     5.01  41.049  -0.0840
  396.5     4.91  41.092  -0.0929
  396.9     4.97  41.134  -0.0791
  397.4     4.98  41.174  -0.0760
  397.8     4.95  41.216   0.0065
  398.1     4.91  41.260   0.0957
  398.6     5.05  41.302   0.0989
  399.0     4.98  41.343   0.0951
  399.5     5.05  41.385   0.1030
  399.9     5.00  41.426   0.1102
  400.3     4.94  41.469   0.1141
  400.7     5.07  41.508   0.1148
  401.1     4.98  41.549   0.1141
  401.5     5.00  41.589   0.1134
  401.9     4.94  41.630   0.1102
  402.3     4.98  41.674   0.1109
  402.7     4.95  41.716   0.1119
  403.2     5.06  41.758   0.1156
  403.6     4.90  41.802   0.1045
  404.0     4.91  41.847   0.1102
  404.5     5.00  41.891   0.1099
  404.9     4.98  41.933   0.1035
  405.3     4.98  41.974   0.1055
  405.7     5.05  42.017   0.1007
  406.2     4.94  42.059   0.0973
  406.6     5.01  42.101   0.1049
  407.0     4.96  42.142   0.1065
  407.4     4.97  42.182   0.1064
  407.9     4.92  42.224   0.1141
  408.2     4.91  42.265   0.1134
  408.6     4.91  42.306   0.1107
  409.0     4.90  42.347   0.1123
  409.4     4.90  42.390   0.1089
  409.9     4.92  42.431   0.1107
  410.3     4.93  42.473   0.1138
  410.7     4.92  42.514   0.1135
  411.2     4.93  42.556   0.1139
  411.5     4.85  42.601   0.1047
  412.0     4.94  42.645   0.0978
  412.4     4.92  42.686   0.1013
  412.9     4.96  42.726   0.0914
  413.3     4.90  42.767   0.0857
  413.7     4.84  42.810   0.0898
  414.1     4.91  42.851   0.0902
  414.6     4.90  42.894   0.0886
  414.9     4.93  42.937   0.0784
  415.3     4.97  42.978   0.0955
  415.7     4.85  43.017   0.1002
  416.2     4.94  43.059   0.0918
  416.6     4.90  43.103   0.0813
  417.0     4.90  43.146   0.0673
  417.4     4.87  43.188   0.0726
  417.9     4.89  43.230   0.0675
  418.2     4.82  43.272   0.0540
  418.7     4.89  43.315   0.0438
  419.1     4.91  43.361   0.0449
  419.6     4.93  43.406   0.0290
  420.1     4.88  43.449  -0.0375
  420.5     4.86  43.491  -0.0381
  420.9     4.93  43.531  -0.1051
  421.3     4.86  43.571  -0.2102
  421.8     4.92  43.612  -0.2585
  422.2     4.94  43.655  -0.2685
  422.6     4.89  43.697  -0.3247
  423.0     4.88  43.739  -0.3731
  423.4     4.91  43.781  -0.3726
  423.8     4.82  43.823  -0.3847
  424.3     4.89  43.865  -0.3872
  424.7     4.88  43.906  -0.2611
  425.1     4.83  43.948  -0.2989
  425.5     4.88  43.990  -0.2487
  426.0     4.86  44.031  -0.2325
  426.4     4.94  44.072  -0.2571
  426.9     4.97  44.116  -0.2828
  427.3     4.88  44.161  -0.2654
  427.7     4.79  44.202  -0.2906
  428.1     4.79  44.244  -0.3052
  428.5     4.77  44.285  -0.2971
  428.9     4.73  44.326  -0.3140
  429.3     4.79  44.367  -0.3053
  429.8     4.85  44.406  -0.2940
  430.2     4.82  44.449  -0.3133
  430.6     4.84  44.491  -0.3758
  431.0     4.79  44.532  -0.4216
  431.5     4.81  44.575  -0.4003
  431.9     4.82  44.615  -0.3922
  432.3     4.85  44.657  -0.3936
  432.7     4.76  44.698  -0.4199
  433.3     4.83  44.740  -0.4257
  433.7     4.81  44.782  -0.4359
  434.1     4.78  44.824  -0.4242
  434.6     4.85  44.863  -0.4439
  435.1     4.82  44.906  -0.4430
  435.4     4.91  44.951  -0.4356
  435.9     4.82  44.993  -0.4535
  436.3     4.84  45.033  -0.4377
  436.8     4.87  45.076  -0.4389
  437.2     4.83  45.117  -0.4600
  437.7     4.82  45.158  -0.4466
  438.1     4.95  45.201  -0.4422
  438.6     4.88  45.243  -0.4372
  439.0     4.85  45.284  -0.4257
  439.5     4.95  45.324  -0.4108
  439.8     4.87  45.366  -0.4162
  440.3     4.87  45.408  -0.4371
  440.7     4.90  45.451  -0.4381
  441.2     4.91  45.493  -0.4293
  441.6     4.93  45.534  -0.4410
  442.0     4.83  45.575  -0.4067
  442.4     4.84  45.618  -0.4077
  442.8     4.85  45.662  -0.4052
  443.3     4.90  45.707  -0.4244
  443.7     4.78  45.752  -0.4235
  444.2     4.81  45.794  -0.4251
  444.6     4.85  45.835  -0.4396
  445.1     4.82  45.876  -0.4475
  445.4     4.81  45.917  -0.4473
  445.8     4.82  45.959  -0.4401
  446.3     4.80  46.000  -0.4420
  446.8     4.88  46.041  -0.4435
  447.2     4.86  46.085  -0.4475
  447.6     4.78  46.128  -0.4308
  448.0     4.88  46.168  -0.4204
  448.4     4.82  46.211  -0.4586
  448.9     4.88  46.252  -0.4853
  449.3     4.87  46.292  -0.4978
  449.7     4.78  46.334  -0.5053
  450.1     4.79  46.376  -0.4975
  450.5     4.85  46.418  -0.5024
  450.9     4.81  46.462  -0.4997
  451.4     4.82  46.504  -0.5018
  451.8     4.84  46.546  -0.4965
  452.2     4.76  46.588  -0.4921
  452.7     4.80  46.629  -0.4925
  453.1     4.83  46.672  -0.4957
  453.5     4.80  46.712  -0.5012
  453.9     4.81  46.755  -0.5022
  454.4     4.80  46.799  -0.5034
  454.8     4.79  46.839  -0.5059
  455.2     4.77  46.882  -0.5028
  455.7     4.83  46.921  -0.5008
  456.1     4.87  46.963  -0.4942
  456.5     4.81  47.005  -0.4904
  457.0     4.95  47.048  -0.4997
  457.4     4.82  47.090  -0.5076
  457.8     4.81  47.131  -0.5054
  458.2     4.79  47.173  -0.5008
  458.6     4.82  47.216  -0.4952
  459.1     4.82  47.259  -0.4855
  459.5     4.73  47.302  -0.4893
  459.9     4.83  47.344  -0.4817
  460.3     4.73  47.386  -0.4764
  460.7     4.74  47.428  -0.4842
  461.1     4.75  47.468  -0.4849
  461.5     4.76  47.509  -0.4863
  461.9     4.74  47.549  -0.4926
  462.3     4.76  47.591  -0.4855
  462.7     4.74  47.631  -0.4916
  463.1     4.70  47.671  -0.4894
  463.5     4.71  47.713  -0.4878
  463.9     4.72  47.754  -0.4840
  464.4     4.70  47.796  -0.4865
  464.9     4.76  47.836  -0.4912
  465.1     4.68  47.878  -0.4948
  465.6     4.77  47.920  -0.4981
  466.0     4.70  47.961  -0.4979
  466.3     4.71  48.005  -0.4940
  466.8     4.73  48.049  -0.4862
  467.3     4.70  48.093  -0.4845
  467.8     4.74  48.134  -0.4820
  468.2     4.71  48.176  -0.4793
  468.6     4.69  48.216  -0.4844
  469.0     4.71  48.256  -0.4809
  469.4     4.67  48.296  -0.4774
  469.8     4.62  48.339  -0.4815
  470.1     4.70  48.381  -0.4779
  470.6     4.73  48.423  -0.4828
  471.1     4.67  48.463  -0.4832
  471.5     4.70  48.504  -0.4798
  471.9     4.65  48.545  -0.4853
  472.2     4.64  48.586  -0.4902
  472.7     4.68  48.627  -0.4869
  473.1     4.57  48.668  -0.4858
  473.6     4.72  48.709  -0.4882
  474.0     4.71  48.754  -0.4928
  474.4     4.66  48.799  -0.4939
  474.9     4.71  48.843  -0.4952
  475.4     4.69  48.887  -0.4909
  475.7     4.74  48.927  -0.4912
  476.2     4.75  48.967  -0.4919
  476.7     4.73  49.010  -0.4968
  477.0     4.66  49.051  -0.4970
  477.4     4.67  49.092  -0.4935
  477.9     4.72  49.135  -0.4977
  478.3     4.71  49.177  -0.4927
  478.7     4.68  49.218  -0.4966
  479.1     4.69  49.259  -0.5076
  479.6     4.66  49.300  -0.5176
  479.9     4.69  49.344  -0.5183
  480.4     4.70  49.385  -0.5191
  480.9     4.69  49.427  -0.5188
  481.2     4.70  49.471  -0.5082
  481.6     4.65  49.512  -0.5037
  482.2     4.70  49.556  -0.5088
  482.6     4.66  49.601  -0.5120
  483.1     4.63  49.644  -0.5102
  483.5     4.68  49.686  -0.4908
  484.0     4.68  49.727  -0.4963
  484.3     4.63  49.771  -0.4919
  484.7     4.62  49.814  -0.4992
  485.2     4.73  49.855  -0.4930
  485.6     4.68  49.896  -0.4968
  486.0     4.67  49.938  -0.4892
  486.4     4.69  49.979  -0.4927
  486.9     4.68  50.021  -0.4878
  487.3     4.60  50.063  -0.4940
  487.7     4.68  50.105  -0.4994
  488.2     4.65  50.150  -0.5028
  488.6     4.68  50.192  -0.5000
  489.0     4.65  50.235  -0.4946
  489.5     4.59  50.278  -0.4840
  490.1     4.64  50.322  -0.4842
  490.5     4.65  50.367  -0.4755
  490.9     4.67  50.409  -0.4797
  491.3     4.61  50.452  -0.4795
  491.8     4.66  50.492  -0.4891
  492.1     4.62  50.533  -0.4827
  492.6     4.67  50.575  -0.4785
  493.1     4.69  50.617  -0.4766
  493.5     4.63  50.658  -0.4730
  493.9     4.66  50.699  -0.4748
  494.3     4.66  50.741  -0.4739
  494.7     4.61  50.781  -0.4662
  495.2     4.67  50.824  -0.4654
  495.6     4.58  50.867  -0.4813
  496.1     4.63  50.910  -0.4834
  496.5     4.64  50.955  -0.4864
  497.0     4.55  50.997  -0.4847
  497.3     4.59  51.038  -0.4812
  497.8     4.58  51.081  -0.4842
  498.2     4.53  51.125  -0.4866
  498.7     4.62  51.168  -0.4891
  499.0     4.52  51.210  -0.4959
  499.5     4.55  51.250  -0.4938
  499.9     4.58  51.292  -0.4855
  500.3     4.50  51.333  -0.4821
  500.7     4.61  51.374  -0.4822
  501.2     4.48  51.417  -0.4879
  501.7     4.50  51.458  -0.4818
  502.1     4.54  51.498  -0.4782
  502.5     4.49  51.542  -0.4765
  502.9     4.47  51.583  -0.4850
  503.3     4.53  51.625  -0.4914
  503.7     4.49  51.667  -0.4907
  504.1     4.48  51.710  -0.4888
  504.5     4.47  51.752  -0.4976
  504.9     4.50  51.794  -0.4919
  505.4     4.51  51.835  -0.4914
  505.8     4.53  51.879  -0.4894
  506.2     4.50  51.923  -0.4901
  506.6     4.46  51.964  -0.4824
  507.1     4.45  52.007  -0.4781
  507.5     4.46  52.048  -0.4784
  507.9     4.53  52.093  -0.4798
  508.3     4.48  52.136  -0.4753
  508.8     4.50  52.179  -0.4778
  509.2     4.45  52.221  -0.4800
  509.7     4.49  52.264  -0.4774
  510.0     4.45  52.303  -0.4807
  510.4     4.43  52.344  -0.4866
  510.8     4.44  52.385  -0.4839
  511.2     4.51  52.428  -0.4802
  511.7     4.46  52.469  -0.4781
  512.2     4.50  52.511  -0.4720
  512.5     4.34  52.554  -0.4795
  513.0     4.40  52.596  -0.4833
  513.4     4.46  52.641  -0.4890
  513.8     4.40  52.687  -0.4909
  514.3     4.39  52.732  -0.4877
  514.7     4.34  52.775  -0.4882
  515.2     4.46  52.817  -0.4842
  515.7     4.51  52.861  -0.4846
  516.1     4.42  52.901  -0.4873
  516.5     4.44  52.945  -0.4850
  516.8     4.44  52.984  -0.4916
  517.2     4.37  53.028  -0.4806
  517.6     4.38  53.070  -0.4849
  518.1     4.41  53.112  -0.4763
  518.6     4.35  53.154  -0.4726
  519.0     4.38  53.196  -0.4652
  519.3     4.39  53.238  -0.4700
  519.8     4.38  53.280  -0.4670
  520.2     4.42  53.322  -0.4527
  520.6     4.44  53.364  -0.4455
  521.0     4.39  53.408  -0.4370
  521.4     4.35  53.451  -0.4410
  521.9     4.37  53.495  -0.4395
  522.4     4.32  53.537  -0.4375
  522.7     4.35  53.577  -0.4248
  523.1     4.39  53.618  -0.4254
  523.6     4.41  53.660  -0.4287
  524.0     4.46  53.702  -0.4358
  524.4     4.30  53.743  -0.4403
  524.8     4.35  53.786  -0.4283
  525.2     4.34  53.830  -0.4282
  525.6     4.36  53.871  -0.4248
  526.1     4.42  53.914  -0.4285
  526.5     4.43  53.956  -0.4203
  527.0     4.33  54.000  -0.4238
  527.5     4.34  54.043  -0.4207
  527.8     4.39  54.088  -0.4128
  528.3     4.37  54.130  -0.4189
  528.7     4.43  54.173  -0.4259
  529.1     4.36  54.220  -0.4285
  529.6     4.31  54.262  -0.4376
  530.0     4.37  54.306  -0.4359
  530.5     4.39  54.347  -0.4362
  530.9     4.40  54.391  -0.4224
  531.2     4.36  54.434  -0.4279
  531.7     4.41  54.477  -0.4225
  532.1     4.39  54.518  -0.4279
  532.5     4.39  54.559  -0.4251
  533.1     4.42  54.601  -0.4199
  533.4     4.35  54.644  -0.4294
  533.8     4.39  54.683  -0.4306
  534.2     4.42  54.724  -0.4335
  534.8     4.38  54.765  -0.4227
  535.2     4.41  54.808  -0.4251
  535.5     4.43  54.851  -0.4320
  536.0     4.38  54.894  -0.4263
  536.5     4.47  54.937  -0.4194
  536.9     4.37  54.980  -0.4180
  537.3     4.36  55.025  -0.4219
  537.9     4.40  55.066  -0.4237
  538.1     4.38  55.107  -0.4225
  538.5     4.29  55.148  -0.4159
  539.0     4.33  55.188  -0.4186
  539.3     4.45  55.230  -0.4159
  539.9     4.43  55.273  -0.4191
  540.2     4.35  55.313  -0.4471
  540.7     4.36  55.356  -0.4577
  541.1     4.41  55.398  -0.4613
  541.5     4.37  55.440  -0.4757
  541.9     4.33  55.481  -0.4755
  542.3     4.39  55.522  -0.4834
  542.8     4.38  55.565  -0.4884
  543.1     4.35  55.606  -0.4873
  543.5     4.39  55.647  -0.4858
  544.0     4.35  55.689  -0.4952
  544.4     4.37  55.735  -0.4928
  544.9     4.36  55.778  -0.4947
  545.3     4.35  55.822  -0.4959
  545.6     4.35  55.865  -0.4842
  546.3     4.44  55.906  -0.4777
  546.6     4.47  55.950  -0.4922
  547.0     4.41  55.990  -0.4926
  547.4     4.44  56.031  -0.4707
  547.8     4.41  56.075  -0.4723
  548.2     4.44  56.115  -0.4595
  548.7     4.39  56.157  -0.4701
  549.0     4.41  56.201  -0.4802
  549.4     4.36  56.243  -0.4872
  549.9     4.48  56.285  -0.4970
  550.3     4.34  56.327  -0.5007
  550.7     4.40  56.369  -0.5005
  551.0     4.39  56.410  -0.5030
  551.4     4.38  56.451  -0.5073
  551.8     4.41  56.493  -0.5002
  552.3     4.38  56.539  -0.4946
  552.7     4.35  56.581  -0.5002
  553.2     4.37  56.625  -0.5115
  553.6     4.34  56.667  -0.5136
  553.9     4.38  56.708  -0.5090
  554.5     4.38  56.749  -0.5081
  554.8     4.40  56.790  -0.5112
  555.2     4.44  56.832  -0.5140
  555.7     4.39  56.875  -0.5074
  556.1     4.36  56.917  -0.5088
  556.5     4.48  56.960  -0.5046
  556.9     4.36  57.002  -0.5105
  557.3     4.35  57.045  -0.5072
  557.6     4.36  57.087  -0.5011
  558.1     4.36  57.127  -0.5079
  558.6     4.40  57.170  -0.5031
  559.0     4.45  57.211  -0.5196
  559.3     4.40  57.254  -0.5131
  559.8     4.40  57.298  -0.5165
  560.2     4.39  57.345  -0.5224
  560.7     4.41  57.388  -0.5234
  561.1     4.37  57.430  -0.5133
  561.5     4.39  57.471  -0.5238
  561.9     4.35  57.512  -0.5800
  562.3     4.39  57.554  -0.5720
  562.8     4.46  57.598  -0.5642
  563.2     4.39  57.641  -0.5639
  563.6     4.46  57.684  -0.5572
  564.0     4.45  57.728  -0.5404
  564.4     4.35  57.768  -0.5344
  564.8     4.43  57.809  -0.5252
  565.3     4.46  57.851  -0.5220
  565.7     4.43  57.894  -0.5286
  566.1     4.41  57.937  -0.5336
  566.5     4.41  57.980  -0.5165
  567.0     4.45  58.023  -0.5128
  567.4     4.41  58.068  -0.5052
  567.7     4.38  58.110  -0.4802
  568.2     4.43  58.153  -0.4898
  568.6     4.37  58.195  -0.4993
  569.1     4.44  58.237  -0.4942
  569.4     4.47  58.279  -0.4843
  569.8     4.36  58.319  -0.4752
  570.2     4.41  58.360  -0.4602
  570.7     4.42  58.403  -0.4453
  571.0     4.41  58.444  -0.4520
  571.6     4.44  58.486  -0.4498
  571.9     4.41  58.527  -0.4547
  572.4     4.41  58.571  -0.4447
  572.8     4.45  58.614  -0.4346
  573.1     4.39  58.657  -0.4025
  573.6     4.42  58.701  -0.4127
  573.9     4.43  58.742  -0.4130
  574.4     4.42  58.782  -0.4060
  574.9     4.40  58.824  -0.4019
  575.3     4.48  58.869  -0.4046
  575.7     4.52  58.913  -0.4048
  576.1     4.38  58.958  -0.4051
  576.6     4.39  59.000  -0.3999
  577.1     4.45  59.041  -0.4053
  577.3     4.46  59.084  -0.4106
  577.9     4.46  59.125  -0.3926
  578.2     4.42  59.169  -0.3943
  578.7     4.41  59.210  -0.3969
  579.1     4.50  59.252  -0.3922
  579.5     4.48  59.294  -0.3945
  579.9     4.49  59.336  -0.3997
  580.4     4.58  59.378  -0.3900
  580.7     4.52  59.419  -0.3836
  581.2     4.49  59.462  -0.3903
  581.6     4.48  59.504  -0.3891
  582.0     4.50  59.547  -0.3903
  582.4     4.46  59.589  -0.3938
  582.8     4.44  59.635  -0.3944
  583.3     4.48  59.678  -0.3918
  583.7     4.47  59.723  -0.3886
  584.1     4.48  59.761  -0.3917
  584.4     4.47  59.802  -0.3954
  584.9     4.49  59.845  -0.3955
  585.3     4.47  59.888  -0.3919
  585.7     4.47  59.931  -0.3880
  586.1     4.46  59.973  -0.3876
  586.5     4.45  60.014  -0.3898
  586.9     4.52  60.056  -0.3886
  587.4     4.51  60.100  -0.3921
  587.8     4.54  60.142  -0.3986
  588.2     4.48  60.185  -0.3921
  588.7     4.54  60.227  -0.3954
  589.1     4.51  60.271  -0.3949
  589.5     4.54  60.315  -0.3870
  589.9     4.60  60.359  -0.3888
  590.3     4.59  60.403  -0.3902
  590.8     4.55  60.449  -0.3801
  591.2     4.51  60.494  -0.3825
  591.6     4.48  60.537  -0.3759
  592.1     4.52  60.581  -0.3708
  592.5     4.49  60.625  -0.3713
  593.0     4.50  60.670  -0.3662
  593.4     4.54  60.715  -0.3596
  593.8     4.59  60.758  -0.3519
  594.2     4.56  60.802  -0.3533
  594.8     4.54  60.847  -0.3674
  595.1     4.53  60.891  -0.3740
  595.6     4.58  60.936  -0.4054
  596.1     4.61  60.980  -0.4121
  596.5     4.57  61.025  -0.4146
  597.0     4.59  61.068  -0.4104
  597.4     4.56  61.112  -0.4058
  597.9     4.59  61.156  -0.4072
  598.3     4.61  61.201  -0.4072
  598.7     4.53  61.246  -0.4076
  599.1     4.59  61.290  -0.4100
  599.6     4.67  61.334  -0.4278
  600.1     4.70  61.377  -0.4282
