   11.1     1.86   0.041  -0.0028
   11.0     1.79   0.081  -0.0007
   11.2     1.83   0.124  -0.0066
   11.1     1.91   0.164  -0.0050
   11.2     1.81   0.205  -0.0023
   11.1     1.83   0.246  -0.0070
   11.1     1.76   0.285  -0.0057
   11.1     1.77   0.324  -0.0046
   11.1     1.79   0.362  -0.0084
   11.2     1.79   0.401  -0.0053
   11.1     1.79   0.441  -0.0033
   11.2     1.77   0.481  -0.0103
   11.2     1.76   0.521  -0.0120
   11.2     1.71   0.562  -0.0094
   11.2     1.73   0.600  -0.0142
   11.1     1.69   0.641  -0.0113
   11.1     1.67   0.679  -0.0120
   11.2     1.67   0.719  -0.0183
   11.1     1.70   0.761  -0.0191
   11.1     1.70   0.803  -0.0149
   11.2     1.66   0.842  -0.0186
   11.2     1.74   0.880  -0.0178
   11.2     1.63   0.917  -0.0165
   11.1     1.55   0.956  -0.0199
   11.2     1.61   0.996  -0.0225
   11.2     1.66   1.036  -0.0218
   11.3     1.65   1.079  -0.0264
   11.2     1.57   1.119  -0.0246
   11.1     1.55   1.160  -0.0293
   11.3     1.57   1.199  -0.0293
   11.2     1.66   1.240  -0.0291
   11.4     1.62   1.278  -0.0364
   11.3     1.54   1.318  -0.0325
   11.3     1.59   1.359  -0.0279
   11.3     1.66   1.400  -0.0313
   11.4     1.66   1.439  -0.0327
   11.4     1.63   1.479  -0.0294
   11.4     1.62   1.519  -0.0341
   11.5     1.64   1.560  -0.0354
   11.5     1.68   1.601  -0.0354
   11.5     1.58   1.641  -0.0357
   11.6     1.73   1.680  -0.0392
   11.5     1.58   1.719  -0.0329
   11.6     1.57   1.760  -0.0380
   11.8     1.65   1.800  -0.0419
   11.7     1.66   1.843  -0.0416
   11.8     1.62   1.886  -0.0443
   11.9     1.69   1.926  -0.0422
   11.9     1.71   1.964  -0.0434
   12.0     1.66   2.003  -0.0435
   12.1     1.67   2.042  -0.0457
   12.2     1.70   2.082  -0.0488
   12.2     1.73   2.120  -0.0463
   12.2     1.64   2.160  -0.0442
   12.4     1.76   2.201  -0.0472
   12.4     1.74   2.242  -0.0534
   12.5     1.76   2.281  -0.0497
   12.6     1.68   2.324  -0.0484
   12.7     1.71   2.364  -0.0520
   12.7     1.75   2.404  -0.0533
   13.0     1.81   2.445  -0.0541
   13.0     1.81   2.484  -0.0548
   13.1     1.78   2.523  -0.0549
   13.2     1.73   2.563  -0.0546
   13.3     1.77   2.603  -0.0530
   13.4     1.74   2.642  -0.0532
   13.6     1.79   2.683  -0.0528
   13.7     1.82   2.724  -0.0533
   13.8     1.84   2.763  -0.0578
   14.0     1.88   2.802  -0.0583
   14.0     1.86   2.840  -0.0603
   14.2     1.82   2.879  -0.0600
   14.3     1.83   2.920  -0.0634
   14.6     1.90   2.961  -0.0613
   14.7     1.89   3.004  -0.0612
   14.9     1.92   3.043  -0.0653
   15.0     1.86   3.083  -0.0654
   15.2     1.90   3.121  -0.0624
   15.4     2.05   3.162  -0.0620
   15.5     1.94   3.201  -0.0663
   15.7     1.99   3.242  -0.0612
   15.9     2.01   3.283  -0.0633
   16.1     1.95   3.323  -0.0682
   16.3     2.12   3.365  -0.0634
   16.4     1.99   3.407  -0.0635
   16.8     1.99   3.447  -0.0686
   16.9     2.04   3.486  -0.0601
   17.1     2.06   3.526  -0.0610
   17.3     2.09   3.566  -0.0660
   17.6     2.08   3.606  -0.0640
   17.8     2.05   3.645  -0.0639
   18.1     2.11   3.684  -0.0697
   18.2     2.20   3.723  -0.0700
   18.5     2.13   3.762  -0.0674
   18.8     2.22   3.804  -0.0691
   19.0     2.14   3.844  -0.0740
   19.3     2.16   3.884  -0.0767
   19.4     2.22   3.923  -0.0752
   19.8     2.26   3.962  -0.0783
   20.0     2.26   4.000  -0.0791
   20.2     2.30   4.041  -0.0752
   20.6     2.30   4.085  -0.0765
   20.8     2.31   4.124  -0.0803
   21.0     2.24   4.164  -0.0770
   21.3     2.23   4.202  -0.0760
   21.6     2.21   4.242  -0.0788
   21.8     2.24   4.281  -0.0817
   22.1     2.20   4.322  -0.0768
   22.3     2.29   4.362  -0.0822
   22.7     2.26   4.405  -0.0824
   22.9     2.23   4.446  -0.0778
   23.3     2.32   4.487  -0.0808
   23.6     2.36   4.527  -0.0810
   23.8     2.19   4.568  -0.0833
   24.1     2.27   4.609  -0.0837
   24.5     2.34   4.648  -0.0853
   24.8     2.33   4.686  -0.0857
   25.1     2.31   4.725  -0.0855
   25.3     2.29   4.765  -0.0894
   25.6     2.28   4.806  -0.0905
   25.9     2.37   4.845  -0.0890
   26.2     2.30   4.885  -0.0917
   26.5     2.27   4.926  -0.0913
   26.9     2.22   4.965  -0.0888
   27.2     2.18   5.003  -0.0898
   27.5     2.29   5.042  -0.0930
   27.9     2.34   5.080  -0.0923
   28.2     2.30   5.121  -0.0902
   28.5     2.36   5.164  -0.0924
   28.9     2.31   5.206  -0.0940
   29.2     2.34   5.246  -0.0896
   29.6     2.33   5.285  -0.0924
   30.0     2.41   5.325  -0.0947
   30.2     2.34   5.364  -0.0912
   30.6     2.31   5.404  -0.0947
   30.9     2.31   5.447  -0.0938
   31.2     2.29   5.488  -0.0951
   31.7     2.31   5.527  -0.0937
   32.0     2.29   5.569  -0.0970
   32.3     2.31   5.610  -0.0996
   32.6     2.26   5.651  -0.0960
   33.0     2.30   5.692  -0.0937
   33.4     2.26   5.733  -0.0978
   33.7     2.26   5.773  -0.0978
   34.0     2.25   5.811  -0.0961
   34.4     2.19   5.850  -0.0960
   34.8     2.28   5.890  -0.0942
   35.2     2.30   5.929  -0.0961
   35.4     2.16   5.970  -0.0961
   35.8     2.22   6.012  -0.0984
   36.2     2.17   6.050  -0.0983
   36.5     2.20   6.088  -0.0964
   36.9     2.15   6.128  -0.0992
   37.2     2.17   6.167  -0.0992
   37.7     2.12   6.208  -0.0974
   38.0     2.06   6.253  -0.1005
   38.5     2.17   6.294  -0.1011
   38.8     2.08   6.334  -0.1009
   39.2     2.05   6.374  -0.0974
   39.5     2.09   6.414  -0.1003
   39.9     2.03   6.453  -0.1026
   40.3     1.99   6.493  -0.0994
   40.6     1.93   6.533  -0.0980
   41.0     1.85   6.574  -0.1026
   41.4     1.81   6.615  -0.1059
   41.8     1.81   6.655  -0.1057
   42.1     1.77   6.696  -0.1040
   42.5     1.70   6.737  -0.1102
   42.9     1.64   6.777  -0.1078
   43.3     1.52   6.819  -0.1044
   43.7     1.58   6.859  -0.1047
   44.0     1.40   6.895  -0.1041
   44.3     1.35   6.935  -0.1015
   44.8     1.33   6.975  -0.1012
   45.2     1.21   7.015  -0.1030
   45.6     1.19   7.056  -0.1061
   45.9     1.00   7.097  -0.1080
   46.3     0.86   7.138  -0.1012
   46.7     0.79   7.176  -0.1040
   47.1     0.71   7.214  -0.1059
   47.5     0.52   7.252  -0.1027
   47.8     0.39   7.292  -0.1033
   48.2     0.23   7.334  -0.1008
   48.7    -0.00   7.379  -0.1054
   49.1    -0.22   7.419  -0.1070
   49.4    -0.45   7.460  -0.1073
   49.7    -0.57   7.498  -0.1036
   50.2    -0.82   7.537  -0.1124
   50.5    -1.07   7.577  -0.1126
   50.8    -1.36   7.617  -0.1049
   51.3    -1.47   7.658  -0.1095
   51.7    -1.70   7.698  -0.1110
   52.1    -1.93   7.737  -0.1093
   52.5    -2.25   7.780  -0.1094
   52.9    -2.48   7.822  -0.1122
   53.2    -2.77   7.862  -0.1156
   53.6    -2.99   7.901  -0.1097
   54.0    -3.23   7.940  -0.1073
   54.4    -3.48   7.980  -0.1109
   54.7    -3.68   8.022  -0.1093
   55.2    -3.98   8.060  -0.1162
   55.5    -4.17   8.101  -0.1124
   55.9    -4.45   8.141  -0.1101
   56.4    -4.67   8.183  -0.1159
   56.7    -5.00   8.224  -0.1167
   57.1    -5.25   8.263  -0.1121
   57.4    -5.51   8.301  -0.1031
   57.8    -5.77   8.341  -0.1064
   58.2    -6.07   8.379  -0.1089
   58.6    -6.31   8.420  -0.1110
   59.0    -6.48   8.464  -0.1086
   59.5    -6.81   8.506  -0.1128
   59.8    -7.09   8.545  -0.1145
   60.2    -7.35   8.585  -0.1116
   60.6    -7.54   8.623  -0.1103
   60.9    -7.91   8.662  -0.1108
   61.3    -8.14   8.699  -0.1167
   61.7    -8.33   8.740  -0.1072
   62.1    -8.61   8.780  -0.1043
   62.5    -8.91   8.821  -0.1099
   62.8    -9.18   8.861  -0.1129
   63.2    -9.59   8.902  -0.1107
   63.7    -9.95   8.941  -0.1077
   64.0   -10.34   8.981  -0.1086
   64.3   -10.70   9.022  -0.1103
   64.7   -11.09   9.061  -0.1132
   65.2   -11.41   9.097  -0.1085
   65.5   -11.68   9.136  -0.1105
   65.9   -12.04   9.176  -0.1098
   66.3   -12.31   9.216  -0.1090
   66.6   -12.59   9.255  -0.1160
   67.1   -12.99   9.297  -0.1140
   67.4   -13.49   9.337  -0.1047
   67.8   -13.84   9.376  -0.1104
   68.1   -14.30   9.415  -0.1101
   68.5   -14.74   9.455  -0.1089
   68.9   -15.16   9.494  -0.1113
   69.4   -15.56   9.535  -0.1118
   69.8   -16.00   9.576  -0.1123
   70.1   -16.33   9.615  -0.1129
   70.4   -16.64   9.654  -0.1183
   70.8   -17.00   9.694  -0.1211
   71.2   -17.26   9.733  -0.1207
   71.6   -17.57   9.772  -0.1191
   71.9   -17.83   9.812  -0.1206
   72.3   -18.11   9.850  -0.1198
   72.7   -18.38   9.892  -0.1165
   73.1   -18.64   9.933  -0.1143
   73.5   -18.87   9.975  -0.1154
   73.9   -19.14  10.016  -0.1199
   74.2   -19.27  10.055  -0.1177
   74.7   -19.48  10.096  -0.1174
   75.0   -19.67  10.136  -0.1138
   75.5   -19.69  10.174  -0.1148
   75.8   -19.88  10.212  -0.1146
   76.2   -19.99  10.253  -0.1139
   76.5   -20.21  10.292  -0.1187
   77.0   -20.36  10.332  -0.1162
   77.4   -20.54  10.372  -0.1230
   77.7   -20.74  10.413  -0.1185
   78.1   -20.80  10.451  -0.1172
   78.5   -20.82  10.489  -0.1182
   78.9   -20.72  10.528  -0.1143
   79.3   -20.58  10.569  -0.1152
   79.6   -20.42  10.609  -0.1142
   80.1   -20.20  10.653  -0.1162
   80.4   -19.84  10.694  -0.1170
   80.9   -19.59  10.731  -0.1188
   81.1   -19.40  10.771  -0.1209
   81.5   -19.15  10.810  -0.1207
   82.0   -18.85  10.849  -0.1210
   82.3   -18.66  10.889  -0.1216
   82.8   -18.42  10.931  -0.1258
   83.2   -18.16  10.973  -0.1200
   83.5   -17.94  11.014  -0.1233
   83.9   -17.72  11.055  -0.1269
   84.3   -17.45  11.095  -0.1242
   84.7   -17.24  11.136  -0.1269
   85.1   -17.11  11.176  -0.1242
   85.5   -16.78  11.217  -0.1261
   85.9   -16.65  11.257  -0.1263
   86.2   -16.42  11.297  -0.1233
   86.7   -16.27  11.336  -0.1241
   87.1   -15.98  11.378  -0.1211
   87.5   -15.86  11.418  -0.1227
   87.8   -15.68  11.459  -0.1261
   88.2   -15.41  11.498  -0.1260
   88.7   -15.19  11.537  -0.1268
   88.9   -15.05  11.576  -0.1288
   89.4   -14.79  11.615  -0.1324
   89.8   -14.60  11.655  -0.1400
   90.2   -14.47  11.696  -0.1349
   90.6   -14.24  11.738  -0.1325
   91.0   -14.13  11.780  -0.1371
   91.4   -13.89  11.820  -0.1318
   91.8   -13.72  11.861  -0.1306
   92.2   -13.53  11.899  -0.1345
   92.5   -13.42  11.938  -0.1296
   93.0   -13.16  11.978  -0.1322
   93.3   -13.03  12.017  -0.1341
   93.8   -12.78  12.057  -0.1294
   94.1   -12.71  12.099  -0.1310
   94.5   -12.55  12.139  -0.1289
   94.9   -12.34  12.180  -0.1264
   95.3   -12.17  12.220  -0.1269
   95.7   -12.11  12.261  -0.1269
   96.1   -11.93  12.301  -0.1296
   96.4   -11.71  12.339  -0.1386
   96.9   -11.60  12.379  -0.1349
   97.2   -11.44  12.420  -0.1318
   97.7   -11.32  12.460  -0.1323
   98.1   -11.13  12.500  -0.1345
   98.4   -11.03  12.540  -0.1344
   98.9   -10.79  12.582  -0.1365
   99.2   -10.74  12.622  -0.1396
   99.6   -10.60  12.660  -0.1370
  100.1   -10.46  12.699  -0.1424
  100.5   -10.30  12.739  -0.1383
  100.9   -10.20  12.778  -0.1369
  101.4    -9.96  12.819  -0.1401
  101.8    -9.88  12.864  -0.1401
  102.2    -9.79  12.903  -0.1392
  102.5    -9.66  12.942  -0.1406
  102.9    -9.59  12.983  -0.1386
  103.4    -9.40  13.023  -0.1395
  103.8    -9.28  13.062  -0.1414
  104.1    -9.10  13.103  -0.1408
  104.6    -9.06  13.143  -0.1394
  104.9    -8.98  13.185  -0.1416
  105.3    -8.83  13.226  -0.1399
  105.8    -8.72  13.267  -0.1393
  106.1    -8.68  13.307  -0.1423
  106.5    -8.53  13.347  -0.1406
  106.8    -8.50  13.387  -0.1406
  107.4    -8.27  13.428  -0.1432
  107.9    -8.19  13.468  -0.1432
  108.2    -8.09  13.504  -0.1499
  108.5    -8.00  13.545  -0.1446
  109.0    -7.90  13.586  -0.1432
  109.3    -7.91  13.625  -0.1472
  109.8    -7.76  13.666  -0.1454
  110.2    -7.69  13.706  -0.1376
  110.6    -7.60  13.746  -0.1383
  111.1    -7.45  13.786  -0.1440
  111.4    -7.43  13.827  -0.1417
  111.8    -7.37  13.866  -0.1397
  112.1    -7.30  13.907  -0.1400
  112.7    -7.12  13.952  -0.1422
  113.1    -7.14  13.992  -0.1409
  113.4    -6.99  14.031  -0.1427
  113.9    -6.94  14.070  -0.1454
  114.3    -6.80  14.108  -0.1421
  114.7    -6.83  14.148  -0.1406
  115.1    -6.73  14.187  -0.1377
  115.4    -6.69  14.227  -0.1393
  115.8    -6.55  14.267  -0.1430
  116.2    -6.59  14.306  -0.1511
  116.6    -6.45  14.346  -0.1477
  117.2    -6.42  14.388  -0.1484
  117.5    -6.34  14.428  -0.1485
  117.8    -6.33  14.469  -0.1511
  118.3    -6.33  14.511  -0.1560
  118.7    -6.18  14.551  -0.1520
  119.1    -6.15  14.591  -0.1460
  119.6    -6.12  14.632  -0.1527
  120.1    -5.94  14.671  -0.1476
  120.3    -5.95  14.711  -0.1462
  120.7    -5.85  14.752  -0.1458
  121.2    -5.81  14.794  -0.1509
  121.6    -5.78  14.833  -0.1486
  122.0    -5.80  14.873  -0.1501
  122.4    -5.72  14.911  -0.1516
  122.7    -5.70  14.950  -0.1535
  123.1    -5.71  14.991  -0.1523
  123.6    -5.62  15.033  -0.1537
  124.0    -5.56  15.076  -0.1510
  124.4    -5.52  15.117  -0.1518
  124.8    -5.46  15.157  -0.1553
  125.2    -5.40  15.196  -0.1547
  125.6    -5.29  15.235  -0.1508
  126.0    -5.32  15.277  -0.1574
  126.4    -5.31  15.318  -0.1541
  126.9    -5.23  15.358  -0.1547
  127.3    -5.21  15.400  -0.1565
  127.7    -5.22  15.441  -0.1559
  128.2    -5.09  15.482  -0.1536
  128.5    -5.14  15.522  -0.1538
  128.9    -5.11  15.563  -0.1584
  129.3    -5.13  15.604  -0.1609
  129.7    -5.04  15.642  -0.1615
  130.1    -5.06  15.682  -0.1636
  130.7    -4.93  15.720  -0.1548
  130.9    -4.92  15.760  -0.1572
  131.3    -4.93  15.800  -0.1641
  131.7    -4.96  15.841  -0.1605
  132.1    -4.87  15.883  -0.1614
  132.6    -4.92  15.922  -0.1633
  133.0    -4.88  15.960  -0.1597
  133.4    -4.89  16.000  -0.1632
  133.8    -4.89  16.040  -0.1572
  134.2    -4.86  16.080  -0.1558
  134.6    -4.90  16.123  -0.1557
  135.1    -4.79  16.165  -0.1602
  135.6    -4.76  16.205  -0.1645
  136.0    -4.72  16.246  -0.1653
  136.3    -4.70  16.286  -0.1628
  136.6    -4.71  16.325  -0.1625
  137.2    -4.66  16.365  -0.1643
  137.6    -4.64  16.407  -0.1659
  138.0    -4.63  16.448  -0.1643
  138.4    -4.59  16.488  -0.1658
  138.9    -4.51  16.531  -0.1674
  139.2    -4.48  16.574  -0.1641
  139.7    -4.35  16.616  -0.1676
  140.0    -4.35  16.659  -0.1723
  140.6    -4.30  16.700  -0.1834
  141.0    -4.21  16.740  -0.1852
  141.4    -4.20  16.781  -0.1974
  141.9    -4.26  16.824  -0.2045
  142.3    -4.48  16.863  -0.2118
  142.7    -4.71  16.906  -0.2089
  143.1    -4.78  16.948  -0.2280
  143.6    -5.04  16.990  -0.2190
  144.0    -5.25  17.032  -0.2218
  144.4    -5.46  17.074  -0.2144
  144.9    -5.63  17.115  -0.2324
  145.2    -5.95  17.157  -0.2200
  145.7    -6.07  17.198  -0.2376
  146.1    -6.40  17.243  -0.2307
  146.6    -6.62  17.286  -0.2516
  147.0    -6.81  17.327  -0.2349
  147.4    -7.05  17.368  -0.2409
  147.8    -7.25  17.410  -0.2278
  148.2    -7.48  17.451  -0.2374
  148.7    -7.77  17.496  -0.2311
  149.1    -7.96  17.538  -0.2501
  149.6    -8.22  17.581  -0.2400
  150.0    -8.41  17.623  -0.2415
  150.4    -8.70  17.666  -0.2435
  150.8    -8.80  17.707  -0.2426
  151.2    -9.12  17.750  -0.2475
  151.7    -9.45  17.792  -0.2477
  152.1    -9.59  17.834  -0.2478
  152.5    -9.80  17.876  -0.2413
  152.9   -10.06  17.918  -0.2482
  153.4   -10.26  17.961  -0.2501
  153.8   -10.48  18.005  -0.2434
  154.2   -10.66  18.049  -0.2557
  154.6   -11.01  18.090  -0.2466
  155.1   -11.21  18.129  -0.2526
  155.5   -11.35  18.170  -0.2461
  155.9   -11.63  18.212  -0.2447
  156.3   -11.72  18.253  -0.2507
  156.8   -12.03  18.299  -0.2439
  157.2   -12.20  18.342  -0.2600
  157.6   -12.43  18.383  -0.2701
  158.1   -12.62  18.424  -0.2545
  158.5   -12.70  18.464  -0.2636
  158.9   -12.95  18.504  -0.2703
  159.3   -13.08  18.544  -0.2562
  159.7   -13.32  18.583  -0.2601
  160.0   -13.48  18.624  -0.2505
  160.5   -13.74  18.666  -0.2625
  160.9   -13.87  18.707  -0.2779
  161.3   -14.12  18.747  -0.2667
  161.7   -14.29  18.788  -0.2778
  162.1   -14.43  18.828  -0.2686
  162.5   -14.62  18.870  -0.2741
  163.0   -14.79  18.911  -0.2741
  163.3   -15.01  18.949  -0.2546
  163.7   -15.17  18.989  -0.2687
  164.1   -15.36  19.030  -0.2630
  164.5   -15.45  19.069  -0.2599
  164.9   -15.65  19.108  -0.2674
  165.3   -15.76  19.150  -0.2531
  165.7   -15.97  19.191  -0.2628
  166.2   -16.13  19.229  -0.2769
  166.6   -16.26  19.266  -0.2681
  166.9   -16.36  19.307  -0.2653
  167.4   -16.50  19.348  -0.2724
  167.8   -16.69  19.388  -0.2654
  168.2   -16.89  19.432  -0.2673
  168.6   -16.95  19.474  -0.2588
  169.0   -17.20  19.515  -0.2762
  169.4   -17.32  19.554  -0.2622
  169.8   -17.48  19.595  -0.2607
  170.2   -17.49  19.634  -0.2562
  170.5   -17.72  19.673  -0.2608
  171.0   -17.75  19.714  -0.2628
  171.4   -17.86  19.754  -0.2720
  171.8   -18.00  19.795  -0.2624
  172.3   -18.11  19.837  -0.2638
  172.6   -18.25  19.878  -0.2614
  173.0   -18.26  19.918  -0.2542
  173.4   -18.24  19.959  -0.2559
  173.9   -18.31  19.998  -0.2730
  174.2   -18.38  20.038  -0.2678
  174.6   -18.41  20.077  -0.2608
  175.0   -18.42  20.117  -0.2564
  175.4   -18.40  20.155  -0.2655
  175.8   -18.45  20.194  -0.2464
  176.2   -18.56  20.236  -0.2557
  176.6   -18.60  20.277  -0.2604
  177.0   -18.75  20.315  -0.2485
  177.4   -18.70  20.354  -0.2672
  177.8   -18.68  20.394  -0.2512
  178.1   -18.73  20.434  -0.2597
  178.5   -18.77  20.475  -0.2668
  178.9   -18.83  20.519  -0.2634
  179.4   -18.71  20.561  -0.2670
  179.8   -18.84  20.603  -0.2752
  180.2   -18.79  20.643  -0.2679
  180.6   -18.79  20.681  -0.2553
  181.0   -18.84  20.721  -0.2612
  181.3   -18.91  20.762  -0.2707
  181.8   -18.95  20.801  -0.2766
  182.1   -19.02  20.840  -0.2770
  182.5   -18.94  20.881  -0.2655
  182.9   -18.91  20.920  -0.2933
  183.3   -18.89  20.961  -0.2954
  183.7   -18.87  21.004  -0.2837
  184.1   -18.90  21.044  -0.2894
  184.5   -18.85  21.085  -0.2913
  185.0   -18.79  21.125  -0.2654
  185.3   -18.85  21.163  -0.2814
  185.7   -18.83  21.203  -0.3075
  186.1   -18.85  21.245  -0.2998
  186.5   -18.86  21.284  -0.2813
  186.9   -18.82  21.325  -0.2933
  187.3   -18.83  21.366  -0.2946
  187.7   -18.79  21.405  -0.2894
  188.0   -18.75  21.444  -0.2835
  188.4   -18.75  21.484  -0.2878
  188.9   -18.74  21.521  -0.2840
  189.2   -18.65  21.562  -0.2999
  189.6   -18.69  21.606  -0.2929
  190.0   -18.70  21.648  -0.3160
  190.5   -18.74  21.688  -0.2937
  190.9   -18.65  21.730  -0.3169
  191.3   -18.55  21.771  -0.2925
  191.7   -18.57  21.812  -0.2974
  192.1   -18.60  21.853  -0.2999
  192.4   -18.63  21.894  -0.2941
  192.9   -18.51  21.935  -0.3172
  193.3   -18.39  21.978  -0.3108
  193.8   -18.34  22.021  -0.3054
  194.3   -18.29  22.063  -0.3160
  194.6   -18.24  22.103  -0.3176
  195.0   -18.29  22.146  -0.3191
  195.5   -18.24  22.185  -0.3075
  195.9   -18.10  22.226  -0.3289
  196.3   -18.17  22.266  -0.3126
  196.8   -17.95  22.307  -0.3048
  197.1   -18.07  22.347  -0.3172
  197.5   -17.97  22.386  -0.3170
  197.9   -17.94  22.426  -0.3199
  198.3   -17.91  22.469  -0.3071
  198.8   -17.80  22.509  -0.3167
  199.1   -17.76  22.549  -0.3270
  199.5   -17.72  22.587  -0.3260
  199.9   -17.63  22.627  -0.3400
  200.4   -17.55  22.669  -0.3266
  200.9   -17.48  22.712  -0.3211
  201.3   -17.45  22.754  -0.3267
  201.7   -17.38  22.792  -0.3298
  202.1   -17.29  22.831  -0.3215
  202.4   -17.21  22.872  -0.3310
  202.9   -17.20  22.912  -0.3368
  203.3   -17.07  22.953  -0.3238
  203.7   -16.98  22.995  -0.3337
  204.1   -16.91  23.034  -0.3403
  204.5   -16.83  23.075  -0.3379
  205.0   -16.77  23.115  -0.3580
  205.4   -16.67  23.157  -0.3462
  205.8   -16.52  23.198  -0.3367
  206.2   -16.56  23.237  -0.3451
  206.7   -16.41  23.279  -0.3309
  207.0   -16.48  23.318  -0.3292
  207.4   -16.33  23.356  -0.3427
  207.9   -16.09  23.396  -0.3473
  208.3   -15.99  23.436  -0.3436
  208.7   -15.90  23.476  -0.3523
  209.1   -15.82  23.519  -0.3350
  209.5   -15.81  23.561  -0.3394
  210.0   -15.79  23.601  -0.3465
  210.4   -15.77  23.642  -0.3457
  210.8   -15.68  23.681  -0.3585
  211.2   -15.57  23.722  -0.3395
  211.6   -15.50  23.763  -0.3534
  212.0   -15.44  23.804  -0.3493
  212.4   -15.38  23.846  -0.3453
  212.9   -15.31  23.885  -0.3413
  213.3   -15.24  23.925  -0.3403
  213.7   -15.16  23.964  -0.3369
  214.1   -15.13  24.002  -0.3412
  214.5   -14.98  24.042  -0.3456
  214.9   -14.96  24.083  -0.3467
  215.3   -14.86  24.124  -0.3583
  215.8   -14.83  24.165  -0.3550
  216.2   -14.78  24.208  -0.3544
  216.6   -14.64  24.249  -0.3487
  217.1   -14.58  24.290  -0.3554
  217.5   -14.55  24.330  -0.3492
  217.9   -14.44  24.371  -0.3542
  218.3   -14.36  24.410  -0.3573
  218.6   -14.30  24.450  -0.3600
  219.2   -14.15  24.491  -0.3588
  219.6   -14.10  24.530  -0.3664
  220.0   -14.07  24.571  -0.3534
  220.3   -14.10  24.612  -0.3659
  220.8   -14.01  24.653  -0.3589
  221.2   -13.96  24.693  -0.3583
  221.6   -13.92  24.732  -0.3527
  222.1   -13.82  24.771  -0.3568
  222.5   -13.84  24.812  -0.3652
  222.9   -13.77  24.853  -0.3534
  223.3   -13.69  24.896  -0.3643
  223.8   -13.76  24.940  -0.3643
  224.3   -13.74  24.979  -0.3645
  224.7   -13.70  25.020  -0.3730
  225.1   -13.52  25.059  -0.3683
  225.6   -13.58  25.098  -0.3759
  225.8   -13.58  25.137  -0.3759
  226.3   -13.65  25.178  -0.3854
  226.7   -13.52  25.220  -0.3734
  227.1   -13.47  25.260  -0.3821
  227.6   -13.40  25.301  -0.3899
  228.0   -13.40  25.342  -0.3934
  228.4   -13.51  25.383  -0.3924
  229.0   -13.40  25.424  -0.3947
  229.3   -13.42  25.465  -0.3941
  229.8   -13.44  25.506  -0.3930
  230.1   -13.45  25.544  -0.3967
  230.7   -13.34  25.584  -0.3942
  231.0   -13.38  25.625  -0.3936
  231.5   -13.42  25.664  -0.3940
  232.0   -13.33  25.706  -0.3934
  232.4   -13.36  25.747  -0.4005
  232.8   -13.31  25.786  -0.4013
  233.2   -13.28  25.824  -0.3985
  233.6   -13.33  25.865  -0.4040
  234.1   -13.22  25.904  -0.3966
  234.5   -13.20  25.943  -0.4016
  234.9   -13.14  25.985  -0.3965
  235.3   -13.11  26.028  -0.4001
  235.8   -12.95  26.067  -0.3926
  236.1   -13.01  26.107  -0.3936
  236.6   -12.98  26.148  -0.3904
  237.0   -12.95  26.188  -0.3841
  237.4   -12.86  26.228  -0.3813
  237.9   -12.81  26.267  -0.3876
  238.3   -12.73  26.307  -0.3867
  238.7   -12.66  26.348  -0.3898
  239.2   -12.54  26.388  -0.3948
  239.7   -12.55  26.429  -0.4048
  240.0   -12.50  26.470  -0.3970
  240.5   -12.38  26.509  -0.3977
  241.0   -12.29  26.551  -0.4019
  241.3   -12.18  26.591  -0.4103
  241.8   -12.16  26.632  -0.4052
  242.3   -12.02  26.672  -0.4061
  242.7   -11.97  26.712  -0.4044
  243.1   -11.84  26.751  -0.4160
  243.5   -11.82  26.791  -0.4169
  244.0   -11.60  26.832  -0.4153
  244.4   -11.57  26.873  -0.4215
  244.8   -11.49  26.912  -0.4194
  245.2   -11.37  26.951  -0.4103
  245.6   -11.31  26.990  -0.4099
  246.1   -11.25  27.030  -0.4138
  246.6   -11.22  27.071  -0.4115
  247.0   -11.02  27.115  -0.4148
  247.4   -10.95  27.155  -0.4143
  247.8   -10.80  27.194  -0.4170
  248.3   -10.83  27.234  -0.4153
  248.8   -10.75  27.273  -0.4206
  249.2   -10.56  27.312  -0.4151
  249.6   -10.64  27.352  -0.4182
  250.1   -10.47  27.392  -0.4174
  250.4   -10.41  27.431  -0.4208
  250.8   -10.37  27.473  -0.4228
  251.2   -10.20  27.513  -0.4255
  251.7   -10.05  27.554  -0.4271
  252.1    -9.94  27.596  -0.4245
  252.5    -9.72  27.637  -0.4269
  253.1    -9.55  27.678  -0.4241
  253.4    -9.40  27.716  -0.4285
  253.8    -9.19  27.755  -0.4230
  254.3    -8.93  27.795  -0.4258
  254.8    -8.71  27.836  -0.4312
  255.2    -8.44  27.876  -0.4349
  255.5    -8.29  27.919  -0.4390
  256.0    -8.05  27.959  -0.4412
  256.4    -7.85  27.997  -0.4386
  256.9    -7.61  28.037  -0.4415
  257.3    -7.50  28.076  -0.4497
  257.6    -7.34  28.113  -0.4539
  258.2    -7.14  28.155  -0.4541
  258.6    -7.04  28.198  -0.4567
  258.9    -6.84  28.240  -0.4594
  259.5    -6.72  28.280  -0.4497
  259.9    -6.68  28.318  -0.4539
  260.4    -6.52  28.358  -0.4522
  260.7    -6.58  28.399  -0.4560
  261.1    -6.47  28.437  -0.4600
  261.5    -6.50  28.476  -0.4595
  262.1    -6.37  28.517  -0.4604
  262.4    -6.36  28.558  -0.4613
  262.8    -6.26  28.600  -0.4618
  263.3    -6.25  28.641  -0.4556
  263.7    -6.10  28.680  -0.4640
  264.2    -6.23  28.721  -0.4678
  264.6    -6.18  28.762  -0.4715
  265.1    -6.14  28.801  -0.4754
  265.5    -6.18  28.840  -0.4746
  265.9    -6.16  28.881  -0.4775
  266.3    -6.14  28.920  -0.4817
  266.8    -6.18  28.962  -0.4866
  267.3    -6.10  29.002  -0.4944
  267.8    -6.13  29.043  -0.4951
  268.3    -6.17  29.083  -0.4925
  268.7    -6.14  29.123  -0.4873
  269.1    -6.09  29.163  -0.5003
  269.5    -6.05  29.202  -0.5026
  270.0    -5.98  29.244  -0.5015
  270.5    -5.99  29.286  -0.5086
  271.0    -5.99  29.329  -0.5112
  271.5    -6.02  29.369  -0.5075
  271.9    -5.99  29.409  -0.5087
  272.3    -6.13  29.451  -0.5107
  272.7    -6.10  29.490  -0.5119
  273.1    -6.18  29.530  -0.5132
  273.6    -6.23  29.572  -0.5173
  274.0    -6.14  29.612  -0.5101
  274.3    -6.21  29.654  -0.5081
  274.8    -6.03  29.696  -0.5135
  275.3    -5.76  29.738  -0.5129
  275.8    -5.40  29.780  -0.5174
  276.1    -5.04  29.821  -0.5184
  276.5    -4.67  29.862  -0.5156
  277.0    -4.21  29.903  -0.5138
  277.3    -3.77  29.943  -0.5141
  277.8    -3.43  29.983  -0.5110
  278.2    -3.06  30.022  -0.5137
  278.6    -2.67  30.063  -0.5110
  279.1    -2.38  30.105  -0.5166
  279.6    -2.02  30.146  -0.5206
  280.0    -1.82  30.185  -0.5195
  280.4    -1.52  30.225  -0.5181
  280.7    -1.28  30.265  -0.5246
  281.3    -0.98  30.303  -0.5246
  281.6    -0.76  30.344  -0.5290
  282.1    -0.43  30.386  -0.5277
  282.6    -0.25  30.429  -0.5341
  283.0     0.04  30.469  -0.5299
  283.4     0.20  30.508  -0.5316
  283.9     0.39  30.548  -0.5322
  284.2     0.60  30.588  -0.5304
  284.8     0.75  30.629  -0.5315
  285.2     0.98  30.670  -0.5281
  285.6     1.10  30.711  -0.5270
  286.0     1.21  30.751  -0.5263
  286.5     1.49  30.793  -0.5291
  287.0     1.55  30.834  -0.5251
  287.5     1.74  30.875  -0.5258
  287.9     1.95  30.916  -0.5246
  288.4     2.10  30.958  -0.5262
  288.9     2.24  30.997  -0.5246
  289.2     2.31  31.037  -0.5286
  289.7     2.44  31.078  -0.5295
  290.1     2.61  31.119  -0.5278
  290.7     2.66  31.160  -0.5330
  291.1     2.84  31.203  -0.5310
  291.6     2.90  31.244  -0.5268
  292.1     3.07  31.284  -0.5250
  292.5     3.10  31.325  -0.5282
  292.9     3.25  31.365  -0.5269
  293.4     3.26  31.406  -0.5289
  293.8     3.36  31.446  -0.5323
  294.2     3.40  31.490  -0.5320
  294.8     3.50  31.533  -0.5327
  295.2     3.61  31.572  -0.5329
  295.7     3.71  31.611  -0.5280
  296.1     3.71  31.650  -0.5275
  296.4     3.75  31.690  -0.5325
  296.9     3.78  31.730  -0.5319
  297.3     3.78  31.773  -0.5414
  297.8     3.75  31.813  -0.5420
  298.3     3.88  31.854  -0.5376
  298.7     3.80  31.895  -0.5428
  299.2     3.80  31.936  -0.5432
  299.6     3.81  31.978  -0.5432
  300.0     3.78  32.019  -0.5401
  300.5     3.82  32.060  -0.5355
  300.9     3.67  32.101  -0.5379
  301.3     3.63  32.141  -0.5436
  301.7     3.37  32.179  -0.5418
  302.2     3.37  32.218  -0.5455
  302.6     3.33  32.258  -0.5472
  303.1     3.27  32.300  -0.5453
  303.6     3.18  32.341  -0.5478
  303.9     2.92  32.381  -0.5464
  304.3     2.84  32.419  -0.5460
  304.8     2.73  32.459  -0.5555
  305.1     2.56  32.499  -0.5580
  305.7     2.44  32.541  -0.5567
  306.1     2.23  32.582  -0.5599
  306.5     2.06  32.624  -0.5645
  306.9     1.84  32.662  -0.5629
  307.4     1.65  32.701  -0.5604
  307.8     1.50  32.742  -0.5584
  308.2     1.25  32.783  -0.5580
  308.7     1.10  32.824  -0.5612
  309.1     0.85  32.862  -0.5686
  309.6     0.65  32.903  -0.5707
  310.0     0.49  32.942  -0.5694
  310.4     0.31  32.983  -0.5675
  310.9     0.08  33.023  -0.5682
  311.3    -0.14  33.065  -0.5660
  311.8    -0.27  33.107  -0.5741
  312.3    -0.47  33.149  -0.5776
  312.8    -0.61  33.188  -0.5758
  313.2    -0.87  33.226  -0.5782
  313.6    -1.12  33.267  -0.5762
  314.0    -1.22  33.307  -0.5705
  314.4    -1.47  33.346  -0.5757
  314.9    -1.58  33.385  -0.5791
  315.4    -1.81  33.427  -0.5801
  315.8    -2.08  33.467  -0.5815
  316.2    -2.35  33.506  -0.5795
  316.5    -2.54  33.546  -0.5826
  317.1    -2.66  33.585  -0.5839
  317.5    -2.91  33.627  -0.5878
  317.9    -3.15  33.669  -0.5875
  318.3    -3.34  33.712  -0.5825
  318.8    -3.47  33.752  -0.5876
  319.2    -3.60  33.794  -0.5873
  319.6    -3.66  33.833  -0.5917
  320.0    -3.79  33.873  -0.5886
  320.3    -4.06  33.912  -0.5889
  320.7    -4.14  33.952  -0.5925
  321.1    -4.04  33.993  -0.5849
  321.7    -4.14  34.033  -0.5896
  322.0    -4.34  34.077  -0.5927
  322.4    -4.41  34.119  -0.5934
  322.9    -4.62  34.159  -0.5888
  323.4    -4.81  34.200  -0.5941
  323.7    -4.99  34.240  -0.5942
  324.2    -5.05  34.279  -0.5976
  324.5    -5.22  34.319  -0.5935
  324.9    -5.46  34.360  -0.5971
  325.4    -5.63  34.400  -0.5995
  325.7    -5.81  34.441  -0.6005
  326.2    -5.95  34.480  -0.6029
  326.5    -6.13  34.523  -0.5997
  327.0    -6.24  34.560  -0.6035
  327.4    -6.39  34.598  -0.6029
  327.7    -6.55  34.637  -0.6056
  328.0    -6.68  34.677  -0.6067
  328.6    -6.87  34.715  -0.6070
  328.9    -6.97  34.757  -0.6077
  329.4    -7.03  34.801  -0.6092
  329.8    -7.24  34.842  -0.6119
  330.3    -7.27  34.880  -0.6119
  330.7    -7.41  34.919  -0.6111
  331.0    -7.51  34.958  -0.6137
  331.4    -7.53  34.995  -0.6145
  331.8    -7.58  35.035  -0.6154
  332.1    -7.71  35.074  -0.6183
  332.7    -7.70  35.115  -0.6172
  333.0    -7.76  35.154  -0.6194
  333.4    -7.78  35.194  -0.6221
  333.8    -7.72  35.235  -0.6249
  334.3    -7.57  35.277  -0.6250
  334.7    -7.58  35.317  -0.6263
  335.1    -7.62  35.358  -0.6262
  335.5    -7.61  35.398  -0.6208
  335.9    -7.50  35.437  -0.6252
  336.4    -7.42  35.480  -0.6268
  336.8    -7.30  35.520  -0.6304
  337.1    -7.11  35.562  -0.6265
  337.7    -7.01  35.602  -0.6256
  338.1    -6.74  35.643  -0.6293
  338.6    -6.60  35.682  -0.6296
  338.9    -6.43  35.722  -0.6267
  339.3    -6.21  35.763  -0.6314
  339.8    -5.98  35.803  -0.6328
  340.2    -5.86  35.844  -0.6319
  340.6    -5.65  35.886  -0.6335
  341.1    -5.38  35.928  -0.6315
  341.5    -5.21  35.966  -0.6358
  341.9    -5.00  36.006  -0.6391
  342.4    -4.74  36.046  -0.6359
  342.9    -4.57  36.087  -0.6367
  343.2    -4.48  36.127  -0.6369
  343.7    -4.24  36.169  -0.6385
  344.1    -4.16  36.210  -0.6414
  344.5    -4.00  36.251  -0.6398
  344.9    -3.97  36.294  -0.6460
  345.3    -3.95  36.334  -0.6446
  345.8    -3.93  36.375  -0.6464
  346.3    -4.00  36.417  -0.6430
  346.7    -3.94  36.458  -0.6453
  347.1    -4.02  36.498  -0.6473
  347.5    -4.06  36.541  -0.6400
  348.0    -4.07  36.581  -0.6472
  348.4    -4.11  36.621  -0.6430
  348.8    -4.08  36.660  -0.6455
  349.3    -4.00  36.702  -0.6454
  349.8    -3.86  36.743  -0.6462
  350.2    -3.86  36.783  -0.6503
  350.6    -3.69  36.823  -0.6507
  351.1    -3.50  36.861  -0.6558
  351.5    -3.39  36.902  -0.6517
  352.0    -3.08  36.946  -0.6533
  352.4    -2.86  36.990  -0.6495
  352.9    -2.49  37.029  -0.6482
  353.3    -2.32  37.070  -0.6495
  353.7    -1.99  37.110  -0.6476
  354.2    -1.74  37.148  -0.6492
  354.6    -1.42  37.188  -0.6503
  355.1    -1.01  37.228  -0.6546
  355.5    -0.72  37.267  -0.6614
  355.9    -0.38  37.309  -0.6581
  356.4     0.00  37.349  -0.6531
  356.7     0.20  37.389  -0.6467
  357.2     0.55  37.430  -0.6495
  357.7     0.96  37.471  -0.6513
  358.2     1.18  37.513  -0.6523
  358.5     1.39  37.554  -0.6527
  359.0     1.64  37.593  -0.6491
  359.4     1.88  37.632  -0.6541
  359.8     2.07  37.672  -0.6509
  360.3     2.32  37.712  -0.6543
  360.7     2.45  37.751  -0.6544
  361.1     2.66  37.791  -0.6581
  361.5     2.79  37.833  -0.6559
  361.9     2.90  37.871  -0.6579
  362.3     3.04  37.910  -0.6588
  362.7     3.12  37.950  -0.6509
  363.1     3.33  37.989  -0.6523
  363.7     3.47  38.030  -0.6565
  364.0     3.58  38.073  -0.6598
  364.5     3.64  38.114  -0.6584
  364.9     3.80  38.155  -0.6533
  365.3     3.85  38.194  -0.6604
  365.7     3.91  38.234  -0.6533
  366.2     4.04  38.273  -0.6534
  366.4     4.05  38.312  -0.6475
  366.9     4.17  38.352  -0.6515
  367.3     4.28  38.395  -0.6500
  367.8     4.33  38.435  -0.6503
  368.3     4.42  38.475  -0.6549
  368.7     4.39  38.518  -0.6560
  369.1     4.57  38.559  -0.6603
  369.5     4.49  38.600  -0.6551
  370.0     4.64  38.640  -0.6514
  370.4     4.62  38.678  -0.6580
  370.9     4.79  38.721  -0.6557
  371.3     4.87  38.763  -0.6539
  371.8     4.83  38.802  -0.6541
  372.2     4.93  38.841  -0.6573
  372.6     4.95  38.884  -0.6520
  373.1     4.99  38.924  -0.6523
  373.7     5.14  38.964  -0.6513
  374.1     5.09  39.002  -0.6571
  374.6     5.17  39.041  -0.6586
  374.9     5.25  39.081  -0.6555
  375.3     5.26  39.123  -0.6586
  375.8     5.19  39.167  -0.6548
  376.2     5.39  39.208  -0.6569
  376.7     5.39  39.250  -0.6554
  377.1     5.33  39.291  -0.6617
  377.6     5.45  39.331  -0.6566
  378.0     5.34  39.370  -0.6573
  378.3     5.38  39.411  -0.6621
  378.7     5.49  39.451  -0.6592
  379.4     5.50  39.490  -0.6566
  379.7     5.48  39.531  -0.6565
  380.0     5.41  39.572  -0.6543
  380.4     5.46  39.612  -0.6550
  380.9     5.48  39.652  -0.6543
  381.3     5.41  39.694  -0.6541
  381.7     5.50  39.735  -0.6540
  382.2     5.46  39.777  -0.6551
  382.6     5.52  39.815  -0.6606
  383.0     5.55  39.855  -0.6668
  383.4     5.54  39.894  -0.6670
  383.8     5.38  39.933  -0.6572
  384.1     5.43  39.974  -0.6599
  384.5     5.44  40.015  -0.6579
  385.0     5.43  40.054  -0.6597
  385.4     5.42  40.094  -0.6636
  385.8     5.46  40.133  -0.6607
  386.1     5.45  40.172  -0.6607
  386.6     5.40  40.214  -0.6657
  387.0     5.41  40.256  -0.6636
  387.4     5.46  40.297  -0.6624
  387.9     5.45  40.337  -0.6606
  388.2     5.46  40.377  -0.6620
  388.7     5.46  40.415  -0.6620
  389.1     5.48  40.454  -0.6645
  389.5     5.45  40.493  -0.6619
  389.9     5.45  40.533  -0.6620
  390.2     5.45  40.574  -0.6682
  390.7     5.46  40.616  -0.6635
  391.2     5.49  40.658  -0.6644
  391.5     5.46  40.700  -0.6659
  392.0     5.48  40.740  -0.6685
  392.5     5.59  40.781  -0.6687
  392.8     5.46  40.821  -0.6653
  393.2     5.58  40.862  -0.6657
  393.7     5.57  40.902  -0.6619
  394.1     5.50  40.944  -0.6598
  394.5     5.57  40.983  -0.6601
  395.0     5.58  41.024  -0.6606
  395.3     5.55  41.064  -0.6651
  395.7     5.63  41.105  -0.6626
  396.2     5.60  41.144  -0.6579
  396.6     5.65  41.184  -0.6616
  396.9     5.56  41.223  -0.6590
  397.4     5.62  41.262  -0.6578
  397.8     5.69  41.302  -0.6577
  398.2     5.66  41.343  -0.6620
  398.7     5.64  41.388  -0.6595
  399.1     5.73  41.426  -0.6637
  399.4     5.62  41.465  -0.6625
  399.8     5.58  41.505  -0.6626
  400.3     5.59  41.546  -0.6645
  400.7     5.62  41.587  -0.6616
  401.1     5.59  41.628  -0.6616
  401.6     5.61  41.668  -0.6622
  401.9     5.60  41.708  -0.6609
  402.3     5.65  41.748  -0.6557
  402.7     5.62  41.789  -0.6575
  403.1     5.64  41.830  -0.6548
  403.5     5.63  41.871  -0.6553
  404.0     5.66  41.911  -0.6592
  404.5     5.66  41.951  -0.6588
  404.7     5.65  41.991  -0.6578
  405.3     5.67  42.030  -0.6564
  405.7     5.65  42.069  -0.6536
  406.0     5.66  42.109  -0.6565
  406.5     5.66  42.148  -0.6583
  406.9     5.63  42.189  -0.6555
  407.3     5.65  42.230  -0.6552
  407.6     5.70  42.269  -0.6562
  408.1     5.68  42.308  -0.6556
  408.4     5.68  42.347  -0.6551
  408.9     5.66  42.387  -0.6563
  409.3     5.70  42.429  -0.6581
  409.7     5.80  42.471  -0.6587
  410.2     5.75  42.510  -0.6579
  410.6     5.75  42.548  -0.6600
  411.1     5.81  42.589  -0.6535
  411.4     5.74  42.629  -0.6542
  411.8     5.70  42.669  -0.6560
  412.3     5.73  42.710  -0.6590
  412.7     5.89  42.750  -0.6597
  413.1     5.91  42.790  -0.6580
  413.5     5.78  42.829  -0.6571
  414.0     5.75  42.871  -0.6611
  414.3     5.84  42.910  -0.6591
  414.7     5.74  42.950  -0.6564
  415.1     5.78  42.992  -0.6576
  415.6     5.77  43.032  -0.6583
  416.0     5.86  43.072  -0.6547
  416.5     5.78  43.111  -0.6599
  416.8     5.79  43.154  -0.6600
  417.2     5.71  43.193  -0.6609
  417.7     5.77  43.232  -0.6563
  418.0     5.79  43.274  -0.6576
  418.5     5.79  43.315  -0.6592
  418.9     5.82  43.355  -0.6602
  419.3     5.74  43.393  -0.6590
  419.7     5.70  43.432  -0.6615
  420.1     5.77  43.471  -0.6608
  420.6     5.80  43.512  -0.6582
  420.9     5.72  43.557  -0.6603
  421.5     5.75  43.597  -0.6571
  421.8     5.76  43.636  -0.6552
  422.2     5.78  43.676  -0.6565
  422.7     5.77  43.715  -0.6561
  423.1     5.81  43.753  -0.6555
  423.4     5.77  43.792  -0.6544
  423.8     5.77  43.834  -0.6560
  424.3     5.72  43.874  -0.6562
  424.8     5.70  43.915  -0.6561
  425.1     5.77  43.955  -0.6567
  425.5     5.78  43.993  -0.6552
  425.9     5.68  44.033  -0.6575
  426.3     5.76  44.074  -0.6564
  426.8     5.78  44.114  -0.6557
  427.2     5.73  44.153  -0.6582
  427.6     5.77  44.192  -0.6572
  428.0     5.77  44.229  -0.6616
  428.4     5.72  44.269  -0.6573
  429.0     5.89  44.309  -0.6585
  429.3     5.76  44.351  -0.6599
  429.7     5.82  44.393  -0.6577
  430.1     5.73  44.433  -0.6591
  430.6     5.71  44.470  -0.6582
  430.9     5.81  44.509  -0.6644
  431.3     5.81  44.548  -0.6639
  431.6     5.69  44.587  -0.6596
  432.2     5.76  44.630  -0.6596
  432.6     5.78  44.674  -0.6604
  433.0     5.77  44.714  -0.6607
  433.4     5.78  44.753  -0.6651
  433.9     5.79  44.793  -0.6634
  434.3     5.82  44.832  -0.6646
  434.7     5.75  44.872  -0.6684
  435.1     5.81  44.912  -0.6614
  435.5     5.77  44.952  -0.6604
  436.0     5.71  44.993  -0.6642
  436.4     5.77  45.033  -0.6577
  436.7     5.72  45.076  -0.6606
  437.1     5.80  45.117  -0.6588
  437.6     5.74  45.158  -0.6623
  438.0     5.75  45.198  -0.6650
  438.4     5.69  45.238  -0.6637
  438.9     5.72  45.275  -0.6656
  439.2     5.64  45.315  -0.6680
  439.6     5.62  45.357  -0.6646
  440.0     5.64  45.397  -0.6631
  440.5     5.69  45.437  -0.6637
  440.9     5.63  45.478  -0.6659
  441.2     5.62  45.518  -0.6643
  441.6     5.61  45.557  -0.6628
  442.1     5.64  45.596  -0.6625
  442.5     5.62  45.635  -0.6653
  442.9     5.60  45.676  -0.6641
  443.3     5.59  45.718  -0.6654
  443.7     5.57  45.760  -0.6663
  444.1     5.65  45.801  -0.6675
  444.5     5.63  45.840  -0.6701
  444.9     5.66  45.879  -0.6630
  445.4     5.65  45.918  -0.6629
  445.8     5.64  45.959  -0.6660
  446.1     5.60  45.999  -0.6658
  446.5     5.64  46.041  -0.6646
  446.9     5.57  46.081  -0.6635
  447.4     5.58  46.122  -0.6660
  447.8     5.62  46.166  -0.6630
  448.3     5.53  46.206  -0.6676
  448.6     5.46  46.246  -0.6668
  449.0     5.57  46.288  -0.6612
  449.5     5.56  46.328  -0.6683
  449.8     5.57  46.366  -0.6674
  450.2     5.48  46.405  -0.6667
  450.7     5.61  46.443  -0.6646
  451.0     5.53  46.483  -0.6672
  451.5     5.57  46.525  -0.6638
  451.9     5.54  46.567  -0.6636
  452.4     5.52  46.605  -0.6646
  452.7     5.51  46.646  -0.6648
  453.1     5.51  46.684  -0.6654
  453.5     5.50  46.723  -0.6628
  453.8     5.50  46.761  -0.6617
  454.3     5.50  46.803  -0.6638
  454.7     5.57  46.845  -0.6642
  455.2     5.52  46.887  -0.6645
  455.5     5.51  46.927  -0.6682
  455.9     5.53  46.966  -0.6649
  456.4     5.54  47.005  -0.6664
  456.7     5.53  47.045  -0.6667
  457.2     5.52  47.085  -0.6628
  457.5     5.45  47.126  -0.6615
  457.8     5.49  47.167  -0.6589
  458.4     5.51  47.207  -0.6609
  458.7     5.38  47.247  -0.6649
  459.1     5.50  47.288  -0.6641
  459.5     5.50  47.330  -0.6615
  459.9     5.43  47.370  -0.6611
  460.3     5.49  47.412  -0.6628
  460.7     5.46  47.452  -0.6638
  461.2     5.47  47.490  -0.6617
  461.6     5.47  47.532  -0.6600
  461.9     5.55  47.570  -0.6607
  462.4     5.45  47.610  -0.6616
  462.8     5.42  47.651  -0.6564
  463.2     5.42  47.693  -0.6586
  463.6     5.44  47.733  -0.6543
  464.1     5.45  47.771  -0.6596
  464.3     5.41  47.812  -0.6575
  464.8     5.42  47.851  -0.6562
  465.2     5.46  47.891  -0.6607
  465.6     5.45  47.934  -0.6578
  466.0     5.41  47.976  -0.6601
  466.4     5.43  48.018  -0.6571
  466.8     5.40  48.059  -0.6533
  467.2     5.34  48.098  -0.6562
  467.6     5.36  48.138  -0.6549
  467.9     5.39  48.176  -0.6519
  468.4     5.41  48.217  -0.6497
  468.8     5.39  48.259  -0.6507
  469.1     5.40  48.300  -0.6513
  469.8     5.36  48.341  -0.6508
  470.0     5.40  48.382  -0.6543
  470.5     5.37  48.423  -0.6523
  470.9     5.36  48.463  -0.6564
  471.4     5.36  48.504  -0.6527
  471.6     5.36  48.543  -0.6561
  472.0     5.33  48.582  -0.6537
  472.4     5.30  48.622  -0.6551
  472.9     5.35  48.661  -0.6562
  473.2     5.37  48.699  -0.6565
  473.6     5.38  48.739  -0.6573
  474.0     5.36  48.780  -0.6560
  474.5     5.33  48.820  -0.6589
  474.8     5.38  48.860  -0.6559
  475.2     5.33  48.897  -0.6561
  475.5     5.32  48.936  -0.6579
  476.0     5.23  48.977  -0.6586
  476.4     5.25  49.018  -0.6618
  476.7     5.27  49.062  -0.6554
  477.2     5.34  49.102  -0.6609
  477.7     5.18  49.141  -0.6613
  478.1     5.28  49.181  -0.6587
  478.4     5.35  49.218  -0.6605
  478.7     5.32  49.256  -0.6568
  479.2     5.26  49.297  -0.6556
  479.5     5.28  49.335  -0.6589
  479.8     5.29  49.375  -0.6574
  480.2     5.23  49.416  -0.6577
  480.7     5.26  49.457  -0.6639
  481.2     5.29  49.499  -0.6618
  481.6     5.33  49.539  -0.6625
  482.0     5.34  49.579  -0.6586
  482.4     5.30  49.620  -0.6603
  482.8     5.24  49.661  -0.6584
  483.2     5.28  49.698  -0.6638
  483.5     5.23  49.740  -0.6619
  484.0     5.29  49.780  -0.6572
  484.3     5.24  49.820  -0.6618
  484.8     5.30  49.861  -0.6635
  485.2     5.26  49.901  -0.6599
  485.4     5.21  49.939  -0.6652
  485.9     5.26  49.979  -0.6566
  486.4     5.19  50.018  -0.6584
  486.6     5.27  50.058  -0.6596
  487.0     5.24  50.100  -0.6635
  487.5     5.20  50.141  -0.6653
  487.9     5.23  50.183  -0.6645
  488.3     5.14  50.222  -0.6601
  488.6     5.16  50.262  -0.6632
  489.0     5.20  50.301  -0.6624
  489.4     5.24  50.341  -0.6674
  489.9     5.15  50.380  -0.6664
  490.1     5.14  50.422  -0.6634
  490.7     5.24  50.462  -0.6600
  491.1     5.19  50.503  -0.6622
  491.4     5.20  50.545  -0.6613
  491.9     5.20  50.586  -0.6627
  492.3     5.18  50.626  -0.6621
  492.6     5.14  50.667  -0.6561
  493.0     5.13  50.707  -0.6611
  493.4     5.13  50.746  -0.6614
  493.9     5.18  50.786  -0.6618
  494.2     5.11  50.826  -0.6600
  494.6     5.19  50.865  -0.6610
  495.1     5.13  50.904  -0.6640
  495.5     5.10  50.947  -0.6620
  495.9     5.16  50.988  -0.6590
  496.3     5.16  51.026  -0.6618
  496.8     5.13  51.065  -0.6598
  497.1     5.19  51.104  -0.6606
  497.4     5.09  51.143  -0.6573
  497.9     5.14  51.184  -0.6663
  498.3     5.18  51.229  -0.6621
  498.6     5.15  51.269  -0.6670
  499.1     5.17  51.309  -0.6665
  499.5     5.20  51.347  -0.6617
  499.9     5.18  51.387  -0.6667
  500.2     5.17  51.425  -0.6625
  500.8     5.15  51.467  -0.6634
  501.1     5.15  51.508  -0.6636
  501.5     5.22  51.546  -0.6657
  501.9     5.17  51.587  -0.6678
  502.2     5.22  51.628  -0.6640
  502.6     5.21  51.667  -0.6636
  503.0     5.13  51.708  -0.6625
  503.6     5.16  51.748  -0.6648
  503.9     5.12  51.791  -0.6649
  504.2     5.14  51.831  -0.6623
  504.6     5.10  51.870  -0.6618
  505.1     5.10  51.910  -0.6604
  505.6     5.13  51.951  -0.6614
  505.9     5.16  51.989  -0.6589
  506.2     5.05  52.030  -0.6597
  506.6     5.13  52.071  -0.6609
  507.1     5.13  52.112  -0.6621
  507.5     5.09  52.151  -0.6576
  507.9     5.14  52.190  -0.6552
  508.3     5.10  52.228  -0.6579
  508.7     5.13  52.268  -0.6583
  509.1     5.11  52.311  -0.6597
  509.5     5.08  52.354  -0.6595
  509.8     5.10  52.394  -0.6585
  510.2     5.09  52.433  -0.6588
  510.6     5.11  52.473  -0.6584
  511.1     5.10  52.513  -0.6571
  511.5     5.12  52.556  -0.6540
  512.0     5.10  52.596  -0.6558
  512.4     5.10  52.640  -0.6583
  512.7     5.14  52.680  -0.6596
  513.1     5.07  52.720  -0.6617
  513.5     5.11  52.763  -0.6594
  514.0     5.11  52.801  -0.6634
  514.3     5.07  52.843  -0.6636
  514.8     5.04  52.883  -0.6637
  515.1     5.06  52.924  -0.6638
  515.7     5.15  52.963  -0.6657
  516.0     5.11  53.003  -0.6662
  516.4     5.03  53.045  -0.6631
  516.7     5.06  53.086  -0.6606
  517.2     5.06  53.126  -0.6621
  517.5     4.99  53.169  -0.6608
  518.0     5.09  53.210  -0.6607
  518.4     5.00  53.248  -0.6617
  518.7     5.06  53.288  -0.6588
  519.1     5.13  53.327  -0.6600
  519.5     5.06  53.367  -0.6592
  520.0     5.06  53.409  -0.6608
  520.3     5.02  53.451  -0.6618
  520.9     5.00  53.492  -0.6632
  521.2     5.00  53.532  -0.6612
  521.7     4.97  53.573  -0.6577
  522.1     5.03  53.614  -0.6595
  522.4     5.10  53.654  -0.6612
  522.9     5.05  53.694  -0.6604
  523.2     5.05  53.733  -0.6654
  523.5     4.98  53.774  -0.6652
  524.0     5.03  53.815  -0.6629
  524.4     5.05  53.856  -0.6630
  524.7     4.98  53.897  -0.6640
  525.1     4.97  53.940  -0.6625
  525.7     5.07  53.981  -0.6597
  526.0     4.99  54.021  -0.6631
  526.4     4.97  54.061  -0.6618
  526.8     4.99  54.102  -0.6619
  527.2     4.98  54.143  -0.6619
  527.5     4.91  54.183  -0.6584
  528.0     4.95  54.224  -0.6557
  528.4     4.94  54.265  -0.6607
  528.8     4.89  54.303  -0.6587
  529.2     4.93  54.344  -0.6588
  529.6     4.96  54.385  -0.6598
  530.0     4.94  54.423  -0.6647
  530.4     4.97  54.465  -0.6578
  530.7     5.00  54.508  -0.6643
  531.2     4.92  54.549  -0.6674
  531.6     5.00  54.588  -0.6582
  532.1     4.95  54.628  -0.6604
  532.5     4.96  54.668  -0.6676
  532.8     4.91  54.709  -0.6644
  533.2     4.89  54.749  -0.6629
  533.6     4.99  54.790  -0.6600
  534.0     4.96  54.830  -0.6620
  534.5     5.09  54.869  -0.6628
  534.8     4.96  54.911  -0.6583
  535.2     4.97  54.953  -0.6606
  535.7     4.95  54.994  -0.6605
  536.1     4.96  55.035  -0.6566
  536.5     4.96  55.076  -0.6561
  536.9     4.97  55.116  -0.6582
  537.3     4.95  55.156  -0.6586
  537.7     4.89  55.195  -0.6556
  538.2     5.02  55.236  -0.6578
  538.5     4.96  55.276  -0.6571
  538.9     4.97  55.315  -0.6571
  539.5     4.95  55.357  -0.6576
  539.8     4.86  55.396  -0.6612
  540.2     4.84  55.436  -0.6626
  540.6     4.96  55.476  -0.6649
  541.1     5.01  55.515  -0.6579
  541.5     4.93  55.556  -0.6609
  541.8     4.97  55.598  -0.6625
  542.3     4.93  55.643  -0.6605
  542.7     4.96  55.684  -0.6590
  543.1     4.94  55.723  -0.6582
  543.5     4.99  55.762  -0.6555
  543.9     4.98  55.803  -0.6583
  544.4     5.00  55.841  -0.6579
  544.9     5.06  55.882  -0.6567
  545.2     5.02  55.922  -0.6584
  545.7     5.10  55.962  -0.6556
  546.0     4.97  56.003  -0.6613
  546.4     4.96  56.043  -0.6643
  546.7     4.97  56.085  -0.6613
  547.3     5.00  56.127  -0.6628
  547.7     4.99  56.168  -0.6661
  548.2     5.02  56.208  -0.6672
  548.5     5.00  56.247  -0.6619
  548.8     5.01  56.286  -0.6595
  549.3     4.97  56.326  -0.6626
  549.9     5.07  56.366  -0.6669
  550.3     5.14  56.409  -0.6674
  550.7     5.04  56.451  -0.6687
  551.0     5.01  56.491  -0.6676
  551.3     4.93  56.529  -0.6650
  551.9     4.90  56.570  -0.6671
  552.2     4.96  56.610  -0.6661
  552.6     5.01  56.651  -0.6643
  553.0     5.02  56.696  -0.6653
  553.4     4.95  56.739  -0.6615
  553.9     4.89  56.780  -0.6585
  554.3     4.94  56.818  -0.6592
  554.7     4.90  56.857  -0.6582
  555.0     4.94  56.896  -0.6580
  555.4     4.85  56.938  -0.6568
  555.8     4.84  56.978  -0.6586
  556.2     4.80  57.019  -0.6596
  556.6     4.94  57.062  -0.6602
  557.0     4.92  57.102  -0.6619
  557.4     4.83  57.143  -0.6652
  557.8     4.85  57.184  -0.6622
  558.2     4.84  57.222  -0.6619
  558.5     4.85  57.262  -0.6619
  559.0     4.79  57.301  -0.6628
  559.4     4.80  57.341  -0.6597
  559.9     4.77  57.383  -0.6625
  560.1     4.73  57.423  -0.6627
  560.7     4.84  57.461  -0.6632
  560.9     4.74  57.502  -0.6666
  561.4     4.84  57.544  -0.6649
  561.8     4.82  57.585  -0.6638
  562.3     4.86  57.623  -0.6593
  562.6     4.80  57.662  -0.6646
  563.0     4.86  57.700  -0.6633
  563.3     4.84  57.740  -0.6626
  563.9     4.78  57.782  -0.6632
  564.1     4.81  57.825  -0.6624
  564.7     4.93  57.864  -0.6600
  564.9     4.81  57.905  -0.6603
  565.4     4.79  57.945  -0.6620
  565.9     4.79  57.985  -0.6610
  566.2     4.82  58.024  -0.6628
  566.6     4.77  58.067  -0.6615
  567.0     4.68  58.109  -0.6652
  567.4     4.73  58.150  -0.6690
  567.8     4.74  58.192  -0.6641
  568.3     4.79  58.235  -0.6643
  568.7     4.77  58.276  -0.6654
  569.0     4.76  58.315  -0.6649
  569.4     4.75  58.356  -0.6615
  569.8     4.82  58.397  -0.6629
  570.2     4.75  58.436  -0.6596
  570.6     4.78  58.475  -0.6616
  570.9     4.78  58.515  -0.6655
  571.3     4.76  58.555  -0.6669
  571.8     4.79  58.597  -0.6620
  572.2     4.71  58.639  -0.6614
  572.6     4.76  58.679  -0.6648
  572.9     4.71  58.716  -0.6653
  573.3     4.73  58.756  -0.6655
  573.8     4.70  58.796  -0.6655
  574.1     4.73  58.834  -0.6661
  574.5     4.64  58.876  -0.6639
  574.9     4.66  58.920  -0.6673
  575.3     4.71  58.960  -0.6656
  575.8     4.68  59.001  -0.6667
  576.2     4.63  59.041  -0.6643
  576.6     4.74  59.081  -0.6691
  576.9     4.71  59.120  -0.6673
  577.2     4.66  59.161  -0.6696
  577.8     4.69  59.201  -0.6663
  578.1     4.70  59.241  -0.6650
  578.5     4.72  59.282  -0.6645
  578.9     4.67  59.322  -0.6646
  579.3     4.68  59.363  -0.6628
  579.7     4.78  59.403  -0.6644
  580.1     4.73  59.445  -0.6656
  580.5     4.65  59.486  -0.6666
  580.7     4.73  59.524  -0.6675
  581.3     4.72  59.563  -0.6655
  581.7     4.71  59.607  -0.6617
  582.1     4.73  59.647  -0.6625
  582.4     4.68  59.689  -0.6589
  582.9     4.66  59.731  -0.6580
  583.2     4.63  59.772  -0.6539
  583.7     4.70  59.812  -0.6554
  584.1     4.56  59.853  -0.6567
  584.5     4.63  59.893  -0.6583
  584.9     4.71  59.934  -0.6581
  585.2     4.62  59.974  -0.6553
  585.7     4.64  60.017  -0.6567
  586.1     4.75  60.060  -0.6583
  586.5     4.67  60.099  -0.6597
  586.9     4.69  60.140  -0.6630
  587.3     4.69  60.181  -0.6627
  587.8     4.64  60.223  -0.6627
  588.2     4.68  60.265  -0.6597
  588.5     4.70  60.307  -0.6595
  588.9     4.63  60.348  -0.6610
  589.3     4.73  60.388  -0.6635
  589.7     4.62  60.429  -0.6609
  590.1     4.64  60.468  -0.6586
  590.4     4.62  60.511  -0.6613
  590.9     4.61  60.553  -0.6577
  591.2     4.58  60.593  -0.6562
  591.7     4.64  60.633  -0.6633
  592.1     4.62  60.673  -0.6619
  592.5     4.58  60.714  -0.6666
  592.8     4.55  60.753  -0.6703
  593.3     4.66  60.793  -0.6627
  593.6     4.55  60.835  -0.6673
  594.0     4.60  60.874  -0.6686
  594.4     4.69  60.914  -0.6681
  594.8     4.55  60.953  -0.6714
  595.3     4.63  60.992  -0.6688
  595.7     4.63  61.033  -0.6685
  595.9     4.55  61.076  -0.6645
  596.4     4.62  61.120  -0.6590
  596.9     4.67  61.160  -0.6617
  597.2     4.75  61.200  -0.6622
  597.6     4.68  61.241  -0.6605
  598.0     4.63  61.280  -0.6618
  598.5     4.55  61.322  -0.6607
  598.8     4.63  61.362  -0.6621
  599.2     4.67  61.401  -0.6605
  599.6     4.58  61.443  -0.6580
  600.0     4.60  61.485  -0.6619
  600.5     4.62  61.525  -0.6623
