   13.4     0.50   0.042   0.0096
   13.5     0.51   0.080  -0.0036
   13.6     0.54   0.120  -0.0028
   13.5     0.52   0.163  -0.0045
   13.6     0.52   0.202  -0.0040
   13.5     0.52   0.243   0.0123
   13.4     0.48   0.284   0.0149
   13.5     0.54   0.322   0.0041
   13.6     0.63   0.361   0.0003
   13.5     0.52   0.400   0.0116
   13.6     0.55   0.437  -0.0071
   13.5     0.53   0.478  -0.0219
   13.6     0.51   0.519  -0.0058
   13.5     0.52   0.558  -0.0006
   13.5     0.49   0.600  -0.0083
   13.6     0.53   0.641  -0.0057
   13.6     0.61   0.678  -0.0078
   13.5     0.52   0.719  -0.0169
   13.5     0.53   0.760  -0.0064
   13.6     0.59   0.801  -0.0090
   13.6     0.51   0.843  -0.0012
   13.6     0.54   0.886   0.0000
   13.6     0.54   0.930   0.0113
   13.6     0.52   0.971   0.0064
   13.6     0.55   1.011   0.0093
   13.7     0.57   1.052   0.0020
   13.6     0.52   1.094  -0.0065
   13.7     0.53   1.134   0.0002
   13.7     0.57   1.175  -0.0086
   13.8     0.63   1.217  -0.0065
   13.7     0.55   1.257  -0.0013
   13.7     0.59   1.298   0.0135
   13.7     0.57   1.339  -0.0007
   13.7     0.63   1.377  -0.0072
   13.8     0.62   1.416  -0.0009
   13.7     0.52   1.456   0.0193
   13.7     0.55   1.499   0.0107
   13.8     0.57   1.541  -0.0069
   13.8     0.58   1.579  -0.0059
   13.8     0.59   1.618   0.0026
   13.8     0.59   1.656  -0.0028
   13.9     0.70   1.695  -0.0182
   13.9     0.64   1.736  -0.0042
   13.9     0.59   1.777  -0.0044
   14.0     0.71   1.817  -0.0027
   13.9     0.67   1.859   0.0052
   14.0     0.74   1.902   0.0029
   14.0     0.72   1.941   0.0070
   14.0     0.80   1.983   0.0131
   14.1     0.73   2.024   0.0124
   14.2     0.73   2.064   0.0011
   14.1     0.79   2.105   0.0021
   14.2     0.77   2.147   0.0036
   14.2     0.79   2.187  -0.0024
   14.3     0.88   2.230   0.0013
   14.3     0.87   2.271   0.0058
   14.4     0.84   2.310   0.0241
   14.4     0.86   2.349   0.0128
   14.5     0.87   2.386  -0.0017
   14.5     0.94   2.424   0.0170
   14.5     0.91   2.464  -0.0166
   14.6     0.92   2.504  -0.0356
   14.7     0.94   2.545  -0.0166
   14.7     1.00   2.586  -0.0061
   14.7     0.98   2.626  -0.0142
   14.8     1.02   2.665  -0.0109
   14.9     1.07   2.706  -0.0130
   15.0     1.07   2.747  -0.0186
   14.9     1.05   2.790  -0.0174
   15.0     1.05   2.832  -0.0096
   15.1     1.12   2.875  -0.0113
   15.2     1.12   2.917  -0.0354
   15.3     1.12   2.959  -0.0134
   15.3     1.18   2.998   0.0036
   15.3     1.22   3.037  -0.0057
   15.5     1.25   3.077  -0.0315
   15.7     1.34   3.118  -0.0517
   15.8     1.34   3.161  -0.0345
   15.9     1.38   3.203  -0.0343
   16.0     1.50   3.244  -0.0212
   16.2     1.57   3.283  -0.0502
   16.2     1.55   3.319  -0.0502
   16.3     1.58   3.360  -0.0609
   16.3     1.59   3.397  -0.0628
   16.4     1.62   3.436  -0.0595
   16.6     1.69   3.476  -0.0477
   16.7     1.69   3.518  -0.0546
   16.9     1.70   3.558  -0.0646
   16.9     1.74   3.597  -0.0734
   17.1     1.82   3.637  -0.0791
   17.2     1.84   3.677  -0.0831
   17.3     1.82   3.719  -0.0866
   17.4     1.77   3.759  -0.0684
   17.5     1.91   3.799  -0.0751
   17.6     1.92   3.840  -0.0772
   17.8     1.98   3.882  -0.0718
   17.9     1.93   3.923  -0.0598
   18.0     1.93   3.963  -0.0530
   18.1     1.97   4.004  -0.0325
   18.2     1.96   4.044  -0.0361
   18.4     1.95   4.086  -0.0170
   18.4     2.08   4.127  -0.0299
   18.7     2.10   4.166  -0.0524
   18.9     2.16   4.211  -0.0651
   18.9     2.14   4.251  -0.0635
   19.2     2.23   4.289  -0.0336
   19.4     2.24   4.326  -0.0315
   19.5     2.27   4.364  -0.0322
   19.7     2.33   4.402  -0.0464
   19.9     2.34   4.444  -0.0211
   20.0     2.35   4.483  -0.0154
   20.1     2.39   4.525  -0.0309
   20.3     2.40   4.566  -0.0384
   20.4     2.51   4.603  -0.0147
   20.7     2.50   4.644   0.0020
   20.8     2.48   4.685   0.0309
   21.1     2.57   4.725   0.0536
   21.2     2.59   4.766   0.0727
   21.4     2.61   4.809   0.2299
   21.6     2.67   4.851   0.2546
   21.8     2.73   4.894   0.2614
   22.0     2.72   4.936   0.2765
   22.2     2.84   4.977   0.2863
   22.4     2.80   5.018   0.2891
   22.6     2.79   5.060   0.2833
   22.8     2.85   5.101   0.2920
   22.9     2.91   5.143   0.3036
   23.2     2.88   5.185   0.3082
   23.5     3.00   5.226   0.3050
   23.6     2.97   5.266   0.3100
   23.8     3.01   5.303   0.3161
   24.1     3.17   5.342   0.3206
   24.2     3.12   5.381   0.3212
   24.5     3.15   5.419   0.3145
   24.6     3.20   5.461   0.3199
   24.8     3.20   5.501   0.3221
   25.2     3.30   5.540   0.3220
   25.3     3.28   5.578   0.3250
   25.5     3.31   5.617   0.3233
   25.8     3.36   5.655   0.3383
   26.0     3.42   5.696   0.3353
   26.2     3.40   5.734   0.3429
   26.4     3.45   5.774   0.3457
   26.7     3.48   5.817   0.3413
   27.0     3.52   5.860   0.3485
   27.2     3.52   5.903   0.3455
   27.3     3.50   5.945   0.3511
   27.6     3.60   5.984   0.3472
   27.9     3.75   6.022   0.3494
   28.1     3.66   6.064   0.3417
   28.4     3.70   6.104   0.3432
   28.6     3.75   6.144   0.3508
   28.8     3.80   6.186   0.3452
   29.1     3.83   6.226   0.3388
   29.2     3.81   6.264   0.3415
   29.5     3.79   6.303   0.3465
   29.8     3.94   6.341   0.3400
   30.0     3.96   6.381   0.3442
   30.2     3.94   6.421   0.3498
   30.5     3.98   6.461   0.3459
   30.7     3.98   6.502   0.3446
   31.1     4.03   6.542   0.3523
   31.3     4.03   6.581   0.3449
   31.5     4.07   6.621   0.3395
   31.8     4.14   6.662   0.3388
   32.0     4.14   6.702   0.3369
   32.3     4.21   6.742   0.3357
   32.6     4.21   6.785   0.3350
   32.8     4.26   6.828   0.3379
   33.1     4.25   6.873   0.3415
   33.4     4.28   6.914   0.3415
   33.7     4.34   6.953   0.3390
   33.9     4.38   6.997   0.3459
   34.2     4.41   7.035   0.3453
   34.5     4.42   7.075   0.3423
   34.7     4.40   7.117   0.3474
   35.0     4.41   7.156   0.3454
   35.3     4.53   7.198   0.3444
   35.6     4.54   7.240   0.3433
   35.8     4.58   7.278   0.3418
   36.1     4.62   7.319   0.3394
   36.4     4.66   7.359   0.3337
   36.6     4.62   7.398   0.3405
   36.9     4.64   7.438   0.3462
   37.1     4.68   7.478   0.3541
   37.4     4.67   7.518   0.3445
   37.7     4.74   7.559   0.3460
   37.9     4.74   7.599   0.3481
   38.2     4.79   7.640   0.3495
   38.5     4.75   7.682   0.3463
   38.8     4.87   7.722   0.3457
   39.1     4.87   7.763   0.3463
   39.4     4.88   7.805   0.3428
   39.7     4.93   7.848   0.3321
   40.0     4.93   7.889   0.3091
   40.3     5.02   7.932  -0.0310
   40.5     5.06   7.969  -0.1481
   40.8     4.98   8.009  -0.1431
   41.1     5.03   8.050  -0.1319
   41.3     5.05   8.088  -0.1278
   41.7     5.13   8.129  -0.1258
   41.8     5.09   8.173  -0.1203
   42.2     5.07   8.210  -0.1109
   42.5     5.16   8.251  -0.1181
   42.8     5.16   8.289  -0.1104
   43.0     5.12   8.328  -0.0995
   43.3     5.17   8.366  -0.1119
   43.5     5.17   8.408  -0.1088
   43.8     5.23   8.446  -0.1083
   44.1     5.22   8.487  -0.1162
   44.4     5.23   8.527  -0.1199
   44.6     5.24   8.565  -0.1163
   44.9     5.28   8.604  -0.1138
   45.2     5.33   8.644  -0.1079
   45.5     5.36   8.686  -0.1043
   45.8     5.34   8.727  -0.0987
   46.1     5.37   8.770  -0.0936
   46.4     5.47   8.813  -0.0913
   46.7     5.42   8.856  -0.0910
   47.0     5.48   8.896  -0.0653
   47.3     5.45   8.938  -0.0752
   47.6     5.48   8.978  -0.0662
   47.8     5.45   9.015  -0.0453
   48.2     5.51   9.057  -0.0423
   48.5     5.54   9.098  -0.0456
   48.7     5.50   9.137  -0.0357
   49.1     5.63   9.178  -0.0307
   49.3     5.57   9.217  -0.0236
   49.6     5.61   9.254  -0.0018
   49.8     5.68   9.292  -0.0042
   50.1     5.64   9.330   0.0196
   50.4     5.66   9.370   0.0448
   50.6     5.65   9.410   0.0581
   51.0     5.70   9.450   0.0678
   51.3     5.73   9.490   0.0745
   51.6     5.73   9.530   0.0814
   51.9     5.77   9.572   0.0883
   52.2     5.81   9.611   0.0898
   52.4     5.75   9.653   0.1036
   52.8     5.79   9.692   0.0984
   53.1     5.81   9.732   0.1044
   53.4     5.92   9.774   0.1244
   53.7     5.81   9.817   0.1307
   53.9     5.82   9.857   0.1453
   54.2     5.91   9.898   0.1488
   54.5     5.87   9.936   0.1599
   54.8     5.88   9.975   0.1696
   55.0     5.93  10.015   0.1796
   55.4     5.95  10.054   0.1887
   55.6     6.00  10.096   0.2046
   56.0     5.95  10.139   0.2182
   56.1     5.97  10.178   0.2210
   56.6     5.97  10.218   0.2387
   56.8     6.02  10.256   0.3439
   57.0     6.04  10.295   0.3673
   57.4     5.99  10.333   0.3864
   57.6     6.07  10.372   0.3928
   57.9     6.05  10.411   0.4000
   58.2     6.05  10.451   0.3974
   58.5     6.13  10.492   0.3879
   58.8     6.11  10.531   0.3995
   59.1     6.18  10.570   0.4040
   59.4     6.21  10.608   0.3937
   59.9     6.34  10.650   0.4047
   60.1     6.28  10.692   0.4019
   60.3     6.26  10.733   0.4020
   60.7     6.25  10.777   0.4035
   61.0     6.32  10.819   0.3979
   61.2     6.30  10.859   0.4009
   61.5     6.34  10.900   0.4092
   61.9     6.38  10.942   0.4022
   62.2     6.36  10.981   0.3999
   62.5     6.42  11.023   0.3967
   62.7     6.33  11.064   0.3969
   63.0     6.38  11.103   0.3933
   63.3     6.41  11.147   0.3962
   63.6     6.38  11.187   0.3982
   63.9     6.37  11.226   0.4041
   64.2     6.31  11.266   0.4019
   64.5     6.50  11.305   0.3967
   64.7     6.42  11.346   0.4032
   65.0     6.36  11.388   0.3987
   65.2     6.37  11.426   0.3948
   65.6     6.34  11.463   0.4008
   65.9     6.39  11.504   0.4013
   66.2     6.36  11.543   0.3990
   66.4     6.37  11.583   0.4010
   66.8     6.42  11.623   0.4033
   67.1     6.39  11.662   0.4015
   67.3     6.40  11.703   0.4055
   67.6     6.34  11.746   0.4124
   67.9     6.40  11.786   0.4104
   68.2     6.38  11.827   0.4138
   68.5     6.47  11.868   0.4078
   68.8     6.46  11.907   0.4101
   69.1     6.50  11.950   0.4133
   69.4     6.47  11.991   0.4124
   69.7     6.51  12.031   0.4163
   70.0     6.50  12.075   0.4145
   70.3     6.56  12.117   0.4163
   70.7     6.52  12.157   0.4186
   70.9     6.55  12.196   0.4153
   71.2     6.50  12.234   0.4201
   71.6     6.62  12.273   0.4214
   71.7     6.53  12.312   0.4142
   72.1     6.58  12.354   0.4155
   72.3     6.54  12.394   0.4077
   72.6     6.53  12.435   0.4077
   72.9     6.50  12.476   0.4094
   73.2     6.50  12.515   0.4091
   73.4     6.55  12.552   0.4074
   73.8     6.56  12.591   0.4064
   74.1     6.56  12.633   0.4064
   74.4     6.60  12.675   0.4070
   74.7     6.53  12.715   0.4108
   75.0     6.62  12.757   0.4026
   75.2     6.61  12.799   0.4078
   75.6     6.58  12.840   0.4020
   75.8     6.59  12.884   0.3988
   76.2     6.56  12.924   0.4015
   76.4     6.66  12.962   0.3941
   76.7     6.61  13.004   0.3903
   77.0     6.58  13.045   0.3959
   77.3     6.55  13.086   0.3955
   77.7     6.60  13.129   0.3988
   78.0     6.66  13.168   0.4084
   78.3     6.61  13.207   0.4017
   78.6     6.64  13.247   0.4049
   78.8     6.70  13.284   0.4031
   79.1     6.66  13.325   0.4042
   79.5     6.63  13.367   0.4020
   79.6     6.61  13.406   0.4006
   80.0     6.67  13.447   0.4001
   80.3     6.65  13.486   0.3962
   80.7     6.67  13.524   0.3961
   80.8     6.67  13.564   0.3982
   81.2     6.72  13.604   0.3982
   81.4     6.67  13.642   0.3897
   81.8     6.77  13.684   0.3901
   82.1     6.70  13.727   0.3899
   82.4     6.69  13.770   0.3877
   82.7     6.71  13.813   0.3953
   83.0     6.66  13.854   0.3931
   83.3     6.68  13.891   0.3924
   83.6     6.71  13.931   0.3935
   83.8     6.74  13.972   0.3979
   84.2     6.70  14.012   0.3969
   84.5     6.70  14.056   0.3915
   84.8     6.71  14.099   0.3914
   85.2     6.74  14.141   0.3859
   85.4     6.66  14.179   0.3854
   85.6     6.68  14.217   0.3942
   86.0     6.70  14.256   0.3994
   86.2     6.72  14.296   0.3943
   86.5     6.72  14.337   0.3947
   86.8     6.68  14.379   0.3914
   87.2     6.75  14.419   0.3895
   87.4     6.74  14.460   0.3926
   87.7     6.72  14.500   0.3979
   88.0     6.70  14.537   0.3985
   88.4     6.72  14.580   0.3920
   88.8     6.75  14.622   0.3956
   88.9     6.70  14.662   0.3879
   89.2     6.71  14.705   0.3902
   89.6     6.73  14.747   0.3910
   89.9     6.71  14.791   0.3899
   90.2     6.75  14.833   0.3818
   90.5     6.76  14.876   0.3889
   90.8     6.79  14.913   0.3893
   91.1     6.78  14.953   0.3868
   91.4     6.81  14.993   0.3908
   91.8     6.76  15.033   0.3875
   92.0     6.82  15.076   0.3879
   92.4     6.80  15.120   0.3881
   92.6     6.82  15.157   0.3843
   92.9     6.82  15.196   0.3913
   93.2     6.74  15.236   0.3856
   93.5     6.79  15.272   0.3911
   93.7     6.80  15.310   0.3977
   94.0     6.84  15.352   0.3958
   94.4     6.90  15.390   0.3984
   94.6     6.88  15.430   0.3940
   94.9     6.98  15.470   0.3972
   95.1     6.88  15.508   0.3981
   95.5     6.87  15.547   0.3952
   95.8     6.86  15.587   0.4008
   96.0     6.87  15.625   0.3957
   96.2     6.84  15.667   0.4001
   96.6     6.89  15.710   0.3945
   96.9     6.92  15.753   0.3922
   97.2     6.89  15.794   0.3946
   97.6     6.89  15.835   0.3923
   97.8     6.90  15.874   0.3929
   98.1     6.93  15.916   0.3911
   98.4     6.95  15.957   0.3913
   98.8     6.95  15.997   0.3931
   99.1     6.89  16.039   0.3936
   99.3     6.95  16.080   0.3947
   99.6     6.98  16.120   0.3926
   99.9     7.02  16.157   0.3960
  100.2     6.99  16.193   0.3902
  100.4     6.96  16.231   0.3919
  100.8     6.98  16.270   0.3900
  101.0     6.97  16.310   0.3891
  101.4     7.01  16.351   0.3884
  101.6     6.95  16.391   0.3881
  101.9     6.93  16.431   0.3909
  102.2     6.97  16.471   0.3900
  102.4     6.96  16.511   0.3960
  102.7     6.85  16.551   0.3938
  102.9     6.88  16.593   0.3939
  103.3     6.97  16.632   0.3944
  103.6     7.01  16.673   0.3875
  103.9     6.91  16.714   0.3867
  104.2     6.90  16.756   0.3852
  104.5     6.88  16.796   0.3832
  104.8     6.93  16.837   0.3831
  105.2     6.92  16.879   0.3828
  105.4     6.89  16.919   0.3827
  105.8     6.96  16.960   0.3827
  106.1     6.94  17.001   0.3784
  106.3     6.93  17.041   0.3810
  106.6     6.90  17.084   0.3808
  106.9     6.97  17.123   0.3733
  107.3     6.92  17.160   0.3793
  107.5     6.85  17.199   0.3734
  107.8     6.91  17.237   0.3739
  108.1     6.98  17.278   0.3702
  108.4     6.96  17.320   0.3733
  108.7     6.97  17.358   0.3729
  109.0     6.97  17.397   0.3719
  109.2     6.94  17.438   0.3768
  109.6     6.94  17.477   0.3753
  109.8     6.91  17.518   0.3728
  110.1     6.91  17.557   0.3684
  110.4     6.94  17.596   0.3650
  110.7     6.94  17.638   0.3702
  110.9     6.91  17.682   0.3678
  111.4     6.96  17.723   0.3697
  111.6     6.92  17.764   0.3718
  111.9     6.91  17.804   0.3707
  112.2     6.98  17.845   0.3730
  112.5     6.90  17.885   0.3672
  112.8     7.01  17.924   0.3587
  113.2     6.98  17.966   0.3538
  113.4     6.93  18.008   0.3474
  113.6     6.95  18.048   0.3404
  114.0     6.86  18.091   0.3142
  114.3     6.84  18.131   0.2920
  114.6     6.88  18.171   0.2888
  114.9     6.87  18.211   0.2297
  115.3     6.99  18.250   0.0944
  115.6     6.96  18.291  -0.0722
  115.9     6.96  18.331  -0.0439
  116.1     7.04  18.372  -0.0736
  116.4     6.98  18.410  -0.0646
  116.7     6.95  18.447  -0.0720
  117.0     7.04  18.486  -0.0738
  117.3     7.00  18.526  -0.0839
  117.6     6.98  18.567  -0.0720
  118.0     6.99  18.608  -0.0699
  118.3     6.99  18.649  -0.0793
  118.5     7.00  18.693  -0.0928
  118.8     6.90  18.736  -0.0934
  119.1     6.88  18.779  -0.0874
  119.4     6.85  18.820  -0.0923
  119.8     6.93  18.860  -0.0920
  120.0     6.94  18.901  -0.0948
  120.3     6.91  18.943  -0.0910
  120.8     6.99  18.982  -0.0795
  121.0     6.96  19.024  -0.0729
  121.4     6.95  19.067  -0.0827
  121.5     6.90  19.106  -0.0792
  121.8     6.91  19.144  -0.0607
  122.2     6.94  19.182  -0.0513
  122.5     6.91  19.220  -0.0633
  122.8     6.86  19.260  -0.0389
  123.1     6.93  19.300  -0.0326
  123.3     6.84  19.339  -0.0334
  123.6     6.91  19.381  -0.0267
  123.8     6.89  19.420  -0.0215
  124.1     6.91  19.456  -0.0186
  124.5     6.87  19.496   0.0048
  124.8     6.92  19.538   0.0519
  125.0     6.84  19.579   0.0216
  125.5     6.87  19.620   0.0265
  125.7     6.88  19.662   0.0349
  125.9     6.89  19.706   0.0733
  126.3     6.92  19.747   0.0550
  126.6     6.95  19.787   0.0433
  126.9     6.91  19.828   0.0091
  127.1     6.86  19.869   0.0021
  127.5     6.88  19.907   0.0071
  127.7     6.98  19.947   0.0242
  128.2     6.94  19.987   0.0331
  128.4     6.95  20.030   0.0386
  128.8     6.91  20.072   0.0219
  129.0     6.93  20.111   0.0449
  129.3     6.96  20.151   0.0543
  129.6     7.00  20.190   0.0805
  129.9     6.89  20.228   0.1180
  130.2     6.94  20.269   0.1266
  130.4     6.90  20.308   0.0811
  130.8     6.96  20.348   0.0893
  131.1     6.97  20.389   0.1223
  131.3     6.89  20.428   0.1320
  131.7     6.97  20.467   0.1466
  132.0     6.95  20.507   0.1696
  132.2     6.96  20.549   0.1982
  132.6     7.01  20.589   0.2031
  132.7     6.89  20.631   0.2266
  133.2     7.01  20.675   0.2567
  133.6     7.01  20.717   0.2801
  133.9     7.05  20.761   0.3220
  134.3     7.09  20.803   0.3301
  134.5     7.07  20.842   0.3445
  134.8     7.06  20.881   0.3415
  135.2     7.18  20.922   0.3545
  135.6     7.16  20.962   0.3571
  135.8     7.12  21.005   0.3570
  136.1     7.10  21.047   0.3584
  136.3     7.09  21.088   0.3564
  136.7     7.09  21.127   0.3599
  137.0     7.12  21.165   0.3592
  137.3     7.09  21.203   0.3541
  137.6     7.10  21.242   0.3560
  137.9     7.20  21.281   0.3563
  138.2     7.14  21.321   0.3604
  138.5     7.16  21.362   0.3605
  138.8     7.06  21.400   0.3625
  139.0     7.07  21.440   0.3686
  139.3     7.12  21.479   0.3646
  139.7     7.17  21.518   0.3615
  139.9     7.09  21.560   0.3612
  140.1     6.95  21.603   0.3616
  140.5     7.00  21.646   0.3685
  140.9     6.99  21.689   0.3707
  141.1     7.00  21.732   0.3695
  141.4     7.00  21.770   0.3684
  141.7     6.95  21.812   0.3653
  142.1     6.95  21.854   0.3699
  142.3     6.87  21.895   0.3716
  142.6     6.97  21.935   0.3708
  143.0     6.97  21.977   0.3691
  143.3     7.05  22.019   0.3741
  143.6     7.04  22.058   0.3741
  143.9     6.96  22.096   0.3707
  144.2     6.98  22.136   0.3786
  144.5     7.06  22.174   0.3781
  144.8     6.95  22.213   0.3716
  145.1     7.06  22.255   0.3719
  145.4     7.00  22.297   0.3800
  145.7     7.01  22.335   0.3825
  146.0     7.01  22.374   0.3814
  146.3     6.96  22.412   0.3840
  146.5     6.96  22.451   0.3743
  146.9     6.94  22.491   0.3736
  147.2     6.95  22.532   0.3764
  147.5     6.95  22.571   0.3728
  147.8     6.96  22.612   0.3726
  148.1     6.97  22.654   0.3732
  148.5     6.91  22.696   0.3673
  148.7     6.98  22.738   0.3657
  149.1     6.94  22.779   0.3688
  149.4     7.02  22.818   0.3674
  149.7     7.00  22.859   0.3687
  150.0     6.98  22.899   0.3653
  150.4     7.01  22.939   0.3704
  150.7     6.96  22.980   0.3682
  150.9     7.01  23.021   0.3670
  151.3     7.01  23.061   0.3728
  151.6     7.02  23.100   0.3655
  151.8     6.92  23.138   0.3726
  152.1     6.99  23.177   0.3683
  152.5     7.01  23.217   0.3734
  152.9     7.01  23.258   0.3679
  153.1     7.00  23.297   0.3691
  153.4     6.97  23.338   0.3686
  153.7     6.99  23.378   0.3662
  154.0     6.96  23.420   0.3603
  154.3     6.99  23.462   0.3574
  154.7     7.01  23.503   0.3494
  155.1     7.09  23.544   0.3484
  155.4     7.12  23.587   0.3424
  155.7     7.02  23.631   0.3101
  156.1     7.04  23.674   0.3113
  156.4     7.03  23.716   0.3125
  156.6     7.05  23.756   0.3142
  157.0     7.00  23.798   0.3118
  157.3     7.07  23.838   0.3122
  157.6     7.07  23.878   0.3102
  158.0     7.04  23.920   0.3075
  158.2     7.01  23.961   0.3083
  158.6     7.07  24.004   0.3078
  158.9     7.02  24.046   0.3086
  159.2     7.00  24.084   0.3056
  159.4     7.04  24.123   0.3139
  159.9     7.05  24.162   0.3128
  160.1     7.04  24.200   0.3136
  160.4     7.01  24.241   0.3126
  160.7     7.02  24.282   0.3072
  161.1     7.03  24.321   0.3091
  161.4     6.97  24.361   0.3033
  161.6     7.03  24.402   0.3135
  162.0     6.96  24.441   0.3166
  162.3     7.06  24.483   0.3149
  162.6     7.07  24.523   0.3190
  162.8     7.00  24.565   0.3189
  163.2     6.94  24.609   0.3203
  163.5     6.99  24.650   0.3197
  163.8     6.93  24.693   0.3209
  164.2     6.96  24.735   0.3210
  164.4     6.96  24.774   0.3172
  164.8     6.94  24.815   0.3182
  165.0     6.92  24.856   0.3169
  165.4     6.92  24.897   0.3185
  165.7     6.98  24.938   0.3178
  166.1     6.91  24.981   0.3153
  166.3     6.99  25.021   0.3104
  166.7     6.88  25.060   0.3092
  166.9     6.91  25.099   0.3070
  167.2     6.91  25.137   0.3035
  167.6     6.88  25.176   0.3007
  167.9     6.92  25.217   0.3049
  168.3     6.91  25.256   0.3085
  168.5     6.91  25.298   0.2986
  168.8     6.85  25.340   0.2961
  169.1     6.90  25.380   0.2973
  169.4     6.89  25.418   0.2985
  169.8     6.98  25.459   0.2849
  170.0     6.91  25.500   0.2637
  170.4     6.91  25.541   0.2048
  170.7     6.86  25.582  -0.0718
  171.0     6.88  25.626  -0.1164
  171.4     6.91  25.668  -0.1224
  171.7     6.95  25.709  -0.1143
  172.0     6.87  25.751  -0.1150
  172.4     6.93  25.793  -0.1144
  172.6     6.84  25.831  -0.1116
  172.9     6.91  25.872  -0.1129
  173.3     6.92  25.914  -0.1141
  173.7     6.89  25.955  -0.1102
  173.9     6.88  25.997  -0.1112
  174.3     6.84  26.038  -0.1162
  174.5     6.86  26.076  -0.1270
  174.8     6.93  26.113  -0.1320
  175.2     6.89  26.151  -0.1293
  175.6     6.99  26.192  -0.1271
  175.9     6.87  26.233  -0.1312
  176.1     6.92  26.274  -0.1230
  176.4     6.87  26.314  -0.1273
  176.7     6.83  26.353  -0.1314
  177.0     6.86  26.392  -0.1249
  177.4     6.92  26.433  -0.1158
  177.8     6.96  26.476  -0.1158
  178.0     6.82  26.515  -0.1166
  178.3     6.90  26.559  -0.1233
  178.7     6.86  26.602  -0.1201
  179.1     6.86  26.644  -0.1272
  179.4     6.91  26.685  -0.1303
  179.7     6.88  26.726  -0.1258
  180.0     6.82  26.766  -0.1235
  180.3     6.79  26.808  -0.1191
  180.7     6.82  26.848  -0.1228
  180.9     6.85  26.889  -0.1173
  181.2     6.81  26.929  -0.1132
  181.6     6.84  26.970  -0.1206
  181.9     6.80  27.011  -0.1126
  182.2     6.82  27.051  -0.1204
  182.5     6.79  27.088  -0.1266
  182.9     6.89  27.125  -0.1241
  183.2     6.93  27.163  -0.1162
  183.4     6.87  27.205  -0.1140
  183.7     6.79  27.245  -0.1197
  184.0     6.82  27.285  -0.1172
  184.4     6.77  27.324  -0.1160
  184.7     6.84  27.364  -0.1229
  185.0     6.74  27.402  -0.1172
  185.3     6.81  27.443  -0.1224
  185.6     6.76  27.487  -0.1263
  185.9     6.74  27.528  -0.1203
  186.3     6.80  27.571  -0.1175
  186.6     6.79  27.615  -0.1168
  186.9     6.78  27.657  -0.1167
  187.3     6.80  27.699  -0.1163
  187.6     6.71  27.741  -0.1138
  188.0     6.77  27.781  -0.1208
  188.2     6.73  27.821  -0.1171
  188.5     6.70  27.863  -0.1140
  188.8     6.69  27.904  -0.1057
  189.1     6.66  27.947  -0.1063
  189.4     6.70  27.988  -0.1118
  189.8     6.70  28.025  -0.1138
  190.1     6.66  28.064  -0.1146
  190.4     6.75  28.103  -0.1169
  190.7     6.69  28.143  -0.1205
  191.0     6.69  28.185  -0.1178
  191.4     6.66  28.225  -0.1120
  191.7     6.75  28.265  -0.1241
  191.9     6.69  28.306  -0.1217
  192.2     6.70  28.346  -0.1212
  192.5     6.63  28.387  -0.1138
  192.8     6.63  28.429  -0.1165
  193.0     6.63  28.472  -0.1179
  193.5     6.69  28.513  -0.1127
  193.8     6.67  28.556  -0.1238
  194.2     6.61  28.599  -0.1282
  194.6     6.62  28.643  -0.1259
  194.9     6.59  28.686  -0.1290
  195.2     6.64  28.724  -0.1327
  195.4     6.64  28.764  -0.1226
  195.8     6.65  28.805  -0.1321
  196.1     6.57  28.844  -0.1268
  196.4     6.59  28.886  -0.1237
  196.6     6.55  28.928  -0.1237
  197.0     6.57  28.969  -0.1323
  197.4     6.56  29.008  -0.1324
  197.7     6.53  29.047  -0.1320
  198.0     6.63  29.085  -0.1218
  198.2     6.53  29.122  -0.1281
  198.4     6.51  29.162  -0.1367
  198.8     6.55  29.203  -0.1377
  199.2     6.52  29.243  -0.1409
  199.4     6.53  29.283  -0.1346
  199.7     6.52  29.321  -0.1304
  200.0     6.47  29.358  -0.1337
  200.3     6.51  29.398  -0.1094
  200.6     6.49  29.440  -0.1314
  200.9     6.47  29.481  -0.1319
  201.2     6.47  29.521  -0.1323
  201.6     6.50  29.564  -0.1343
  201.9     6.46  29.606  -0.1356
  202.2     6.49  29.648  -0.1317
  202.5     6.56  29.690  -0.1317
  202.9     6.51  29.731  -0.1289
  203.2     6.48  29.770  -0.1216
  203.5     6.47  29.812  -0.1147
  203.7     6.41  29.854  -0.1166
  204.1     6.44  29.894  -0.1098
  204.4     6.48  29.937  -0.1290
  204.7     6.46  29.979  -0.1425
  205.1     6.49  30.017  -0.1234
  205.4     6.44  30.057  -0.1260
  205.5     6.35  30.095  -0.1392
  206.0     6.47  30.134  -0.1349
  206.4     6.62  30.175  -0.1389
  206.8     6.70  30.213  -0.1311
  207.0     6.57  30.253  -0.1283
  207.3     6.54  30.293  -0.1228
  207.5     6.50  30.333  -0.1200
  207.9     6.64  30.372  -0.1287
  208.1     6.59  30.411  -0.1306
  208.4     6.64  30.451  -0.1300
  208.9     6.57  30.491  -0.1232
  209.2     6.64  30.534  -0.1238
  209.4     6.60  30.577  -0.1401
  209.8     6.61  30.620  -0.1324
  210.0     6.59  30.661  -0.1397
  210.4     6.59  30.703  -0.1343
  210.7     6.57  30.743  -0.1332
  211.1     6.60  30.784  -0.1288
  211.3     6.54  30.823  -0.1314
  211.6     6.49  30.865  -0.0978
  212.0     6.56  30.909  -0.1242
  212.3     6.60  30.949  -0.1303
  212.5     6.45  30.989  -0.1415
  212.8     6.33  31.026  -0.1375
  213.1     6.43  31.065  -0.1297
  213.3     6.31  31.102  -0.1226
  213.5     6.25  31.144  -0.1162
  213.8     6.23  31.185  -0.1202
  214.3     6.28  31.225  -0.1313
  214.5     6.31  31.264  -0.1359
  214.8     6.30  31.304  -0.1249
  215.1     6.28  31.344  -0.1312
  215.4     6.29  31.384  -0.1217
  215.7     6.35  31.429  -0.1257
  216.1     6.26  31.471  -0.1266
  216.4     6.30  31.513  -0.1235
  216.7     6.31  31.556  -0.1215
  217.1     6.26  31.598  -0.1268
  217.3     6.22  31.640  -0.1163
  217.7     6.32  31.682  -0.1118
  218.0     6.20  31.722  -0.1121
  218.3     6.28  31.761  -0.0945
  218.6     6.27  31.801  -0.1211
  218.8     6.14  31.841  -0.1192
  219.1     6.21  31.882  -0.1172
  219.5     6.18  31.926  -0.1180
  219.9     6.23  31.967  -0.1162
  220.1     6.20  32.008  -0.1168
  220.4     6.24  32.045  -0.1213
  220.7     6.25  32.083  -0.1176
  221.1     6.27  32.124  -0.1170
  221.4     6.24  32.164  -0.1242
  221.8     6.33  32.203  -0.1155
  222.0     6.27  32.244  -0.1165
  222.3     6.19  32.284  -0.1182
  222.6     6.22  32.324  -0.1116
  223.0     6.23  32.365  -0.1125
  223.3     6.32  32.406  -0.1227
  223.7     6.29  32.445  -0.1263
  223.9     6.25  32.487  -0.1232
  224.2     6.29  32.528  -0.1292
  224.5     6.29  32.572  -0.1321
  224.9     6.25  32.614  -0.1334
  225.2     6.25  32.655  -0.1301
  225.5     6.19  32.697  -0.1207
  225.8     6.19  32.737  -0.1167
  226.2     6.26  32.777  -0.1189
  226.4     6.25  32.820  -0.1181
  226.6     6.19  32.861  -0.1115
  227.0     6.11  32.903  -0.1117
  227.2     6.02  32.942  -0.1052
  227.7     6.10  32.982  -0.1081
  227.9     6.10  33.020  -0.1122
  228.2     6.07  33.058  -0.1093
  228.6     6.10  33.097  -0.1030
  228.7     6.09  33.138  -0.0933
  229.1     6.10  33.181  -0.0861
  229.4     6.03  33.222  -0.0834
  229.7     6.05  33.263  -0.0891
  230.1     6.08  33.303  -0.0762
  230.3     6.03  33.344  -0.0742
  230.7     6.02  33.386  -0.0715
  231.1     6.07  33.428  -0.0640
  231.2     6.01  33.467  -0.0094
  231.6     6.02  33.509  -0.0309
  232.0     5.99  33.552  -0.0574
  232.3     6.02  33.596  -0.0346
  232.7     6.02  33.637   0.0039
  233.0     6.04  33.679  -0.0060
  233.3     5.98  33.719  -0.0423
  233.5     5.97  33.760  -0.0590
  233.9     5.99  33.800  -0.0715
  234.2     5.99  33.841  -0.0765
  234.5     5.96  33.885  -0.0730
  234.9     5.98  33.925  -0.0796
  235.2     5.96  33.966  -0.0782
  235.5     5.97  34.004  -0.0876
  235.8     5.94  34.041  -0.0920
  236.0     5.95  34.081  -0.0833
  236.3     5.92  34.123  -0.0943
  236.7     5.93  34.161  -0.0933
  237.0     5.91  34.202  -0.0949
  237.4     5.92  34.243  -0.0894
  237.6     5.87  34.283  -0.0934
  237.9     5.96  34.323  -0.0999
  238.3     5.88  34.363  -0.0872
  238.5     5.85  34.403  -0.0793
  238.9     5.86  34.444  -0.0586
  239.2     5.85  34.487  -0.0527
  239.5     5.90  34.531  -0.0243
  239.8     5.90  34.571  -0.0150
  240.1     5.81  34.612  -0.0017
  240.4     5.84  34.653  -0.0441
  240.8     5.85  34.695  -0.0327
  241.1     5.81  34.734  -0.0389
  241.5     5.87  34.773  -0.0407
  241.7     5.83  34.816  -0.0553
  242.0     5.87  34.859  -0.0629
  242.4     5.86  34.899  -0.0606
  242.8     5.86  34.938  -0.0595
  243.0     5.79  34.978  -0.0587
  243.3     5.82  35.017  -0.0417
  243.6     5.86  35.055  -0.0554
  243.9     5.81  35.097  -0.0510
  244.3     5.78  35.140  -0.0446
  244.6     5.79  35.179  -0.0436
  244.8     5.78  35.219  -0.0450
  245.1     5.68  35.260  -0.0316
  245.4     5.71  35.300  -0.0259
  245.8     5.66  35.343  -0.0229
  246.1     5.74  35.386  -0.0034
  246.4     5.65  35.425   0.0175
  246.7     5.73  35.466   0.0216
  247.1     5.70  35.510   0.0414
  247.4     5.65  35.555   0.0368
  247.7     5.64  35.597   0.0435
  248.0     5.65  35.639   0.0589
  248.3     5.61  35.676   0.0513
  248.6     5.58  35.719   0.0175
  249.0     5.65  35.760   0.0185
  249.3     5.61  35.801   0.0409
  249.6     5.53  35.844   0.0499
  249.9     5.57  35.887   0.0865
  250.2     5.52  35.926   0.0674
  250.6     5.60  35.967   0.0686
  250.8     5.56  36.004   0.0634
  251.1     5.55  36.043   0.1010
  251.5     5.59  36.084   0.1326
  251.8     5.54  36.124   0.1121
  252.1     5.59  36.164   0.1126
  252.4     5.55  36.204   0.1232
  252.6     5.51  36.243   0.1566
  253.0     5.52  36.282   0.1496
  253.4     5.44  36.322   0.1740
  253.6     5.54  36.362   0.2092
  253.9     5.54  36.405   0.2497
  254.2     5.49  36.448   0.2438
  254.6     5.45  36.491   0.2371
  254.9     5.46  36.534   0.2100
  255.2     5.45  36.578   0.1679
  255.5     5.42  36.619   0.1533
  255.8     5.44  36.661   0.1605
  256.2     5.45  36.701   0.1956
  256.5     5.46  36.741   0.2078
  256.8     5.41  36.785   0.2136
  257.1     5.38  36.823   0.2408
  257.4     5.40  36.866   0.2498
  257.7     5.38  36.908   0.2947
  258.1     5.44  36.944   0.3050
  258.4     5.44  36.984   0.3212
  258.7     5.36  37.022   0.3307
  258.9     5.37  37.060   0.3346
  259.2     5.40  37.101   0.3376
  259.6     5.35  37.142   0.3378
  259.9     5.32  37.182   0.3381
  260.2     5.36  37.224   0.3488
  260.4     5.37  37.263   0.3529
  260.8     5.34  37.301   0.3589
  261.1     5.34  37.342   0.3603
  261.4     5.30  37.382   0.3646
  261.6     5.29  37.423   0.3632
  262.0     5.31  37.465   0.3603
  262.4     5.34  37.508   0.3630
  262.6     5.29  37.551   0.3628
  262.9     5.31  37.592   0.3647
  263.3     5.28  37.632   0.3679
  263.6     5.25  37.674   0.3663
  263.9     5.31  37.716   0.3653
  264.3     5.25  37.756   0.3658
  264.6     5.23  37.799   0.3682
  264.9     5.34  37.842   0.3715
  265.2     5.32  37.883   0.3721
  265.4     5.22  37.921   0.3668
  265.8     5.26  37.960   0.3655
  266.2     5.31  37.996   0.3691
  266.4     5.27  38.034   0.3729
  266.8     5.21  38.076   0.3686
  267.1     5.27  38.115   0.3675
  267.4     5.29  38.155   0.3712
  267.7     5.24  38.198   0.3696
  268.0     5.26  38.236   0.3705
  268.3     5.23  38.275   0.3715
  268.6     5.22  38.314   0.3756
  268.9     5.26  38.356   0.3723
  269.2     5.25  38.396   0.3717
  269.6     5.20  38.439   0.3726
  269.9     5.21  38.482   0.3718
  270.3     5.25  38.524   0.3720
  270.5     5.26  38.564   0.3681
  270.8     5.14  38.607   0.3684
  271.1     5.25  38.650   0.3685
  271.5     5.27  38.690   0.3669
  271.8     5.31  38.733   0.3667
  272.1     5.11  38.775   0.3662
  272.4     5.18  38.815   0.3628
  272.8     5.16  38.857   0.3694
  273.0     5.23  38.898   0.3692
  273.4     5.18  38.936   0.3666
  273.7     5.14  38.975   0.3624
  273.9     5.17  39.013   0.3664
  274.2     5.21  39.053   0.3681
  274.5     5.16  39.094   0.3698
  274.9     5.13  39.133   0.3727
  275.3     5.18  39.172   0.3667
  275.5     5.14  39.213   0.3647
  275.8     5.11  39.251   0.3701
  276.1     5.08  39.293   0.3660
  276.4     5.10  39.335   0.3681
  276.8     5.12  39.375   0.3668
  277.0     5.09  39.417   0.3654
  277.4     5.11  39.459   0.3717
  277.7     5.06  39.500   0.3742
  278.0     5.05  39.543   0.3751
  278.3     5.12  39.585   0.3804
  278.7     5.05  39.625   0.3800
  279.0     5.02  39.665   0.3750
  279.3     5.04  39.706   0.3817
  279.6     5.07  39.746   0.3795
  279.8     5.07  39.788   0.3849
  280.2     5.05  39.828   0.3842
  280.6     5.05  39.868   0.3813
  280.8     5.04  39.907   0.3836
  281.2     5.02  39.945   0.3881
  281.4     5.05  39.982   0.3837
  281.7     5.02  40.022   0.3830
  282.0     5.00  40.063   0.3874
  282.3     5.01  40.104   0.3886
  282.6     5.01  40.145   0.3850
  283.0     4.99  40.186   0.3866
  283.2     5.00  40.224   0.3827
  283.5     5.05  40.263   0.3823
  283.9     5.00  40.304   0.3898
  284.2     5.04  40.346   0.3922
  284.5     4.96  40.388   0.3885
  284.9     4.99  40.430   0.3875
  285.2     4.94  40.472   0.3880
  285.4     4.96  40.514   0.3901
  285.7     5.02  40.554   0.3889
  286.1     4.90  40.596   0.3896
  286.5     4.98  40.636   0.3911
  286.8     5.00  40.676   0.3804
  287.1     4.92  40.717   0.3849
  287.4     4.99  40.758   0.3858
  287.6     4.99  40.800   0.3832
  288.0     4.95  40.843   0.3812
  288.3     4.92  40.881   0.3795
  288.5     4.93  40.920   0.3797
  288.9     4.97  40.958   0.3809
  289.1     4.94  40.997   0.3795
  289.5     4.93  41.039   0.3722
  289.9     4.95  41.080   0.3763
  290.1     4.97  41.117   0.3786
  290.5     4.95  41.157   0.3820
  290.8     4.91  41.196   0.3819
  291.1     4.93  41.236   0.3776
  291.4     4.92  41.278   0.3790
  291.8     4.94  41.320   0.3844
  292.1     4.93  41.360   0.3844
  292.4     4.87  41.404   0.3787
  292.7     4.89  41.448   0.3757
  293.1     4.91  41.493   0.3787
  293.5     4.87  41.532   0.3830
  293.8     4.92  41.573   0.3852
  294.1     4.88  41.613   0.3860
  294.4     4.88  41.653   0.3840
  294.7     4.92  41.693   0.3865
  295.0     4.93  41.733   0.3818
  295.3     4.91  41.775   0.3807
  295.7     4.96  41.816   0.3917
  295.9     4.86  41.857   0.3913
  296.3     4.86  41.896   0.3896
  296.6     4.87  41.934   0.3864
  296.9     4.86  41.974   0.3896
  297.2     4.82  42.013   0.3941
  297.5     4.86  42.053   0.3888
  297.9     4.74  42.095   0.3908
  298.2     4.89  42.135   0.3889
  298.4     4.83  42.174   0.3820
  298.7     4.81  42.212   0.3879
  299.0     4.88  42.251   0.3929
  299.4     4.86  42.292   0.3920
  299.7     4.84  42.333   0.4362
  299.9     4.75  42.376   0.4811
  300.4     4.79  42.419   0.4785
  300.6     4.84  42.462   0.4810
  301.0     4.75  42.502   0.4811
  301.3     4.80  42.544   0.4711
  301.6     4.61  42.586   0.4728
  302.0     4.77  42.625   0.4839
  302.2     4.74  42.666   0.4868
  302.6     4.75  42.708   0.4884
  302.9     4.80  42.748   0.4876
  303.3     4.77  42.790   0.4806
  303.6     4.66  42.832   0.4825
  303.9     4.75  42.871   0.4837
  304.1     4.73  42.910   0.4814
  304.5     4.71  42.948   0.4819
  304.8     4.80  42.986   0.4832
  305.1     4.73  43.028   0.4799
  305.4     4.71  43.068   0.4780
  305.7     4.75  43.108   0.4794
  306.0     4.69  43.147   0.4794
  306.4     4.67  43.188   0.4754
  306.7     4.71  43.227   0.4809
  306.9     4.70  43.268   0.4576
  307.3     4.67  43.309   0.4380
  307.7     4.77  43.349   0.4389
  307.9     4.74  43.393   0.4422
  308.3     4.71  43.436   0.4579
  308.6     4.75  43.477   0.4604
  308.9     4.70  43.517   0.4437
  309.3     4.65  43.558   0.4502
  309.5     4.61  43.599   0.4477
  309.8     4.60  43.640   0.4501
  310.3     4.67  43.681   0.4406
  310.5     4.62  43.724   0.4579
  310.9     4.68  43.767   0.4559
  311.3     4.57  43.809   0.4513
  311.6     4.63  43.850   0.4405
  311.8     4.62  43.889   0.4421
  312.2     4.64  43.928   0.4255
  312.4     4.60  43.969   0.4289
  312.8     4.58  44.012   0.4382
  313.1     4.63  44.053   0.4178
  313.5     4.63  44.093   0.4049
  313.7     4.56  44.134   0.4007
  314.1     4.58  44.174   0.4086
  314.4     4.55  44.214   0.4098
  314.8     4.63  44.255   0.3986
  315.1     4.61  44.298   0.3689
  315.4     4.55  44.338   0.3273
  315.7     4.57  44.378   0.2872
  316.0     4.63  44.423   0.1159
  316.4     4.58  44.467  -0.0494
  316.8     4.58  44.508  -0.0498
  317.0     4.58  44.550  -0.0518
  317.4     4.58  44.590  -0.0575
  317.7     4.54  44.629  -0.0505
  318.1     4.59  44.672  -0.0481
  318.4     4.62  44.712  -0.0480
  318.8     4.65  44.756  -0.0492
  319.0     4.61  44.799  -0.0498
  319.3     4.55  44.838  -0.0532
  319.7     4.56  44.879  -0.0543
  320.0     4.60  44.917  -0.0570
  320.3     4.55  44.956  -0.0627
  320.7     4.56  44.998  -0.0704
  321.0     4.56  45.038  -0.0742
  321.2     4.56  45.076  -0.0842
  321.7     4.55  45.117  -0.0854
  321.9     4.57  45.157  -0.0808
  322.2     4.50  45.195  -0.0810
  322.6     4.53  45.236  -0.0804
  322.8     4.52  45.277  -0.0808
  323.1     4.51  45.318  -0.0786
  323.5     4.51  45.359  -0.0726
  323.8     4.48  45.401  -0.0712
  324.1     4.49  45.445  -0.0712
  324.5     4.48  45.489  -0.0693
  324.8     4.39  45.529  -0.0716
  325.2     4.48  45.571  -0.0675
  325.5     4.49  45.613  -0.0693
  325.8     4.48  45.654  -0.0699
  326.2     4.50  45.698  -0.0657
  326.4     4.43  45.740  -0.0554
  326.8     4.46  45.781  -0.0538
  327.2     4.44  45.823  -0.0580
  327.5     4.49  45.862  -0.0563
  327.8     4.48  45.903  -0.0572
  328.1     4.43  45.942  -0.0601
  328.4     4.45  45.981  -0.0553
  328.7     4.40  46.023  -0.0491
  329.1     4.45  46.064  -0.0507
  329.5     4.38  46.104  -0.0503
  329.8     4.41  46.144  -0.0495
  330.0     4.39  46.182  -0.0523
  330.4     4.42  46.222  -0.0558
  330.6     4.42  46.262  -0.0499
  330.9     4.42  46.304  -0.0545
  331.3     4.42  46.344  -0.0558
  331.7     4.43  46.388  -0.0550
  332.0     4.36  46.430  -0.0554
  332.2     4.43  46.471  -0.0519
  332.7     4.38  46.512  -0.0520
  333.0     4.44  46.552  -0.0524
  333.3     4.42  46.591  -0.0479
  333.5     4.43  46.632  -0.0501
  334.0     4.39  46.673  -0.0562
  334.2     4.40  46.712  -0.0559
  334.5     4.35  46.757  -0.0584
  334.9     4.39  46.796  -0.0605
  335.1     4.38  46.836  -0.0530
  335.5     4.34  46.873  -0.0540
  335.8     4.38  46.909  -0.0545
  336.1     4.36  46.949  -0.0521
  336.3     4.26  46.991  -0.0487
  336.8     4.35  47.031  -0.0471
  337.0     4.33  47.072  -0.0489
  337.3     4.37  47.113  -0.0506
  337.6     4.31  47.153  -0.0530
  337.9     4.29  47.194  -0.0501
  338.2     4.29  47.234  -0.0495
  338.4     4.22  47.274  -0.0508
  338.8     4.26  47.315  -0.0507
  339.2     4.29  47.358  -0.0528
  339.5     4.26  47.402  -0.0538
  339.9     4.30  47.445  -0.0542
  340.3     4.27  47.485  -0.0592
  340.6     4.23  47.524  -0.0563
  340.9     4.27  47.567  -0.0534
  341.2     4.23  47.608  -0.0505
  341.6     4.20  47.650  -0.0569
  342.0     4.30  47.693  -0.0510
  342.2     4.25  47.733  -0.0563
  342.5     4.27  47.774  -0.0526
  342.9     4.22  47.814  -0.0517
  343.2     4.24  47.852  -0.0499
  343.4     4.22  47.891  -0.0516
  343.8     4.20  47.930  -0.0537
  344.1     4.21  47.970  -0.0529
  344.4     4.25  48.010  -0.0525
  344.7     4.30  48.051  -0.0537
  345.0     4.23  48.091  -0.0535
  345.3     4.18  48.130  -0.0559
  345.7     4.22  48.169  -0.0616
  346.0     4.18  48.211  -0.0573
  346.3     4.20  48.254  -0.0561
  346.6     4.22  48.295  -0.0575
  346.9     4.17  48.336  -0.0576
  347.3     4.16  48.380  -0.0583
  347.6     4.19  48.423  -0.0542
  348.0     4.21  48.465  -0.0542
  348.3     4.19  48.506  -0.0577
  348.6     4.19  48.544  -0.0585
  348.9     4.20  48.584  -0.0571
  349.3     4.16  48.626  -0.0591
  349.5     4.21  48.667  -0.0558
  349.9     4.24  48.711  -0.0571
  350.2     4.24  48.753  -0.0603
  350.5     4.21  48.793  -0.0597
  350.9     4.17  48.834  -0.0621
  351.1     4.13  48.871  -0.0604
  351.5     4.12  48.910  -0.0602
  351.7     4.11  48.951  -0.0596
  352.1     4.14  48.991  -0.0577
  352.4     4.18  49.032  -0.0538
  352.7     4.17  49.072  -0.0539
  352.9     4.13  49.112  -0.0614
  353.3     4.16  49.151  -0.0611
  353.7     4.17  49.190  -0.0557
  354.0     4.18  49.229  -0.0581
  354.2     4.16  49.271  -0.0582
  354.4     4.22  49.314  -0.0587
  354.9     4.18  49.356  -0.0538
  355.3     4.19  49.398  -0.0588
  355.6     4.18  49.442  -0.0581
  355.9     4.14  49.481  -0.0570
  356.1     4.11  49.523  -0.0594
  356.5     4.14  49.563  -0.0580
  356.8     4.17  49.605  -0.0626
  357.1     4.16  49.645  -0.0618
  357.5     4.10  49.686  -0.0604
  357.7     4.12  49.727  -0.0594
  358.1     4.05  49.768  -0.0583
  358.4     4.05  49.805  -0.0621
  358.5     4.06  49.845  -0.0625
  358.9     4.11  49.886  -0.0617
  359.2     4.05  49.925  -0.0599
  359.5     4.00  49.967  -0.0610
  359.8     4.05  50.007  -0.0575
  360.1     4.05  50.046  -0.0570
  360.5     4.09  50.086  -0.0590
  360.7     3.97  50.125  -0.0609
  361.1     4.01  50.164  -0.0576
  361.4     4.00  50.207  -0.0570
  361.7     4.04  50.248  -0.0594
  361.9     4.06  50.288  -0.0574
  362.3     4.04  50.331  -0.0598
  362.6     4.02  50.375  -0.0563
  362.9     4.05  50.419  -0.0537
  363.3     4.02  50.465  -0.0595
  363.7     3.97  50.507  -0.0559
  364.0     3.98  50.550  -0.0558
  364.4     4.02  50.593  -0.0546
  364.7     4.04  50.636  -0.0598
  365.0     3.98  50.680  -0.0604
  365.2     3.99  50.724  -0.0596
  365.6     3.94  50.767  -0.0603
  366.0     3.99  50.810  -0.0598
  366.3     3.98  50.852  -0.0582
  366.7     3.97  50.895  -0.0606
  366.9     4.02  50.938  -0.0615
  367.3     4.04  50.982  -0.0563
  367.6     4.00  51.024  -0.0603
  368.0     4.02  51.068  -0.0564
  368.2     3.92  51.109  -0.0562
  368.6     4.03  51.152  -0.0575
  368.9     3.89  51.196  -0.0587
  369.3     3.96  51.241  -0.0626
  369.6     3.95  51.285  -0.0593
  369.9     3.97  51.327  -0.0552
  370.3     3.92  51.369  -0.0557
  370.6     3.96  51.413  -0.0581
  371.0     3.92  51.455  -0.0590
  371.4     3.99  51.498  -0.0606
  371.6     3.93  51.542  -0.0614
  371.9     3.88  51.585  -0.0596
  372.4     3.96  51.627  -0.0603
  372.6     3.94  51.671  -0.0644
  372.9     3.98  51.717  -0.0632
  373.3     3.99  51.757  -0.0585
  373.5     3.87  51.800  -0.0634
  374.0     3.95  51.839  -0.0634
  374.2     4.00  51.881  -0.0650
  374.5     3.84  51.925  -0.0668
  375.0     3.90  51.968  -0.0662
  375.3     3.97  52.011  -0.0643
  375.6     3.85  52.055  -0.0634
  375.9     3.89  52.096  -0.0593
  376.1     3.86  52.139  -0.0591
  376.5     3.83  52.184  -0.0615
  377.0     3.94  52.228  -0.0627
  377.2     3.91  52.271  -0.0583
  377.5     3.80  52.314  -0.0589
  377.8     3.82  52.356  -0.0623
  378.1     3.88  52.398  -0.0584
  378.5     3.73  52.440  -0.0604
  378.8     3.89  52.481  -0.0581
  379.1     3.85  52.522  -0.0580
  379.5     3.84  52.563  -0.0637
  379.7     3.82  52.603  -0.0584
  380.0     3.84  52.644  -0.0586
  380.4     3.80  52.686  -0.0611
  380.8     3.84  52.725  -0.0609
  381.0     3.81  52.763  -0.0720
  381.2     3.77  52.801  -0.0667
  381.5     3.81  52.841  -0.0677
  381.9     3.82  52.880  -0.0688
  382.2     3.83  52.920  -0.0666
  382.6     3.83  52.960  -0.0670
  382.7     3.82  53.000  -0.0654
  383.1     3.87  53.043  -0.0668
  383.3     3.78  53.079  -0.0687
  383.6     3.81  53.117  -0.0647
  384.0     3.70  53.159  -0.0655
  384.2     3.72  53.199  -0.0671
  384.6     3.75  53.239  -0.0743
  384.9     3.73  53.282  -0.0746
  385.2     3.73  53.325  -0.0687
  385.5     3.80  53.365  -0.0660
  385.9     3.87  53.405  -0.0631
  386.2     3.76  53.446  -0.0663
  386.5     3.79  53.487  -0.0697
  386.7     3.76  53.527  -0.0643
  387.1     3.77  53.569  -0.0655
  387.3     3.71  53.611  -0.0628
  387.7     3.74  53.654  -0.0649
  388.1     3.78  53.696  -0.0611
  388.3     3.72  53.737  -0.0657
  388.7     3.75  53.776  -0.0664
  389.0     3.79  53.815  -0.0625
  389.3     3.72  53.853  -0.0629
  389.6     3.76  53.893  -0.0637
  389.9     3.82  53.933  -0.0643
  390.2     3.82  53.973  -0.0628
  390.4     3.72  54.012  -0.0660
  390.8     3.68  54.054  -0.0701
  391.0     3.73  54.093  -0.0655
  391.4     3.72  54.133  -0.0654
  391.7     3.73  54.174  -0.0667
  392.0     3.71  54.213  -0.0644
  392.3     3.70  54.256  -0.0693
  392.7     3.69  54.299  -0.0688
  393.0     3.71  54.343  -0.0738
  393.4     3.77  54.385  -0.0754
  393.7     3.75  54.426  -0.0739
  394.0     3.67  54.466  -0.0736
  394.3     3.64  54.507  -0.0739
  394.6     3.74  54.549  -0.0633
  394.8     3.73  54.590  -0.0631
  395.2     3.73  54.632  -0.0632
  395.6     3.70  54.675  -0.0620
  395.9     3.67  54.717  -0.0617
  396.2     3.69  54.755  -0.0680
  396.4     3.70  54.794  -0.0679
  396.8     3.66  54.832  -0.0754
  397.1     3.67  54.871  -0.0765
  397.3     3.69  54.910  -0.0733
  397.7     3.66  54.950  -0.0752
  398.0     3.71  54.992  -0.0773
  398.3     3.68  55.033  -0.0719
  398.6     3.61  55.072  -0.0770
  399.0     3.70  55.111  -0.0728
  399.2     3.64  55.152  -0.0733
  399.4     3.64  55.193  -0.0745
  399.8     3.64  55.236  -0.0760
  400.1     3.59  55.278  -0.0768
  400.5     3.62  55.323  -0.0838
  400.8     3.61  55.364  -0.0847
  401.3     3.76  55.404  -0.0812
  401.4     3.69  55.447  -0.0767
  401.8     3.64  55.486  -0.0873
  402.2     3.61  55.526  -0.0865
  402.4     3.61  55.569  -0.0871
  402.7     3.57  55.611  -0.0905
  403.0     3.57  55.656  -0.0879
  403.4     3.55  55.696  -0.0913
  403.7     3.67  55.734  -0.0989
  403.9     3.59  55.774  -0.0982
  404.3     3.57  55.812  -0.0925
  404.5     3.55  55.851  -0.0943
  404.9     3.63  55.891  -0.1028
  405.1     3.60  55.932  -0.1046
  405.5     3.64  55.973  -0.1132
  405.8     3.63  56.014  -0.1158
  406.0     3.66  56.054  -0.1176
  406.4     3.53  56.094  -0.1272
  406.7     3.61  56.136  -0.1402
  407.1     3.57  56.176  -0.1250
  407.3     3.52  56.219  -0.1235
  407.6     3.62  56.262  -0.1146
  408.0     3.51  56.304  -0.1089
  408.2     3.50  56.347  -0.1093
  408.6     3.54  56.388  -0.1049
  409.0     3.54  56.428  -0.1042
  409.2     3.54  56.467  -0.0960
  409.5     3.52  56.509  -0.1112
  409.8     3.53  56.549  -0.1131
  410.2     3.52  56.591  -0.1037
  410.5     3.57  56.635  -0.0733
  410.9     3.56  56.675  -0.0803
  411.2     3.52  56.716  -0.0764
  411.5     3.54  56.756  -0.0646
  411.8     3.55  56.795  -0.0841
  412.1     3.48  56.834  -0.0868
  412.3     3.45  56.875  -0.0778
  412.7     3.47  56.917  -0.0638
  412.9     3.50  56.958  -0.0398
  413.3     3.45  56.999  -0.0767
  413.6     3.47  57.040  -0.0272
  413.9     3.50  57.079  -0.0677
  414.2     3.56  57.120  -0.1136
  414.5     3.49  57.162  -0.0947
  414.9     3.48  57.205  -0.0902
  415.1     3.47  57.247  -0.0881
  415.5     3.45  57.290  -0.0939
  415.8     3.51  57.332  -0.1071
  416.1     3.49  57.371  -0.0803
  416.5     3.53  57.414  -0.0980
  416.8     3.43  57.454  -0.0952
  417.0     3.41  57.492  -0.0857
  417.3     3.43  57.535  -0.0886
  417.7     3.43  57.578  -0.1094
  417.9     3.40  57.619  -0.1119
  418.3     3.41  57.661  -0.1041
  418.6     3.39  57.700  -0.0940
  418.8     3.35  57.740  -0.0877
  419.1     3.41  57.780  -0.0807
  419.5     3.37  57.819  -0.0611
  419.8     3.43  57.861  -0.0534
  420.0     3.38  57.903  -0.0926
  420.4     3.40  57.942  -0.0974
  420.7     3.43  57.982  -0.1028
  421.0     3.37  58.022  -0.1004
  421.3     3.38  58.061  -0.0937
  421.6     3.36  58.102  -0.0909
  421.9     3.40  58.143  -0.0814
  422.2     3.32  58.183  -0.0894
  422.6     3.42  58.227  -0.0870
  422.9     3.38  58.269  -0.0728
  423.2     3.38  58.314  -0.0866
  423.5     3.40  58.354  -0.0978
  423.8     3.43  58.394  -0.0974
  424.1     3.32  58.437  -0.0983
  424.5     3.43  58.476  -0.0968
  424.8     3.40  58.516  -0.0934
  425.1     3.39  58.560  -0.0888
  425.5     3.41  58.603  -0.0935
  425.7     3.35  58.644  -0.0644
  426.1     3.34  58.684  -0.0686
  426.3     3.40  58.723  -0.0360
  426.7     3.35  58.764  -0.0251
  426.9     3.34  58.804  -0.0362
  427.3     3.38  58.844  -0.0398
  427.6     3.38  58.886  -0.0462
  427.9     3.42  58.927  -0.0408
  428.2     3.38  58.967  -0.0456
  428.5     3.36  59.008  -0.0392
  428.8     3.38  59.047  -0.0423
  429.1     3.33  59.087  -0.0494
  429.4     3.28  59.129  -0.0438
  429.7     3.35  59.170  -0.0496
  430.0     3.34  59.211  -0.0522
  430.4     3.30  59.255  -0.0444
  430.7     3.36  59.298  -0.0574
  431.0     3.32  59.338  -0.0761
  431.4     3.41  59.379  -0.0664
  431.6     3.29  59.420  -0.0420
  431.9     3.34  59.458  -0.0476
  432.3     3.33  59.500  -0.0451
  432.6     3.33  59.543  -0.0529
  432.9     3.29  59.585  -0.0439
  433.4     3.32  59.627  -0.0344
  433.5     3.32  59.665  -0.0490
  433.8     3.32  59.704  -0.0536
  434.2     3.30  59.743  -0.0534
  434.4     3.32  59.781  -0.0450
  434.7     3.26  59.824  -0.0385
  435.0     3.29  59.866  -0.0447
  435.4     3.25  59.907  -0.0352
  435.7     3.28  59.947  -0.0357
  436.0     3.30  59.988  -0.0326
  436.4     3.24  60.027  -0.0285
  436.6     3.31  60.069  -0.0204
  436.9     3.27  60.110  -0.0218
  437.3     3.29  60.153  -0.0232
  437.6     3.26  60.197  -0.0416
  437.8     3.30  60.239  -0.0465
  438.2     3.28  60.284  -0.0552
  438.5     3.26  60.328  -0.0505
  438.8     3.19  60.366   0.0622
  439.1     3.28  60.408   0.0715
  439.5     3.32  60.448  -0.0447
  439.8     3.29  60.490   0.0552
  440.0     3.26  60.531   0.0586
  440.5     3.23  60.575   0.0577
  440.8     3.28  60.615  -0.0345
  441.0     3.22  60.655  -0.0567
  441.4     3.21  60.693  -0.0494
  441.6     3.14  60.731  -0.0741
  441.8     3.15  60.770  -0.0480
  442.3     3.19  60.810  -0.0526
  442.5     3.17  60.851  -0.0520
  442.9     3.16  60.893  -0.0377
  443.2     3.17  60.934  -0.0421
  443.5     3.16  60.975  -0.0300
  443.7     3.16  61.015  -0.0399
  444.2     3.19  61.053  -0.0439
  444.3     3.18  61.096  -0.0399
  444.7     3.16  61.138  -0.0485
  445.0     3.18  61.178  -0.0436
  445.3     3.15  61.223  -0.0445
  445.6     3.14  61.266  -0.0481
  445.9     3.14  61.305  -0.0516
  446.1     3.14  61.347  -0.0364
  446.5     3.12  61.388  -0.0281
  446.8     3.12  61.429  -0.0259
  447.1     3.13  61.470  -0.0298
  447.3     3.10  61.510  -0.0223
  447.8     3.09  61.550  -0.0205
  448.0     3.16  61.595  -0.0181
  448.3     3.20  61.634  -0.0158
  448.7     3.14  61.675  -0.0211
  449.0     3.09  61.716  -0.0280
  449.4     3.19  61.756  -0.0220
  449.5     3.13  61.797  -0.0237
  449.9     3.13  61.839  -0.0030
  450.3     3.17  61.879  -0.0011
  450.5     3.08  61.920   0.0036
  451.0     3.18  61.961   0.0506
  451.2     3.20  62.001   0.0549
  451.5     3.12  62.040   0.0824
  451.8     3.12  62.082   0.0702
  452.1     3.16  62.122   0.0688
  452.4     3.15  62.165   0.0666
  452.7     3.11  62.209   0.0521
  453.0     3.14  62.253   0.0794
  453.5     3.14  62.294   0.0503
  453.7     3.09  62.333   0.0594
  454.1     3.10  62.374   0.0482
  454.4     3.14  62.415   0.1227
  454.6     3.08  62.457   0.0580
  454.9     3.14  62.500   0.0511
  455.3     3.12  62.543   0.0165
  455.7     3.06  62.585   0.0188
  455.9     3.13  62.625   0.0167
  456.3     3.12  62.664   0.0333
  456.5     3.10  62.703   0.0303
  456.9     3.18  62.741   0.0658
  457.2     3.19  62.780   0.0845
  457.6     3.14  62.823   0.0559
  457.8     3.15  62.863   0.0485
  458.3     3.14  62.903   0.0197
  458.5     3.13  62.944   0.0151
  458.8     3.12  62.983   0.0066
  459.1     3.06  63.023  -0.0033
  459.4     3.14  63.066  -0.0060
  459.6     3.06  63.109  -0.0286
  459.9     3.08  63.149  -0.0000
  460.3     3.06  63.193  -0.0103
  460.7     3.09  63.237  -0.0152
  461.0     3.07  63.280  -0.0172
  461.3     3.04  63.325  -0.0129
  461.6     3.05  63.365  -0.0081
  461.9     3.09  63.405   0.0113
  462.3     3.09  63.447   0.0142
  462.5     3.04  63.489   0.0043
  462.9     3.05  63.533  -0.0141
  463.2     3.09  63.576  -0.0181
  463.6     3.11  63.616  -0.0020
  463.9     3.10  63.656  -0.0017
  464.1     3.02  63.695  -0.0012
  464.4     3.04  63.732  -0.0025
  464.7     3.08  63.773  -0.0209
  465.1     3.03  63.813  -0.0101
  465.3     3.02  63.853  -0.0132
  465.5     2.89  63.892  -0.0111
  465.9     2.98  63.933  -0.0144
  466.2     2.99  63.973  -0.0160
  466.5     3.06  64.013  -0.0212
  466.7     3.03  64.055  -0.0283
  467.2     3.09  64.099  -0.0233
  467.4     3.02  64.142  -0.0196
  467.8     3.06  64.184  -0.0267
  468.1     3.05  64.229  -0.0143
  468.4     3.05  64.270   0.0023
  468.8     3.10  64.310  -0.0084
  469.0     3.00  64.353  -0.0105
  469.3     3.00  64.394  -0.0055
  469.6     3.01  64.434   0.0037
  469.9     3.05  64.477   0.0071
  470.2     3.02  64.518  -0.0062
  470.6     3.01  64.561  -0.0224
  470.9     3.09  64.603  -0.0311
  471.2     3.07  64.641  -0.0371
  471.5     3.03  64.680  -0.0344
  471.8     2.97  64.719  -0.0407
  472.0     3.04  64.759  -0.0371
  472.4     3.02  64.801  -0.0383
  472.7     3.01  64.843  -0.0405
  473.0     3.03  64.882  -0.0407
  473.3     3.03  64.923  -0.0247
  473.6     3.07  64.962  -0.0229
  473.8     3.00  65.002  -0.0291
  474.1     2.96  65.044  -0.0290
  474.4     2.98  65.086  -0.0275
  474.8     2.93  65.126  -0.0277
  475.0     2.97  65.169  -0.0252
  475.4     2.96  65.211  -0.0365
  475.7     3.00  65.255  -0.0329
  476.0     2.97  65.298  -0.0380
  476.5     2.98  65.339  -0.0441
  476.6     3.00  65.380  -0.0439
  477.0     3.00  65.421  -0.0389
  477.3     3.04  65.463  -0.0396
  477.5     2.97  65.506  -0.0448
  478.0     3.00  65.550  -0.0416
  478.3     3.04  65.590  -0.0421
  478.6     3.03  65.629  -0.0430
  478.8     3.08  65.669  -0.0387
  479.1     3.00  65.708  -0.0418
  479.5     2.98  65.749  -0.0492
  479.7     2.95  65.788  -0.0543
  480.1     2.99  65.829  -0.0509
  480.3     2.98  65.870  -0.0528
  480.6     3.00  65.911  -0.0543
  481.0     3.03  65.950  -0.0533
  481.3     2.95  65.991  -0.0604
  481.6     3.02  66.032  -0.0597
  481.9     2.89  66.074  -0.0642
  482.2     3.01  66.115  -0.0644
  482.5     3.04  66.159  -0.0645
  482.9     2.98  66.203  -0.0631
  483.2     2.93  66.245  -0.0727
  483.5     2.93  66.287  -0.0691
  483.8     2.93  66.332  -0.0637
  484.2     2.95  66.373  -0.0641
  484.4     3.00  66.414  -0.0640
  484.8     2.89  66.455  -0.0645
  485.1     2.95  66.496  -0.0559
  485.4     2.94  66.540  -0.0550
  485.7     2.96  66.583  -0.0475
  486.1     2.93  66.623  -0.0406
  486.4     2.95  66.661  -0.0403
  486.6     2.96  66.700  -0.0517
  487.0     2.95  66.737  -0.0537
  487.2     2.92  66.779  -0.0621
  487.6     2.92  66.821  -0.0650
  487.8     2.86  66.861  -0.0588
  488.1     2.87  66.902  -0.0582
  488.5     2.88  66.943  -0.0598
  488.7     2.82  66.982  -0.0559
  489.0     2.83  67.024  -0.0414
  489.4     2.89  67.065  -0.0445
  489.6     2.89  67.106  -0.0498
  490.0     2.83  67.150  -0.0497
  490.2     2.88  67.192  -0.0600
  490.7     2.85  67.235  -0.0622
  491.0     2.83  67.275  -0.0592
  491.3     2.85  67.314  -0.0620
  491.5     2.88  67.357  -0.0610
  491.9     2.84  67.396  -0.0502
  492.1     2.83  67.437  -0.0527
  492.5     2.83  67.480  -0.0475
  492.8     2.84  67.525  -0.0341
  493.2     2.89  67.565   0.0073
  493.5     2.88  67.606   0.1204
  493.7     2.89  67.645   0.1286
  494.0     2.89  67.684   0.1202
  494.4     2.91  67.722   0.1314
  494.7     2.95  67.761   0.0833
  495.1     2.91  67.799   0.0865
  495.2     2.89  67.841   0.0779
  495.6     2.84  67.883   0.0661
  495.9     2.85  67.923   0.0964
  496.1     2.84  67.963   0.1074
  496.5     2.86  68.004   0.1491
  496.8     2.85  68.045   0.1801
  497.2     2.87  68.088   0.1705
  497.4     2.84  68.128   0.1704
  497.7     2.82  68.172   0.1683
  498.0     2.80  68.214   0.1715
  498.3     2.85  68.253   0.1909
  498.6     2.75  68.294   0.2006
  498.9     2.76  68.336   0.1943
  499.3     2.83  68.375   0.1868
  499.5     2.84  68.416   0.1809
  499.8     2.84  68.460   0.1513
  500.1     2.80  68.500   0.1062
  500.5     2.85  68.542   0.0983
  500.9     2.84  68.581   0.1051
  501.1     2.81  68.620   0.1310
  501.4     2.87  68.659   0.1374
  501.7     2.84  68.697   0.1581
  502.1     2.84  68.737   0.1691
  502.2     2.80  68.778   0.1835
  502.6     2.75  68.818   0.1972
  502.9     2.79  68.859   0.1519
  503.1     2.82  68.900   0.1097
  503.4     2.84  68.938   0.1284
  503.8     2.85  68.980   0.1331
  504.1     2.78  69.022   0.1489
  504.5     2.85  69.062   0.1449
  504.7     2.84  69.106   0.1444
  505.1     2.83  69.150   0.1543
  505.4     2.81  69.192   0.1468
  505.7     2.91  69.234   0.1440
  506.0     2.80  69.275   0.1544
  506.3     2.79  69.314   0.1536
  506.6     2.82  69.357   0.1504
  506.9     2.80  69.399   0.1391
  507.2     2.79  69.440   0.1274
  507.5     2.78  69.483   0.1302
  507.9     2.72  69.524   0.1189
  508.3     2.81  69.563   0.1101
  508.5     2.79  69.600   0.1313
  508.7     2.82  69.638   0.1341
  509.1     2.78  69.678   0.1198
  509.3     2.82  69.718   0.1022
  509.7     2.81  69.758   0.0980
  509.9     2.78  69.798   0.0856
  510.3     2.79  69.838   0.0817
  510.6     2.84  69.879   0.0737
  510.9     2.79  69.918   0.0723
  511.3     2.82  69.958   0.0668
  511.5     2.83  70.000   0.0708
  511.8     2.85  70.041   0.1085
  512.1     2.73  70.084   0.1594
  512.4     2.81  70.126   0.1648
  512.8     2.75  70.171   0.1639
  513.1     2.79  70.213   0.1647
  513.5     2.84  70.256   0.1568
  513.7     2.77  70.297   0.1478
  514.1     2.77  70.338   0.1513
  514.3     2.76  70.378   0.1455
  514.6     2.76  70.419   0.1419
  515.0     2.80  70.459   0.1077
  515.3     2.74  70.502   0.1045
  515.6     2.85  70.543   0.1147
  515.9     2.79  70.584   0.1239
  516.2     2.75  70.624   0.1212
  516.6     2.84  70.663   0.1325
  516.9     2.80  70.703   0.1395
  517.1     2.77  70.744   0.1533
  517.4     2.74  70.785   0.0616
  517.6     2.77  70.825   0.0167
  518.0     2.79  70.867   0.0558
  518.3     2.72  70.904   0.0934
  518.6     2.77  70.945   0.0929
  518.9     2.77  70.985   0.0736
  519.2     2.77  71.026   0.0464
  519.5     2.79  71.069   0.0491
  520.0     2.82  71.112   0.0410
  520.1     2.76  71.156   0.0299
  520.5     2.76  71.199   0.0445
  520.8     2.70  71.240   0.0626
  521.1     2.73  71.279   0.0660
  521.5     2.71  71.319   0.0549
  521.7     2.75  71.359   0.0529
  522.0     2.66  71.400   0.0516
  522.4     2.72  71.444   0.0481
  522.7     2.70  71.486   0.0491
  523.0     2.77  71.527   0.0424
  523.2     2.71  71.568   0.0567
  523.6     2.73  71.606   0.0809
  523.9     2.71  71.645   0.1250
  524.2     2.75  71.684   0.1729
  524.6     2.82  71.723   0.1789
  524.9     2.88  71.764   0.1886
  525.4     2.92  71.805   0.1859
  525.4     2.74  71.845   0.1896
  525.7     2.78  71.884   0.1866
  526.0     2.71  71.924   0.1912
  526.4     2.84  71.963   0.1926
  526.7     2.77  72.005   0.1917
  526.9     2.78  72.046   0.1950
  527.2     2.68  72.090   0.1744
  527.5     2.70  72.132   0.1668
  527.8     2.69  72.177   0.1576
  528.1     2.65  72.219   0.1408
  528.4     2.69  72.259   0.1433
  528.7     2.65  72.300   0.1679
  529.0     2.64  72.340   0.1744
  529.4     2.74  72.381   0.1672
  529.7     2.70  72.420   0.1695
  530.0     2.71  72.463   0.1622
  530.3     2.68  72.505   0.1625
  530.6     2.71  72.543   0.1600
  530.9     2.64  72.584   0.1559
  531.3     2.65  72.625   0.1556
  531.5     2.68  72.663   0.1666
  531.8     2.68  72.706   0.1722
  532.1     2.52  72.747   0.1753
  532.4     2.63  72.785   0.1891
  532.7     2.68  72.826   0.2032
  533.0     2.64  72.865   0.2082
  533.3     2.67  72.905   0.2332
  533.6     2.63  72.948   0.2688
  533.9     2.60  72.988   0.2709
  534.2     2.65  73.029   0.2761
  534.5     2.63  73.071   0.2927
  534.8     2.64  73.113   0.2745
  535.1     2.67  73.154   0.2509
  535.4     2.63  73.198   0.2493
  535.8     2.63  73.236   0.2817
  536.0     2.60  73.279   0.2789
  536.4     2.69  73.320   0.2786
  536.7     2.68  73.360   0.2579
  537.0     2.62  73.402   0.2480
  537.4     2.66  73.444   0.2513
  537.6     2.66  73.486   0.2493
  538.0     2.71  73.528   0.2582
  538.3     2.76  73.565   0.2594
  538.5     2.71  73.605   0.2574
  538.9     2.71  73.644   0.2716
  539.1     2.70  73.685   0.2722
  539.4     2.66  73.728   0.2313
  539.7     2.65  73.769   0.2470
  540.1     2.63  73.808   0.2429
  540.3     2.65  73.850   0.2428
  540.6     2.65  73.889   0.2435
  540.9     2.65  73.931   0.2173
  541.2     2.66  73.973   0.2324
  541.5     2.63  74.014   0.2255
  541.8     2.69  74.057   0.2135
  542.1     2.62  74.100   0.2024
  542.5     2.69  74.145   0.2021
  542.8     2.67  74.188   0.1975
  543.1     2.65  74.230   0.1949
  543.5     2.65  74.269   0.1998
  543.8     2.68  74.308   0.1951
  544.1     2.65  74.351   0.1972
  544.4     2.62  74.390   0.1940
  544.7     2.74  74.432   0.1918
  544.9     2.66  74.475   0.1873
  545.3     2.68  74.513   0.1964
  545.7     2.64  74.554   0.2042
  545.8     2.68  74.592   0.1945
  546.2     2.74  74.633   0.1804
  546.5     2.79  74.673   0.1784
  546.8     2.72  74.715   0.2185
  547.1     2.70  74.756   0.2805
  547.4     2.70  74.796   0.2602
  548.0     2.80  74.835   0.2385
  548.1     2.79  74.876   0.2556
  548.5     2.83  74.917   0.2555
  548.8     2.82  74.956   0.2450
  549.1     2.80  74.997   0.2371
  549.5     2.93  75.040   0.2520
  549.7     2.79  75.083   0.2635
  550.1     2.82  75.127   0.2569
  550.3     2.87  75.169   0.2557
  550.6     2.83  75.209   0.2562
  550.8     2.64  75.251   0.2476
  551.2     2.64  75.292   0.1956
  551.5     2.74  75.334   0.1430
  551.8     2.80  75.376   0.1585
  552.2     2.77  75.420   0.1657
  552.4     2.75  75.461   0.1627
  552.7     2.70  75.501   0.1694
  553.0     2.68  75.538   0.1686
  553.3     2.62  75.578   0.1755
  553.5     2.63  75.616   0.1917
  553.9     2.70  75.656   0.1844
  554.2     2.68  75.697   0.1890
  554.5     2.66  75.738   0.1611
  554.9     2.68  75.778   0.1492
  555.2     2.67  75.821   0.1600
  555.4     2.63  75.861   0.1623
  555.8     2.62  75.899   0.1813
  556.0     2.68  75.941   0.1932
  556.4     2.66  75.982   0.2118
  556.8     2.69  76.022   0.2068
  557.0     2.67  76.065   0.2207
  557.4     2.67  76.109   0.2097
  557.6     2.60  76.149   0.2094
  557.9     2.60  76.191   0.2169
  558.3     2.70  76.230   0.2096
  558.6     2.62  76.270   0.2153
  558.8     2.63  76.311   0.2265
  559.0     2.62  76.353   0.2396
  559.3     2.63  76.394   0.2369
  559.8     2.61  76.438   0.2145
  560.1     2.65  76.478   0.1812
  560.3     2.59  76.516   0.1843
  560.6     2.58  76.555   0.1726
  560.9     2.63  76.593   0.1771
  561.2     2.66  76.633   0.1735
  561.5     2.60  76.672   0.1811
  561.7     2.59  76.712   0.2339
  562.1     2.59  76.754   0.3035
  562.4     2.63  76.794   0.2769
  562.7     2.58  76.834   0.2943
  563.0     2.61  76.875   0.2957
  563.3     2.57  76.916   0.2852
  563.6     2.58  76.956   0.3042
  564.0     2.63  76.999   0.2975
  564.2     2.56  77.041   0.2873
  564.5     2.62  77.085   0.3001
  564.9     2.65  77.128   0.3029
  565.3     2.67  77.168   0.2951
  565.5     2.63  77.210   0.2901
  565.9     2.62  77.251   0.2881
  566.1     2.63  77.291   0.2982
  566.4     2.60  77.331   0.2856
  566.6     2.60  77.375   0.2793
  567.0     2.67  77.417   0.2715
  567.3     2.55  77.457   0.2664
  567.6     2.52  77.497   0.2740
  567.9     2.55  77.538   0.2744
  568.3     2.54  77.578   0.2624
  568.5     2.60  77.618   0.2669
  568.7     2.56  77.658   0.2735
  569.1     2.57  77.700   0.2740
  569.3     2.63  77.739   0.2697
  569.7     2.56  77.779   0.2550
  570.0     2.62  77.818   0.2474
  570.2     2.61  77.858   0.2971
  570.5     2.57  77.902   0.3135
  570.9     2.61  77.942   0.3138
  571.2     2.60  77.981   0.3027
  571.4     2.59  78.024   0.3070
  571.8     2.61  78.068   0.3056
  572.1     2.59  78.109   0.3000
  572.5     2.63  78.152   0.3056
  572.8     2.58  78.194   0.3266
  573.0     2.59  78.233   0.3184
  573.3     2.60  78.274   0.3017
  573.5     2.57  78.316   0.3244
  574.0     2.59  78.357   0.3218
  574.2     2.58  78.400   0.3002
  574.6     2.60  78.440   0.3173
  574.8     2.61  78.481   0.3194
  575.1     2.64  78.519   0.3256
  575.6     2.62  78.556   0.3245
  575.8     2.62  78.594   0.3228
  576.1     2.61  78.634   0.3227
  576.4     2.57  78.675   0.3244
  576.6     2.66  78.715   0.2972
  577.0     2.58  78.757   0.3019
  577.3     2.59  78.796   0.3227
  577.6     2.60  78.837   0.3244
  577.9     2.58  78.880   0.3282
  578.2     2.65  78.920   0.3412
  578.5     2.64  78.962   0.3415
  578.8     2.63  79.005   0.3368
  579.2     2.61  79.047   0.3217
  579.5     2.62  79.089   0.3030
  579.8     2.59  79.131   0.3191
  580.2     2.62  79.173   0.3261
  580.5     2.60  79.213   0.3122
  580.8     2.61  79.253   0.3222
  581.1     2.61  79.295   0.3130
  581.4     2.56  79.338   0.3222
  581.8     2.62  79.380   0.3344
  582.0     2.65  79.423   0.3450
  582.4     2.59  79.464   0.3305
  582.7     2.56  79.501   0.3334
  582.8     2.59  79.540   0.3285
  583.2     2.56  79.579   0.3298
  583.5     2.60  79.620   0.3151
  583.8     2.55  79.662   0.3132
  584.0     2.57  79.702   0.3185
  584.4     2.54  79.742   0.3175
  584.6     2.52  79.783   0.3129
  585.0     2.54  79.822   0.3199
  585.3     2.50  79.865   0.3239
  585.6     2.56  79.907   0.3186
  585.9     2.49  79.947   0.3122
  586.2     2.50  79.991   0.3141
  586.4     2.59  80.035   0.3055
  586.9     2.55  80.077   0.3069
  587.2     2.50  80.118   0.3134
  587.5     2.52  80.160   0.3082
  587.8     2.51  80.201   0.3224
  587.9     2.56  80.242   0.3329
  588.4     2.56  80.283   0.3350
  588.6     2.56  80.324   0.3311
  588.9     2.57  80.366   0.3323
  589.3     2.54  80.409   0.3260
  589.6     2.52  80.449   0.2919
  589.9     2.55  80.488   0.2851
  590.1     2.56  80.526   0.3131
  590.5     2.52  80.565   0.3096
  590.7     2.57  80.604   0.3081
  591.1     2.59  80.643   0.3077
  591.2     2.56  80.685   0.3220
  591.6     2.58  80.728   0.3113
  591.9     2.53  80.769   0.2956
  592.2     2.59  80.807   0.2852
  592.5     2.49  80.849   0.2856
  592.8     2.53  80.888   0.2882
  593.2     2.57  80.930   0.2890
  593.4     2.53  80.975   0.3086
  593.8     2.49  81.021   0.2817
  594.2     2.52  81.066   0.2675
  594.4     2.55  81.108   0.2597
  594.8     2.53  81.150   0.2646
  595.1     2.56  81.192   0.2741
  595.4     2.56  81.232   0.2761
  595.6     2.49  81.274   0.2699
  596.0     2.52  81.317   0.2761
  596.3     2.51  81.360   0.2792
  596.6     2.62  81.403   0.2595
  596.9     2.52  81.443   0.2866
  597.2     2.57  81.482   0.2705
  597.5     2.53  81.522   0.2514
  597.8     2.51  81.563   0.2540
  598.1     2.53  81.604   0.2653
  598.3     2.55  81.646   0.2589
  598.8     2.51  81.686   0.2595
  599.0     2.51  81.727   0.2515
  599.3     2.55  81.766   0.2534
  599.6     2.51  81.805   0.2616
  599.9     2.46  81.847   0.2662
  600.2     2.45  81.888   0.2617
