   27.2     6.34   0.042   0.0040
   27.5     6.34   0.083   0.0087
   27.9     6.43   0.125   0.0035
   28.1     6.37   0.167  -0.0093
   28.6     6.40   0.207  -0.0012
   28.9     6.46   0.247  -0.0159
   29.1     6.48   0.289  -0.0127
   29.5     6.46   0.328  -0.0122
   29.7     6.44   0.369  -0.0147
   30.1     6.43   0.407  -0.0197
   30.3     6.42   0.446  -0.0181
   30.7     6.49   0.486  -0.0147
   31.0     6.48   0.526  -0.0217
   31.3     6.54   0.567  -0.0211
   31.5     6.51   0.609  -0.0188
   31.8     6.46   0.649  -0.0222
   32.1     6.53   0.690  -0.0234
   32.4     6.47   0.728  -0.0207
   32.7     6.39   0.767  -0.0192
   32.9     6.44   0.806  -0.0248
   33.2     6.48   0.849  -0.0172
   33.5     6.45   0.891  -0.0181
   33.7     6.46   0.930  -0.0206
   34.1     6.48   0.971  -0.0224
   34.3     6.43   1.013  -0.0150
   34.6     6.43   1.051  -0.0109
   34.8     6.38   1.088  -0.0171
   35.0     6.46   1.127  -0.0190
   35.3     6.39   1.168  -0.0130
   35.5     6.34   1.211  -0.0190
   35.8     6.35   1.252  -0.0192
   36.0     6.38   1.295  -0.0160
   36.3     6.31   1.337  -0.0149
   36.4     6.33   1.378  -0.0204
   36.8     6.23   1.421  -0.0205
   37.1     6.28   1.461  -0.0229
   37.3     6.27   1.502  -0.0263
   37.5     6.23   1.543  -0.0202
   37.7     6.21   1.582  -0.0214
   37.8     6.20   1.621  -0.0226
   38.2     6.18   1.659  -0.0183
   38.3     6.15   1.699  -0.0204
   38.5     6.16   1.738  -0.0242
   38.7     6.18   1.777  -0.0199
   39.0     6.10   1.819  -0.0207
   39.1     6.13   1.857  -0.0250
   39.4     6.08   1.895  -0.0181
   39.6     6.01   1.933  -0.0206
   39.7     6.01   1.971  -0.0239
   39.9     5.99   2.011  -0.0236
   40.0     5.95   2.052  -0.0243
   40.2     5.88   2.092  -0.0262
   40.3     5.87   2.133  -0.0210
   40.6     5.86   2.173  -0.0193
   40.7     5.82   2.213  -0.0189
   40.9     5.78   2.253  -0.0170
   41.3     5.82   2.293  -0.0157
   41.4     5.77   2.333  -0.0125
   41.6     5.81   2.375  -0.0151
   41.7     5.74   2.414  -0.0215
   41.8     5.70   2.456  -0.0122
   42.0     5.68   2.498  -0.0068
   42.2     5.67   2.538  -0.0056
   42.4     5.65   2.580   0.0005
   42.6     5.62   2.621   0.0008
   42.7     5.55   2.660  -0.0037
   42.8     5.54   2.701   0.0030
   43.0     5.53   2.740   0.0034
   43.1     5.45   2.778  -0.0005
   43.2     5.41   2.816   0.0048
   43.4     5.42   2.854  -0.0008
   43.5     5.41   2.892  -0.0034
   43.7     5.39   2.931   0.0000
   43.9     5.34   2.973  -0.0022
   44.0     5.34   3.011  -0.0068
   44.1     5.34   3.051  -0.0026
   44.2     5.30   3.090  -0.0007
   44.4     5.24   3.129  -0.0019
   44.6     5.29   3.169   0.0003
   44.7     5.20   3.212   0.0053
   44.8     5.15   3.255   0.0032
   44.9     5.11   3.299   0.0019
   45.0     5.12   3.339   0.0022
   45.3     5.10   3.380  -0.0007
   45.3     5.06   3.422   0.0021
   45.4     5.04   3.460  -0.0029
   45.5     5.00   3.501  -0.0043
   45.7     4.94   3.540  -0.0013
   45.7     4.85   3.581  -0.0013
   45.8     4.84   3.623  -0.0045
   45.9     4.78   3.665  -0.0016
   46.1     4.77   3.707  -0.0063
   46.2     4.70   3.747  -0.0045
   46.2     4.63   3.790  -0.0053
   46.4     4.68   3.829  -0.0056
   46.5     4.69   3.870  -0.0039
   46.5     4.61   3.911  -0.0063
   46.6     4.67   3.951  -0.0103
   46.8     4.53   3.990  -0.0071
   46.9     4.55   4.030  -0.0073
   47.1     4.58   4.070  -0.0080
   47.1     4.47   4.108  -0.0056
   47.1     4.43   4.149  -0.0053
   47.3     4.41   4.190  -0.0083
   47.5     4.34   4.227  -0.0091
   47.5     4.43   4.266  -0.0048
   47.6     4.37   4.308  -0.0037
   47.7     4.25   4.348  -0.0057
   47.7     4.29   4.389  -0.0076
   47.9     4.25   4.431  -0.0058
   47.9     4.22   4.473  -0.0104
   48.0     4.19   4.514  -0.0122
   48.1     4.21   4.555  -0.0066
   48.3     4.22   4.598  -0.0132
   48.3     4.17   4.637  -0.0123
   48.3     4.10   4.677  -0.0086
   48.4     4.09   4.717  -0.0086
   48.6     4.13   4.760  -0.0109
   48.6     4.03   4.800  -0.0082
   48.7     4.06   4.843  -0.0009
   48.9     4.00   4.885  -0.0004
   48.9     4.00   4.925  -0.0044
   49.0     4.01   4.963  -0.0080
   48.9     3.88   5.004  -0.0075
   49.1     3.88   5.043  -0.0071
   49.2     3.84   5.083  -0.0057
   49.2     3.86   5.123  -0.0049
   49.2     3.76   5.163  -0.0072
   49.4     3.80   5.199  -0.0081
   49.3     3.73   5.237  -0.0048
   49.4     3.74   5.278  -0.0040
   49.6     3.74   5.318  -0.0073
   49.6     3.66   5.359  -0.0009
   49.7     3.62   5.399   0.0044
   49.6     3.69   5.438  -0.0001
   49.8     3.65   5.479  -0.0068
   49.8     3.55   5.519   0.0008
   49.9     3.63   5.558  -0.0005
   49.9     3.59   5.599  -0.0040
   50.1     3.61   5.642   0.0007
   50.1     3.59   5.681   0.0028
   50.2     3.55   5.722   0.0036
   50.3     3.53   5.762   0.0016
   50.3     3.56   5.802   0.0021
   50.5     3.58   5.841  -0.0014
   50.5     3.56   5.882   0.0021
   50.6     3.53   5.925   0.0010
   50.7     3.49   5.964   0.0006
   50.7     3.54   6.005   0.0053
   50.8     3.51   6.046   0.0070
   50.9     3.51   6.089   0.0036
   51.0     3.48   6.131   0.0062
   51.0     3.48   6.172   0.0036
   51.0     3.40   6.212   0.0106
   51.1     3.45   6.253   0.0081
   51.1     3.43   6.294   0.0091
   51.2     3.51   6.331   0.0116
   51.3     3.42   6.370   0.0082
   51.4     3.47   6.408   0.0108
   51.5     3.46   6.446   0.0084
   51.5     3.49   6.485   0.0074
   51.7     3.44   6.525   0.0109
   51.8     3.56   6.566   0.0058
   51.8     3.49   6.605   0.0103
   52.0     3.48   6.643   0.0038
   52.0     3.57   6.683   0.0072
   52.1     3.53   6.721   0.0066
   52.2     3.56   6.760   0.0079
   52.3     3.54   6.803   0.0048
   52.4     3.56   6.844   0.0045
   52.5     3.56   6.886   0.0061
   52.6     3.63   6.925   0.0092
   52.8     3.57   6.963   0.0055
   52.8     3.61   7.005   0.0062
   53.0     3.68   7.044   0.0061
   53.1     3.70   7.084   0.0090
   53.2     3.74   7.126   0.0037
   53.2     3.70   7.166   0.0084
   53.5     3.70   7.207   0.0081
   53.6     3.76   7.252   0.0087
   53.8     3.82   7.293   0.0080
   53.9     3.87   7.334   0.0082
   54.1     3.87   7.374   0.0049
   54.1     3.86   7.412   0.0084
   54.5     3.93   7.453   0.0086
   54.5     3.94   7.493   0.0095
   54.6     3.95   7.531   0.0087
   54.9     3.99   7.571   0.0072
   55.1     4.03   7.610   0.0064
   55.4     4.11   7.651   0.0081
   55.3     4.11   7.689   0.0091
   55.6     4.13   7.728   0.0135
   55.7     4.14   7.768   0.0104
   56.0     4.25   7.810   0.0117
   56.2     4.28   7.850   0.0097
   56.4     4.28   7.889   0.0115
   56.7     4.36   7.928   0.0075
   56.8     4.39   7.969   0.0096
   57.0     4.43   8.011   0.0090
   57.2     4.54   8.054   0.0094
   57.4     4.44   8.093   0.0115
   57.6     4.50   8.132   0.0067
   57.9     4.59   8.173   0.0079
   58.1     4.55   8.214   0.0044
   58.4     4.64   8.255   0.0024
   58.6     4.67   8.296   0.0054
   58.9     4.71   8.335   0.0103
   59.0     4.74   8.376   0.0063
   59.4     4.82   8.418   0.0105
   59.6     4.83   8.460   0.0050
   59.9     4.85   8.503   0.0040
   60.1     4.87   8.543  -0.0046
   60.4     4.99   8.582   0.0006
   60.6     4.97   8.623  -0.0032
   60.9     5.08   8.661   0.0019
   61.1     5.09   8.700  -0.0011
   61.5     5.11   8.743  -0.0012
   61.8     5.16   8.782  -0.0043
   62.0     5.16   8.821  -0.0012
   62.2     5.30   8.862  -0.0033
   62.6     5.29   8.902   0.0010
   62.9     5.30   8.944   0.0031
   63.1     5.41   8.983  -0.0051
   63.5     5.41   9.022  -0.0048
   63.8     5.48   9.061  -0.0127
   64.1     5.48   9.101  -0.0034
   64.4     5.63   9.140  -0.0046
   64.8     5.66   9.182  -0.0045
   65.1     5.70   9.224  -0.0043
   65.4     5.74   9.264  -0.0092
   65.7     5.71   9.305  -0.0035
   66.1     5.80   9.347  -0.0071
   66.4     5.77   9.388  -0.0043
   66.7     5.76   9.426  -0.0082
   67.0     5.93   9.466  -0.0048
   67.3     5.96   9.507  -0.0037
   67.7     6.00   9.550  -0.0050
   68.0     6.02   9.592  -0.0060
   68.5     6.04   9.634  -0.0054
   68.8     6.12   9.677  -0.0048
   69.2     6.18   9.716  -0.0066
   69.6     6.22   9.758  -0.0031
   69.9     6.24   9.799  -0.0049
   70.2     6.25   9.839  -0.0012
   70.7     6.46   9.879   0.0011
   70.9     6.41   9.917  -0.0003
   71.4     6.48   9.955   0.0058
   71.6     6.46   9.993   0.0028
   72.1     6.52  10.031  -0.0017
   72.4     6.55  10.071  -0.0024
   72.8     6.55  10.111  -0.0069
   73.0     6.65  10.151  -0.0052
   73.5     6.69  10.191  -0.0003
   73.9     6.68  10.230  -0.0037
   74.2     6.68  10.268  -0.0116
   74.6     6.76  10.307  -0.0050
   75.0     6.87  10.349  -0.0127
   75.4     6.89  10.395  -0.0112
   75.7     6.86  10.438  -0.0135
   76.1     6.81  10.481  -0.0093
   76.6     6.86  10.524  -0.0128
   77.1     7.02  10.568  -0.0114
   77.5     7.06  10.613  -0.0100
   77.9     7.02  10.656  -0.0115
   78.3     7.10  10.699  -0.0077
   78.6     7.07  10.743  -0.0072
   79.0     7.13  10.785  -0.0046
   79.6     7.24  10.829  -0.0017
   80.1     7.31  10.872  -0.0014
   80.4     7.31  10.915  -0.0098
   80.9     7.38  10.961  -0.0140
   81.4     7.35  11.002  -0.0082
   81.9     7.44  11.045  -0.0049
   82.2     7.47  11.086  -0.0102
   82.6     7.46  11.128  -0.0089
   83.0     7.48  11.170  -0.0072
   83.4     7.54  11.211  -0.0057
   83.9     7.55  11.256  -0.0004
   84.3     7.56  11.298  -0.0036
   84.7     7.54  11.339  -0.0015
   85.1     7.63  11.381  -0.0061
   85.5     7.66  11.422  -0.0027
   86.1     7.71  11.462   0.0002
   86.5     7.76  11.508  -0.0020
   87.0     7.74  11.551  -0.0014
   87.3     7.76  11.596  -0.0003
   87.7     7.84  11.640   0.0018
   88.2     7.80  11.684   0.0020
   88.6     7.79  11.726   0.0001
   89.1     7.84  11.768   0.0025
   89.5     7.89  11.811   0.0008
   90.1     7.88  11.854  -0.0016
   90.5     8.02  11.897   0.0041
   91.0     7.94  11.940   0.0032
   91.4     7.96  11.984  -0.0011
   91.9     7.94  12.027  -0.0073
   92.1     7.95  12.069  -0.0098
   92.7     7.98  12.111  -0.0080
   93.1     8.05  12.155  -0.0059
   93.6     8.06  12.201  -0.0065
   94.1     8.15  12.243  -0.0104
   94.5     8.08  12.285  -0.0095
   95.0     8.09  12.325  -0.0082
   95.4     8.11  12.364  -0.0083
   95.7     8.11  12.406  -0.0071
   96.2     8.16  12.446  -0.0070
   96.5     8.19  12.486  -0.0085
   97.1     8.22  12.525  -0.0114
   97.4     8.18  12.565  -0.0080
   97.8     8.25  12.605  -0.0085
   98.3     8.25  12.643  -0.0111
   98.7     8.29  12.680  -0.0134
   99.1     8.30  12.721  -0.0090
   99.5     8.31  12.764  -0.0133
  100.0     8.30  12.806  -0.0123
  100.3     8.30  12.845  -0.0113
  100.8     8.34  12.887  -0.0129
  101.3     8.41  12.928  -0.0159
  101.8     8.42  12.969  -0.0159
  102.2     8.39  13.007  -0.0146
  102.6     8.51  13.047  -0.0112
  103.0     8.39  13.087  -0.0135
  103.5     8.43  13.128  -0.0095
  103.9     8.47  13.171  -0.0105
  104.3     8.44  13.211  -0.0163
  104.7     8.45  13.252  -0.0138
  105.1     8.48  13.293  -0.0168
  105.6     8.52  13.333  -0.0186
  106.0     8.50  13.374  -0.0192
  106.5     8.51  13.413  -0.0197
  106.9     8.55  13.452  -0.0226
  107.3     8.54  13.492  -0.0223
  107.7     8.55  13.530  -0.0201
  108.2     8.60  13.568  -0.0227
  108.5     8.62  13.608  -0.0191
  109.0     8.60  13.648  -0.0197
  109.4     8.64  13.689  -0.0191
  109.8     8.64  13.728  -0.0151
  110.2     8.62  13.765  -0.0166
  110.6     8.65  13.805  -0.0112
  111.0     8.64  13.844  -0.0109
  111.3     8.65  13.883  -0.0065
  111.9     8.68  13.925  -0.0026
  112.3     8.64  13.967  -0.0101
  112.6     8.68  14.007  -0.0127
  113.2     8.68  14.049  -0.0135
  113.6     8.67  14.090  -0.0072
  114.1     8.69  14.129  -0.0092
  114.4     8.74  14.168  -0.0033
  114.8     8.69  14.207  -0.0037
  115.2     8.63  14.248  -0.0147
  115.7     8.67  14.290  -0.0143
  116.1     8.69  14.331  -0.0114
  116.6     8.67  14.372  -0.0089
  117.0     8.68  14.416  -0.0148
  117.4     8.71  14.457  -0.0100
  117.9     8.69  14.499  -0.0123
  118.4     8.63  14.541  -0.0086
  118.6     8.66  14.580  -0.0128
  119.3     8.70  14.621  -0.0132
  119.6     8.67  14.661  -0.0138
  120.0     8.68  14.700  -0.0143
  120.4     8.67  14.741  -0.0095
  120.8     8.63  14.781  -0.0108
  121.3     8.66  14.819  -0.0116
  121.7     8.71  14.860  -0.0135
  122.0     8.67  14.902  -0.0163
  122.5     8.66  14.940  -0.0150
  122.9     8.65  14.979  -0.0140
  123.4     8.73  15.019  -0.0122
  123.7     8.67  15.056  -0.0081
  124.2     8.70  15.097  -0.0142
  124.6     8.73  15.141  -0.0115
  125.0     8.67  15.181  -0.0095
  125.5     8.68  15.221  -0.0127
  125.9     8.66  15.262  -0.0089
  126.4     8.67  15.301  -0.0141
  126.7     8.70  15.342  -0.0194
  127.1     8.67  15.382  -0.0119
  127.7     8.67  15.424  -0.0203
  128.1     8.69  15.464  -0.0115
  128.4     8.71  15.503  -0.0144
  128.8     8.68  15.546  -0.0132
  129.2     8.73  15.588  -0.0130
  129.7     8.65  15.627  -0.0179
  130.1     8.65  15.669  -0.0134
  130.5     8.56  15.711  -0.0163
  131.1     8.77  15.750  -0.0176
  131.4     8.77  15.792  -0.0194
  131.8     8.83  15.832  -0.0199
  132.3     8.79  15.870  -0.0192
  132.6     8.79  15.909  -0.0211
  133.0     8.77  15.946  -0.0167
  133.4     8.68  15.987  -0.0170
  133.7     8.61  16.026  -0.0146
  134.2     8.47  16.066  -0.0115
  134.6     8.52  16.103  -0.0114
  134.9     8.61  16.144  -0.0133
  135.3     8.58  16.184  -0.0132
  135.8     8.59  16.221  -0.0141
  136.1     8.59  16.258  -0.0154
  136.6     8.55  16.301  -0.0163
  136.9     8.59  16.341  -0.0125
  137.4     8.58  16.381  -0.0082
  137.8     8.64  16.421  -0.0065
  138.3     8.59  16.461  -0.0085
  138.7     8.56  16.501  -0.0110
  138.9     8.56  16.541  -0.0084
  139.5     8.67  16.581  -0.0081
  139.9     8.63  16.620  -0.0103
  140.3     8.70  16.660  -0.0088
  140.7     8.65  16.702  -0.0043
  141.2     8.61  16.743  -0.0093
  141.5     8.66  16.784  -0.0085
  142.1     8.73  16.824  -0.0105
  142.5     8.61  16.866  -0.0102
  143.0     8.71  16.906  -0.0109
  143.4     8.71  16.945  -0.0161
  143.8     8.75  16.985  -0.0160
  144.2     8.79  17.024  -0.0144
  144.7     8.86  17.065  -0.0154
  145.2     8.81  17.104  -0.0175
  145.5     8.75  17.142  -0.0093
  145.9     8.82  17.182  -0.0141
  146.3     8.83  17.221  -0.0166
  146.6     8.73  17.260  -0.0161
  147.1     8.75  17.300  -0.0236
  147.6     8.74  17.340  -0.0153
  147.9     8.71  17.379  -0.0191
  148.3     8.75  17.418  -0.0161
  148.6     8.67  17.458  -0.0138
  149.0     8.58  17.501  -0.0125
  149.5     8.66  17.543  -0.0103
  149.9     8.61  17.583  -0.0119
  150.3     8.59  17.621  -0.0189
  150.7     8.63  17.663  -0.0201
  151.1     8.61  17.701  -0.0197
  151.6     8.73  17.742  -0.0194
  152.0     8.65  17.782  -0.0177
  152.4     8.68  17.823  -0.0143
  152.9     8.66  17.863  -0.0155
  153.3     8.65  17.903  -0.0162
  153.8     8.68  17.944  -0.0115
  154.3     8.69  17.987  -0.0078
  154.7     8.72  18.027  -0.0147
  155.0     8.70  18.066  -0.0153
  155.4     8.71  18.107  -0.0117
  155.9     8.74  18.148  -0.0191
  156.2     8.66  18.188  -0.0165
  156.7     8.73  18.228  -0.0159
  157.2     8.62  18.267  -0.0191
  157.5     8.62  18.303  -0.0201
  157.9     8.65  18.341  -0.0107
  158.3     8.66  18.381  -0.0135
  158.8     8.70  18.422  -0.0178
  159.3     8.66  18.462  -0.0148
  159.5     8.69  18.501  -0.0143
  160.1     8.72  18.540  -0.0146
  160.5     8.73  18.581  -0.0114
  160.9     8.67  18.622  -0.0087
  161.2     8.69  18.661  -0.0118
  161.8     8.70  18.703  -0.0136
  162.2     8.66  18.746  -0.0115
  162.6     8.64  18.785  -0.0101
  163.1     8.74  18.825  -0.0096
  163.5     8.76  18.865  -0.0205
  164.0     8.75  18.906  -0.0152
  164.3     8.80  18.947  -0.0195
  164.8     8.74  18.986  -0.0173
  165.2     8.78  19.029  -0.0207
  165.6     8.79  19.071  -0.0194
  166.0     8.70  19.110  -0.0231
  166.5     8.72  19.153  -0.0269
  166.9     8.73  19.195  -0.0261
  167.3     8.71  19.235  -0.0213
  167.7     8.71  19.278  -0.0247
  168.2     8.72  19.320  -0.0272
  168.7     8.70  19.359  -0.0246
  169.0     8.66  19.402  -0.0216
  169.5     8.62  19.440  -0.0219
  170.0     8.72  19.479  -0.0261
  170.3     8.64  19.518  -0.0268
  170.8     8.71  19.559  -0.0243
  171.2     8.73  19.600  -0.0226
  171.7     8.74  19.642  -0.0255
  172.2     8.75  19.680  -0.0235
  172.5     8.67  19.722  -0.0231
  172.9     8.68  19.761  -0.0256
  173.3     8.71  19.799  -0.0232
  173.8     8.73  19.839  -0.0223
  174.2     8.67  19.883  -0.0218
  174.6     8.74  19.925  -0.0238
  175.1     8.69  19.966  -0.0230
  175.5     8.66  20.006  -0.0240
  176.0     8.70  20.046  -0.0250
  176.4     8.74  20.086  -0.0241
  176.8     8.66  20.126  -0.0226
  177.3     8.67  20.165  -0.0235
  177.6     8.68  20.208  -0.0220
  178.1     8.68  20.246  -0.0197
  178.5     8.66  20.287  -0.0188
  178.9     8.64  20.329  -0.0221
  179.4     8.76  20.370  -0.0192
  179.8     8.63  20.411  -0.0186
  180.2     8.61  20.454  -0.0207
  180.6     8.65  20.494  -0.0200
  181.1     8.59  20.534  -0.0141
  181.6     8.69  20.575  -0.0169
  181.9     8.68  20.613  -0.0139
  182.2     8.61  20.654  -0.0149
  182.7     8.54  20.693  -0.0172
  183.2     8.55  20.732  -0.0132
  183.5     8.58  20.771  -0.0142
  183.9     8.58  20.812  -0.0142
  184.4     8.64  20.849  -0.0126
  184.8     8.56  20.889  -0.0153
  185.2     8.58  20.927  -0.0155
  185.6     8.52  20.964  -0.0139
  186.0     8.55  21.002  -0.0166
  186.3     8.55  21.040  -0.0165
  186.8     8.61  21.081  -0.0147
  187.2     8.53  21.124  -0.0187
  187.6     8.52  21.165  -0.0132
  188.1     8.53  21.204  -0.0093
  188.5     8.46  21.245  -0.0125
  189.0     8.50  21.285  -0.0096
  189.2     8.48  21.325  -0.0097
  189.7     8.48  21.366  -0.0157
  190.3     8.48  21.406  -0.0080
  190.6     8.48  21.446  -0.0126
  191.1     8.38  21.489  -0.0160
  191.5     8.41  21.531  -0.0134
  192.0     8.39  21.573  -0.0166
  192.4     8.55  21.613  -0.0170
  192.9     8.45  21.654  -0.0159
  193.2     8.39  21.695  -0.0201
  193.6     8.43  21.736  -0.0214
  194.1     8.35  21.776  -0.0149
  194.6     8.41  21.817  -0.0133
  194.9     8.42  21.857  -0.0144
  195.3     8.42  21.896  -0.0142
  195.9     8.37  21.935  -0.0121
  196.3     8.38  21.977  -0.0138
  196.6     8.34  22.016  -0.0158
  197.0     8.41  22.056  -0.0129
  197.4     8.32  22.095  -0.0131
  197.7     8.30  22.135  -0.0156
  198.3     8.30  22.173  -0.0129
  198.6     8.26  22.213  -0.0113
  199.1     8.35  22.256  -0.0180
  199.6     8.34  22.300  -0.0161
  200.0     8.34  22.340  -0.0169
  200.4     8.31  22.379  -0.0191
  200.8     8.28  22.422  -0.0204
  201.3     8.27  22.461  -0.0168
  201.7     8.24  22.502  -0.0189
  202.0     8.29  22.541  -0.0168
  202.5     8.26  22.582  -0.0141
  203.0     8.24  22.625  -0.0118
  203.4     8.26  22.667  -0.0119
  203.9     8.19  22.708  -0.0108
  204.3     8.26  22.752  -0.0141
  204.7     8.21  22.792  -0.0136
  205.1     8.28  22.830  -0.0116
  205.6     8.24  22.870  -0.0066
  205.9     8.21  22.909  -0.0051
  206.5     8.17  22.950  -0.0020
  206.9     8.27  22.991  -0.0043
  207.3     8.21  23.030  -0.0049
  207.6     8.18  23.069  -0.0041
  208.1     8.19  23.109  -0.0065
  208.4     8.21  23.148  -0.0086
  208.8     8.19  23.187  -0.0065
  209.3     8.21  23.226  -0.0068
  209.7     8.12  23.264  -0.0081
  210.1     8.11  23.302  -0.0074
  210.5     8.21  23.339  -0.0078
  210.8     8.15  23.379  -0.0050
  211.2     8.14  23.418  -0.0019
  211.7     8.11  23.462  -0.0075
  212.1     8.14  23.502  -0.0042
  212.5     8.17  23.542  -0.0067
  212.9     8.07  23.583  -0.0064
  213.3     8.06  23.623  -0.0009
  213.9     8.10  23.662  -0.0026
  214.3     8.11  23.703   0.0004
  214.6     8.06  23.742   0.0017
  215.1     8.07  23.787  -0.0018
  215.5     8.03  23.828   0.0017
  215.9     8.03  23.867  -0.0047
  216.2     7.95  23.911  -0.0045
  216.7     7.96  23.954  -0.0024
  217.2     8.04  23.993  -0.0060
  217.6     7.94  24.032  -0.0068
  218.0     8.00  24.072  -0.0073
  218.5     8.02  24.110  -0.0036
  218.9     7.95  24.151  -0.0068
  219.3     7.91  24.191  -0.0099
  219.7     7.82  24.230  -0.0062
  220.0     8.01  24.270  -0.0083
  220.4     7.90  24.309  -0.0066
  220.9     7.91  24.349  -0.0018
  221.3     7.91  24.390   0.0007
  221.6     7.87  24.430  -0.0045
  222.1     7.87  24.470  -0.0091
  222.5     7.72  24.507  -0.0091
  222.9     7.85  24.545  -0.0083
  223.2     7.82  24.584  -0.0045
  223.7     7.81  24.627  -0.0028
  224.2     7.82  24.667   0.0033
  224.6     7.84  24.707   0.0054
  225.1     7.78  24.748   0.0026
  225.5     7.79  24.787   0.0031
  225.8     7.82  24.828  -0.0005
  226.3     7.82  24.868  -0.0010
  226.7     7.85  24.907   0.0000
  226.9     7.77  24.949  -0.0041
  227.6     7.85  24.988  -0.0046
  227.9     7.87  25.028  -0.0031
  228.4     7.85  25.070  -0.0046
  228.8     7.82  25.114  -0.0052
  229.2     7.78  25.156  -0.0034
  229.7     7.72  25.196  -0.0047
  230.2     7.84  25.236  -0.0085
  230.5     7.78  25.277  -0.0083
  231.0     7.72  25.319  -0.0008
  231.4     7.73  25.358  -0.0064
  231.8     7.76  25.397  -0.0080
  232.2     7.68  25.438  -0.0059
  232.6     7.72  25.477  -0.0062
  233.1     7.70  25.517  -0.0076
  233.4     7.75  25.558  -0.0019
  233.9     7.66  25.596  -0.0056
  234.4     7.68  25.637  -0.0063
  234.7     7.68  25.675  -0.0060
  235.1     7.65  25.714  -0.0080
  235.6     7.70  25.754  -0.0075
  236.2     7.69  25.792  -0.0107
  236.4     7.68  25.833  -0.0068
  236.8     7.58  25.874  -0.0030
  237.3     7.69  25.916   0.0005
  237.6     7.56  25.955   0.0039
  238.2     7.60  25.996   0.0009
  238.7     7.61  26.036   0.0013
  239.0     7.62  26.075   0.0023
  239.3     7.59  26.113  -0.0020
  239.8     7.59  26.153   0.0015
  240.2     7.56  26.194  -0.0011
  240.7     7.63  26.238  -0.0046
  241.2     7.54  26.281   0.0005
  241.6     7.46  26.323  -0.0041
  242.1     7.54  26.363  -0.0018
  242.5     7.50  26.403  -0.0045
  242.9     7.47  26.441  -0.0087
  243.2     7.50  26.482  -0.0027
  243.7     7.45  26.522  -0.0050
  244.1     7.41  26.562  -0.0035
  244.6     7.44  26.602  -0.0034
  244.9     7.46  26.641  -0.0056
  245.3     7.39  26.680  -0.0092
  245.9     7.46  26.720  -0.0074
  246.2     7.49  26.759  -0.0092
  246.7     7.34  26.800  -0.0039
  247.1     7.44  26.840  -0.0078
  247.6     7.42  26.878  -0.0121
  247.9     7.40  26.917  -0.0096
  248.4     7.44  26.957  -0.0129
  248.7     7.34  26.998  -0.0096
  249.2     7.39  27.041  -0.0096
  249.6     7.39  27.083  -0.0111
  250.0     7.33  27.123  -0.0119
  250.5     7.37  27.164  -0.0127
  251.0     7.38  27.203  -0.0136
  251.4     7.31  27.243  -0.0090
  251.7     7.34  27.281  -0.0127
  252.0     7.33  27.322  -0.0102
  252.4     7.28  27.364  -0.0091
  253.1     7.27  27.405  -0.0096
  253.4     7.28  27.446  -0.0074
  253.9     7.21  27.488  -0.0034
  254.3     7.25  27.531  -0.0024
  254.7     7.16  27.571  -0.0022
  255.1     7.16  27.612  -0.0054
  255.5     7.17  27.653  -0.0075
  255.9     7.14  27.692  -0.0068
  256.5     7.13  27.734  -0.0104
  256.8     7.11  27.775  -0.0089
  257.2     7.09  27.813  -0.0071
  257.6     7.14  27.853  -0.0075
  258.2     7.07  27.892  -0.0060
  258.4     7.04  27.931  -0.0058
  258.9     7.13  27.971  -0.0093
  259.2     7.07  28.011  -0.0097
  259.7     6.99  28.050  -0.0053
  260.1     7.02  28.090  -0.0065
  260.6     7.04  28.128  -0.0092
  260.9     7.00  28.168  -0.0041
  261.3     6.98  28.211  -0.0049
  261.7     7.00  28.253  -0.0025
  262.3     6.89  28.294  -0.0072
  262.7     6.89  28.334  -0.0072
  263.0     6.91  28.374  -0.0066
  263.4     6.87  28.412  -0.0108
  263.8     6.86  28.452  -0.0051
  264.2     6.84  28.492  -0.0083
  264.7     6.89  28.535  -0.0052
  265.1     6.85  28.575  -0.0025
  265.4     6.78  28.614  -0.0049
  265.9     6.80  28.655  -0.0013
  266.3     6.70  28.698  -0.0035
  266.7     6.80  28.739  -0.0049
  267.1     6.74  28.782  -0.0010
  267.6     6.73  28.827  -0.0012
  268.1     6.65  28.871   0.0010
  268.5     6.65  28.915   0.0016
  268.9     6.59  28.955  -0.0024
  269.3     6.59  28.993  -0.0010
  269.7     6.66  29.032   0.0049
  270.1     6.65  29.071   0.0034
  270.5     6.70  29.111   0.0091
  270.9     6.58  29.153   0.0111
  271.3     6.58  29.194   0.0103
  271.8     6.57  29.234   0.0128
  272.2     6.53  29.275   0.0121
  272.6     6.49  29.314   0.0074
  273.0     6.52  29.354   0.0107
  273.4     6.48  29.397   0.0114
  273.9     6.61  29.438   0.0074
  274.2     6.47  29.480   0.0087
  274.7     6.46  29.519   0.0114
  275.0     6.47  29.559   0.0122
  275.5     6.47  29.598   0.0087
  275.9     6.44  29.639   0.0124
  276.4     6.50  29.679   0.0130
  276.7     6.45  29.720   0.0074
  277.3     6.50  29.762   0.0043
  277.7     6.57  29.803  -0.0010
  278.0     6.45  29.847  -0.0029
  278.6     6.47  29.888  -0.0019
  278.9     6.48  29.930  -0.0001
  279.5     6.40  29.971  -0.0025
  280.0     6.51  30.009  -0.0010
  280.3     6.45  30.051  -0.0035
  280.7     6.43  30.093  -0.0018
  281.1     6.35  30.132  -0.0013
  281.6     6.44  30.172  -0.0053
  281.8     6.40  30.211  -0.0023
  282.3     6.38  30.251  -0.0045
  282.8     6.39  30.291  -0.0055
  283.2     6.39  30.330  -0.0048
  283.6     6.36  30.368  -0.0082
  283.9     6.32  30.408  -0.0033
  284.5     6.28  30.448  -0.0069
  284.8     6.33  30.486  -0.0050
  285.1     6.28  30.525  -0.0041
  285.7     6.29  30.568  -0.0075
  286.1     6.35  30.610  -0.0052
  286.6     6.36  30.652  -0.0046
  287.0     6.28  30.691  -0.0031
  287.4     6.33  30.731  -0.0028
  287.8     6.29  30.772  -0.0023
  288.3     6.28  30.812  -0.0017
  288.6     6.20  30.852  -0.0062
  289.1     6.27  30.893  -0.0017
  289.6     6.32  30.937  -0.0045
  289.9     6.20  30.980  -0.0033
  290.5     6.33  31.022  -0.0024
  290.9     6.27  31.064  -0.0062
  291.3     6.27  31.108  -0.0025
  291.8     6.21  31.149  -0.0003
  292.2     6.22  31.191  -0.0009
  292.7     6.27  31.233   0.0001
  293.1     6.23  31.273   0.0012
  293.5     6.26  31.312   0.0006
  293.9     6.23  31.351  -0.0010
  294.4     6.22  31.389   0.0019
  294.8     6.13  31.430   0.0046
  295.2     6.14  31.471   0.0038
  295.6     6.13  31.514   0.0055
  296.1     6.11  31.553   0.0074
  296.3     6.08  31.592   0.0045
  296.9     6.13  31.632   0.0081
  297.2     6.06  31.671   0.0098
  297.7     6.11  31.710   0.0075
  298.0     6.04  31.748   0.0047
  298.4     6.04  31.792   0.0024
  299.0     6.06  31.835   0.0027
  299.4     5.98  31.875   0.0026
  299.8     6.05  31.914   0.0023
  300.2     5.98  31.954   0.0022
  300.6     5.94  31.992   0.0057
  301.1     6.07  32.031   0.0008
  301.4     5.97  32.072   0.0029
  301.9     6.01  32.113   0.0085
  302.3     6.04  32.154   0.0090
  302.8     6.00  32.194   0.0086
  303.2     6.02  32.238   0.0000
  303.7     5.99  32.279  -0.0007
  304.0     6.03  32.320  -0.0021
  304.6     6.01  32.361   0.0015
  305.0     6.00  32.403   0.0007
  305.5     5.98  32.441  -0.0034
  305.9     5.99  32.483   0.0005
  306.3     5.96  32.524  -0.0012
  306.7     5.92  32.562  -0.0070
  307.1     5.96  32.602  -0.0035
  307.4     5.92  32.642  -0.0042
  308.0     6.00  32.681  -0.0059
  308.4     5.96  32.721   0.0025
  308.9     6.00  32.760  -0.0036
  309.2     5.91  32.798   0.0006
  309.6     5.94  32.838   0.0000
  310.0     5.93  32.879  -0.0067
  310.4     5.98  32.917  -0.0067
  310.9     5.92  32.959  -0.0069
  311.4     5.93  33.002  -0.0133
  311.9     5.98  33.043  -0.0046
  312.2     5.88  33.084  -0.0054
  312.7     5.89  33.123  -0.0071
  313.1     5.92  33.163  -0.0067
  313.6     5.92  33.202  -0.0058
  313.9     5.87  33.241  -0.0080
  314.4     5.85  33.282  -0.0109
  314.8     5.88  33.323  -0.0046
  315.2     5.73  33.360  -0.0007
  315.6     5.79  33.403  -0.0040
  316.0     5.78  33.445  -0.0056
  316.5     5.75  33.485  -0.0045
  316.9     5.79  33.527  -0.0028
  317.4     5.73  33.569  -0.0037
  317.8     5.76  33.608   0.0025
  318.2     5.70  33.651  -0.0024
  318.7     5.82  33.692   0.0023
  319.1     5.78  33.732   0.0029
  319.5     5.74  33.771  -0.0033
  320.0     5.75  33.811  -0.0029
  320.4     5.76  33.851  -0.0011
  320.8     5.69  33.891  -0.0062
  321.3     5.70  33.931   0.0005
  321.7     5.71  33.971  -0.0020
  322.1     5.72  34.007  -0.0041
  322.5     5.73  34.047  -0.0006
  322.8     5.72  34.087  -0.0019
  323.3     5.64  34.127  -0.0056
  323.8     5.68  34.168  -0.0050
  324.2     5.69  34.210  -0.0052
  324.7     5.63  34.252  -0.0064
  325.1     5.73  34.291  -0.0020
  325.5     5.66  34.331  -0.0079
  326.0     5.58  34.371  -0.0085
  326.3     5.59  34.411  -0.0023
  326.8     5.65  34.453  -0.0048
  327.3     5.62  34.495  -0.0029
  327.7     5.62  34.535   0.0026
  328.2     5.60  34.577  -0.0006
  328.5     5.53  34.621  -0.0035
  329.0     5.59  34.662   0.0009
  329.5     5.60  34.704  -0.0032
  329.9     5.57  34.744  -0.0021
  330.4     5.55  34.785  -0.0015
  330.8     5.56  34.826  -0.0019
  331.2     5.53  34.865   0.0010
  331.5     5.50  34.906  -0.0007
  332.0     5.52  34.945   0.0008
  332.3     5.44  34.984   0.0019
  332.8     5.48  35.024  -0.0009
  333.3     5.53  35.066  -0.0007
  333.6     5.49  35.104  -0.0025
  334.1     5.50  35.143  -0.0003
  334.6     5.51  35.183  -0.0008
  335.0     5.41  35.223  -0.0045
  335.4     5.47  35.263  -0.0033
  335.7     5.43  35.302  -0.0019
  336.2     5.42  35.342  -0.0013
  336.6     5.46  35.385   0.0010
  337.1     5.41  35.426  -0.0009
  337.5     5.39  35.464  -0.0009
  337.9     5.36  35.505   0.0001
  338.3     5.33  35.547   0.0008
  338.7     5.38  35.586  -0.0005
  339.3     5.34  35.627  -0.0029
  339.7     5.39  35.668  -0.0017
  340.0     5.37  35.709  -0.0043
  340.4     5.36  35.754  -0.0069
  341.0     5.34  35.795  -0.0040
  341.4     5.32  35.840  -0.0047
  342.0     5.30  35.881  -0.0056
  342.4     5.30  35.921  -0.0024
  342.8     5.29  35.965  -0.0093
  343.3     5.33  36.004  -0.0077
  343.6     5.18  36.043  -0.0038
  344.1     5.29  36.082  -0.0064
  344.5     5.27  36.121  -0.0062
  344.9     5.28  36.159  -0.0076
  345.3     5.30  36.198  -0.0140
  345.8     5.23  36.239  -0.0104
  346.3     5.28  36.280  -0.0088
  346.7     5.22  36.320  -0.0146
  347.0     5.21  36.359  -0.0076
  347.4     5.20  36.398  -0.0113
  347.9     5.21  36.438  -0.0077
  348.3     5.16  36.477  -0.0095
  348.7     5.17  36.518  -0.0074
  349.2     5.24  36.560  -0.0037
  349.6     5.15  36.602  -0.0041
  350.0     5.21  36.642   0.0024
  350.4     5.17  36.685  -0.0011
  350.8     5.20  36.726   0.0028
  351.2     5.09  36.768   0.0002
  351.6     5.08  36.807   0.0046
  352.0     5.04  36.851   0.0007
  352.4     5.01  36.892   0.0027
  352.9     5.03  36.933   0.0040
  353.4     5.02  36.975   0.0069
  353.8     4.96  37.016   0.0039
  354.2     5.02  37.059   0.0036
  354.6     5.06  37.099   0.0009
  355.2     4.96  37.140  -0.0032
  355.5     5.00  37.181  -0.0020
  355.9     5.05  37.221   0.0007
  356.3     4.91  37.261  -0.0033
  356.8     5.02  37.301  -0.0026
  357.2     4.95  37.340  -0.0032
  357.7     5.01  37.380  -0.0012
  358.1     4.96  37.418   0.0013
  358.5     4.98  37.458   0.0005
  358.8     4.94  37.498   0.0010
  359.3     4.99  37.537   0.0024
  359.7     4.98  37.579   0.0003
  360.1     4.98  37.619   0.0022
  360.5     5.06  37.659   0.0033
  361.1     5.03  37.700  -0.0029
  361.4     4.99  37.744   0.0037
  361.9     5.02  37.783  -0.0013
  362.4     5.00  37.827  -0.0023
  362.8     5.00  37.868  -0.0079
  363.3     4.97  37.907  -0.0075
  363.6     4.99  37.946  -0.0028
  364.0     4.93  37.985  -0.0069
  364.4     4.93  38.026  -0.0029
  364.9     4.90  38.067  -0.0065
  365.2     4.94  38.108  -0.0019
  365.7     4.95  38.149  -0.0018
  366.2     4.95  38.193  -0.0053
  366.6     4.93  38.234  -0.0003
  367.1     4.96  38.276  -0.0041
  367.4     4.80  38.318  -0.0046
  367.8     4.80  38.360  -0.0027
  368.3     4.94  38.401   0.0001
  368.7     4.91  38.441  -0.0017
  369.2     4.83  38.480  -0.0051
  369.6     4.88  38.521  -0.0060
  369.9     4.84  38.560  -0.0060
  370.4     4.80  38.598  -0.0053
  370.8     4.85  38.639  -0.0043
  371.0     4.76  38.679  -0.0060
  371.6     4.80  38.719  -0.0057
  372.0     4.83  38.761  -0.0094
  372.4     4.85  38.799  -0.0061
  372.8     4.81  38.837  -0.0073
  373.3     4.83  38.878  -0.0048
  373.7     4.80  38.922  -0.0059
  374.1     4.80  38.965  -0.0093
  374.6     4.77  39.006  -0.0059
  375.0     4.71  39.044  -0.0076
  375.4     4.73  39.085  -0.0009
  375.8     4.76  39.126   0.0002
  376.2     4.76  39.164  -0.0010
  376.6     4.76  39.205  -0.0014
  377.0     4.75  39.244  -0.0055
  377.4     4.71  39.286  -0.0042
  377.9     4.74  39.328  -0.0034
  378.3     4.73  39.372  -0.0055
  378.7     4.76  39.413  -0.0067
  379.1     4.71  39.454  -0.0030
  379.5     4.72  39.495  -0.0042
  379.9     4.69  39.535  -0.0050
  380.3     4.66  39.576  -0.0032
  380.9     4.74  39.616  -0.0027
  381.2     4.71  39.655  -0.0075
  381.6     4.71  39.696  -0.0018
  382.0     4.74  39.736   0.0067
  382.4     4.59  39.774   0.0051
  382.7     4.58  39.812   0.0057
  383.1     4.64  39.851   0.0077
  383.5     4.51  39.891   0.0027
  383.8     4.47  39.932   0.0026
  384.4     4.52  39.971   0.0077
  384.7     4.58  40.011   0.0058
  385.1     4.56  40.050   0.0052
  385.5     4.55  40.091   0.0085
  386.0     4.55  40.134   0.0049
  386.4     4.53  40.175   0.0086
  386.8     4.51  40.214   0.0156
  387.2     4.51  40.257   0.0138
  387.6     4.52  40.300   0.0129
  388.1     4.56  40.338   0.0144
  388.5     4.47  40.378   0.0079
  388.9     4.48  40.420   0.0089
  389.3     4.48  40.463   0.0118
  389.8     4.51  40.508   0.0061
  390.2     4.46  40.550   0.0111
  390.6     4.47  40.592   0.0079
  391.0     4.45  40.632   0.0057
  391.5     4.47  40.671   0.0078
  392.0     4.47  40.712   0.0037
  392.3     4.56  40.752   0.0020
  392.7     4.45  40.794  -0.0019
  393.3     4.53  40.834   0.0018
  393.6     4.51  40.874   0.0023
  394.0     4.48  40.913   0.0022
  394.4     4.46  40.953   0.0041
  394.9     4.52  40.991   0.0031
  395.2     4.48  41.031   0.0009
  395.8     4.46  41.069   0.0038
  396.0     4.47  41.110   0.0020
  396.4     4.43  41.150   0.0022
  396.9     4.38  41.189   0.0046
  397.2     4.41  41.229   0.0028
  397.6     4.41  41.268   0.0006
  398.0     4.42  41.312  -0.0010
  398.4     4.34  41.353  -0.0009
  398.9     4.38  41.393  -0.0029
  399.2     4.38  41.434   0.0003
  399.7     4.41  41.475   0.0022
  400.1     4.37  41.512  -0.0004
  400.5     4.36  41.550   0.0009
  400.9     4.35  41.590   0.0014
  401.4     4.36  41.632   0.0022
  401.7     4.34  41.674   0.0024
  402.0     4.34  41.714   0.0027
  402.6     4.36  41.756   0.0014
  403.0     4.30  41.798   0.0046
  403.3     4.37  41.838   0.0008
  403.9     4.34  41.879  -0.0020
  404.2     4.35  41.921  -0.0059
  404.7     4.36  41.961  -0.0022
  405.0     4.33  42.002  -0.0014
  405.5     4.33  42.043  -0.0038
  405.9     4.31  42.082  -0.0026
  406.3     4.34  42.122  -0.0014
  406.7     4.29  42.162  -0.0036
  407.1     4.32  42.202  -0.0025
  407.6     4.35  42.242  -0.0063
  407.9     4.31  42.283  -0.0064
  408.4     4.35  42.322  -0.0065
  408.7     4.30  42.362  -0.0027
  409.2     4.29  42.399  -0.0021
  409.5     4.32  42.440  -0.0066
  409.9     4.29  42.481  -0.0104
  410.4     4.31  42.520  -0.0127
  410.9     4.34  42.562  -0.0134
  411.2     4.28  42.603  -0.0146
  411.6     4.28  42.641  -0.0180
  412.0     4.21  42.681  -0.0159
  412.5     4.26  42.720  -0.0162
  412.9     4.28  42.759  -0.0159
  413.3     4.28  42.800  -0.0154
  413.7     4.22  42.839  -0.0190
  414.0     4.25  42.879  -0.0151
  414.5     4.22  42.922  -0.0171
  414.9     4.20  42.963  -0.0146
  415.3     4.21  43.005  -0.0147
  415.8     4.23  43.045  -0.0205
  416.1     4.23  43.086  -0.0204
  416.5     4.19  43.126  -0.0216
  417.0     4.19  43.169  -0.0244
  417.4     4.18  43.210  -0.0218
  417.8     4.17  43.249  -0.0248
  418.2     4.19  43.290  -0.0244
  418.7     4.16  43.327  -0.0241
  419.0     4.19  43.366  -0.0249
  419.4     4.20  43.405  -0.0190
  419.7     4.13  43.443  -0.0196
  420.2     4.22  43.482  -0.0157
  420.6     4.18  43.523  -0.0159
  421.0     4.16  43.561  -0.0152
  421.3     4.23  43.599  -0.0172
  421.7     4.14  43.638  -0.0194
  422.2     4.10  43.681  -0.0171
  422.6     4.18  43.723  -0.0184
  423.0     4.13  43.764  -0.0173
  423.5     4.18  43.806  -0.0175
  423.8     4.06  43.848  -0.0206
  424.3     4.16  43.888  -0.0179
  424.8     4.15  43.926  -0.0184
  425.2     4.10  43.967  -0.0194
  425.5     4.11  44.007  -0.0193
  426.0     4.17  44.048  -0.0226
  426.4     4.11  44.090  -0.0241
  426.8     4.20  44.132  -0.0233
  427.4     4.13  44.173  -0.0224
  427.7     4.11  44.216  -0.0221
  428.2     4.11  44.257  -0.0219
  428.5     4.10  44.300  -0.0225
  429.0     4.15  44.340  -0.0214
  429.5     4.15  44.379  -0.0216
  429.9     4.15  44.420  -0.0218
  430.3     4.12  44.459  -0.0235
  430.6     4.03  44.498  -0.0256
  431.0     4.02  44.538  -0.0239
  431.5     4.09  44.578  -0.0240
  431.9     4.06  44.618  -0.0243
  432.2     4.05  44.657  -0.0246
  432.8     4.07  44.696  -0.0230
  433.1     4.03  44.734  -0.0211
  433.4     4.06  44.773  -0.0201
  433.9     4.07  44.813  -0.0216
  434.3     4.08  44.855  -0.0193
  434.8     4.03  44.899  -0.0165
  435.2     3.99  44.942  -0.0182
  435.7     4.05  44.981  -0.0217
  436.1     4.04  45.024  -0.0179
  436.6     4.03  45.064  -0.0202
  436.9     4.02  45.105  -0.0201
  437.4     4.07  45.145  -0.0184
  437.8     4.08  45.185  -0.0202
  438.2     4.10  45.227  -0.0197
  438.7     4.16  45.271  -0.0173
  439.1     4.04  45.312  -0.0184
  439.6     4.04  45.357  -0.0144
  439.9     4.09  45.398  -0.0115
  440.3     4.00  45.439  -0.0135
  440.8     4.00  45.481  -0.0160
  441.2     4.08  45.520  -0.0179
  441.6     4.00  45.560  -0.0176
  442.1     4.01  45.599  -0.0204
  442.4     4.08  45.637  -0.0183
  442.8     4.00  45.677  -0.0189
  443.3     3.96  45.717  -0.0184
  443.7     4.04  45.758  -0.0153
  444.0     3.93  45.797  -0.0178
  444.5     3.95  45.838  -0.0130
  444.9     4.04  45.879  -0.0099
  445.3     3.99  45.918  -0.0158
  445.8     4.03  45.959  -0.0150
  446.1     4.01  45.997  -0.0138
  446.5     3.98  46.038  -0.0181
  446.9     4.01  46.081  -0.0161
  447.3     3.93  46.123  -0.0185
  447.7     3.96  46.165  -0.0196
  448.3     3.95  46.207  -0.0170
  448.6     3.94  46.245  -0.0183
  449.1     4.00  46.284  -0.0183
  449.4     3.97  46.323  -0.0133
  449.8     3.91  46.367  -0.0114
  450.2     3.98  46.408  -0.0136
  450.7     3.98  46.447  -0.0108
  451.1     3.97  46.489  -0.0099
  451.5     3.92  46.534  -0.0116
  451.8     3.90  46.574  -0.0104
  452.2     3.91  46.614  -0.0094
  452.8     3.87  46.657  -0.0074
  453.2     3.90  46.699  -0.0122
  453.6     3.96  46.742  -0.0133
  454.0     3.87  46.782  -0.0103
  454.3     3.85  46.821  -0.0123
  454.9     3.92  46.860  -0.0116
  455.2     3.93  46.900  -0.0131
  455.6     3.89  46.939  -0.0117
  456.0     3.85  46.980  -0.0101
  456.3     3.84  47.018  -0.0128
  456.7     3.88  47.057  -0.0144
  457.2     3.91  47.096  -0.0119
  457.6     3.90  47.136  -0.0109
  457.8     3.83  47.175  -0.0135
  458.3     3.81  47.214  -0.0153
  458.6     3.73  47.258  -0.0134
  459.1     3.77  47.299  -0.0147
  459.5     3.82  47.340  -0.0159
  460.0     3.81  47.382  -0.0148
  460.4     3.82  47.421  -0.0159
  460.8     3.83  47.460  -0.0167
  461.1     3.77  47.499  -0.0154
  461.6     3.78  47.541  -0.0144
  461.9     3.71  47.583  -0.0140
  462.4     3.73  47.624  -0.0123
  462.8     3.83  47.667  -0.0096
  463.2     3.73  47.709  -0.0112
  463.6     3.78  47.749  -0.0161
  464.0     3.74  47.789  -0.0142
  464.4     3.75  47.830  -0.0119
  464.8     3.78  47.869  -0.0101
  465.3     3.75  47.911  -0.0104
  465.7     3.82  47.950  -0.0111
  466.1     3.80  47.989  -0.0071
  466.5     3.77  48.029  -0.0091
  466.8     3.76  48.068  -0.0068
  467.3     3.85  48.106  -0.0101
  467.5     3.77  48.145  -0.0070
  468.1     3.78  48.186  -0.0135
  468.4     3.82  48.225  -0.0114
  468.8     3.75  48.264  -0.0123
  469.2     3.83  48.303  -0.0137
  469.6     3.86  48.341  -0.0127
  470.0     3.83  48.381  -0.0082
  470.4     3.74  48.421  -0.0086
  470.8     3.79  48.463  -0.0123
  471.2     3.69  48.505  -0.0093
  471.5     3.73  48.544  -0.0099
  472.0     3.71  48.585  -0.0071
  472.3     3.66  48.626  -0.0067
  472.7     3.68  48.664  -0.0118
  473.1     3.71  48.705  -0.0133
  473.6     3.76  48.746  -0.0121
  474.0     3.76  48.786  -0.0099
  474.4     3.70  48.828  -0.0122
  474.7     3.69  48.871  -0.0134
  475.2     3.72  48.913  -0.0152
  475.7     3.75  48.953  -0.0161
  476.1     3.74  48.995  -0.0171
  476.6     3.84  49.036  -0.0169
  476.8     3.72  49.075  -0.0197
  477.3     3.70  49.114  -0.0200
  477.7     3.74  49.154  -0.0195
  478.0     3.69  49.196  -0.0225
  478.5     3.71  49.234  -0.0223
  478.9     3.65  49.272  -0.0196
  479.2     3.65  49.314  -0.0217
  479.8     3.75  49.352  -0.0196
  480.0     3.60  49.391  -0.0188
  480.3     3.71  49.430  -0.0185
  480.7     3.72  49.469  -0.0170
  481.2     3.71  49.509  -0.0197
  481.6     3.66  49.548  -0.0238
  481.9     3.67  49.587  -0.0235
  482.3     3.65  49.630  -0.0221
  482.8     3.61  49.674  -0.0213
  483.1     3.57  49.714  -0.0217
  483.6     3.72  49.754  -0.0213
  483.9     3.69  49.795  -0.0204
  484.4     3.68  49.835  -0.0192
  484.8     3.64  49.874  -0.0212
  485.2     3.69  49.913  -0.0223
  485.6     3.70  49.955  -0.0206
  486.0     3.58  49.996  -0.0207
  486.3     3.71  50.039  -0.0205
  486.8     3.73  50.081  -0.0203
  487.2     3.65  50.124  -0.0187
  487.6     3.68  50.164  -0.0216
  488.0     3.65  50.206  -0.0230
  488.5     3.68  50.247  -0.0227
  489.0     3.67  50.287  -0.0227
  489.3     3.70  50.328  -0.0214
  489.7     3.68  50.369  -0.0224
  490.1     3.66  50.407  -0.0248
  490.5     3.66  50.447  -0.0234
  490.8     3.67  50.487  -0.0231
  491.2     3.58  50.525  -0.0231
  491.7     3.65  50.566  -0.0213
  492.1     3.62  50.606  -0.0200
  492.5     3.64  50.645  -0.0202
  492.8     3.68  50.683  -0.0218
  493.2     3.65  50.719  -0.0194
  493.7     3.67  50.760  -0.0156
  494.0     3.60  50.803  -0.0222
  494.5     3.63  50.847  -0.0264
  494.9     3.68  50.889  -0.0216
  495.2     3.62  50.931  -0.0200
  495.7     3.60  50.971  -0.0245
  496.1     3.63  51.011  -0.0240
  496.4     3.65  51.051  -0.0194
  496.9     3.53  51.091  -0.0159
  497.2     3.53  51.134  -0.0195
  497.7     3.58  51.175  -0.0199
  498.1     3.57  51.215  -0.0179
  498.5     3.52  51.257  -0.0190
  498.9     3.59  51.300  -0.0211
  499.3     3.57  51.341  -0.0185
  499.7     3.57  51.382  -0.0176
  500.1     3.53  51.424  -0.0202
  500.5     3.60  51.464  -0.0212
  500.9     3.59  51.503  -0.0206
  501.3     3.57  51.543  -0.0223
  501.7     3.49  51.583  -0.0228
  502.1     3.56  51.624  -0.0186
  502.4     3.48  51.662  -0.0235
  502.9     3.49  51.702  -0.0222
  503.2     3.53  51.743  -0.0220
  503.7     3.59  51.784  -0.0263
  504.1     3.48  51.824  -0.0226
  504.5     3.43  51.863  -0.0198
  504.8     3.50  51.902  -0.0236
  505.3     3.52  51.942  -0.0219
  505.8     3.60  51.986  -0.0176
  506.1     3.55  52.028  -0.0230
  506.5     3.59  52.070  -0.0213
  507.0     3.50  52.113  -0.0185
  507.3     3.48  52.153  -0.0209
  507.7     3.53  52.194  -0.0244
  508.1     3.63  52.236  -0.0199
  508.5     3.55  52.273  -0.0164
  508.8     3.50  52.314  -0.0207
  509.3     3.52  52.355  -0.0194
  509.7     3.51  52.397  -0.0212
  510.1     3.50  52.440  -0.0186
  510.5     3.56  52.484  -0.0156
  511.0     3.49  52.527  -0.0171
  511.4     3.54  52.568  -0.0129
  511.8     3.47  52.607  -0.0179
  512.2     3.45  52.648  -0.0197
  512.6     3.52  52.691  -0.0188
  513.1     3.53  52.730  -0.0157
  513.4     3.47  52.773  -0.0157
  513.8     3.39  52.812  -0.0140
  514.2     3.47  52.851  -0.0162
  514.7     3.49  52.892  -0.0145
  515.1     3.48  52.934  -0.0128
  515.5     3.50  52.975  -0.0164
  515.9     3.50  53.014  -0.0178
  516.2     3.43  53.053  -0.0162
  516.7     3.48  53.093  -0.0145
  517.0     3.47  53.133  -0.0149
  517.4     3.46  53.175  -0.0138
  517.9     3.47  53.220  -0.0163
  518.4     3.44  53.262  -0.0187
  518.8     3.48  53.301  -0.0197
  519.2     3.57  53.341  -0.0185
  519.6     3.49  53.382  -0.0164
  520.0     3.50  53.420  -0.0170
  520.4     3.55  53.461  -0.0202
  520.8     3.47  53.501  -0.0181
  521.2     3.57  53.541  -0.0190
  521.6     3.48  53.583  -0.0161
  522.1     3.55  53.624  -0.0126
  522.5     3.49  53.665  -0.0181
  522.9     3.43  53.706  -0.0157
  523.3     3.50  53.748  -0.0150
  523.7     3.45  53.787  -0.0155
  524.2     3.46  53.828  -0.0196
  524.6     3.48  53.868  -0.0223
  524.9     3.45  53.908  -0.0218
  525.3     3.45  53.949  -0.0198
  525.8     3.42  53.988  -0.0217
  526.1     3.47  54.030  -0.0222
  526.5     3.48  54.072  -0.0188
  526.8     3.45  54.112  -0.0131
  527.3     3.45  54.152  -0.0026
  527.7     3.43  54.191  -0.0018
  528.1     3.51  54.230  -0.0032
  528.5     3.39  54.268  -0.0022
  528.9     3.46  54.307  -0.0057
  529.3     3.50  54.345  -0.0111
  529.6     3.40  54.389  -0.0049
  530.1     3.45  54.430  -0.0049
  530.6     3.42  54.468  -0.0093
  531.0     3.47  54.509  -0.0100
  531.4     3.43  54.549  -0.0077
  531.8     3.48  54.589  -0.0108
  532.1     3.40  54.629  -0.0110
  532.6     3.49  54.669  -0.0104
  532.9     3.49  54.709  -0.0067
  533.3     3.44  54.749  -0.0083
  533.8     3.53  54.792  -0.0213
  534.2     3.43  54.833  -0.0233
  534.6     3.42  54.875  -0.0230
  535.0     3.41  54.918  -0.0250
  535.4     3.37  54.960  -0.0235
  536.0     3.43  55.002  -0.0261
  536.3     3.43  55.042  -0.0209
  536.7     3.40  55.084  -0.0209
  537.1     3.43  55.124  -0.0209
  537.5     3.44  55.162  -0.0213
  537.8     3.43  55.202  -0.0205
  538.3     3.44  55.242  -0.0183
  538.6     3.37  55.282  -0.0203
  539.1     3.43  55.322  -0.0241
  539.5     3.47  55.363  -0.0240
  540.0     3.45  55.402  -0.0306
  540.4     3.42  55.445  -0.0285
  540.6     3.41  55.485  -0.0318
  541.2     3.38  55.525  -0.0302
  541.6     3.45  55.567  -0.0298
  542.0     3.43  55.611  -0.0297
  542.4     3.42  55.650  -0.0297
  542.9     3.43  55.691  -0.0264
  543.2     3.36  55.730  -0.0239
  543.6     3.36  55.769  -0.0241
  543.9     3.42  55.810  -0.0235
  544.4     3.42  55.849  -0.0233
  544.8     3.41  55.893  -0.0253
  545.3     3.42  55.934  -0.0231
  545.7     3.40  55.974  -0.0214
  546.1     3.37  56.016  -0.0190
  546.4     3.37  56.060  -0.0188
  546.9     3.38  56.100  -0.0181
  547.3     3.32  56.142  -0.0136
  547.6     3.27  56.185  -0.0117
  548.1     3.31  56.226  -0.0112
  548.5     3.41  56.267  -0.0126
  548.8     3.29  56.306  -0.0088
  549.2     3.29  56.345  -0.0021
  549.6     3.34  56.386   0.0020
  550.0     3.35  56.428   0.0014
  550.4     3.31  56.469   0.0045
  550.8     3.32  56.510   0.0085
  551.2     3.28  56.548   0.0039
  551.6     3.35  56.590   0.0026
  552.0     3.30  56.629   0.0004
  552.4     3.33  56.668   0.0024
  552.8     3.36  56.708   0.0023
  553.3     3.39  56.750  -0.0020
  553.8     3.49  56.791  -0.0098
  554.1     3.39  56.832  -0.0101
  554.5     3.37  56.875  -0.0098
  554.9     3.33  56.915  -0.0082
  555.3     3.31  56.956  -0.0101
  555.6     3.42  56.997  -0.0117
  556.1     3.32  57.038  -0.0083
  556.6     3.34  57.077  -0.0094
  557.0     3.40  57.119  -0.0129
  557.3     3.37  57.160  -0.0104
  557.7     3.31  57.202  -0.0129
  558.1     3.41  57.243  -0.0108
  558.5     3.33  57.285  -0.0062
  558.8     3.39  57.326  -0.0046
  559.2     3.34  57.367  -0.0097
  559.6     3.32  57.408  -0.0118
  560.1     3.37  57.448  -0.0100
  560.4     3.40  57.486  -0.0071
  560.8     3.33  57.527  -0.0063
  561.2     3.33  57.567  -0.0124
  561.6     3.32  57.607  -0.0151
  562.0     3.35  57.650  -0.0136
  562.4     3.32  57.691  -0.0113
  562.8     3.37  57.729  -0.0110
  563.1     3.34  57.770  -0.0094
  563.6     3.35  57.809  -0.0079
  563.9     3.32  57.849  -0.0106
  564.4     3.30  57.888  -0.0143
  564.6     3.27  57.931  -0.0155
  565.2     3.35  57.972  -0.0133
  565.5     3.26  58.015  -0.0155
  565.9     3.35  58.055  -0.0138
  566.3     3.23  58.095  -0.0119
  566.7     3.32  58.136  -0.0090
  567.2     3.41  58.176  -0.0128
  567.5     3.41  58.217  -0.0133
  567.8     3.32  58.259  -0.0128
  568.2     3.31  58.300  -0.0130
  568.8     3.39  58.342  -0.0115
  569.3     3.38  58.386  -0.0128
  569.5     3.37  58.428  -0.0141
  570.1     3.39  58.471  -0.0128
  570.5     3.35  58.512  -0.0199
  570.9     3.37  58.553  -0.0126
  571.3     3.39  58.595  -0.0084
  571.7     3.32  58.635  -0.0127
  572.1     3.36  58.675  -0.0128
  572.5     3.32  58.717  -0.0101
  572.9     3.32  58.756  -0.0089
  573.3     3.40  58.795  -0.0090
  573.7     3.41  58.836  -0.0125
  574.1     3.35  58.875  -0.0119
  574.4     3.36  58.914  -0.0121
  574.9     3.32  58.954  -0.0151
  575.3     3.38  58.992  -0.0193
  575.6     3.38  59.032  -0.0192
  576.1     3.39  59.072  -0.0198
  576.4     3.35  59.111  -0.0169
  576.8     3.39  59.154  -0.0166
  577.3     3.38  59.194  -0.0222
  577.7     3.37  59.232  -0.0215
  578.0     3.32  59.272  -0.0213
  578.5     3.43  59.315  -0.0207
  578.8     3.34  59.355  -0.0185
  579.2     3.35  59.394  -0.0212
  579.5     3.51  59.434  -0.0192
  580.1     3.31  59.476  -0.0206
  580.4     3.31  59.517  -0.0186
  580.8     3.38  59.557  -0.0207
  581.3     3.42  59.599  -0.0215
  581.7     3.38  59.640  -0.0219
  582.0     3.36  59.681  -0.0156
  582.3     3.30  59.721  -0.0135
  582.7     3.27  59.761  -0.0132
  583.1     3.33  59.801  -0.0166
  583.5     3.38  59.843  -0.0209
  584.1     3.32  59.882  -0.0298
  584.4     3.36  59.922  -0.0275
  584.8     3.33  59.961  -0.0180
  585.3     3.38  60.000  -0.0153
  585.7     3.37  60.041  -0.0157
  585.9     3.23  60.080  -0.0152
  586.4     3.36  60.120  -0.0159
  586.6     3.38  60.160  -0.0137
  587.1     3.34  60.200  -0.0152
  587.5     3.32  60.240  -0.0134
  587.9     3.39  60.279  -0.0130
  588.3     3.34  60.319  -0.0138
  588.7     3.37  60.359  -0.0181
  589.1     3.32  60.400  -0.0244
  589.7     3.38  60.441  -0.0237
  589.9     3.30  60.480  -0.0229
  590.2     3.31  60.520  -0.0250
  590.6     3.27  60.562  -0.0247
  591.0     3.26  60.602  -0.0240
  591.5     3.36  60.643  -0.0296
  591.9     3.38  60.684  -0.0305
  592.3     3.29  60.724  -0.0277
  592.8     3.33  60.768  -0.0372
  593.1     3.38  60.810  -0.0429
  593.6     3.34  60.851  -0.0437
  593.9     3.32  60.892  -0.0447
  594.3     3.35  60.934  -0.0456
  594.8     3.36  60.975  -0.0433
  595.2     3.36  61.015  -0.0435
  595.6     3.39  61.055  -0.0451
  595.9     3.39  61.093  -0.0437
  596.3     3.32  61.132  -0.0412
  596.7     3.25  61.171  -0.0439
  597.0     3.27  61.210  -0.0418
  597.5     3.37  61.249  -0.0388
  597.8     3.22  61.291  -0.0346
  598.3     3.32  61.330  -0.0354
  598.7     3.39  61.369  -0.0367
  599.0     3.28  61.408  -0.0341
  599.4     3.29  61.447  -0.0371
  599.9     3.35  61.486  -0.0372
  600.2     3.29  61.528  -0.0315
