   14.5     0.62   0.041  -0.0015
   14.5     0.61   0.082   0.0002
   14.5     0.53   0.120   0.0009
   14.5     0.55   0.161  -0.0027
   14.5     0.60   0.200  -0.0127
   14.5     0.58   0.238  -0.0072
   14.5     0.62   0.277  -0.0011
   14.5     0.54   0.317  -0.0061
   14.5     0.52   0.354  -0.0022
   14.5     0.56   0.392  -0.0012
   14.5     0.59   0.433  -0.0054
   14.4     0.54   0.472  -0.0030
   14.5     0.61   0.511  -0.0071
   14.5     0.61   0.550  -0.0011
   14.5     0.54   0.587   0.0023
   14.6     0.62   0.627  -0.0034
   14.6     0.55   0.667  -0.0033
   14.6     0.63   0.705  -0.0068
   14.6     0.61   0.746  -0.0056
   14.6     0.61   0.784  -0.0067
   14.5     0.54   0.826  -0.0018
   14.5     0.54   0.869  -0.0064
   14.6     0.61   0.908  -0.0020
   14.6     0.59   0.949  -0.0004
   14.6     0.61   0.992  -0.0018
   14.7     0.66   1.034   0.0015
   14.6     0.59   1.077  -0.0017
   14.7     0.52   1.118  -0.0017
   14.6     0.69   1.159   0.0008
   14.7     0.63   1.199   0.0003
   14.7     0.66   1.239  -0.0003
   14.6     0.63   1.280   0.0004
   14.7     0.67   1.321  -0.0007
   14.6     0.64   1.361   0.0037
   14.6     0.59   1.401   0.0062
   14.7     0.63   1.443   0.0071
   14.7     0.71   1.482   0.0055
   14.8     0.70   1.522   0.0075
   14.7     0.70   1.564   0.0079
   14.8     0.70   1.602   0.0072
   14.8     0.70   1.641   0.0042
   14.8     0.75   1.679   0.0057
   14.8     0.74   1.720  -0.0029
   14.8     0.79   1.759   0.0015
   14.9     0.70   1.801  -0.0006
   14.9     0.77   1.841   0.0014
   14.9     0.82   1.881  -0.0008
   15.0     0.86   1.920  -0.0012
   15.1     0.88   1.960   0.0026
   15.0     0.84   1.998   0.0036
   15.1     0.85   2.038   0.0009
   15.2     0.87   2.078  -0.0005
   15.3     0.95   2.118   0.0015
   15.3     0.97   2.159   0.0057
   15.3     0.95   2.200   0.0059
   15.3     0.94   2.238   0.0025
   15.4     1.05   2.278   0.0017
   15.5     1.11   2.319  -0.0006
   15.4     1.04   2.359   0.0012
   15.5     1.08   2.400   0.0024
   15.7     1.16   2.439   0.0028
   15.7     1.15   2.479   0.0006
   15.8     1.19   2.522   0.0001
   15.8     1.21   2.562   0.0028
   16.0     1.28   2.602   0.0021
   16.0     1.31   2.641   0.0028
   16.2     1.32   2.682   0.0032
   16.3     1.35   2.721   0.0038
   16.3     1.40   2.761   0.0008
   16.4     1.46   2.800  -0.0009
   16.5     1.47   2.841  -0.0040
   16.6     1.52   2.881  -0.0054
   16.8     1.55   2.920  -0.0045
   16.9     1.60   2.963  -0.0042
   17.0     1.63   3.002  -0.0077
   17.2     1.70   3.041  -0.0013
   17.3     1.72   3.083  -0.0041
   17.3     1.74   3.123  -0.0058
   17.3     1.74   3.162  -0.0063
   17.6     1.84   3.203  -0.0071
   17.8     1.85   3.244  -0.0119
   17.9     1.98   3.285  -0.0063
   18.1     1.95   3.327  -0.0049
   18.2     2.03   3.369  -0.0011
   18.4     2.12   3.410  -0.0010
   18.7     2.18   3.454   0.0005
   18.7     2.16   3.495   0.0046
   18.9     2.24   3.538  -0.0010
   19.1     2.30   3.578   0.0021
   19.3     2.37   3.619   0.0054
   19.5     2.42   3.660   0.0030
   19.6     2.44   3.700  -0.0001
   19.9     2.52   3.741  -0.0027
   20.1     2.58   3.782  -0.0027
   20.3     2.62   3.822  -0.0033
   20.5     2.65   3.862  -0.0016
   20.8     2.74   3.903  -0.0011
   20.9     2.79   3.944   0.0012
   21.2     2.93   3.983   0.0027
   21.3     2.90   4.024  -0.0000
   21.6     2.95   4.065   0.0018
   21.8     2.95   4.108   0.0005
   21.9     3.05   4.148  -0.0007
   22.2     3.12   4.188  -0.0021
   22.5     3.16   4.228  -0.0041
   22.8     3.22   4.269  -0.0077
   22.9     3.29   4.309  -0.0012
   23.2     3.34   4.353  -0.0006
   23.4     3.38   4.394  -0.0001
   23.6     3.46   4.436   0.0022
   24.0     3.51   4.479  -0.0010
   24.3     3.53   4.523  -0.0014
   24.5     3.66   4.566  -0.0017
   24.8     3.66   4.610  -0.0047
   25.1     3.79   4.652  -0.0003
   25.4     3.86   4.697  -0.0093
   25.7     3.86   4.739  -0.0095
   25.9     3.95   4.782  -0.0091
   26.3     4.04   4.827  -0.0098
   26.6     4.10   4.870  -0.0124
   26.9     4.21   4.915  -0.0199
   27.2     4.20   4.959  -0.0129
   27.4     4.28   4.999  -0.0162
   27.8     4.27   5.042  -0.0201
   28.2     4.32   5.086  -0.0133
   28.5     4.41   5.130  -0.0191
   28.8     4.45   5.174  -0.0172
   29.1     4.54   5.217  -0.0191
   29.5     4.63   5.259  -0.0239
   29.8     4.65   5.302  -0.0145
   30.1     4.77   5.341  -0.0121
   30.4     4.75   5.384  -0.0116
   30.7     4.83   5.428  -0.0127
   31.1     4.94   5.470  -0.0135
   31.4     4.98   5.514  -0.0176
   31.7     5.03   5.556  -0.0252
   32.1     5.10   5.597  -0.0240
   32.4     5.13   5.640  -0.0210
   32.8     5.18   5.683  -0.0243
   33.1     5.22   5.726  -0.0234
   33.5     5.27   5.770  -0.0298
   33.8     5.32   5.813  -0.0292
   34.2     5.44   5.855  -0.0283
   34.5     5.47   5.898  -0.0298
   35.0     5.59   5.941  -0.0315
   35.2     5.54   5.983  -0.0267
   35.5     5.58   6.027  -0.0312
   35.9     5.71   6.068  -0.0341
   36.3     5.73   6.111  -0.0325
   36.7     5.73   6.153  -0.0264
   37.1     5.86   6.199  -0.0230
   37.5     5.89   6.243  -0.0216
   37.9     5.99   6.286  -0.0210
   38.3     5.99   6.332  -0.0219
   38.6     6.02   6.377  -0.0234
   39.1     6.13   6.420  -0.0208
   39.5     6.19   6.464  -0.0288
   39.9     6.23   6.506  -0.0310
   40.2     6.22   6.548  -0.0289
   40.6     6.28   6.590  -0.0305
   41.0     6.37   6.633  -0.0241
   41.3     6.36   6.676  -0.0226
   41.7     6.45   6.720  -0.0246
   42.1     6.54   6.762  -0.0253
   42.5     6.44   6.806  -0.0254
   42.9     6.52   6.849  -0.0268
   43.3     6.62   6.892  -0.0261
   43.6     6.66   6.935  -0.0251
   44.0     6.68   6.979  -0.0267
   44.4     6.68   7.021  -0.0247
   44.8     6.78   7.066  -0.0263
   45.3     6.90   7.109  -0.0296
   45.6     6.90   7.152  -0.0285
   46.1     6.91   7.195  -0.0290
   46.4     6.95   7.238  -0.0205
   46.8     6.95   7.280  -0.0243
   47.2     6.97   7.322  -0.0238
   47.6     7.09   7.366  -0.0232
   48.0     7.09   7.410  -0.0226
   48.5     7.09   7.454  -0.0227
   48.9     7.19   7.498  -0.0239
   49.3     7.23   7.540  -0.0283
   49.8     7.23   7.584  -0.0284
   50.1     7.29   7.628  -0.0281
   50.5     7.32   7.670  -0.0279
   50.9     7.34   7.712  -0.0245
   51.3     7.40   7.755  -0.0198
   51.7     7.43   7.795  -0.0196
   52.1     7.50   7.840  -0.0187
   52.6     7.57   7.882  -0.0174
   53.0     7.53   7.927  -0.0161
   53.3     7.59   7.971  -0.0147
   53.8     7.56   8.014  -0.0203
   54.2     7.59   8.057  -0.0208
   54.6     7.63   8.101  -0.0247
   55.0     7.64   8.143  -0.0215
   55.4     7.71   8.187  -0.0151
   55.8     7.65   8.227  -0.0169
   56.1     7.72   8.268  -0.0189
   56.5     7.72   8.309  -0.0199
   57.0     7.88   8.351  -0.0204
   57.4     7.88   8.395  -0.0207
   57.8     7.90   8.437  -0.0205
   58.3     7.94   8.479  -0.0189
   58.5     7.92   8.520  -0.0243
   59.0     7.96   8.562  -0.0217
   59.3     7.96   8.603  -0.0205
   59.9     8.04   8.643  -0.0223
   60.3     8.08   8.685  -0.0193
   60.6     8.08   8.727  -0.0189
   61.0     8.09   8.769  -0.0190
   61.5     8.11   8.812  -0.0145
   61.9     8.16   8.855  -0.0125
   62.3     8.19   8.895  -0.0113
   62.8     8.23   8.937  -0.0082
   63.2     8.26   8.976  -0.0133
   63.4     8.20   9.017  -0.0178
   63.9     8.27   9.059  -0.0194
   64.4     8.33   9.102  -0.0190
   64.7     8.29   9.142  -0.0171
   65.1     8.37   9.181  -0.0140
   65.5     8.34   9.223  -0.0176
   65.9     8.35   9.262  -0.0167
   66.2     8.44   9.300  -0.0109
   66.6     8.41   9.340  -0.0110
   67.0     8.40   9.381  -0.0105
   67.4     8.44   9.419  -0.0088
   67.7     8.44   9.457  -0.0077
   68.2     8.44   9.498  -0.0046
   68.6     8.50   9.540  -0.0062
   69.0     8.56   9.581  -0.0138
   69.5     8.61   9.620  -0.0100
   69.9     8.63   9.661  -0.0123
   70.3     8.62   9.702  -0.0129
   70.7     8.64   9.740  -0.0126
   71.0     8.63   9.780  -0.0156
   71.5     8.71   9.819  -0.0201
   71.7     8.69   9.857  -0.0165
   72.2     8.73   9.897  -0.0208
   72.6     8.77   9.938  -0.0221
   73.0     8.79   9.977  -0.0178
   73.4     8.79  10.016  -0.0173
   73.8     8.74  10.056  -0.0165
   74.1     8.77  10.095  -0.0126
   74.6     8.79  10.135  -0.0146
   75.0     8.81  10.174  -0.0184
   75.2     8.71  10.212  -0.0242
   75.7     8.82  10.251  -0.0185
   76.1     8.77  10.290  -0.0130
   76.4     8.73  10.328  -0.0100
   76.7     8.75  10.367  -0.0116
   77.3     8.76  10.406  -0.0102
   77.7     8.81  10.445  -0.0156
   78.1     8.79  10.485  -0.0175
   78.4     8.82  10.525  -0.0198
   78.9     8.87  10.565  -0.0236
   79.3     8.79  10.604  -0.0231
   79.6     8.79  10.642  -0.0282
   80.1     8.90  10.682  -0.0230
   80.4     8.84  10.723  -0.0219
   80.8     8.82  10.760  -0.0244
   81.2     8.88  10.800  -0.0227
   81.5     8.91  10.841  -0.0217
   82.0     8.82  10.881  -0.0217
   82.5     8.91  10.922  -0.0226
   82.8     8.90  10.964  -0.0255
   83.3     8.87  11.005  -0.0224
   83.7     8.89  11.046  -0.0192
   84.0     8.90  11.088  -0.0180
   84.6     8.94  11.130  -0.0216
   84.9     8.89  11.171  -0.0232
   85.3     8.86  11.213  -0.0217
   85.7     8.90  11.254  -0.0272
   86.2     8.97  11.297  -0.0355
   86.7     8.90  11.339  -0.0275
   86.9     8.92  11.379  -0.0232
   87.4     8.98  11.418  -0.0208
   87.8     8.97  11.458  -0.0238
   88.2     8.95  11.496  -0.0239
   88.6     8.97  11.536  -0.0138
   88.9     8.94  11.575  -0.0147
   89.4     8.95  11.614  -0.0200
   89.7     8.95  11.656  -0.0190
   90.2     8.92  11.696  -0.0194
   90.6     8.98  11.735  -0.0250
   91.0     9.00  11.776  -0.0240
   91.4     9.01  11.817  -0.0228
   91.8     8.94  11.858  -0.0249
   92.2     9.00  11.898  -0.0226
   92.6     8.95  11.937  -0.0185
   93.0     9.02  11.975  -0.0215
   93.3     9.00  12.015  -0.0172
   93.7     8.99  12.055  -0.0218
   94.2     8.92  12.096  -0.0192
   94.6     8.96  12.137  -0.0147
   95.0     8.94  12.176  -0.0173
   95.3     8.97  12.217  -0.0169
   95.7     8.92  12.259  -0.0154
   96.1     8.93  12.300  -0.0142
   96.6     8.91  12.340  -0.0155
   97.0     8.93  12.382  -0.0134
   97.4     8.97  12.420  -0.0183
   97.8     8.93  12.462  -0.0165
   98.3     8.95  12.503  -0.0149
   98.6     8.93  12.544  -0.0169
   99.0     8.99  12.586  -0.0185
   99.5     8.93  12.626  -0.0192
   99.8     8.88  12.665  -0.0186
  100.3     8.95  12.705  -0.0154
  100.7     8.99  12.745  -0.0129
  101.0     8.97  12.784  -0.0083
  101.4     8.95  12.823  -0.0117
  101.9     8.97  12.864  -0.0107
  102.1     8.94  12.901  -0.0064
  102.5     8.96  12.940  -0.0112
  103.0     9.01  12.980  -0.0125
  103.5     8.95  13.021  -0.0112
  103.8     8.96  13.059  -0.0152
  104.1     8.89  13.100  -0.0177
  104.5     9.03  13.140  -0.0196
  105.0     8.96  13.180  -0.0152
  105.4     8.95  13.218  -0.0142
  105.8     8.97  13.258  -0.0218
  106.2     8.92  13.300  -0.0196
  106.6     8.92  13.341  -0.0185
  107.0     8.91  13.383  -0.0234
  107.5     8.99  13.426  -0.0206
  107.9     8.95  13.467  -0.0236
  108.3     8.94  13.510  -0.0248
  108.7     8.93  13.553  -0.0299
  109.1     8.88  13.595  -0.0293
  109.6     8.90  13.638  -0.0310
  109.9     8.91  13.679  -0.0338
  110.4     8.93  13.720  -0.0225
  110.9     8.89  13.761  -0.0191
  111.2     8.89  13.802  -0.0127
  111.7     8.89  13.844  -0.0160
  112.1     8.89  13.885  -0.0189
  112.5     8.84  13.925  -0.0264
  112.8     8.93  13.965  -0.0267
  113.4     8.92  14.006  -0.0289
  113.7     8.90  14.045  -0.0292
  114.1     8.94  14.086  -0.0275
  114.5     8.85  14.129  -0.0257
  114.8     8.88  14.169  -0.0276
  115.3     8.81  14.209  -0.0296
  115.8     8.88  14.251  -0.0307
  116.2     8.88  14.292  -0.0306
  116.7     8.89  14.334  -0.0320
  117.0     8.94  14.378  -0.0284
  117.5     8.95  14.419  -0.0319
  118.0     8.94  14.460  -0.0300
  118.4     8.93  14.501  -0.0316
  118.8     8.98  14.543  -0.0325
  119.1     8.91  14.586  -0.0271
  119.6     8.97  14.627  -0.0310
  120.0     8.88  14.671  -0.0283
  120.5     8.93  14.716  -0.0187
  120.9     9.03  14.759  -0.0218
  121.3     8.91  14.803  -0.0176
  121.8     8.87  14.846  -0.0171
  122.2     8.81  14.888  -0.0199
  122.6     8.83  14.931  -0.0150
  123.0     8.82  14.973  -0.0166
  123.4     8.76  15.017  -0.0218
  123.8     8.70  15.060  -0.0211
  124.3     8.78  15.102  -0.0251
  124.8     8.75  15.147  -0.0215
  125.2     8.75  15.192  -0.0187
  125.6     8.74  15.235  -0.0207
  126.0     8.68  15.278  -0.0183
  126.5     8.75  15.317  -0.0203
  126.9     8.71  15.362  -0.0141
  127.3     8.73  15.405  -0.0177
  127.8     8.71  15.446  -0.0162
  128.1     8.68  15.490  -0.0129
  128.6     8.74  15.533  -0.0125
  129.1     8.69  15.577  -0.0096
  129.5     8.71  15.621  -0.0124
  130.0     8.73  15.664  -0.0116
  130.4     8.73  15.706  -0.0132
  130.8     8.74  15.749  -0.0156
  131.2     8.72  15.790  -0.0166
  131.6     8.77  15.832  -0.0182
  132.1     8.71  15.876  -0.0156
  132.5     8.70  15.918  -0.0149
  133.0     8.67  15.963  -0.0183
  133.3     8.65  16.003  -0.0168
  133.7     8.68  16.043  -0.0148
  134.1     8.76  16.088  -0.0148
  134.7     8.72  16.130  -0.0162
  135.0     8.72  16.171  -0.0175
  135.5     8.76  16.214  -0.0167
  135.9     8.70  16.258  -0.0192
  136.3     8.68  16.302  -0.0196
  136.8     8.67  16.345  -0.0156
  137.3     8.68  16.385  -0.0132
  137.6     8.71  16.426  -0.0135
  138.1     8.78  16.467  -0.0136
  138.4     8.67  16.507  -0.0126
  139.0     8.72  16.550  -0.0177
  139.3     8.73  16.587  -0.0325
  139.7     8.69  16.629  -0.0350
  140.2     8.67  16.671  -0.0386
  140.5     8.70  16.709  -0.0331
  140.9     8.74  16.750  -0.0319
  141.3     8.68  16.790  -0.0347
  141.7     8.65  16.829  -0.0310
  142.2     8.68  16.871  -0.0345
  142.6     8.68  16.912  -0.0315
  143.0     8.71  16.950  -0.0339
  143.4     8.66  16.993  -0.0328
  143.8     8.73  17.033  -0.0293
  144.2     8.66  17.074  -0.0313
  144.6     8.68  17.113  -0.0348
  145.1     8.69  17.155  -0.0337
  145.5     8.62  17.193  -0.0342
  145.9     8.70  17.232  -0.0379
  146.3     8.75  17.273  -0.0286
  146.8     8.67  17.314  -0.0279
  147.2     8.69  17.357  -0.0249
  147.5     8.69  17.397  -0.0242
  148.0     8.67  17.439  -0.0247
  148.5     8.66  17.482  -0.0223
  148.9     8.67  17.523  -0.0236
  149.3     8.64  17.565  -0.0243
  149.8     8.73  17.605  -0.0193
  150.2     8.68  17.646  -0.0234
  150.6     8.70  17.688  -0.0192
  151.1     8.66  17.733  -0.0237
  151.5     8.67  17.775  -0.0258
  151.9     8.68  17.818  -0.0221
  152.3     8.65  17.857  -0.0222
  152.8     8.62  17.899  -0.0272
  153.2     8.67  17.942  -0.0255
  153.6     8.69  17.985  -0.0247
  154.1     8.63  18.028  -0.0271
  154.5     8.66  18.068  -0.0250
  155.0     8.65  18.111  -0.0201
  155.4     8.64  18.154  -0.0217
  155.9     8.70  18.195  -0.0235
  156.3     8.71  18.236  -0.0247
  156.7     8.65  18.279  -0.0253
  157.2     8.63  18.319  -0.0202
  157.7     8.67  18.363  -0.0176
  158.2     8.62  18.408  -0.0143
  158.6     8.68  18.450  -0.0138
  159.0     8.63  18.489  -0.0189
  159.4     8.58  18.532  -0.0217
  159.9     8.63  18.573  -0.0237
  160.3     8.63  18.613  -0.0247
  160.6     8.55  18.656  -0.0239
  161.1     8.54  18.696  -0.0216
  161.5     8.61  18.738  -0.0174
  162.1     8.61  18.781  -0.0155
  162.4     8.59  18.824  -0.0185
  162.9     8.58  18.866  -0.0191
  163.2     8.52  18.908  -0.0216
  163.8     8.54  18.949  -0.0206
  164.2     8.58  18.992  -0.0095
  164.5     8.57  19.034  -0.0165
  165.0     8.47  19.076  -0.0195
  165.4     8.55  19.118  -0.0163
  165.9     8.54  19.158  -0.0130
  166.4     8.51  19.198  -0.0141
  166.7     8.51  19.240  -0.0159
  167.2     8.53  19.281  -0.0180
  167.7     8.48  19.324  -0.0131
  168.1     8.53  19.364  -0.0152
  168.5     8.53  19.407  -0.0144
  168.8     8.48  19.451  -0.0161
  169.3     8.45  19.493  -0.0189
  169.7     8.45  19.537  -0.0204
  170.3     8.44  19.581  -0.0219
  170.7     8.51  19.620  -0.0195
  171.0     8.47  19.660  -0.0191
  171.5     8.40  19.702  -0.0223
  171.9     8.43  19.742  -0.0105
  172.4     8.38  19.782  -0.0063
  172.8     8.36  19.823  -0.0081
  173.2     8.40  19.865  -0.0064
  173.7     8.37  19.904  -0.0081
  174.1     8.39  19.944  -0.0140
  174.4     8.39  19.984  -0.0159
  174.9     8.33  20.023  -0.0123
  175.4     8.41  20.062  -0.0137
  175.8     8.37  20.099  -0.0155
  176.1     8.33  20.139  -0.0100
  176.5     8.34  20.177  -0.0143
  176.9     8.36  20.218  -0.0216
  177.4     8.35  20.260  -0.0259
  177.8     8.37  20.299  -0.0264
  178.2     8.29  20.339  -0.0266
  178.6     8.32  20.378  -0.0216
  179.1     8.36  20.417  -0.0235
  179.4     8.32  20.457  -0.0255
  179.8     8.24  20.498  -0.0269
  180.2     8.25  20.540  -0.0285
  180.7     8.28  20.577  -0.0372
  181.2     8.34  20.617  -0.0298
  181.6     8.33  20.656  -0.0357
  182.0     8.32  20.695  -0.0366
  182.4     8.24  20.736  -0.0329
  182.7     8.25  20.775  -0.0293
  183.2     8.19  20.816  -0.0206
  183.6     8.20  20.857  -0.0259
  184.1     8.23  20.896  -0.0249
  184.5     8.27  20.938  -0.0317
  184.8     8.17  20.980  -0.0305
  185.4     8.23  21.020  -0.0327
  185.8     8.24  21.060  -0.0308
  186.2     8.20  21.101  -0.0310
  186.6     8.16  21.140  -0.0258
  187.0     8.19  21.182  -0.0233
  187.5     8.18  21.226  -0.0268
  188.0     8.15  21.267  -0.0237
  188.4     8.13  21.310  -0.0354
  188.8     8.24  21.352  -0.0467
  189.3     8.16  21.395  -0.0500
  189.7     8.11  21.436  -0.0482
  190.1     8.15  21.477  -0.0500
  190.6     8.16  21.518  -0.0482
  191.0     8.16  21.559  -0.0483
  191.4     8.11  21.598  -0.0482
  191.9     8.13  21.636  -0.0489
  192.3     8.09  21.676  -0.0444
  192.7     8.05  21.717  -0.0485
  193.1     8.11  21.758  -0.0432
  193.5     8.05  21.800  -0.0457
  194.0     8.04  21.840  -0.0479
  194.4     8.05  21.880  -0.0465
  194.8     8.01  21.919  -0.0399
  195.2     8.07  21.959  -0.0416
  195.6     8.03  22.000  -0.0403
  196.1     8.10  22.041  -0.0388
  196.5     7.98  22.081  -0.0377
  196.9     7.98  22.122  -0.0385
  197.4     8.01  22.162  -0.0393
  197.8     7.97  22.202  -0.0366
  198.2     7.96  22.245  -0.0385
  198.7     8.03  22.286  -0.0429
  199.1     8.00  22.326  -0.0408
  199.6     7.92  22.369  -0.0428
  200.0     7.95  22.410  -0.0397
  200.3     7.91  22.450  -0.0347
  200.9     7.88  22.491  -0.0354
  201.3     7.98  22.531  -0.0387
  201.8     7.96  22.571  -0.0394
  202.1     7.85  22.614  -0.0406
  202.5     7.90  22.657  -0.0398
  203.1     7.91  22.698  -0.0428
  203.4     7.93  22.737  -0.0433
  203.8     7.87  22.776  -0.0417
  204.3     7.83  22.816  -0.0409
  204.8     7.91  22.856  -0.0422
  205.2     7.91  22.893  -0.0404
  205.5     7.77  22.935  -0.0401
  206.0     7.79  22.974  -0.0422
  206.3     7.93  23.014  -0.0387
  206.9     7.81  23.053  -0.0430
  207.2     7.86  23.093  -0.0350
  207.7     7.86  23.133  -0.0336
  208.0     7.74  23.172  -0.0321
  208.4     7.73  23.210  -0.0327
  208.9     7.79  23.251  -0.0343
  209.3     7.81  23.293  -0.0362
  209.8     7.79  23.334  -0.0343
  210.3     7.76  23.376  -0.0313
  210.6     7.77  23.417  -0.0366
  211.1     7.83  23.458  -0.0302
  211.5     7.82  23.500  -0.0269
  211.9     7.81  23.541  -0.0323
  212.5     7.74  23.582  -0.0313
  212.8     7.73  23.623  -0.0285
  213.3     7.76  23.664  -0.0308
  213.7     7.71  23.705  -0.0271
  214.1     7.70  23.746  -0.0312
  214.5     7.64  23.787  -0.0324
  214.9     7.67  23.828  -0.0297
  215.4     7.61  23.870  -0.0265
  215.9     7.64  23.910  -0.0289
  216.2     7.62  23.951  -0.0287
  216.6     7.57  23.993  -0.0332
  217.0     7.61  24.033  -0.0346
  217.5     7.61  24.073  -0.0343
  218.0     7.62  24.115  -0.0323
  218.4     7.58  24.157  -0.0303
  218.9     7.58  24.200  -0.0281
  219.3     7.59  24.240  -0.0290
  219.7     7.57  24.282  -0.0266
  220.2     7.62  24.325  -0.0284
  220.6     7.54  24.367  -0.0290
  221.0     7.53  24.410  -0.0294
  221.5     7.55  24.452  -0.0309
  221.9     7.57  24.493  -0.0330
  222.3     7.52  24.536  -0.0256
  222.7     7.47  24.580  -0.0260
  223.2     7.51  24.623  -0.0244
  223.6     7.50  24.668  -0.0236
  224.1     7.48  24.710  -0.0237
  224.6     7.38  24.753  -0.0242
  225.0     7.42  24.798  -0.0239
  225.5     7.43  24.840  -0.0271
  226.0     7.41  24.884  -0.0277
  226.4     7.45  24.928  -0.0280
  226.9     7.40  24.971  -0.0271
  227.3     7.42  25.014  -0.0308
  227.9     7.41  25.057  -0.0335
  228.2     7.35  25.101  -0.0329
  228.8     7.43  25.147  -0.0287
  229.2     7.39  25.189  -0.0311
  229.6     7.38  25.232  -0.0302
  230.0     7.40  25.275  -0.0318
  230.7     7.35  25.319  -0.0288
  231.0     7.40  25.361  -0.0328
  231.4     7.34  25.403  -0.0316
  231.9     7.33  25.448  -0.0299
  232.4     7.32  25.493  -0.0326
  232.9     7.30  25.536  -0.0306
  233.4     7.34  25.580  -0.0302
  233.8     7.29  25.623  -0.0311
  234.2     7.32  25.667  -0.0289
  234.7     7.24  25.709  -0.0284
  235.1     7.20  25.752  -0.0295
  235.6     7.25  25.794  -0.0308
  236.0     7.24  25.838  -0.0311
  236.5     7.25  25.879  -0.0307
  236.8     7.28  25.921  -0.0315
  237.3     7.25  25.964  -0.0332
  237.9     7.33  26.007  -0.0308
  238.3     7.16  26.049  -0.0319
  238.6     7.17  26.089  -0.0415
  239.0     7.20  26.131  -0.0397
  239.5     7.16  26.174  -0.0395
  240.1     7.22  26.216  -0.0424
  240.5     7.16  26.260  -0.0414
  240.9     7.16  26.299  -0.0439
  241.3     7.15  26.342  -0.0387
  241.7     7.13  26.385  -0.0347
  242.3     7.14  26.428  -0.0357
  242.7     7.16  26.469  -0.0346
  243.1     7.11  26.511  -0.0306
  243.6     7.13  26.552  -0.0345
  244.0     7.12  26.594  -0.0383
  244.4     7.18  26.637  -0.0351
  244.9     7.11  26.679  -0.0376
  245.2     7.09  26.719  -0.0388
  245.7     7.08  26.760  -0.0419
  246.2     7.10  26.802  -0.0439
  246.6     7.10  26.844  -0.0397
  247.1     7.04  26.885  -0.0404
  247.5     7.01  26.928  -0.0484
  247.9     7.03  26.971  -0.0439
  248.4     6.95  27.013  -0.0430
  248.9     7.00  27.055  -0.0481
  249.3     7.07  27.098  -0.0442
  249.6     7.05  27.136  -0.0493
  250.1     7.00  27.176  -0.0492
  250.6     7.01  27.217  -0.0464
  251.0     7.00  27.257  -0.0505
  251.4     6.94  27.299  -0.0460
  251.9     6.96  27.341  -0.0464
  252.3     6.94  27.382  -0.0511
  252.7     6.92  27.424  -0.0430
  253.1     6.96  27.465  -0.0450
  253.6     6.91  27.504  -0.0486
  254.0     6.98  27.543  -0.0464
  254.3     6.91  27.585  -0.0486
  254.8     6.97  27.627  -0.0512
  255.3     6.83  27.670  -0.0485
  255.7     6.80  27.711  -0.0474
  256.1     6.87  27.752  -0.0462
  256.6     6.85  27.795  -0.0426
  257.0     6.83  27.837  -0.0425
  257.5     6.85  27.878  -0.0435
  258.0     6.86  27.922  -0.0482
  258.4     6.79  27.964  -0.0426
  258.8     6.76  28.007  -0.0425
  259.2     6.75  28.050  -0.0470
  259.8     6.80  28.092  -0.0459
  260.2     6.77  28.134  -0.0458
  260.6     6.72  28.177  -0.0419
  261.1     6.73  28.218  -0.0524
  261.6     6.72  28.260  -0.0494
  261.9     6.72  28.299  -0.0480
  262.3     6.66  28.340  -0.0502
  262.8     6.73  28.383  -0.0499
  263.2     6.74  28.424  -0.0464
  263.7     6.75  28.464  -0.0470
  264.2     6.68  28.508  -0.0485
  264.5     6.64  28.548  -0.0474
  264.9     6.70  28.590  -0.0453
  265.4     6.66  28.633  -0.0421
  265.9     6.64  28.673  -0.0390
  266.3     6.64  28.717  -0.0425
  266.7     6.59  28.761  -0.0395
  267.3     6.56  28.805  -0.0376
  267.7     6.57  28.845  -0.0382
  268.2     6.62  28.889  -0.0344
  268.5     6.55  28.930  -0.0339
  268.9     6.48  28.971  -0.0353
  269.5     6.56  29.013  -0.0327
  269.9     6.62  29.056  -0.0322
  270.3     6.53  29.098  -0.0382
  270.9     6.58  29.138  -0.0326
  271.2     6.60  29.178  -0.0318
  271.8     6.62  29.221  -0.0370
  272.1     6.62  29.263  -0.0370
  272.6     6.61  29.305  -0.0374
  273.0     6.57  29.346  -0.0396
  273.5     6.58  29.389  -0.0382
  273.9     6.54  29.429  -0.0367
  274.3     6.53  29.469  -0.0385
  274.7     6.55  29.509  -0.0417
  275.1     6.42  29.549  -0.0412
  275.5     6.46  29.591  -0.0441
  276.0     6.42  29.632  -0.0499
  276.3     6.46  29.671  -0.0482
  276.8     6.44  29.710  -0.0512
  277.1     6.32  29.748  -0.0528
  277.6     6.35  29.787  -0.0485
  277.8     6.22  29.827  -0.0465
  278.3     6.06  29.868  -0.0461
  278.8     6.23  29.910  -0.0504
  279.2     6.19  29.951  -0.0532
  279.6     6.18  29.991  -0.0502
  280.0     6.17  30.031  -0.0525
  280.4     6.11  30.069  -0.0553
  280.9     6.21  30.108  -0.0536
  281.2     6.13  30.146  -0.0493
  281.6     6.10  30.187  -0.0479
  282.0     6.16  30.226  -0.0521
  282.5     6.14  30.264  -0.0481
  282.8     6.08  30.302  -0.0540
  283.3     6.09  30.340  -0.0560
  283.7     6.11  30.378  -0.0515
  284.1     6.10  30.417  -0.0576
  284.5     6.04  30.456  -0.0568
  284.8     6.06  30.496  -0.0543
  285.3     6.00  30.536  -0.0520
  285.7     6.08  30.576  -0.0513
  286.0     5.98  30.614  -0.0487
  286.6     6.04  30.654  -0.0471
  286.9     5.98  30.695  -0.0508
  287.4     6.00  30.737  -0.0475
  287.8     5.97  30.777  -0.0471
  288.2     5.90  30.817  -0.0483
  288.6     5.91  30.857  -0.0493
  289.0     5.91  30.898  -0.0505
  289.5     5.88  30.937  -0.0535
  290.0     5.88  30.978  -0.0543
  290.4     5.92  31.021  -0.0529
  290.8     5.96  31.061  -0.0561
  291.2     5.87  31.102  -0.0534
  291.6     5.87  31.144  -0.0497
  292.1     5.91  31.185  -0.0460
  292.5     5.86  31.228  -0.0494
  292.9     5.86  31.271  -0.0488
  293.4     5.85  31.315  -0.0497
  293.9     5.80  31.357  -0.0531
  294.3     5.85  31.397  -0.0550
  294.7     5.85  31.439  -0.0533
  295.1     5.86  31.479  -0.0578
  295.5     5.77  31.519  -0.0561
  296.0     5.77  31.560  -0.0547
  296.4     5.75  31.597  -0.0558
  296.8     5.73  31.637  -0.0537
  297.2     5.80  31.677  -0.0506
  297.6     5.74  31.718  -0.0489
  298.1     5.73  31.757  -0.0449
  298.4     5.75  31.796  -0.0463
  298.8     5.71  31.838  -0.0483
  299.3     5.71  31.878  -0.0438
  299.6     5.72  31.917  -0.0427
  300.1     5.75  31.958  -0.0449
  300.5     5.77  31.998  -0.0424
  300.9     5.70  32.037  -0.0450
  301.4     5.69  32.077  -0.0456
  301.8     5.68  32.118  -0.0483
  302.2     5.71  32.159  -0.0502
  302.5     5.67  32.200  -0.0459
  303.0     5.64  32.240  -0.0442
  303.4     5.62  32.283  -0.0491
  303.9     5.63  32.324  -0.0517
  304.3     5.65  32.364  -0.0548
  304.8     5.61  32.407  -0.0543
  305.2     5.59  32.448  -0.0532
  305.6     5.52  32.488  -0.0552
  306.0     5.58  32.529  -0.0490
  306.5     5.61  32.570  -0.0521
  306.8     5.62  32.611  -0.0521
  307.3     5.58  32.652  -0.0486
  307.7     5.59  32.691  -0.0497
  308.2     5.59  32.729  -0.0489
  308.6     5.59  32.771  -0.0501
  309.0     5.64  32.812  -0.0513
  309.4     5.54  32.853  -0.0494
  309.8     5.54  32.894  -0.0537
  310.3     5.50  32.934  -0.0541
  310.6     5.52  32.973  -0.0529
  311.0     5.44  33.014  -0.0532
  311.6     5.52  33.053  -0.0519
  311.9     5.54  33.095  -0.0557
  312.3     5.52  33.135  -0.0606
  312.8     5.53  33.176  -0.0569
  313.3     5.53  33.217  -0.0574
  313.7     5.49  33.256  -0.0558
  314.1     5.46  33.297  -0.0526
  314.5     5.44  33.338  -0.0518
  314.9     5.44  33.380  -0.0490
  315.4     5.47  33.421  -0.0507
  315.8     5.44  33.463  -0.0505
  316.2     5.41  33.506  -0.0468
  316.7     5.39  33.546  -0.0502
  317.2     5.41  33.588  -0.0525
  317.6     5.45  33.630  -0.0495
  318.1     5.44  33.673  -0.0500
  318.5     5.38  33.715  -0.0495
  318.8     5.34  33.756  -0.0529
  319.4     5.35  33.798  -0.0544
  319.8     5.36  33.839  -0.0558
  320.3     5.43  33.879  -0.0572
  320.7     5.35  33.919  -0.0567
  321.1     5.36  33.960  -0.0582
  321.5     5.33  34.000  -0.0596
  321.9     5.38  34.043  -0.0598
  322.4     5.34  34.086  -0.0576
  322.9     5.32  34.127  -0.0591
  323.3     5.36  34.169  -0.0609
  323.8     5.35  34.209  -0.0583
  324.1     5.29  34.250  -0.0547
  324.6     5.29  34.292  -0.0554
  325.0     5.22  34.333  -0.0552
  325.4     5.28  34.376  -0.0540
  325.8     5.26  34.418  -0.0569
  326.4     5.26  34.458  -0.0567
  326.9     5.24  34.500  -0.0499
  327.2     5.21  34.541  -0.0496
  327.7     5.18  34.584  -0.0497
  328.1     5.22  34.629  -0.0487
  328.7     5.33  34.672  -0.0463
  329.1     5.21  34.717  -0.0470
  329.5     5.21  34.760  -0.0500
  330.0     5.16  34.804  -0.0489
  330.5     5.21  34.846  -0.0553
  331.0     5.18  34.889  -0.0496
  331.4     5.20  34.932  -0.0535
  331.9     5.20  34.977  -0.0535
  332.3     5.15  35.020  -0.0517
  332.8     5.14  35.065  -0.0550
  333.3     5.15  35.109  -0.0490
  333.7     5.14  35.152  -0.0518
  334.1     5.13  35.196  -0.0547
  334.7     5.12  35.241  -0.0491
  335.1     5.18  35.285  -0.0479
  335.5     5.12  35.328  -0.0462
  336.1     5.17  35.372  -0.0492
  336.5     5.13  35.416  -0.0502
  337.0     5.12  35.460  -0.0543
  337.5     5.17  35.503  -0.0534
  338.0     5.09  35.548  -0.0569
  338.4     5.07  35.590  -0.0552
  338.8     5.12  35.634  -0.0597
  339.3     5.13  35.677  -0.0593
  339.8     5.03  35.721  -0.0526
  340.3     4.99  35.767  -0.0560
  340.7     5.04  35.811  -0.0582
  341.2     5.04  35.854  -0.0576
  341.6     5.05  35.899  -0.0589
  342.1     5.01  35.943  -0.0575
  342.6     5.00  35.988  -0.0540
  343.0     5.02  36.032  -0.0576
  343.5     5.02  36.073  -0.0570
  343.9     5.02  36.116  -0.0554
  344.3     4.98  36.158  -0.0575
  344.8     4.98  36.201  -0.0580
  345.3     4.96  36.245  -0.0594
  345.8     5.01  36.288  -0.0628
  346.3     5.00  36.328  -0.0627
  346.7     4.91  36.372  -0.0587
  347.0     4.93  36.416  -0.0594
  347.5     4.87  36.457  -0.0592
  347.9     4.87  36.499  -0.0608
  348.4     4.97  36.541  -0.0604
  348.8     4.89  36.583  -0.0556
  349.3     4.83  36.625  -0.0584
  349.6     4.90  36.665  -0.0583
  350.1     4.83  36.706  -0.0579
  350.5     4.84  36.749  -0.0580
  351.0     4.85  36.791  -0.0548
  351.3     4.82  36.834  -0.0514
  351.8     4.81  36.875  -0.0535
  352.2     4.76  36.916  -0.0553
  352.7     4.82  36.956  -0.0602
  353.2     4.78  36.996  -0.0593
  353.5     4.84  37.037  -0.0523
  354.0     4.70  37.076  -0.0541
  354.3     4.76  37.116  -0.0598
  354.7     4.75  37.156  -0.0588
  355.2     4.71  37.198  -0.0574
  355.5     4.75  37.236  -0.0615
  356.0     4.74  37.275  -0.0608
  356.4     4.71  37.316  -0.0574
  356.7     4.66  37.357  -0.0569
  357.2     4.73  37.399  -0.0576
  357.6     4.71  37.438  -0.0576
  358.0     4.61  37.477  -0.0518
  358.5     4.66  37.518  -0.0542
  358.9     4.70  37.559  -0.0520
  359.4     4.70  37.600  -0.0565
  359.8     4.75  37.642  -0.0578
  360.2     4.67  37.683  -0.0562
  360.6     4.64  37.727  -0.0574
  361.0     4.62  37.772  -0.0561
  361.4     4.66  37.814  -0.0628
  361.9     4.69  37.855  -0.0614
  362.4     4.66  37.898  -0.0633
  362.8     4.65  37.936  -0.0631
  363.2     4.64  37.977  -0.0613
  363.6     4.58  38.020  -0.0596
  364.1     4.62  38.064  -0.0635
  364.5     4.59  38.108  -0.0660
  365.0     4.61  38.149  -0.0640
  365.4     4.61  38.193  -0.0627
  365.9     4.61  38.236  -0.0642
  366.3     4.59  38.278  -0.0662
  366.8     4.59  38.320  -0.0673
  367.2     4.54  38.362  -0.0646
  367.6     4.60  38.404  -0.0678
  368.1     4.45  38.448  -0.0682
  368.6     4.54  38.488  -0.0691
  368.9     4.53  38.529  -0.0667
  369.4     4.57  38.571  -0.0677
  369.8     4.55  38.614  -0.0622
  370.2     4.49  38.655  -0.0618
  370.6     4.54  38.697  -0.0624
  371.0     4.54  38.738  -0.0646
  371.4     4.47  38.779  -0.0614
  371.9     4.54  38.822  -0.0610
  372.4     4.48  38.864  -0.0690
  372.9     4.58  38.906  -0.0684
  373.3     4.54  38.950  -0.0689
  373.7     4.40  38.992  -0.0670
  374.2     4.41  39.034  -0.0670
  374.5     4.47  39.075  -0.0666
  375.1     4.51  39.115  -0.0629
  375.5     4.46  39.155  -0.0652
  375.7     4.42  39.194  -0.0665
  376.2     4.42  39.234  -0.0615
  376.5     4.31  39.275  -0.0640
  377.0     4.46  39.316  -0.0686
  377.4     4.28  39.357  -0.0691
  377.9     4.40  39.399  -0.0699
  378.3     4.44  39.439  -0.0661
  378.6     4.40  39.478  -0.0651
  379.1     4.41  39.516  -0.0667
  379.4     4.34  39.556  -0.0665
  379.8     4.40  39.596  -0.0676
  380.3     4.42  39.635  -0.0662
  380.7     4.38  39.675  -0.0672
  381.2     4.34  39.717  -0.0696
  381.5     4.42  39.757  -0.0653
  382.0     4.35  39.798  -0.0650
  382.4     4.35  39.837  -0.0707
  382.9     4.32  39.877  -0.0704
  383.2     4.29  39.919  -0.0727
  383.6     4.29  39.960  -0.0755
  383.9     4.40  40.001  -0.0688
  384.5     4.35  40.041  -0.0682
  384.8     4.26  40.080  -0.0696
  385.2     4.32  40.118  -0.0652
  385.7     4.33  40.156  -0.0647
  386.0     4.28  40.196  -0.0715
  386.4     4.30  40.234  -0.0669
  386.7     4.25  40.274  -0.0646
  387.2     4.21  40.314  -0.0653
  387.6     4.21  40.355  -0.0669
  388.0     4.17  40.395  -0.0603
  388.4     4.26  40.433  -0.0687
  388.7     4.21  40.472  -0.0639
  389.2     4.21  40.510  -0.0643
  389.5     4.18  40.549  -0.0681
  390.0     4.21  40.588  -0.0718
  390.3     4.22  40.629  -0.0688
  390.8     4.24  40.667  -0.0680
  391.3     4.27  40.707  -0.0694
  391.6     4.26  40.746  -0.0688
  391.9     4.28  40.786  -0.0664
  392.3     4.17  40.827  -0.0653
  392.8     4.22  40.869  -0.0694
  393.3     4.22  40.910  -0.0646
  393.6     4.19  40.950  -0.0604
  394.0     4.11  40.992  -0.0587
  394.4     4.13  41.034  -0.0638
  394.8     4.18  41.076  -0.0602
  395.3     4.21  41.120  -0.0583
  395.7     4.13  41.163  -0.0594
  396.0     4.07  41.205  -0.0533
  396.5     4.13  41.245  -0.0565
  397.0     4.16  41.288  -0.0601
  397.5     4.21  41.331  -0.0612
  398.1     4.38  41.376  -0.0606
  398.6     4.28  41.419  -0.0509
  399.1     4.33  41.461  -0.0567
  399.8     4.33  41.500  -0.0606
  400.2     4.31  41.542  -0.0597
  400.7     4.36  41.581  -0.0592
  401.3     4.27  41.623  -0.0666
  402.0     4.36  41.664  -0.0667
  402.4     4.40  41.703  -0.0602
  403.0     4.45  41.743  -0.0602
  403.6     4.40  41.783  -0.0656
  404.1     4.45  41.825  -0.0646
  404.6     4.45  41.867  -0.0620
  405.2     4.50  41.910  -0.0691
  405.8     4.45  41.950  -0.0700
  406.4     4.42  41.990  -0.0632
  406.9     4.46  42.030  -0.0667
  407.5     4.47  42.072  -0.0675
  408.0     4.52  42.113  -0.0642
  408.5     4.46  42.153  -0.0699
  409.1     4.58  42.194  -0.0641
  409.7     4.50  42.234  -0.0706
  410.2     4.44  42.276  -0.0741
  410.7     4.47  42.319  -0.0742
  411.2     4.43  42.362  -0.0745
  411.9     4.46  42.403  -0.0740
  412.4     4.46  42.443  -0.0736
  412.8     4.41  42.487  -0.0771
  413.4     4.41  42.528  -0.0746
  413.9     4.43  42.568  -0.0717
  414.4     4.47  42.609  -0.0734
  415.1     4.37  42.651  -0.0754
  415.5     4.39  42.693  -0.0766
  416.0     4.37  42.734  -0.0758
  416.4     4.27  42.773  -0.0796
  416.9     4.32  42.813  -0.0790
  417.4     4.30  42.854  -0.0786
  418.0     4.30  42.892  -0.0805
  418.5     4.34  42.932  -0.0781
  418.9     4.29  42.972  -0.0813
  419.4     4.29  43.013  -0.0830
  419.8     4.32  43.053  -0.0758
  420.4     4.31  43.094  -0.0755
  420.8     4.30  43.134  -0.0778
  421.3     4.20  43.174  -0.0714
  421.7     4.26  43.215  -0.0724
  422.1     4.31  43.254  -0.0772
  422.6     4.17  43.293  -0.0775
  423.1     4.19  43.335  -0.0730
  423.7     4.19  43.376  -0.0715
  424.1     4.16  43.417  -0.0681
  424.6     4.17  43.458  -0.0683
  425.0     4.12  43.502  -0.0678
  425.5     4.11  43.544  -0.0596
  426.0     4.05  43.586  -0.0669
  426.3     4.05  43.628  -0.0621
  426.9     4.03  43.671  -0.0616
  427.4     4.05  43.714  -0.0677
  427.8     3.96  43.757  -0.0621
  428.3     3.98  43.801  -0.0629
  428.8     4.00  43.844  -0.0626
  429.1     3.92  43.885  -0.0651
  429.6     3.89  43.926  -0.0671
  430.1     3.95  43.967  -0.0663
  430.6     3.92  44.008  -0.0629
  430.9     3.92  44.049  -0.0617
  431.4     3.97  44.090  -0.0517
  431.8     3.86  44.131  -0.0552
  432.3     3.85  44.173  -0.0561
  432.7     3.92  44.214  -0.0495
  433.2     3.84  44.255  -0.0451
  433.6     3.87  44.297  -0.0491
  434.1     3.89  44.339  -0.0421
  434.5     3.84  44.381  -0.0291
  434.9     3.77  44.424  -0.0286
  435.3     3.78  44.467  -0.0357
  435.8     3.84  44.509  -0.0342
  436.3     3.81  44.551  -0.0385
  436.6     3.77  44.594  -0.0253
  437.1     3.74  44.636  -0.0247
  437.6     3.83  44.679  -0.0275
  438.1     3.78  44.722  -0.0294
  438.5     3.80  44.766  -0.0293
  439.0     3.76  44.809  -0.0263
  439.4     3.66  44.852  -0.0330
  439.9     3.71  44.897  -0.0282
  440.3     3.71  44.942  -0.0338
  440.8     3.73  44.984  -0.0271
  441.2     3.75  45.030  -0.0311
  441.7     3.72  45.071  -0.0245
  442.1     3.74  45.114  -0.0219
  442.5     3.63  45.159  -0.0230
  443.1     3.65  45.203  -0.0242
  443.4     3.61  45.248  -0.0246
  443.8     3.60  45.291  -0.0227
  444.4     3.68  45.334  -0.0224
  444.8     3.63  45.379  -0.0220
  445.3     3.68  45.423  -0.0233
  445.7     3.61  45.465  -0.0226
  446.2     3.69  45.508  -0.0205
  446.4     3.62  45.552  -0.0223
  446.9     3.67  45.594  -0.0270
  447.5     3.61  45.638  -0.0302
  447.8     3.61  45.681  -0.0275
  448.3     3.64  45.724  -0.0301
  448.6     3.52  45.767  -0.0295
  449.1     3.61  45.810  -0.0287
  449.5     3.59  45.853  -0.0289
  449.9     3.52  45.894  -0.0329
  450.3     3.52  45.938  -0.0320
  450.8     3.48  45.980  -0.0290
  451.2     3.49  46.023  -0.0260
  451.7     3.55  46.065  -0.0303
  452.1     3.56  46.108  -0.0310
  452.5     3.59  46.149  -0.0284
  452.8     3.46  46.191  -0.0308
  453.2     3.45  46.234  -0.0375
  453.7     3.49  46.279  -0.0497
  454.2     3.50  46.326  -0.0507
  454.6     3.47  46.373  -0.0593
  455.1     3.39  46.417  -0.0604
  455.5     3.39  46.462  -0.0578
  456.0     3.43  46.505  -0.0566
  456.4     3.43  46.547  -0.0569
  456.7     3.41  46.587  -0.0519
  457.1     3.33  46.626  -0.0443
  457.5     3.36  46.666  -0.0520
  458.0     3.43  46.712  -0.0586
  458.5     3.36  46.757  -0.0529
  458.8     3.33  46.801  -0.0503
  459.3     3.40  46.844  -0.0491
  459.6     3.43  46.888  -0.0474
  460.1     3.38  46.930  -0.0461
  460.5     3.36  46.971  -0.0483
  460.9     3.27  47.011  -0.0489
  461.3     3.36  47.052  -0.0470
  461.7     3.34  47.091  -0.0496
  462.2     3.45  47.130  -0.0561
  462.5     3.39  47.172  -0.0575
  462.9     3.34  47.214  -0.0564
  463.3     3.33  47.258  -0.0506
  463.8     3.34  47.299  -0.0557
  464.2     3.38  47.337  -0.0559
  464.6     3.33  47.377  -0.0531
  465.0     3.39  47.417  -0.0563
  465.4     3.32  47.458  -0.0584
  465.8     3.32  47.498  -0.0578
  466.2     3.34  47.540  -0.0525
  466.5     3.42  47.579  -0.0590
  466.9     3.34  47.621  -0.0579
  467.4     3.38  47.662  -0.0546
  467.7     3.28  47.704  -0.0532
  468.3     3.33  47.748  -0.0537
  468.7     3.30  47.788  -0.0522
  469.1     3.32  47.832  -0.0551
  469.6     3.38  47.875  -0.0536
  470.0     3.37  47.916  -0.0538
  470.3     3.27  47.959  -0.0574
  470.7     3.33  48.000  -0.0632
  471.2     3.39  48.040  -0.0576
  471.7     3.38  48.083  -0.0573
  472.0     3.25  48.127  -0.0592
  472.5     3.34  48.171  -0.0556
  472.9     3.36  48.211  -0.0578
  473.3     3.42  48.252  -0.0493
  473.6     3.36  48.296  -0.0411
  474.1     3.35  48.337  -0.0436
  474.6     3.39  48.379  -0.0465
  474.9     3.37  48.422  -0.0513
  475.4     3.32  48.462  -0.0550
  475.7     3.32  48.506  -0.0565
  476.3     3.34  48.549  -0.0565
  476.7     3.32  48.590  -0.0531
  477.0     3.40  48.632  -0.0528
  477.5     3.36  48.674  -0.0518
  477.9     3.34  48.715  -0.0510
  478.3     3.28  48.757  -0.0534
  478.7     3.28  48.801  -0.0534
  479.1     3.28  48.845  -0.0490
  479.5     3.30  48.890  -0.0460
  480.1     3.31  48.931  -0.0420
  480.5     3.29  48.970  -0.0403
  480.8     3.24  49.013  -0.0375
  481.1     3.28  49.056  -0.0448
  481.7     3.28  49.100  -0.0452
  482.1     3.28  49.141  -0.0430
  482.4     3.24  49.180  -0.0508
  482.8     3.23  49.222  -0.0490
  483.2     3.21  49.263  -0.0490
  483.6     3.23  49.302  -0.0540
  484.0     3.28  49.342  -0.0499
  484.4     3.23  49.383  -0.0537
  484.8     3.25  49.423  -0.0475
  485.2     3.25  49.462  -0.0435
  485.6     3.16  49.504  -0.0468
  486.0     3.23  49.544  -0.0481
  486.5     3.14  49.586  -0.0474
  486.8     3.25  49.626  -0.0468
  487.2     3.23  49.667  -0.0495
  487.6     3.28  49.707  -0.0546
  488.1     3.23  49.747  -0.0491
  488.4     3.15  49.787  -0.0490
  488.8     3.16  49.828  -0.0488
  489.3     3.19  49.868  -0.0456
  489.7     3.31  49.909  -0.0424
  490.1     3.19  49.950  -0.0470
  490.4     3.19  49.989  -0.0498
  490.8     3.10  50.029  -0.0501
  491.2     3.18  50.069  -0.0484
  491.6     3.10  50.107  -0.0436
  492.0     3.20  50.148  -0.0480
  492.6     3.26  50.187  -0.0510
  492.9     3.24  50.227  -0.0567
  493.4     3.25  50.267  -0.0518
  493.8     3.32  50.307  -0.0590
  494.1     3.18  50.347  -0.0532
  494.5     3.26  50.386  -0.0518
  495.0     3.26  50.427  -0.0533
  495.4     3.23  50.468  -0.0515
  495.8     3.24  50.510  -0.0520
  496.2     3.29  50.550  -0.0523
  496.6     3.22  50.591  -0.0555
  497.0     3.21  50.632  -0.0551
  497.5     3.22  50.674  -0.0542
  497.8     3.17  50.714  -0.0575
  498.2     3.22  50.752  -0.0562
  498.7     3.16  50.792  -0.0531
  499.0     3.16  50.830  -0.0560
  499.4     3.26  50.868  -0.0566
  499.7     3.29  50.908  -0.0560
  500.1     3.19  50.949  -0.0513
  500.6     3.24  50.991  -0.0497
  501.1     3.23  51.034  -0.0498
  501.4     3.23  51.075  -0.0512
  501.8     3.17  51.117  -0.0499
  502.3     3.26  51.159  -0.0501
  502.6     3.17  51.202  -0.0444
  503.1     3.16  51.243  -0.0478
  503.6     3.16  51.286  -0.0454
  503.9     3.11  51.328  -0.0414
  504.3     3.16  51.371  -0.0433
  504.7     3.16  51.414  -0.0435
  505.1     3.12  51.454  -0.0408
  505.6     3.17  51.493  -0.0393
  505.9     3.07  51.535  -0.0428
  506.4     3.10  51.574  -0.0412
  506.7     3.12  51.616  -0.0439
  507.2     3.16  51.655  -0.0458
  507.5     3.15  51.695  -0.0457
  508.0     3.14  51.735  -0.0458
  508.4     3.13  51.776  -0.0548
  508.7     3.13  51.815  -0.0493
  509.1     3.17  51.856  -0.0472
  509.6     3.15  51.898  -0.0491
  509.9     3.05  51.937  -0.0483
  510.3     3.12  51.977  -0.0487
  510.8     3.09  52.019  -0.0490
  511.1     3.11  52.059  -0.0477
  511.5     3.08  52.100  -0.0512
  511.9     3.09  52.141  -0.0499
  512.4     3.10  52.183  -0.0488
  512.8     3.12  52.226  -0.0534
  513.2     3.16  52.268  -0.0542
  513.7     3.14  52.309  -0.0523
  514.0     3.07  52.351  -0.0554
  514.4     3.11  52.393  -0.0490
  514.8     3.11  52.431  -0.0504
  515.2     3.04  52.473  -0.0517
  515.6     3.07  52.514  -0.0514
  516.0     3.11  52.555  -0.0626
  516.3     3.03  52.597  -0.0548
  516.9     3.10  52.639  -0.0536
  517.3     3.07  52.681  -0.0510
  517.8     3.07  52.721  -0.0516
  518.1     3.16  52.760  -0.0544
  518.5     3.03  52.800  -0.0515
  518.9     3.09  52.840  -0.0561
  519.3     3.07  52.881  -0.0537
  519.7     3.06  52.922  -0.0578
  520.1     2.99  52.964  -0.0583
  520.5     2.95  53.005  -0.0588
  520.9     2.97  53.045  -0.0576
  521.3     3.04  53.086  -0.0583
  521.7     3.05  53.125  -0.0516
  522.2     3.03  53.166  -0.0549
  522.6     3.10  53.206  -0.0538
  523.1     3.07  53.246  -0.0491
  523.5     3.08  53.286  -0.0489
  523.8     3.07  53.327  -0.0547
  524.3     3.13  53.368  -0.0539
  524.8     3.07  53.410  -0.0514
  525.2     3.10  53.451  -0.0516
  525.7     3.17  53.492  -0.0484
  526.1     3.05  53.534  -0.0544
  526.4     3.09  53.574  -0.0547
  526.9     3.08  53.617  -0.0423
  527.3     3.06  53.659  -0.0374
  527.7     3.10  53.699  -0.0381
  528.1     3.03  53.743  -0.0381
  528.6     3.07  53.785  -0.0397
  529.0     3.09  53.829  -0.0398
  529.4     3.03  53.871  -0.0386
  529.8     3.05  53.913  -0.0369
  530.2     3.09  53.954  -0.0366
  530.7     3.04  53.997  -0.0399
  531.1     3.02  54.039  -0.0409
  531.6     2.99  54.079  -0.0391
  531.9     3.07  54.120  -0.0412
  532.3     3.07  54.162  -0.0406
  532.8     3.04  54.203  -0.0402
  533.2     3.05  54.246  -0.0375
  533.6     3.00  54.286  -0.0378
  534.0     3.07  54.327  -0.0390
  534.4     3.08  54.368  -0.0331
  534.8     2.99  54.412  -0.0306
  535.4     3.08  54.452  -0.0337
  535.8     3.10  54.493  -0.0334
  536.0     3.07  54.534  -0.0360
  536.6     3.04  54.576  -0.0332
  536.9     3.10  54.617  -0.0318
  537.3     3.03  54.659  -0.0331
  537.8     3.07  54.703  -0.0327
  538.1     2.99  54.745  -0.0300
  538.7     3.08  54.790  -0.0289
  539.1     3.05  54.832  -0.0321
  539.4     2.90  54.875  -0.0346
  539.8     2.87  54.918  -0.0346
  540.3     2.89  54.962  -0.0340
  540.7     2.96  55.008  -0.0314
  541.2     2.91  55.054  -0.0338
  541.6     2.95  55.098  -0.0356
  542.0     2.98  55.142  -0.0339
  542.5     2.95  55.185  -0.0335
  543.0     2.98  55.229  -0.0342
  543.5     2.97  55.273  -0.0324
  543.9     2.98  55.316  -0.0354
  544.3     2.96  55.360  -0.0342
  544.6     2.97  55.404  -0.0342
  545.1     2.96  55.446  -0.0349
  545.6     2.96  55.490  -0.0333
  545.9     2.94  55.533  -0.0295
  546.5     2.98  55.577  -0.0312
  547.0     2.99  55.622  -0.0412
  547.4     3.01  55.664  -0.0370
  547.8     2.96  55.708  -0.0335
  548.2     2.93  55.752  -0.0361
  548.7     3.00  55.797  -0.0355
  549.2     3.03  55.842  -0.0339
  549.6     2.99  55.885  -0.0296
  549.9     2.94  55.928  -0.0305
  550.5     2.99  55.973  -0.0310
  551.0     3.04  56.016  -0.0348
  551.4     2.97  56.060  -0.0330
  551.8     2.97  56.104  -0.0328
  552.3     3.00  56.147  -0.0307
  552.7     2.96  56.189  -0.0317
  553.1     2.97  56.229  -0.0340
  553.4     2.93  56.273  -0.0330
  554.0     2.86  56.316  -0.0321
  554.4     2.98  56.357  -0.0351
  554.8     3.05  56.401  -0.0395
  555.3     3.06  56.445  -0.0346
  555.8     3.00  56.488  -0.0327
  556.1     2.98  56.529  -0.0312
  556.4     3.00  56.570  -0.0343
  556.8     2.92  56.609  -0.0359
  557.2     2.94  56.652  -0.0342
  557.7     2.97  56.693  -0.0347
  557.9     2.86  56.734  -0.0325
  558.4     2.89  56.777  -0.0338
  558.8     2.90  56.818  -0.0407
  559.2     2.82  56.859  -0.0309
  559.6     2.90  56.899  -0.0343
  559.9     2.90  56.941  -0.0348
  560.6     2.92  56.983  -0.0384
  560.8     2.89  57.022  -0.0370
  561.2     2.86  57.062  -0.0372
  561.7     2.88  57.102  -0.0380
  562.0     2.91  57.144  -0.0380
  562.4     2.90  57.185  -0.0402
  562.9     2.94  57.228  -0.0412
  563.2     2.92  57.268  -0.0414
  563.6     2.91  57.308  -0.0395
  564.0     2.82  57.348  -0.0362
  564.4     2.92  57.388  -0.0420
  564.8     2.87  57.428  -0.0369
  565.2     2.88  57.470  -0.0386
  565.6     2.86  57.513  -0.0378
  566.0     2.88  57.556  -0.0392
  566.3     2.76  57.598  -0.0414
  566.8     2.91  57.638  -0.0410
  567.2     2.82  57.680  -0.0364
  567.6     2.82  57.722  -0.0394
  568.1     2.86  57.763  -0.0389
  568.5     2.90  57.805  -0.0415
  568.9     2.91  57.848  -0.0434
  569.3     2.91  57.891  -0.0418
  569.8     2.90  57.933  -0.0423
  570.2     2.92  57.975  -0.0416
  570.6     2.90  58.018  -0.0400
  571.0     2.94  58.061  -0.0437
  571.5     2.92  58.101  -0.0481
  572.0     2.92  58.144  -0.0402
  572.2     2.91  58.187  -0.0421
  572.6     2.86  58.224  -0.0425
  573.2     2.93  58.266  -0.0454
  573.5     2.93  58.308  -0.0444
  574.0     2.94  58.350  -0.0423
  574.4     2.91  58.393  -0.0465
  574.8     2.86  58.434  -0.0421
  575.1     2.89  58.475  -0.0446
  575.7     2.99  58.518  -0.0496
  576.1     2.97  58.558  -0.0461
  576.5     2.98  58.601  -0.0508
  576.9     2.91  58.643  -0.0503
  577.3     2.95  58.687  -0.0457
  577.8     2.96  58.728  -0.0491
  578.2     2.92  58.769  -0.0481
  578.5     2.88  58.812  -0.0535
  578.9     2.92  58.854  -0.0540
  579.4     2.89  58.898  -0.0544
  579.7     2.91  58.941  -0.0569
  580.1     2.81  58.983  -0.0554
  580.6     2.89  59.026  -0.0529
  581.0     2.94  59.070  -0.0454
  581.4     2.87  59.112  -0.0470
  581.8     2.81  59.156  -0.0495
  582.3     2.83  59.200  -0.0479
  582.7     2.81  59.243  -0.0463
  583.1     2.89  59.284  -0.0434
  583.5     2.82  59.325  -0.0430
  583.9     2.86  59.366  -0.0468
  584.3     2.84  59.409  -0.0450
  584.7     2.87  59.450  -0.0449
  585.2     2.76  59.489  -0.0461
  585.5     2.81  59.529  -0.0432
  586.0     2.90  59.568  -0.0438
  586.3     2.83  59.611  -0.0460
  586.8     2.82  59.652  -0.0450
  587.1     2.83  59.694  -0.0472
  587.6     2.84  59.734  -0.0480
  587.9     2.77  59.773  -0.0469
  588.2     2.77  59.814  -0.0461
  588.7     2.84  59.853  -0.0489
  589.1     2.88  59.893  -0.0449
  589.5     2.88  59.934  -0.0406
  589.9     2.80  59.977  -0.0432
  590.3     2.85  60.017  -0.0460
  590.7     2.92  60.058  -0.0414
  591.0     2.83  60.098  -0.0411
  591.6     2.90  60.139  -0.0420
  591.9     2.85  60.180  -0.0396
  592.2     2.91  60.221  -0.0395
  592.7     2.89  60.260  -0.0366
  593.1     2.87  60.300  -0.0381
  593.6     2.90  60.342  -0.0351
  593.9     2.84  60.382  -0.0394
  594.4     2.88  60.421  -0.0422
  594.7     2.86  60.462  -0.0376
  595.1     2.88  60.501  -0.0395
  595.6     2.81  60.539  -0.0461
  595.8     2.71  60.579  -0.0463
  596.2     2.76  60.620  -0.0435
  596.6     2.80  60.659  -0.0477
  597.0     2.81  60.699  -0.0414
  597.5     2.93  60.738  -0.0394
  597.9     2.98  60.779  -0.0408
  598.2     2.92  60.820  -0.0444
  598.6     2.82  60.860  -0.0440
  599.1     2.85  60.903  -0.0448
  599.4     2.77  60.946  -0.0425
  599.9     2.83  60.988  -0.0464
  600.1     2.84  61.032  -0.0516
