   10.6     2.23   0.039  -0.0065
   10.7     2.11   0.082  -0.0077
   10.6     2.14   0.123  -0.0097
   10.8     2.15   0.161  -0.0081
   10.7     2.11   0.201  -0.0128
   10.7     2.07   0.242  -0.0116
   10.7     2.15   0.282  -0.0131
   10.8     2.11   0.322  -0.0096
   10.8     2.17   0.363  -0.0112
   11.0     2.23   0.403  -0.0119
   10.9     2.14   0.444  -0.0087
   10.9     2.04   0.483  -0.0069
   10.8     2.01   0.524  -0.0089
   10.9     1.97   0.567  -0.0102
   10.8     1.94   0.606  -0.0100
   10.9     1.96   0.645  -0.0062
   10.9     1.95   0.686  -0.0024
   11.0     2.05   0.726   0.0054
   10.8     2.03   0.765   0.0084
   11.0     1.94   0.806   0.0081
   11.0     1.97   0.844   0.0111
   11.0     1.95   0.884   0.0167
   10.9     1.88   0.925   0.0229
   11.0     1.91   0.966   0.0190
   10.9     1.89   1.005   0.0206
   11.0     1.86   1.045   0.0235
   11.0     1.96   1.085   0.0257
   11.1     1.92   1.127   0.0171
   11.1     1.89   1.169   0.0159
   11.0     1.73   1.209   0.0184
   11.1     1.78   1.247   0.0226
   11.1     1.80   1.288   0.0209
   11.1     1.80   1.330   0.0274
   11.2     1.92   1.369   0.0209
   11.4     2.08   1.411   0.0217
   11.4     2.00   1.450   0.0139
   11.4     2.01   1.488   0.0180
   11.4     1.99   1.527   0.0126
   11.6     2.02   1.567   0.0127
   11.5     1.91   1.606   0.0060
   11.7     2.00   1.646   0.0090
   11.7     2.08   1.686   0.0037
   11.8     2.10   1.725   0.0032
   11.9     2.12   1.765  -0.0019
   11.9     2.10   1.805  -0.0044
   12.1     2.24   1.845  -0.0077
   12.0     2.15   1.884  -0.0083
   12.1     2.18   1.926  -0.0098
   12.2     2.20   1.966  -0.0119
   12.3     2.27   2.004  -0.0147
   12.4     2.28   2.044  -0.0174
   12.5     2.32   2.083  -0.0151
   12.5     2.26   2.122  -0.0169
   12.6     2.24   2.164  -0.0173
   12.7     2.32   2.204  -0.0169
   12.8     2.42   2.242  -0.0185
   13.0     2.41   2.283  -0.0159
   13.2     2.52   2.322  -0.0218
   13.2     2.44   2.360  -0.0215
   13.2     2.44   2.400  -0.0213
   13.4     2.52   2.441  -0.0210
   13.6     2.67   2.480  -0.0217
   13.8     2.72   2.523  -0.0212
   13.8     2.70   2.562  -0.0249
   14.0     2.69   2.601  -0.0260
   14.2     2.81   2.643  -0.0254
   14.2     2.80   2.683  -0.0306
   14.3     2.79   2.723  -0.0246
   14.6     2.82   2.764  -0.0249
   14.7     2.87   2.803  -0.0297
   15.0     2.88   2.843  -0.0297
   15.1     3.02   2.884  -0.0285
   15.3     3.10   2.921  -0.0336
   15.4     3.07   2.960  -0.0299
   15.7     3.19   3.003  -0.0352
   15.7     3.15   3.042  -0.0339
   15.9     3.25   3.081  -0.0321
   16.2     3.27   3.122  -0.0365
   16.4     3.33   3.160  -0.0349
   16.5     3.35   3.200  -0.0287
   16.8     3.47   3.242  -0.0264
   16.9     3.46   3.281  -0.0260
   17.2     3.44   3.321  -0.0313
   17.3     3.48   3.362  -0.0261
   17.5     3.56   3.399  -0.0204
   17.8     3.67   3.439  -0.0250
   18.0     3.76   3.479  -0.0249
   18.2     3.80   3.517  -0.0271
   18.5     3.76   3.558  -0.0275
   18.7     3.80   3.599  -0.0253
   18.9     3.86   3.637  -0.0175
   19.3     4.03   3.676  -0.0222
   19.6     4.13   3.715  -0.0222
   19.7     4.08   3.754  -0.0176
   20.0     4.12   3.794  -0.0155
   20.2     4.21   3.834  -0.0195
   20.4     4.22   3.873  -0.0190
   20.8     4.30   3.914  -0.0165
   20.9     4.33   3.955  -0.0150
   21.3     4.39   3.994  -0.0114
   21.5     4.44   4.035  -0.0168
   21.8     4.48   4.074  -0.0133
   22.2     4.56   4.113  -0.0106
   22.5     4.62   4.154  -0.0064
   22.6     4.61   4.194  -0.0089
   22.9     4.59   4.232  -0.0202
   23.2     4.73   4.273  -0.0199
   23.4     4.72   4.313  -0.0157
   23.7     4.85   4.355  -0.0178
   24.0     4.87   4.395  -0.0224
   24.4     4.94   4.436  -0.0170
   24.6     4.98   4.473  -0.0176
   25.0     5.05   4.513  -0.0133
   25.4     5.17   4.554  -0.0097
   25.6     5.20   4.593  -0.0075
   26.0     5.27   4.635  -0.0031
   26.4     5.36   4.676  -0.0011
   26.5     5.35   4.714   0.0024
   26.9     5.38   4.755  -0.0021
   27.1     5.46   4.795  -0.0031
   27.5     5.51   4.835  -0.0021
   27.8     5.63   4.878   0.0093
   28.2     5.65   4.918   0.0071
   28.5     5.71   4.959   0.0062
   28.9     5.79   4.999   0.0100
   29.3     5.74   5.041   0.0098
   29.5     5.90   5.079   0.0168
   29.9     5.84   5.121   0.0213
   30.3     5.96   5.163   0.0164
   30.7     6.08   5.202   0.0130
   30.9     6.06   5.240   0.0131
   31.2     6.05   5.282   0.0154
   31.5     6.02   5.321   0.0173
   31.9     6.12   5.362   0.0122
   32.1     6.15   5.402   0.0127
   32.4     6.12   5.442   0.0151
   32.8     6.22   5.481   0.0113
   33.1     6.33   5.522   0.0107
   33.4     6.31   5.562   0.0083
   33.9     6.32   5.602   0.0070
   34.2     6.35   5.643   0.0067
   34.4     6.36   5.681   0.0117
   34.8     6.48   5.721   0.0085
   35.3     6.58   5.764   0.0094
   35.6     6.64   5.803   0.0172
   35.9     6.57   5.842   0.0157
   36.2     6.63   5.884   0.0171
   36.7     6.62   5.924   0.0154
   36.9     6.72   5.964   0.0126
   37.4     6.79   6.004   0.0156
   37.6     6.72   6.042   0.0079
   37.9     6.71   6.083   0.0145
   38.3     6.74   6.124   0.0127
   38.6     6.81   6.161   0.0104
   39.0     6.87   6.202   0.0171
   39.4     6.91   6.243   0.0144
   39.9     6.99   6.284   0.0220
   40.2     7.16   6.325   0.0244
   40.6     7.16   6.367   0.0203
   41.0     7.15   6.406   0.0162
   41.4     7.24   6.447   0.0157
   41.6     7.14   6.487   0.0188
   42.1     7.19   6.526   0.0231
   42.4     7.24   6.567   0.0198
   42.8     7.30   6.608   0.0257
   43.0     7.34   6.645   0.0250
   43.4     7.37   6.685   0.0264
   43.9     7.39   6.725   0.0243
   44.2     7.44   6.763   0.0231
   44.6     7.45   6.804   0.0206
   45.0     7.58   6.845   0.0195
   45.3     7.56   6.884   0.0255
   45.7     7.63   6.923   0.0257
   46.0     7.59   6.965   0.0187
   46.4     7.61   7.004   0.0210
   46.8     7.64   7.042   0.0223
   47.2     7.74   7.083   0.0220
   47.5     7.73   7.122   0.0244
   48.0     7.79   7.161   0.0216
   48.3     7.81   7.201   0.0147
   48.7     7.84   7.241   0.0260
   49.2     7.82   7.280   0.0263
   49.5     7.96   7.319   0.0198
   49.9     7.99   7.359   0.0186
   50.2     8.03   7.400   0.0079
   50.7     8.04   7.440   0.0174
   51.0     8.13   7.478   0.0208
   51.4     8.08   7.519   0.0246
   51.8     8.13   7.557   0.0137
   52.1     8.07   7.596   0.0087
   52.5     8.14   7.636  -0.0029
   52.9     8.18   7.677  -0.0091
   53.3     8.20   7.718  -0.0156
   53.7     8.17   7.761  -0.0126
   54.1     8.29   7.799  -0.0149
   54.4     8.35   7.838  -0.0194
   54.8     8.24   7.879  -0.0568
   55.2     8.32   7.917  -0.0595
   55.6     8.39   7.959  -0.0552
   56.1     8.37   7.998  -0.0547
   56.4     8.34   8.039  -0.0496
   56.7     8.32   8.079  -0.0471
   57.1     8.40   8.120  -0.0501
   57.5     8.45   8.159  -0.0465
   57.9     8.46   8.197  -0.0420
   58.2     8.43   8.237  -0.0531
   58.6     8.47   8.276  -0.0528
   58.9     8.52   8.313  -0.0523
   59.4     8.56   8.353  -0.0437
   59.8     8.55   8.394  -0.0202
   60.3     8.63   8.433  -0.0329
   60.5     8.65   8.474  -0.0331
   60.9     8.54   8.514  -0.0326
   61.3     8.56   8.555  -0.0255
   61.8     8.67   8.597  -0.0295
   62.3     8.70   8.638  -0.0306
   62.6     8.62   8.679  -0.0344
   62.9     8.70   8.718  -0.0258
   63.5     8.77   8.759  -0.0216
   63.8     8.81   8.797  -0.0231
   64.2     8.79   8.835  -0.0453
   64.7     8.83   8.876  -0.0394
   65.0     8.79   8.916  -0.0404
   65.3     8.83   8.956  -0.0444
   65.8     8.83   8.997  -0.0428
   66.2     8.86   9.038  -0.0397
   66.6     8.90   9.078  -0.0450
   66.9     8.92   9.119  -0.0494
   67.3     8.90   9.160  -0.0341
   67.7     8.89   9.200  -0.0313
   68.1     8.98   9.240  -0.0301
   68.6     9.01   9.280  -0.0241
   68.9     8.92   9.319  -0.0268
   69.3     8.92   9.362  -0.0356
   69.7     9.02   9.402  -0.0452
   70.1     8.99   9.441  -0.0433
   70.6     9.01   9.483  -0.0437
   71.0     9.13   9.521  -0.0486
   71.3     9.08   9.563  -0.0560
   71.7     9.02   9.603  -0.0532
   72.0     8.94   9.642  -0.0541
   72.4     9.02   9.684  -0.0664
   72.9     9.05   9.726  -0.0682
   73.2     8.95   9.766  -0.0671
   73.7     9.04   9.807  -0.0612
   74.1     9.04   9.849  -0.0621
   74.6     9.11   9.890  -0.0604
   75.0     9.05   9.930  -0.0645
   75.2     9.06   9.970  -0.0654
   75.7     9.13  10.010  -0.0732
   76.2     9.06  10.051  -0.0820
   76.6     9.11  10.094  -0.0785
   77.0     9.11  10.135  -0.0756
   77.3     9.10  10.175  -0.0705
   77.7     9.14  10.214  -0.0693
   78.1     9.10  10.253  -0.0677
   78.5     9.09  10.294  -0.0635
   78.8     9.01  10.336  -0.0636
   79.2     9.05  10.374  -0.0658
   79.7     9.04  10.415  -0.0667
   80.2     9.11  10.454  -0.0729
   80.6     9.24  10.496  -0.0714
   81.1     9.21  10.537  -0.0797
   81.4     9.27  10.576  -0.0773
   82.0     9.32  10.617  -0.0761
   82.2     9.19  10.657  -0.0729
   82.7     9.20  10.697  -0.0734
   83.1     9.18  10.738  -0.0728
   83.5     9.27  10.779  -0.0768
   83.9     9.35  10.818  -0.0755
   84.4     9.27  10.859  -0.0735
   84.7     9.26  10.900  -0.0728
   85.1     9.26  10.939  -0.0732
   85.5     9.28  10.981  -0.0769
   85.9     9.28  11.021  -0.0759
   86.3     9.30  11.060  -0.0767
   86.8     9.28  11.101  -0.0730
   87.3     9.32  11.143  -0.0725
   87.5     9.30  11.182  -0.0732
   88.0     9.30  11.224  -0.0771
   88.3     9.32  11.265  -0.0791
   88.9     9.31  11.305  -0.0775
   89.2     9.24  11.346  -0.0747
   89.6     9.30  11.385  -0.0751
   90.0     9.33  11.425  -0.0756
   90.4     9.38  11.466  -0.0750
   90.8     9.29  11.506  -0.0775
   91.2     9.26  11.546  -0.0787
   91.6     9.32  11.586  -0.0806
   92.0     9.37  11.626  -0.0802
   92.2     9.22  11.666  -0.0760
   92.6     9.21  11.704  -0.0760
   93.1     9.19  11.741  -0.0745
   93.5     9.27  11.781  -0.0734
   93.8     9.18  11.820  -0.0727
   94.3     9.31  11.859  -0.0741
   94.7     9.29  11.898  -0.0735
   95.1     9.23  11.937  -0.0757
   95.4     9.25  11.976  -0.0759
   95.8     9.19  12.015  -0.0779
   96.3     9.34  12.054  -0.0811
   96.6     9.23  12.093  -0.0794
   97.0     9.20  12.134  -0.0796
   97.5     9.27  12.176  -0.0791
   97.9     9.28  12.215  -0.0794
   98.2     9.26  12.256  -0.0796
   98.6     9.27  12.298  -0.0776
   99.0     9.17  12.337  -0.0817
   99.4     9.16  12.376  -0.0804
  100.0     9.36  12.416  -0.0825
  100.3     9.27  12.458  -0.0844
  100.7     9.24  12.497  -0.0850
  100.9     9.18  12.537  -0.0864
  101.4     9.17  12.578  -0.0834
  102.0     9.27  12.622  -0.0853
  102.3     9.27  12.662  -0.0860
  102.7     9.24  12.705  -0.0840
  103.0     9.15  12.745  -0.0827
  103.4     9.13  12.783  -0.0829
  103.9     9.24  12.825  -0.0830
  104.3     9.23  12.865  -0.0823
  104.8     9.32  12.902  -0.0865
  105.1     9.21  12.943  -0.0859
  105.4     9.22  12.983  -0.0877
  105.8     9.16  13.022  -0.0857
  106.3     9.21  13.062  -0.0877
  106.7     9.32  13.101  -0.0874
  107.1     9.19  13.139  -0.0843
  107.5     9.16  13.177  -0.0874
  107.9     9.20  13.217  -0.0871
  108.4     9.21  13.254  -0.0871
  108.6     9.19  13.295  -0.0836
  109.1     9.25  13.338  -0.0831
  109.5     9.21  13.379  -0.0849
  109.9     9.28  13.420  -0.0856
  110.3     9.18  13.461  -0.0879
  110.6     9.16  13.500  -0.0858
  111.1     9.24  13.540  -0.0884
  111.5     9.16  13.579  -0.0909
  111.9     9.13  13.622  -0.0877
  112.3     9.16  13.662  -0.0918
  112.8     9.13  13.703  -0.0895
  113.2     9.19  13.746  -0.0880
  113.7     9.19  13.788  -0.0871
  114.0     9.09  13.829  -0.0840
  114.5     9.19  13.869  -0.0884
  114.9     9.24  13.911  -0.0879
  115.2     9.18  13.951  -0.0878
  115.7     9.23  13.990  -0.0913
  116.1     9.22  14.028  -0.0868
  116.4     9.17  14.064  -0.0862
  116.9     9.18  14.104  -0.0902
  117.1     9.07  14.142  -0.0864
  117.5     9.08  14.181  -0.0861
  117.9     9.04  14.220  -0.0849
  118.2     9.04  14.260  -0.0856
  118.6     9.06  14.300  -0.0869
  119.2     9.12  14.341  -0.0859
  119.5     9.09  14.383  -0.0858
  119.9     9.11  14.421  -0.0830
  120.3     9.10  14.460  -0.0830
  120.7     9.09  14.502  -0.0820
  121.2     9.11  14.544  -0.0831
  121.7     9.05  14.588  -0.0848
  122.1     9.04  14.627  -0.0873
  122.3     9.02  14.666  -0.0903
  122.9     9.04  14.707  -0.0879
  123.3     9.06  14.747  -0.0877
  123.7     9.05  14.788  -0.0874
  123.9     9.02  14.829  -0.0871
  124.4     9.08  14.869  -0.0891
  124.8     9.06  14.910  -0.0923
  125.2     9.07  14.950  -0.0920
  125.7     9.07  14.992  -0.0901
  126.1     9.00  15.034  -0.0888
  126.4     8.99  15.073  -0.0930
  127.0     9.08  15.113  -0.0929
  127.5     9.14  15.152  -0.0944
  127.8     9.15  15.192  -0.0925
  128.2     9.20  15.230  -0.0930
  128.6     9.10  15.270  -0.0927
  128.9     9.05  15.310  -0.0931
  129.4     9.12  15.350  -0.0885
  129.8     9.11  15.390  -0.0892
  130.1     9.03  15.431  -0.0894
  130.6     9.04  15.470  -0.0900
  130.9     8.98  15.509  -0.0895
  131.2     9.00  15.549  -0.0898
  131.8     9.07  15.588  -0.0894
  132.3     9.12  15.627  -0.0895
  132.8     9.08  15.667  -0.0916
  133.0     9.16  15.710  -0.0905
  133.5     9.07  15.753  -0.0916
  133.8     9.01  15.793  -0.0984
  134.2     9.02  15.835  -0.0977
  134.7     9.01  15.877  -0.0967
  135.1     9.00  15.915  -0.0965
  135.5     8.94  15.954  -0.1026
  135.9     9.04  15.995  -0.1003
  136.3     9.01  16.038  -0.1033
  136.7     9.03  16.078  -0.1016
  137.1     9.01  16.119  -0.1044
  137.6     9.00  16.160  -0.1061
  138.0     8.91  16.201  -0.1020
  138.4     8.99  16.243  -0.1041
  138.8     8.98  16.284  -0.1017
  139.2     8.94  16.325  -0.1033
  139.6     9.04  16.364  -0.1045
  139.9     8.90  16.404  -0.0997
  140.5     8.93  16.444  -0.1026
  140.8     8.84  16.482  -0.0992
  141.2     8.90  16.520  -0.1032
  141.6     8.85  16.559  -0.1005
  141.9     8.94  16.597  -0.1011
  142.5     8.93  16.637  -0.0981
  143.0     9.05  16.677  -0.0986
  143.3     9.06  16.714  -0.1059
  143.8     9.05  16.753  -0.1070
  144.1     9.04  16.793  -0.1046
  144.6     9.08  16.831  -0.1049
  144.9     9.04  16.872  -0.1075
  145.3     8.97  16.917  -0.1119
  145.8     9.07  16.958  -0.1075
  146.3     9.02  16.999  -0.1102
  146.6     9.09  17.039  -0.1125
  147.1     9.03  17.079  -0.1081
  147.4     9.06  17.117  -0.1114
  148.0     9.13  17.157  -0.1110
  148.4     9.03  17.198  -0.1136
  148.7     9.03  17.238  -0.1085
  149.2     8.99  17.278  -0.1107
  149.4     8.98  17.317  -0.1090
  150.0     8.96  17.360  -0.1028
  150.4     9.08  17.403  -0.0936
  150.8     9.03  17.443  -0.0959
  151.2     8.94  17.484  -0.1055
  151.6     8.88  17.523  -0.1072
  152.1     9.01  17.564  -0.1078
  152.5     8.98  17.604  -0.1017
  152.8     8.90  17.644  -0.1032
  153.3     8.90  17.683  -0.1003
  153.7     8.99  17.721  -0.1040
  154.1     8.90  17.759  -0.1000
  154.5     8.88  17.798  -0.1048
  154.9     8.94  17.838  -0.1039
  155.3     8.88  17.877  -0.1011
  155.7     8.91  17.916  -0.1051
  156.2     8.93  17.955  -0.1017
  156.5     8.86  17.994  -0.1016
  156.9     8.90  18.033  -0.1056
  157.4     8.93  18.076  -0.1038
  157.8     8.81  18.116  -0.1048
  158.3     8.97  18.158  -0.1033
  158.7     8.88  18.199  -0.1031
  159.0     8.88  18.238  -0.1038
  159.5     8.74  18.279  -0.1010
  159.8     8.83  18.317  -0.0986
  160.3     8.80  18.356  -0.1008
  160.7     8.84  18.398  -0.0992
  161.1     8.86  18.439  -0.1030
  161.5     8.86  18.479  -0.0977
  162.0     8.78  18.520  -0.0992
  162.4     8.82  18.562  -0.1022
  162.9     8.80  18.605  -0.0997
  163.1     8.72  18.647  -0.1042
  163.7     8.83  18.686  -0.1013
  164.0     8.77  18.727  -0.1020
  164.5     8.69  18.767  -0.1077
  164.9     8.69  18.805  -0.1054
  165.3     8.77  18.843  -0.1073
  165.7     8.79  18.884  -0.1063
  166.1     8.76  18.923  -0.1024
  166.5     8.70  18.964  -0.1047
  166.9     8.73  19.005  -0.1030
  167.4     8.71  19.042  -0.1004
  167.9     8.68  19.081  -0.1039
  168.3     8.69  19.121  -0.1020
  168.5     8.70  19.161  -0.1040
  169.1     8.77  19.201  -0.1047
  169.5     8.71  19.240  -0.1022
  169.9     8.77  19.281  -0.1062
  170.4     8.73  19.324  -0.1029
  170.8     8.68  19.366  -0.1047
  171.2     8.71  19.403  -0.1036
  171.6     8.71  19.443  -0.1040
  172.1     8.79  19.482  -0.1027
  172.5     8.78  19.520  -0.1015
  172.9     8.79  19.561  -0.1027
  173.3     8.72  19.601  -0.1017
  173.8     8.71  19.641  -0.1045
  174.3     8.73  19.683  -0.1042
  174.7     8.79  19.726  -0.1088
  175.1     8.75  19.768  -0.1052
  175.5     8.67  19.812  -0.1094
  175.9     8.68  19.851  -0.1085
  176.4     8.70  19.892  -0.1076
  176.8     8.72  19.933  -0.1071
  177.4     8.70  19.971  -0.1098
  177.7     8.70  20.009  -0.1124
  178.1     8.77  20.049  -0.1096
  178.4     8.64  20.088  -0.1112
  178.8     8.63  20.131  -0.1142
  179.3     8.69  20.170  -0.1086
  179.8     8.66  20.209  -0.1097
  180.2     8.64  20.246  -0.1085
  180.6     8.64  20.282  -0.1081
  181.0     8.70  20.321  -0.1125
  181.4     8.65  20.360  -0.1079
  181.8     8.65  20.400  -0.1106
  182.1     8.60  20.439  -0.1089
  182.7     8.57  20.482  -0.1078
  183.1     8.57  20.524  -0.1125
  183.5     8.59  20.563  -0.1134
  184.0     8.65  20.604  -0.1133
  184.3     8.49  20.644  -0.1148
  184.9     8.60  20.684  -0.1122
  185.2     8.60  20.724  -0.1135
  185.8     8.59  20.765  -0.1116
  186.1     8.53  20.808  -0.1170
  186.5     8.53  20.848  -0.1160
  186.9     8.55  20.889  -0.1123
  187.3     8.59  20.931  -0.1154
  187.8     8.52  20.973  -0.1138
  188.3     8.54  21.013  -0.1133
  188.7     8.49  21.052  -0.1215
  189.0     8.53  21.092  -0.1148
  189.6     8.51  21.131  -0.1150
  190.0     8.48  21.172  -0.1205
  190.3     8.48  21.212  -0.1153
  190.8     8.48  21.251  -0.1140
  191.2     8.43  21.290  -0.1164
  191.5     8.43  21.328  -0.1154
  192.1     8.50  21.367  -0.1111
  192.4     8.42  21.408  -0.1117
  192.9     8.53  21.449  -0.1074
  193.3     8.39  21.489  -0.1097
  193.7     8.50  21.525  -0.1118
  194.1     8.46  21.565  -0.1120
  194.6     8.43  21.601  -0.1094
  194.9     8.42  21.643  -0.1103
  195.4     8.38  21.686  -0.1102
  195.9     8.46  21.724  -0.1081
  196.3     8.45  21.763  -0.1104
  196.6     8.34  21.803  -0.1143
  196.9     8.30  21.842  -0.1112
  197.3     8.26  21.882  -0.1107
  197.9     8.32  21.922  -0.1115
  198.3     8.34  21.963  -0.1149
  198.7     8.20  22.001  -0.1130
  199.1     8.30  22.042  -0.1164
  199.5     8.26  22.085  -0.1135
  200.0     8.18  22.128  -0.1112
  200.4     8.20  22.169  -0.1147
  200.8     8.24  22.210  -0.1163
  201.3     8.21  22.253  -0.1160
  201.8     8.21  22.293  -0.1178
  202.2     8.17  22.335  -0.1152
  202.6     8.16  22.375  -0.1211
  203.1     8.18  22.414  -0.1207
  203.4     8.18  22.453  -0.1157
  203.9     8.09  22.493  -0.1202
  204.3     8.18  22.532  -0.1172
  204.7     8.09  22.571  -0.1122
  205.1     8.09  22.611  -0.1132
  205.4     8.04  22.649  -0.1108
  205.9     7.86  22.688  -0.1083
  206.4     8.06  22.728  -0.1109
  206.7     8.07  22.766  -0.1133
  207.2     8.05  22.805  -0.1087
  207.8     8.07  22.848  -0.1171
  208.1     8.09  22.890  -0.1155
  208.6     8.12  22.931  -0.1129
  209.1     8.14  22.973  -0.1168
  209.5     8.06  23.013  -0.1150
  209.8     8.13  23.050  -0.1087
  210.4     8.07  23.090  -0.1118
  210.7     8.08  23.131  -0.1143
  211.2     8.06  23.171  -0.1129
  211.5     7.98  23.210  -0.1154
  211.9     8.07  23.251  -0.1169
  212.5     8.01  23.294  -0.1164
  212.9     8.06  23.336  -0.1191
  213.3     8.04  23.376  -0.1148
  213.7     7.96  23.417  -0.1196
  214.1     7.97  23.456  -0.1201
  214.6     8.05  23.495  -0.1174
  215.2     8.06  23.537  -0.1177
  215.5     8.10  23.574  -0.1176
  215.9     7.92  23.614  -0.1184
  216.3     7.97  23.654  -0.1177
  216.6     7.93  23.693  -0.1197
  217.2     7.98  23.732  -0.1210
  217.5     7.99  23.773  -0.1165
  218.1     8.08  23.810  -0.1159
  218.4     8.01  23.849  -0.1194
  218.8     7.97  23.889  -0.1155
  219.2     7.93  23.927  -0.1122
  219.7     7.92  23.966  -0.1155
  220.1     7.97  24.009  -0.1170
  220.5     7.91  24.050  -0.1141
  221.0     7.97  24.090  -0.1183
  221.3     7.93  24.130  -0.1210
  221.8     7.83  24.171  -0.1205
  222.3     7.86  24.211  -0.1233
  222.6     7.86  24.251  -0.1221
  223.0     7.86  24.290  -0.1205
  223.5     7.88  24.329  -0.1185
  223.9     7.83  24.370  -0.1193
  224.3     7.75  24.411  -0.1182
  224.8     7.75  24.453  -0.1178
  225.3     7.82  24.494  -0.1175
  225.7     7.81  24.536  -0.1141
  226.1     7.70  24.575  -0.1136
  226.5     7.69  24.615  -0.1183
  226.9     7.75  24.656  -0.1166
  227.3     7.66  24.697  -0.1176
  227.8     7.73  24.737  -0.1196
  228.3     7.73  24.778  -0.1181
  228.6     7.63  24.817  -0.1287
  229.0     7.62  24.855  -0.1232
  229.5     7.74  24.894  -0.1176
  229.9     7.63  24.934  -0.1216
  230.4     7.64  24.974  -0.1218
  230.8     7.67  25.012  -0.1206
  231.2     7.57  25.051  -0.1145
  231.5     7.66  25.089  -0.1181
  232.0     7.59  25.128  -0.1218
  232.3     7.60  25.169  -0.1225
  232.9     7.66  25.207  -0.1219
  233.3     7.77  25.248  -0.1217
  233.7     7.61  25.289  -0.1187
  234.2     7.59  25.326  -0.1189
  234.6     7.56  25.368  -0.1190
  235.0     7.55  25.407  -0.1216
  235.3     7.60  25.446  -0.1229
  235.8     7.57  25.485  -0.1194
  236.2     7.55  25.526  -0.1229
  236.6     7.55  25.568  -0.1218
  237.0     7.52  25.608  -0.1209
  237.5     7.48  25.648  -0.1193
  237.9     7.43  25.691  -0.1184
  238.4     7.43  25.731  -0.1171
  238.9     7.53  25.770  -0.1164
  239.2     7.52  25.812  -0.1174
  239.6     7.47  25.852  -0.1170
  240.1     7.53  25.890  -0.1184
  240.5     7.46  25.931  -0.1186
  241.0     7.40  25.973  -0.1192
  241.4     7.44  26.011  -0.1222
  241.8     7.38  26.049  -0.1238
  242.3     7.45  26.087  -0.1242
  242.5     7.36  26.127  -0.1225
  243.0     7.48  26.166  -0.1234
  243.5     7.42  26.206  -0.1244
  243.9     7.44  26.244  -0.1195
  244.3     7.42  26.283  -0.1184
  244.7     7.35  26.323  -0.1224
  245.1     7.37  26.362  -0.1235
  245.6     7.36  26.403  -0.1214
  246.0     7.34  26.445  -0.1205
  246.4     7.34  26.485  -0.1233
  246.9     7.36  26.525  -0.1298
  247.3     7.32  26.563  -0.1233
  247.6     7.39  26.603  -0.1208
  248.1     7.32  26.642  -0.1190
  248.6     7.42  26.683  -0.1191
  249.1     7.34  26.725  -0.1154
  249.3     7.26  26.764  -0.1151
  249.8     7.25  26.804  -0.1181
  250.2     7.23  26.845  -0.1130
  250.6     7.18  26.889  -0.1150
  251.0     7.24  26.928  -0.1178
  251.5     7.27  26.968  -0.1170
  252.1     7.27  27.008  -0.1142
  252.2     7.15  27.046  -0.1158
  252.7     7.15  27.088  -0.1170
  253.2     7.15  27.126  -0.1151
  253.5     7.15  27.165  -0.1168
  254.0     7.18  27.204  -0.1142
  254.4     7.18  27.243  -0.1116
  254.9     7.20  27.281  -0.1136
  255.2     7.22  27.321  -0.1146
  255.6     7.13  27.362  -0.1153
  256.0     7.10  27.401  -0.1193
  256.4     7.17  27.439  -0.1162
  256.9     7.08  27.478  -0.1171
  257.2     6.94  27.516  -0.1204
  257.6     7.10  27.555  -0.1186
  258.1     7.05  27.597  -0.1202
  258.3     6.97  27.637  -0.1186
  258.8     7.03  27.678  -0.1209
  259.2     7.02  27.719  -0.1247
  259.6     7.01  27.756  -0.1225
  260.0     6.99  27.799  -0.1235
  260.5     6.96  27.841  -0.1254
  260.9     6.90  27.881  -0.1253
  261.3     6.92  27.920  -0.1293
  261.7     6.92  27.961  -0.1296
  262.1     6.83  28.002  -0.1272
  262.5     6.82  28.045  -0.1262
  263.0     6.83  28.085  -0.1175
  263.6     6.92  28.127  -0.1193
  263.8     6.84  28.168  -0.1235
  264.2     6.82  28.205  -0.1256
  264.7     6.84  28.246  -0.1240
  265.0     6.89  28.287  -0.1236
  265.4     6.79  28.324  -0.1228
  265.9     6.86  28.364  -0.1231
  266.3     6.87  28.404  -0.1192
  266.5     6.71  28.443  -0.1198
  266.9     6.75  28.482  -0.1177
  267.5     6.71  28.522  -0.1225
  267.8     6.79  28.561  -0.1211
  268.3     6.72  28.600  -0.1229
  268.6     6.64  28.639  -0.1271
  269.0     6.70  28.675  -0.1234
  269.5     6.75  28.715  -0.1236
  269.9     6.71  28.755  -0.1243
  270.3     6.75  28.796  -0.1202
  270.8     6.69  28.838  -0.1207
  271.1     6.70  28.879  -0.1192
  271.6     6.78  28.917  -0.1217
  272.2     6.83  28.958  -0.1203
  272.4     6.72  28.998  -0.1246
  272.9     6.64  29.038  -0.1233
  273.2     6.65  29.076  -0.1211
  273.6     6.61  29.117  -0.1271
  274.1     6.72  29.156  -0.1269
  274.5     6.64  29.198  -0.1267
  275.0     6.62  29.239  -0.1260
  275.4     6.66  29.281  -0.1261
  275.8     6.58  29.322  -0.1272
  276.2     6.56  29.361  -0.1305
  276.7     6.60  29.401  -0.1272
  277.0     6.57  29.443  -0.1251
  277.4     6.62  29.481  -0.1248
  277.9     6.57  29.521  -0.1210
  278.2     6.50  29.561  -0.1232
  278.6     6.44  29.600  -0.1222
  279.1     6.53  29.639  -0.1170
  279.4     6.49  29.679  -0.1132
  280.0     6.46  29.719  -0.1140
  280.3     6.48  29.759  -0.1123
  280.7     6.42  29.800  -0.1162
  281.0     6.40  29.838  -0.1144
  281.5     6.36  29.877  -0.1119
  281.9     6.41  29.917  -0.1127
  282.3     6.38  29.957  -0.1119
  282.6     6.35  30.001  -0.1165
  283.2     6.27  30.042  -0.1138
  283.7     6.36  30.082  -0.1102
  284.1     6.31  30.124  -0.1136
  284.4     6.38  30.164  -0.1146
  284.9     6.31  30.202  -0.1108
  285.4     6.29  30.244  -0.1102
  285.6     6.27  30.284  -0.1179
  286.0     6.22  30.326  -0.1207
  286.6     6.31  30.366  -0.1172
  286.9     6.21  30.406  -0.1111
  287.3     6.22  30.450  -0.1143
  287.8     6.16  30.492  -0.1132
  288.4     6.21  30.531  -0.1139
  288.7     6.23  30.573  -0.1148
  289.1     6.21  30.614  -0.1166
  289.5     6.16  30.656  -0.1198
  290.0     6.17  30.696  -0.1170
  290.4     6.08  30.735  -0.1125
  290.7     6.01  30.772  -0.1122
  291.2     6.12  30.811  -0.1120
  291.6     6.16  30.852  -0.1109
  291.9     6.09  30.892  -0.1149
  292.4     6.06  30.932  -0.1131
  292.8     6.16  30.973  -0.1183
  293.2     6.11  31.013  -0.1182
  293.6     6.04  31.051  -0.1177
  294.0     6.00  31.091  -0.1228
  294.5     6.09  31.129  -0.1174
  294.9     6.03  31.170  -0.1163
  295.3     5.99  31.211  -0.1185
  295.7     5.98  31.252  -0.1173
  296.2     6.07  31.293  -0.1206
  296.5     6.05  31.333  -0.1215
  297.0     6.00  31.374  -0.1214
  297.5     6.03  31.415  -0.1217
  297.9     6.07  31.455  -0.1230
  298.2     5.99  31.496  -0.1188
  298.7     6.02  31.535  -0.1205
  299.2     6.04  31.576  -0.1183
  299.6     6.09  31.618  -0.1184
  300.0     6.01  31.661  -0.1176
  300.4     5.98  31.702  -0.1232
  300.9     5.98  31.745  -0.1221
  301.3     5.90  31.784  -0.1214
  301.6     5.93  31.825  -0.1252
  302.0     5.91  31.865  -0.1244
  302.5     5.89  31.904  -0.1241
  303.0     5.97  31.943  -0.1222
  303.4     5.98  31.983  -0.1209
  303.8     5.93  32.021  -0.1215
  304.3     5.99  32.060  -0.1221
  304.7     5.99  32.100  -0.1208
  305.2     6.01  32.139  -0.1213
  305.4     5.90  32.177  -0.1263
  305.8     5.92  32.215  -0.1260
  306.2     5.93  32.255  -0.1223
  306.7     5.87  32.293  -0.1255
  307.0     5.90  32.333  -0.1270
  307.3     5.77  32.376  -0.1301
  307.9     5.85  32.417  -0.1272
  308.3     5.83  32.458  -0.1288
  308.7     5.79  32.498  -0.1291
  309.1     5.87  32.538  -0.1310
  309.6     5.90  32.577  -0.1268
  310.0     5.84  32.617  -0.1279
  310.4     5.79  32.658  -0.1276
  310.8     5.78  32.698  -0.1256
  311.2     5.70  32.738  -0.1277
  311.7     5.78  32.779  -0.1250
  312.0     5.74  32.820  -0.1226
  312.5     5.79  32.862  -0.1265
  313.0     5.79  32.903  -0.1266
  313.3     5.66  32.943  -0.1290
  313.8     5.78  32.983  -0.1291
  314.3     5.83  33.025  -0.1296
  314.8     5.79  33.063  -0.1269
  315.2     5.77  33.103  -0.1241
  315.5     5.74  33.142  -0.1232
  316.0     5.78  33.180  -0.1176
  316.3     5.74  33.218  -0.1217
  316.8     5.70  33.258  -0.1221
  317.3     5.76  33.295  -0.1214
  317.8     5.82  33.336  -0.1202
  318.2     5.86  33.377  -0.1151
  318.6     5.80  33.415  -0.1124
  319.1     5.85  33.455  -0.1201
  319.5     5.71  33.494  -0.1168
  319.9     5.77  33.534  -0.1147
  320.4     5.84  33.578  -0.1127
  320.8     5.88  33.620  -0.1138
  321.2     5.81  33.659  -0.1093
  321.7     5.80  33.700  -0.1111
  321.9     5.73  33.740  -0.1120
  322.5     5.68  33.781  -0.1101
  323.0     5.71  33.821  -0.1108
  323.3     5.70  33.862  -0.1109
  323.8     5.73  33.904  -0.1101
  324.2     5.70  33.944  -0.1182
  324.7     5.69  33.985  -0.1147
  325.2     5.71  34.028  -0.1163
  325.6     5.71  34.069  -0.1139
  326.1     5.66  34.110  -0.1148
  326.5     5.60  34.151  -0.1160
  326.8     5.66  34.193  -0.1125
  327.3     5.67  34.232  -0.1121
  327.8     5.58  34.272  -0.1105
  328.2     5.62  34.311  -0.1079
  328.5     5.57  34.349  -0.1078
  329.0     5.65  34.389  -0.1096
  329.4     5.57  34.429  -0.1116
  330.0     5.68  34.468  -0.1111
  330.4     5.61  34.507  -0.1130
  330.7     5.57  34.547  -0.1158
  331.3     5.68  34.585  -0.1160
  331.8     5.78  34.625  -0.1158
  332.2     5.75  34.664  -0.1119
  332.6     5.65  34.703  -0.1114
  333.0     5.62  34.746  -0.1153
  333.5     5.67  34.788  -0.1146
  334.0     5.62  34.826  -0.1150
  334.3     5.58  34.867  -0.1164
  334.7     5.59  34.907  -0.1129
  335.1     5.52  34.946  -0.1162
  335.5     5.50  34.983  -0.1147
  335.9     5.43  35.024  -0.1193
  336.5     5.58  35.065  -0.1193
  337.0     5.55  35.106  -0.1169
  337.3     5.56  35.144  -0.1162
  337.8     5.48  35.186  -0.1184
  338.2     5.58  35.228  -0.1155
  338.7     5.51  35.267  -0.1125
  339.2     5.54  35.310  -0.1147
  339.5     5.42  35.352  -0.1143
  340.1     5.47  35.393  -0.1199
  340.4     5.35  35.433  -0.1235
  340.8     5.31  35.472  -0.1198
  341.2     5.34  35.510  -0.1170
  341.7     5.39  35.549  -0.1165
  342.1     5.41  35.590  -0.1188
  342.7     5.44  35.629  -0.1174
  343.0     5.38  35.668  -0.1172
  343.4     5.47  35.708  -0.1176
  344.0     5.44  35.747  -0.1186
  344.4     5.43  35.787  -0.1173
  344.8     5.46  35.826  -0.1170
  345.2     5.36  35.864  -0.1203
  345.6     5.36  35.905  -0.1151
  346.0     5.30  35.949  -0.1173
  346.4     5.34  35.990  -0.1184
  347.0     5.33  36.029  -0.1134
  347.4     5.34  36.068  -0.1160
  347.8     5.31  36.108  -0.1203
  348.1     5.20  36.147  -0.1147
  348.6     5.29  36.186  -0.1220
  349.0     5.27  36.226  -0.1243
  349.5     5.25  36.270  -0.1201
  350.0     5.32  36.313  -0.1198
  350.4     5.30  36.355  -0.1198
  350.9     5.30  36.399  -0.1170
  351.5     5.28  36.441  -0.1165
  351.8     5.34  36.484  -0.1149
  352.4     5.31  36.525  -0.1129
  352.8     5.30  36.566  -0.1148
  353.2     5.30  36.608  -0.1163
  353.5     5.28  36.648  -0.1151
  353.9     5.27  36.690  -0.1164
  354.5     5.26  36.729  -0.1146
  354.8     5.30  36.770  -0.1118
  355.1     5.18  36.810  -0.1152
  355.7     5.15  36.854  -0.1168
  356.2     5.24  36.895  -0.1199
  356.5     5.19  36.935  -0.1207
  356.9     5.17  36.975  -0.1218
  357.4     5.20  37.015  -0.1204
  357.8     5.11  37.053  -0.1201
  358.2     5.24  37.095  -0.1243
  358.6     5.19  37.137  -0.1247
  359.1     5.15  37.179  -0.1227
  359.5     5.16  37.221  -0.1280
  359.9     5.18  37.261  -0.1261
  360.4     5.13  37.303  -0.1226
  360.8     5.06  37.344  -0.1243
  361.2     5.02  37.386  -0.1233
  361.7     5.03  37.430  -0.1231
  362.3     5.10  37.473  -0.1221
  362.7     5.09  37.515  -0.1232
  363.1     5.13  37.560  -0.1234
  363.4     4.95  37.601  -0.1253
  363.8     4.92  37.644  -0.1265
  364.1     4.84  37.687  -0.1241
  364.7     4.95  37.730  -0.1175
  365.1     4.87  37.772  -0.1178
  365.5     4.84  37.813  -0.1175
  365.9     4.83  37.855  -0.1182
  366.4     4.88  37.896  -0.1197
  366.8     4.81  37.936  -0.1201
  367.2     4.82  37.982  -0.1195
  367.8     4.87  38.023  -0.1165
  368.2     4.84  38.064  -0.1182
  368.5     4.93  38.105  -0.1207
  369.0     4.89  38.144  -0.1189
  369.6     5.01  38.187  -0.1218
  370.0     4.95  38.226  -0.1211
  370.3     4.84  38.266  -0.1210
  370.7     4.85  38.308  -0.1225
  371.2     4.90  38.350  -0.1235
  371.6     4.89  38.391  -0.1215
  372.1     4.91  38.431  -0.1277
  372.5     4.90  38.474  -0.1263
  372.9     4.91  38.515  -0.1214
  373.4     4.93  38.554  -0.1242
  373.8     4.88  38.594  -0.1225
  374.3     4.96  38.635  -0.1216
  374.7     4.94  38.676  -0.1191
  375.0     4.80  38.718  -0.1237
  375.5     4.84  38.759  -0.1250
  375.9     4.87  38.801  -0.1230
  376.4     4.80  38.842  -0.1246
  376.8     4.86  38.880  -0.1232
  377.3     4.80  38.924  -0.1230
  377.7     4.84  38.965  -0.1262
  378.2     4.87  39.005  -0.1238
  378.6     4.84  39.047  -0.1243
  378.9     4.81  39.086  -0.1262
  379.5     4.83  39.125  -0.1275
  379.8     4.89  39.165  -0.1267
  380.3     4.82  39.204  -0.1300
  380.6     4.83  39.244  -0.1262
  381.1     4.75  39.283  -0.1200
  381.5     4.80  39.322  -0.1206
  381.9     4.75  39.361  -0.1216
  382.4     4.76  39.399  -0.1226
  382.6     4.67  39.436  -0.1244
  383.1     4.67  39.477  -0.1263
  383.4     4.72  39.519  -0.1229
  384.0     4.75  39.560  -0.1237
  384.4     4.70  39.603  -0.1249
  384.7     4.62  39.645  -0.1264
  385.2     4.70  39.683  -0.1272
  385.8     4.74  39.722  -0.1253
  386.0     4.67  39.760  -0.1239
  386.5     4.70  39.802  -0.1248
  387.0     4.79  39.843  -0.1246
  387.4     4.73  39.883  -0.1223
  387.8     4.65  39.922  -0.1223
  388.1     4.63  39.965  -0.1249
  388.5     4.70  40.008  -0.1282
  389.0     4.59  40.049  -0.1288
  389.4     4.61  40.090  -0.1239
  389.8     4.59  40.129  -0.1239
  390.3     4.60  40.169  -0.1282
  390.7     4.59  40.211  -0.1266
  391.1     4.57  40.249  -0.1239
  391.4     4.62  40.285  -0.1284
  391.8     4.59  40.323  -0.1292
  392.3     4.54  40.363  -0.1269
  392.7     4.53  40.404  -0.1290
  393.1     4.54  40.444  -0.1292
  393.6     4.45  40.485  -0.1320
  393.9     4.48  40.523  -0.1329
  394.3     4.52  40.561  -0.1301
  394.7     4.55  40.599  -0.1344
  395.1     4.56  40.638  -0.1342
  395.4     4.50  40.680  -0.1329
  396.0     4.45  40.720  -0.1345
  396.4     4.41  40.762  -0.1316
  396.9     4.50  40.803  -0.1355
  397.3     4.53  40.841  -0.1340
  397.6     4.50  40.881  -0.1314
  398.0     4.50  40.921  -0.1313
  398.5     4.55  40.962  -0.1307
  398.9     4.58  41.003  -0.1303
  399.5     4.61  41.045  -0.1331
  399.7     4.50  41.085  -0.1331
  400.3     4.48  41.127  -0.1317
  400.7     4.42  41.170  -0.1303
  401.0     4.48  41.213  -0.1296
  401.5     4.57  41.254  -0.1306
  401.9     4.48  41.295  -0.1296
  402.2     4.40  41.337  -0.1332
  402.7     4.41  41.379  -0.1329
  403.2     4.42  41.416  -0.1326
  403.6     4.44  41.455  -0.1326
  404.0     4.47  41.495  -0.1294
  404.5     4.44  41.534  -0.1274
  404.8     4.44  41.573  -0.1272
  405.3     4.50  41.614  -0.1243
  405.7     4.48  41.652  -0.1276
  405.9     4.34  41.692  -0.1341
  406.3     4.33  41.731  -0.1332
  406.8     4.40  41.769  -0.1376
  407.2     4.36  41.809  -0.1346
  407.6     4.33  41.850  -0.1325
  408.1     4.42  41.893  -0.1342
  408.4     4.36  41.933  -0.1337
  409.0     4.50  41.974  -0.1354
  409.3     4.34  42.013  -0.1366
  409.8     4.43  42.055  -0.1318
  410.2     4.43  42.095  -0.1349
  410.6     4.46  42.131  -0.1357
  411.0     4.37  42.172  -0.1297
  411.4     4.39  42.213  -0.1352
  411.8     4.31  42.255  -0.1309
  412.2     4.34  42.296  -0.1228
  412.6     4.38  42.337  -0.1203
  413.1     4.38  42.379  -0.1205
  413.5     4.30  42.419  -0.1227
  413.9     4.32  42.458  -0.1171
  414.3     4.30  42.498  -0.1294
  414.8     4.38  42.538  -0.1273
  415.2     4.28  42.576  -0.1315
  415.5     4.25  42.615  -0.1343
  415.8     4.34  42.654  -0.1336
  416.3     4.31  42.693  -0.1342
  416.8     4.31  42.734  -0.1362
  417.2     4.37  42.772  -0.1333
  417.6     4.34  42.811  -0.1362
  418.0     4.34  42.852  -0.1360
  418.5     4.34  42.892  -0.1379
  418.8     4.27  42.931  -0.1380
  419.2     4.38  42.971  -0.1353
  419.6     4.31  43.009  -0.1331
  419.9     4.21  43.049  -0.1338
  420.4     4.32  43.090  -0.1301
  420.7     4.30  43.129  -0.1346
  421.1     4.24  43.168  -0.1315
  421.5     4.25  43.209  -0.1279
  422.0     4.21  43.251  -0.1270
  422.5     4.19  43.289  -0.1245
  422.7     4.23  43.327  -0.1284
  423.3     4.34  43.367  -0.1282
  423.6     4.24  43.407  -0.1263
  424.1     4.19  43.448  -0.1295
  424.4     4.14  43.489  -0.1308
  424.9     4.23  43.530  -0.1335
  425.5     4.28  43.573  -0.1307
  425.7     4.18  43.613  -0.1271
  426.1     4.22  43.653  -0.1295
  426.6     4.21  43.693  -0.1265
  427.0     4.21  43.732  -0.1217
  427.4     4.16  43.773  -0.1143
  427.8     4.15  43.813  -0.1140
  428.1     4.10  43.853  -0.1125
  428.6     4.17  43.893  -0.1159
  429.1     4.20  43.933  -0.1174
  429.5     4.14  43.971  -0.1159
  429.9     4.15  44.010  -0.1249
  430.2     4.10  44.049  -0.1290
  430.6     4.19  44.088  -0.1320
  431.1     4.11  44.127  -0.1258
  431.4     4.15  44.166  -0.1298
  431.9     4.11  44.204  -0.1227
  432.3     4.16  44.246  -0.1249
  432.7     4.08  44.289  -0.1242
  433.2     4.21  44.331  -0.1253
  433.6     4.12  44.373  -0.1320
  434.0     4.10  44.413  -0.1314
  434.5     4.13  44.452  -0.1266
  434.9     4.02  44.492  -0.1299
  435.3     4.20  44.532  -0.1276
  435.8     4.21  44.573  -0.1260
  436.2     4.17  44.615  -0.1226
  436.6     4.10  44.654  -0.1258
  437.0     4.20  44.695  -0.1297
  437.4     4.13  44.737  -0.1267
  437.9     4.07  44.777  -0.1275
  438.3     4.21  44.819  -0.1213
  438.7     4.13  44.861  -0.1221
  439.2     4.11  44.900  -0.1229
  439.5     4.04  44.941  -0.1227
  440.0     4.11  44.982  -0.1240
  440.5     4.14  45.019  -0.1242
  440.8     3.99  45.057  -0.1190
  441.2     4.06  45.098  -0.1177
  441.6     4.03  45.136  -0.1176
  441.9     3.99  45.175  -0.1176
  442.4     4.15  45.215  -0.1187
  442.9     4.07  45.254  -0.1017
  443.2     4.09  45.293  -0.0905
  443.5     4.06  45.331  -0.0932
  444.0     4.05  45.370  -0.0939
  444.4     4.00  45.410  -0.0938
  444.7     4.10  45.454  -0.0981
  445.3     4.00  45.494  -0.0979
  445.6     4.04  45.537  -0.0964
  446.1     3.97  45.578  -0.1013
  446.5     4.03  45.618  -0.1044
  446.9     4.02  45.659  -0.1034
  447.3     3.99  45.698  -0.1024
  447.6     3.97  45.739  -0.1004
  448.0     3.79  45.779  -0.1037
  448.4     3.84  45.820  -0.1003
  448.7     3.80  45.861  -0.1020
  449.1     3.80  45.906  -0.1001
  449.6     3.84  45.948  -0.1013
  450.0     3.81  45.989  -0.1036
  450.5     3.81  46.029  -0.1113
  450.9     3.86  46.069  -0.0994
  451.4     3.85  46.112  -0.0987
  451.7     3.79  46.152  -0.0950
  452.1     3.75  46.192  -0.0992
  452.4     3.75  46.232  -0.1003
  452.9     3.78  46.273  -0.0984
  453.3     3.87  46.312  -0.1008
  453.7     3.87  46.349  -0.1025
  454.2     3.84  46.388  -0.1036
  454.6     3.87  46.427  -0.1110
  455.0     3.96  46.466  -0.1062
  455.5     3.99  46.504  -0.1061
  455.9     4.04  46.544  -0.1041
  456.4     4.07  46.585  -0.1007
  456.7     4.01  46.626  -0.1024
  457.2     3.93  46.668  -0.1003
  457.6     3.96  46.709  -0.1066
  458.0     3.95  46.748  -0.1070
  458.4     3.92  46.791  -0.1065
  458.8     3.91  46.833  -0.1102
  459.1     3.90  46.872  -0.1067
  459.6     3.96  46.912  -0.1085
  460.1     3.91  46.953  -0.1091
  460.3     3.88  46.992  -0.1100
  460.9     3.86  47.035  -0.1035
  461.3     3.86  47.079  -0.1012
  461.7     3.86  47.121  -0.1085
  462.1     3.87  47.161  -0.1107
  462.6     3.83  47.199  -0.1049
  462.9     3.79  47.240  -0.1046
  463.4     3.90  47.281  -0.1004
  463.8     3.86  47.320  -0.0981
  464.2     3.97  47.362  -0.0962
  464.6     3.89  47.401  -0.1013
  464.9     3.80  47.442  -0.0995
  465.4     3.85  47.482  -0.0986
  465.8     3.83  47.521  -0.1001
  466.2     3.81  47.559  -0.0968
  466.6     3.86  47.598  -0.0954
  466.9     3.79  47.637  -0.0971
  467.1     3.72  47.675  -0.0974
  467.7     3.83  47.715  -0.0996
  468.1     3.84  47.753  -0.0966
  468.5     3.76  47.792  -0.0996
  468.9     3.90  47.836  -0.1016
  469.4     3.87  47.880  -0.1044
  469.7     3.72  47.919  -0.1119
  470.1     3.73  47.962  -0.1042
  470.4     3.62  48.005  -0.1015
  470.9     3.62  48.046  -0.0953
  471.3     3.63  48.084  -0.0947
  471.7     3.59  48.124  -0.0975
  472.1     3.68  48.165  -0.0961
  472.6     3.68  48.206  -0.1018
  472.9     3.70  48.246  -0.0935
  473.3     3.65  48.290  -0.0943
  473.7     3.63  48.331  -0.0967
  474.1     3.64  48.369  -0.1008
  474.6     3.63  48.412  -0.1038
  475.0     3.59  48.452  -0.0960
  475.3     3.62  48.491  -0.1004
  475.9     3.65  48.533  -0.1033
  476.3     3.57  48.573  -0.0979
  476.6     3.59  48.610  -0.0964
  477.0     3.57  48.648  -0.0966
  477.3     3.56  48.688  -0.0952
  477.8     3.58  48.728  -0.0954
  478.2     3.57  48.766  -0.0928
  478.7     3.66  48.807  -0.0932
  479.2     3.75  48.846  -0.0934
  479.5     3.77  48.886  -0.0985
  479.9     3.71  48.926  -0.0966
  480.5     3.77  48.964  -0.0915
  480.7     3.72  49.005  -0.0944
  481.1     3.77  49.045  -0.0970
  481.7     3.74  49.085  -0.0991
  482.1     3.74  49.126  -0.0954
  482.4     3.74  49.166  -0.0998
  482.8     3.74  49.206  -0.1040
  483.2     3.78  49.246  -0.0995
  483.8     3.72  49.287  -0.1004
  484.1     3.71  49.330  -0.1029
  484.5     3.68  49.369  -0.0987
  485.0     3.79  49.408  -0.0998
  485.3     3.67  49.449  -0.1009
  485.7     3.66  49.494  -0.1015
  486.2     3.75  49.536  -0.1062
  486.6     3.63  49.576  -0.1063
  487.0     3.65  49.617  -0.1006
  487.4     3.71  49.657  -0.1007
  487.9     3.68  49.699  -0.0978
  488.2     3.68  49.737  -0.0920
  488.7     3.71  49.778  -0.0923
  489.1     3.66  49.816  -0.0858
  489.4     3.68  49.854  -0.0846
  489.8     3.65  49.893  -0.0860
  490.2     3.67  49.933  -0.0875
  490.6     3.62  49.974  -0.0858
  491.1     3.71  50.012  -0.0881
  491.5     3.68  50.052  -0.0874
  491.9     3.63  50.091  -0.0867
  492.2     3.61  50.130  -0.0920
  492.5     3.56  50.170  -0.0879
  493.0     3.56  50.212  -0.0871
  493.5     3.66  50.253  -0.0904
  493.8     3.54  50.295  -0.0966
  494.4     3.63  50.335  -0.0930
  494.6     3.57  50.375  -0.0949
  495.2     3.52  50.416  -0.0955
  495.5     3.61  50.457  -0.0950
  495.9     3.55  50.499  -0.0998
  496.4     3.59  50.539  -0.1043
  496.9     3.61  50.581  -0.1009
  497.2     3.59  50.625  -0.0930
  497.8     3.65  50.668  -0.0938
  498.1     3.57  50.710  -0.0956
  498.5     3.55  50.751  -0.0969
  499.0     3.59  50.791  -0.0977
  499.3     3.55  50.833  -0.0999
  499.8     3.52  50.874  -0.0993
  500.1     3.56  50.912  -0.1017
  500.4     3.53  50.953  -0.0982
  500.9     3.51  50.993  -0.1107
  501.4     3.48  51.034  -0.1014
  501.7     3.48  51.074  -0.0998
  502.2     3.54  51.115  -0.1019
  502.5     3.45  51.152  -0.0971
  502.9     3.52  51.191  -0.0918
  503.3     3.50  51.229  -0.0889
  503.7     3.58  51.269  -0.0884
  504.0     3.48  51.310  -0.0935
  504.5     3.48  51.348  -0.0966
  504.9     3.47  51.388  -0.1002
  505.3     3.49  51.430  -0.0986
  505.7     3.52  51.471  -0.0981
  506.1     3.49  51.508  -0.0984
  506.7     3.44  51.548  -0.0984
  506.9     3.53  51.589  -0.0974
  507.3     3.50  51.628  -0.1118
  507.6     3.44  51.667  -0.1096
  508.1     3.46  51.708  -0.1091
  508.5     3.44  51.748  -0.1093
  508.8     3.43  51.789  -0.1193
  509.3     3.46  51.829  -0.1151
  509.7     3.44  51.872  -0.1190
  510.1     3.41  51.913  -0.1180
  510.5     3.46  51.952  -0.1146
  510.9     3.41  51.993  -0.1170
  511.3     3.50  52.035  -0.1221
  511.7     3.26  52.074  -0.1259
  512.0     3.42  52.116  -0.1297
  512.5     3.35  52.154  -0.1316
  512.9     3.55  52.193  -0.1259
  513.3     3.46  52.232  -0.1276
  513.7     3.43  52.272  -0.1309
  514.1     3.46  52.310  -0.1269
  514.6     3.40  52.350  -0.1293
  515.0     3.44  52.391  -0.1268
  515.3     3.38  52.430  -0.1238
  515.8     3.52  52.469  -0.1235
  516.2     3.48  52.508  -0.1212
  516.5     3.43  52.548  -0.1251
  516.9     3.47  52.589  -0.1292
  517.3     3.48  52.631  -0.1231
  517.6     3.35  52.669  -0.1250
  518.0     3.36  52.709  -0.1239
  518.5     3.44  52.751  -0.1246
  518.8     3.36  52.791  -0.1274
  519.3     3.40  52.831  -0.1258
  519.7     3.40  52.871  -0.1311
  520.1     3.43  52.911  -0.1314
  520.5     3.42  52.952  -0.1285
  520.8     3.41  52.993  -0.1347
  521.2     3.35  53.034  -0.1299
  521.7     3.39  53.076  -0.1369
  522.0     3.40  53.115  -0.1402
  522.5     3.39  53.156  -0.1371
  522.9     3.35  53.197  -0.1382
  523.3     3.42  53.236  -0.1350
  523.8     3.39  53.276  -0.1335
  524.1     3.41  53.316  -0.1355
  524.4     3.39  53.354  -0.1304
  524.9     3.38  53.393  -0.1328
  525.3     3.34  53.434  -0.1332
  525.7     3.33  53.473  -0.1332
  526.1     3.39  53.513  -0.1323
  526.6     3.39  53.553  -0.1274
  526.8     3.37  53.592  -0.1278
  527.2     3.34  53.632  -0.1294
  527.6     3.30  53.673  -0.1329
  528.0     3.32  53.711  -0.1332
  528.4     3.33  53.752  -0.1303
  528.8     3.33  53.795  -0.1382
  529.3     3.37  53.835  -0.1434
  529.6     3.32  53.877  -0.1412
  530.1     3.29  53.917  -0.1381
  530.5     3.34  53.955  -0.1350
  530.9     3.36  53.994  -0.1396
  531.1     3.27  54.034  -0.1387
  531.7     3.32  54.077  -0.1249
  532.1     3.28  54.116  -0.1175
  532.4     3.36  54.155  -0.1230
  532.8     3.34  54.197  -0.1368
  533.3     3.30  54.238  -0.1324
  533.6     3.32  54.278  -0.1322
  534.1     3.31  54.320  -0.1367
  534.4     3.40  54.361  -0.1325
  534.9     3.35  54.401  -0.1374
  535.2     3.28  54.443  -0.1356
  535.6     3.30  54.482  -0.1368
  536.1     3.32  54.521  -0.1411
  536.5     3.29  54.561  -0.1380
  536.8     3.21  54.600  -0.1408
  537.3     3.29  54.640  -0.1366
  537.6     3.30  54.680  -0.1322
  538.1     3.29  54.720  -0.1301
  538.4     3.19  54.758  -0.1308
  538.7     3.23  54.800  -0.1316
  539.1     3.25  54.841  -0.1323
  539.7     3.30  54.880  -0.1332
  540.0     3.25  54.921  -0.1307
  540.5     3.33  54.964  -0.1365
  540.9     3.36  55.005  -0.1402
  541.3     3.25  55.046  -0.1388
  541.8     3.38  55.086  -0.1391
  542.1     3.34  55.127  -0.1339
  542.4     3.26  55.167  -0.1309
  542.9     3.22  55.206  -0.1346
  543.3     3.33  55.246  -0.1264
  543.8     3.28  55.287  -0.1287
  544.1     3.30  55.327  -0.1338
  544.3     3.13  55.368  -0.1374
  544.8     3.22  55.412  -0.1361
  545.3     3.21  55.454  -0.1370
  545.7     3.12  55.496  -0.1375
  546.1     3.26  55.536  -0.1386
  546.4     3.19  55.574  -0.1410
  546.8     3.16  55.615  -0.1241
  547.3     3.24  55.653  -0.1195
  547.7     3.15  55.692  -0.1157
  548.2     3.17  55.734  -0.1154
  548.5     3.23  55.773  -0.1225
  548.9     3.20  55.813  -0.1233
  549.4     3.17  55.854  -0.1185
  549.9     3.20  55.893  -0.1215
  550.2     3.26  55.933  -0.1160
  550.6     3.21  55.972  -0.1165
  551.0     3.21  56.011  -0.1239
  551.4     3.26  56.052  -0.1213
  551.9     3.31  56.090  -0.1271
  552.3     3.36  56.129  -0.1190
  552.7     3.30  56.173  -0.1270
  553.1     3.26  56.213  -0.1218
  553.4     3.19  56.253  -0.1149
  553.8     3.22  56.293  -0.1168
  554.2     3.19  56.334  -0.1020
  554.6     3.23  56.373  -0.0980
  554.9     3.16  56.413  -0.0977
  555.5     3.27  56.452  -0.1063
  555.9     3.23  56.493  -0.0981
  556.3     3.26  56.533  -0.1042
  556.7     3.26  56.575  -0.1128
  557.0     3.19  56.618  -0.1102
  557.5     3.26  56.659  -0.1110
  557.9     3.26  56.700  -0.1006
  558.2     3.22  56.741  -0.1011
  558.7     3.26  56.782  -0.0993
  559.1     3.30  56.821  -0.1028
  559.4     3.22  56.862  -0.1055
  559.9     3.15  56.902  -0.1143
  560.2     3.20  56.941  -0.1183
  560.6     3.29  56.980  -0.1157
  560.9     3.15  57.021  -0.1147
  561.4     3.20  57.062  -0.1139
  561.7     3.20  57.102  -0.1155
  562.2     3.23  57.143  -0.1128
  562.6     3.14  57.182  -0.1054
  563.0     3.19  57.222  -0.1066
  563.4     3.21  57.260  -0.1082
  563.8     3.21  57.299  -0.1022
  564.2     3.27  57.341  -0.1086
  564.5     3.16  57.385  -0.1081
  564.9     3.28  57.424  -0.1030
  565.4     3.18  57.465  -0.1082
  565.8     3.24  57.506  -0.1023
  566.2     3.19  57.547  -0.1034
  566.5     3.20  57.587  -0.1073
  567.0     3.23  57.627  -0.1070
  567.5     3.19  57.669  -0.1090
  567.8     3.25  57.709  -0.1163
  568.3     3.23  57.749  -0.1105
  568.7     3.28  57.792  -0.1122
  569.0     3.23  57.832  -0.1127
  569.4     3.12  57.874  -0.1095
  569.7     3.10  57.916  -0.1165
  570.1     3.14  57.958  -0.1134
  570.5     3.22  57.998  -0.1098
  571.0     3.13  58.040  -0.1071
  571.4     3.14  58.081  -0.1062
  571.7     3.17  58.120  -0.1053
  572.1     3.15  58.160  -0.1067
  572.6     3.20  58.201  -0.1015
  573.0     3.22  58.239  -0.1067
  573.5     3.16  58.279  -0.1059
  573.7     3.22  58.320  -0.1031
  574.3     3.23  58.358  -0.1115
  574.6     3.22  58.397  -0.1090
  575.0     3.21  58.436  -0.1113
  575.4     3.21  58.473  -0.1085
  575.7     3.24  58.514  -0.1052
  576.1     3.21  58.556  -0.1205
  576.6     3.25  58.598  -0.1117
  577.0     3.22  58.638  -0.1140
  577.3     3.20  58.678  -0.1149
  577.9     3.22  58.718  -0.1091
  578.2     3.27  58.757  -0.1064
  578.6     3.20  58.796  -0.1101
  579.0     3.19  58.838  -0.1071
  579.4     3.16  58.878  -0.1102
  579.8     3.19  58.918  -0.1114
  580.3     3.18  58.960  -0.1057
  580.7     3.13  59.004  -0.1126
  581.2     3.23  59.044  -0.1086
  581.6     3.24  59.084  -0.1131
  581.9     3.19  59.126  -0.1100
  582.3     3.28  59.166  -0.1080
  582.9     3.28  59.209  -0.1104
  583.2     3.21  59.248  -0.1084
  583.7     3.20  59.288  -0.1111
  584.0     3.23  59.327  -0.1088
  584.4     3.22  59.369  -0.1060
  584.9     3.32  59.409  -0.1015
  585.2     3.28  59.448  -0.0964
  585.7     3.33  59.486  -0.1077
  586.0     3.24  59.525  -0.1015
  586.4     3.24  59.564  -0.1067
  586.9     3.25  59.604  -0.1021
  587.1     3.22  59.643  -0.1049
  587.6     3.21  59.684  -0.1015
  588.0     3.30  59.724  -0.1000
  588.3     3.18  59.765  -0.0965
  588.7     3.16  59.807  -0.0949
  589.1     3.21  59.845  -0.0946
  589.3     3.06  59.885  -0.0898
  589.8     3.11  59.926  -0.0951
  590.3     3.14  59.965  -0.1029
  590.6     3.23  60.006  -0.1007
  591.1     3.28  60.046  -0.1044
  591.5     3.19  60.087  -0.1047
  591.8     3.17  60.131  -0.1000
  592.3     3.24  60.172  -0.1037
  592.7     3.16  60.214  -0.1015
  593.2     3.19  60.254  -0.1014
  593.5     3.14  60.294  -0.1077
  593.8     3.10  60.334  -0.1088
  594.4     3.18  60.375  -0.1025
  594.8     3.23  60.415  -0.1045
  595.1     3.26  60.454  -0.1069
  595.5     3.14  60.495  -0.1012
  595.9     3.17  60.533  -0.0948
  596.2     3.16  60.574  -0.1008
  596.7     3.19  60.615  -0.0990
  597.2     3.18  60.652  -0.0945
  597.3     3.17  60.692  -0.1010
  597.9     3.13  60.732  -0.1038
  598.3     3.12  60.771  -0.0990
  598.5     3.20  60.810  -0.1044
  598.9     3.17  60.849  -0.1040
  599.4     3.10  60.889  -0.0998
  599.8     3.16  60.931  -0.1041
  600.2     3.19  60.975  -0.1006
