   12.3     1.02   0.041  -0.0069
   12.3     1.00   0.079  -0.0091
   12.3     1.03   0.121  -0.0125
   12.3     1.02   0.161  -0.0172
   12.4     0.99   0.204  -0.0188
   12.4     1.03   0.248  -0.0203
   12.4     1.01   0.290  -0.0213
   12.4     0.96   0.333  -0.0298
   12.4     0.99   0.375  -0.0260
   12.4     0.99   0.416  -0.0263
   12.4     0.97   0.458  -0.0224
   12.4     0.97   0.498  -0.0242
   12.4     0.99   0.539  -0.0266
   12.5     0.93   0.579  -0.0230
   12.4     0.97   0.623  -0.0225
   12.4     0.94   0.664  -0.0285
   12.5     0.94   0.706  -0.0263
   12.5     1.00   0.744  -0.0294
   12.5     0.96   0.782  -0.0279
   12.5     0.98   0.822  -0.0283
   12.6     0.99   0.862  -0.0225
   12.5     1.02   0.901  -0.0226
   12.5     0.98   0.943  -0.0263
   12.5     1.00   0.984  -0.0265
   12.6     1.01   1.025  -0.0293
   12.5     0.96   1.067  -0.0287
   12.5     0.95   1.105  -0.0277
   12.6     0.96   1.147  -0.0261
   12.6     1.05   1.189  -0.0252
   12.7     1.06   1.230  -0.0267
   12.7     1.02   1.272  -0.0274
   12.7     1.02   1.315  -0.0242
   12.7     1.01   1.355  -0.0271
   12.8     1.07   1.398  -0.0290
   12.8     1.11   1.439  -0.0218
   12.8     1.04   1.478  -0.0214
   12.8     1.10   1.517  -0.0246
   12.8     1.09   1.558  -0.0295
   12.9     1.11   1.600  -0.0258
   12.9     1.10   1.641  -0.0278
   13.0     1.15   1.681  -0.0254
   13.0     1.14   1.722  -0.0237
   13.1     1.16   1.762  -0.0253
   13.1     1.22   1.804  -0.0307
   13.1     1.16   1.843  -0.0280
   13.2     1.22   1.885  -0.0234
   13.2     1.21   1.925  -0.0264
   13.3     1.19   1.966  -0.0268
   13.4     1.24   2.008  -0.0262
   13.4     1.27   2.048  -0.0260
   13.4     1.32   2.087  -0.0265
   13.5     1.32   2.129  -0.0253
   13.6     1.31   2.167  -0.0233
   13.7     1.38   2.209  -0.0276
   13.7     1.45   2.251  -0.0267
   13.8     1.46   2.292  -0.0337
   13.9     1.45   2.337  -0.0269
   14.0     1.52   2.380  -0.0342
   14.1     1.52   2.420  -0.0304
   14.2     1.54   2.461  -0.0321
   14.3     1.58   2.502  -0.0288
   14.4     1.58   2.542  -0.0255
   14.5     1.64   2.584  -0.0316
   14.6     1.68   2.624  -0.0351
   14.7     1.77   2.668  -0.0425
   14.9     1.80   2.707  -0.0403
   14.9     1.79   2.747  -0.0450
   15.1     1.91   2.786  -0.0417
   15.2     1.86   2.826  -0.0341
   15.3     1.90   2.866  -0.0456
   15.5     1.93   2.908  -0.0367
   15.6     1.93   2.949  -0.0363
   15.8     2.01   2.989  -0.0343
   15.9     2.08   3.030  -0.0339
   16.0     2.10   3.071  -0.0336
   16.2     2.18   3.111  -0.0384
   16.3     2.26   3.153  -0.0349
   16.5     2.20   3.193  -0.0349
   16.6     2.27   3.233  -0.0378
   16.8     2.40   3.277  -0.0369
   17.0     2.36   3.318  -0.0317
   17.2     2.43   3.360  -0.0327
   17.4     2.49   3.402  -0.0332
   17.6     2.56   3.444  -0.0337
   17.8     2.55   3.484  -0.0379
   17.9     2.67   3.525  -0.0353
   18.1     2.63   3.565  -0.0371
   18.3     2.70   3.606  -0.0386
   18.6     2.74   3.647  -0.0426
   18.7     2.82   3.690  -0.0464
   19.0     2.93   3.729  -0.0442
   19.2     2.86   3.768  -0.0434
   19.4     2.92   3.808  -0.0483
   19.6     2.96   3.846  -0.0422
   19.8     3.08   3.887  -0.0377
   20.1     3.20   3.928  -0.0400
   20.3     3.18   3.969  -0.0401
   20.5     3.22   4.011  -0.0397
   20.8     3.28   4.050  -0.0451
   21.0     3.32   4.092  -0.0448
   21.2     3.39   4.132  -0.0446
   21.5     3.45   4.173  -0.0430
   21.7     3.47   4.214  -0.0434
   22.0     3.54   4.254  -0.0420
   22.3     3.63   4.295  -0.0367
   22.6     3.64   4.340  -0.0388
   22.8     3.72   4.381  -0.0424
   23.1     3.74   4.424  -0.0356
   23.4     3.85   4.466  -0.0382
   23.6     3.90   4.508  -0.0359
   24.0     3.94   4.548  -0.0337
   24.3     4.01   4.589  -0.0412
   24.5     4.08   4.629  -0.0444
   24.8     4.10   4.674  -0.0441
   25.2     4.24   4.717  -0.0388
   25.4     4.20   4.758  -0.0396
   25.7     4.29   4.798  -0.0372
   26.0     4.39   4.837  -0.0387
   26.3     4.38   4.877  -0.0395
   26.6     4.40   4.918  -0.0381
   27.0     4.51   4.957  -0.0397
   27.2     4.53   4.996  -0.0428
   27.5     4.56   5.036  -0.0431
   27.7     4.61   5.076  -0.0448
   28.1     4.70   5.117  -0.0375
   28.4     4.77   5.159  -0.0458
   28.7     4.77   5.199  -0.0474
   29.1     4.85   5.242  -0.0527
   29.4     4.90   5.284  -0.0527
   29.7     4.96   5.327  -0.0540
   30.1     4.98   5.370  -0.0575
   30.4     5.04   5.410  -0.0520
   30.7     5.10   5.452  -0.0523
   31.1     5.16   5.492  -0.0566
   31.4     5.19   5.532  -0.0586
   31.7     5.28   5.573  -0.0585
   32.0     5.25   5.617  -0.0587
   32.4     5.32   5.657  -0.0604
   32.8     5.35   5.699  -0.0613
   33.1     5.42   5.742  -0.0654
   33.4     5.47   5.784  -0.0586
   33.8     5.54   5.825  -0.0656
   34.2     5.60   5.867  -0.0681
   34.5     5.60   5.906  -0.0635
   34.9     5.70   5.947  -0.0705
   35.2     5.73   5.987  -0.0737
   35.5     5.72   6.027  -0.0771
   35.8     5.84   6.069  -0.0767
   36.2     5.82   6.107  -0.0753
   36.6     5.91   6.149  -0.0768
   37.0     5.98   6.190  -0.0712
   37.4     5.99   6.232  -0.0680
   37.8     6.06   6.274  -0.0773
   38.1     6.12   6.317  -0.0729
   38.5     6.08   6.359  -0.0719
   38.8     6.20   6.402  -0.0778
   39.2     6.22   6.441  -0.0792
   39.5     6.26   6.483  -0.0813
   39.9     6.27   6.523  -0.0775
   40.3     6.34   6.563  -0.0771
   40.6     6.42   6.604  -0.0762
   41.1     6.41   6.647  -0.0742
   41.4     6.43   6.687  -0.0782
   41.8     6.59   6.727  -0.0785
   42.2     6.54   6.770  -0.0781
   42.5     6.57   6.810  -0.0768
   43.0     6.67   6.853  -0.0790
   43.3     6.62   6.895  -0.0837
   43.7     6.72   6.936  -0.0893
   44.1     6.77   6.977  -0.0837
   44.5     6.79   7.018  -0.0772
   44.9     6.83   7.058  -0.0811
   45.2     6.90   7.098  -0.0782
   45.6     6.93   7.137  -0.0808
   46.0     6.94   7.179  -0.0731
   46.4     6.99   7.219  -0.0838
   46.8     7.05   7.258  -0.0844
   47.2     7.01   7.302  -0.0838
   47.6     7.10   7.346  -0.0894
   48.0     7.08   7.390  -0.0920
   48.4     7.14   7.433  -0.0939
   48.7     7.17   7.473  -0.0907
   49.2     7.17   7.513  -0.0933
   49.6     7.25   7.551  -0.0931
   49.9     7.22   7.592  -0.0915
   50.3     7.32   7.631  -0.0900
   50.6     7.31   7.672  -0.0889
   51.1     7.34   7.712  -0.0951
   51.4     7.34   7.754  -0.0976
   51.9     7.39   7.794  -0.0904
   52.2     7.44   7.835  -0.0848
   52.6     7.43   7.875  -0.0940
   53.1     7.51   7.914  -0.0878
   53.4     7.53   7.954  -0.0835
   53.8     7.54   7.993  -0.0907
   54.2     7.64   8.032  -0.0900
   54.5     7.59   8.072  -0.0894
   54.9     7.64   8.111  -0.0906
   55.3     7.65   8.151  -0.0899
   55.6     7.68   8.192  -0.0899
   56.0     7.67   8.233  -0.0930
   56.5     7.75   8.274  -0.0885
   56.9     7.73   8.318  -0.0924
   57.4     7.77   8.363  -0.0935
   57.8     7.80   8.407  -0.0935
   58.2     7.86   8.449  -0.0932
   58.5     7.84   8.491  -0.0927
   59.0     7.89   8.531  -0.0917
   59.4     7.87   8.572  -0.0930
   59.7     7.92   8.615  -0.0951
   60.2     7.90   8.657  -0.0928
   60.6     7.96   8.698  -0.0967
   61.0     7.97   8.740  -0.0983
   61.4     8.00   8.778  -0.0966
   61.8     8.01   8.817  -0.0983
   62.1     8.02   8.855  -0.1009
   62.6     8.11   8.896  -0.0967
   63.0     8.07   8.939  -0.1020
   63.4     8.14   8.979  -0.0988
   63.7     8.21   9.019  -0.0954
   64.2     8.12   9.063  -0.0987
   64.6     8.15   9.105  -0.1010
   65.0     8.19   9.143  -0.0981
   65.4     8.23   9.184  -0.0986
   65.8     8.23   9.224  -0.0987
   66.2     8.18   9.266  -0.0952
   66.6     8.18   9.307  -0.0947
   67.0     8.27   9.349  -0.0965
   67.4     8.25   9.394  -0.0943
   67.8     8.31   9.437  -0.0979
   68.3     8.37   9.479  -0.1004
   68.7     8.34   9.520  -0.1001
   69.1     8.32   9.560  -0.0993
   69.5     8.34   9.601  -0.1010
   69.9     8.33   9.643  -0.0940
   70.3     8.32   9.687  -0.0985
   70.8     8.34   9.728  -0.1025
   71.1     8.36   9.767  -0.0988
   71.5     8.37   9.808  -0.0986
   71.9     8.37   9.849  -0.0943
   72.3     8.41   9.888  -0.1025
   72.7     8.42   9.929  -0.1042
   73.1     8.45   9.972  -0.1040
   73.5     8.45  10.012  -0.1092
   74.0     8.45  10.051  -0.1057
   74.3     8.47  10.093  -0.1075
   74.8     8.44  10.133  -0.1048
   75.1     8.47  10.173  -0.1076
   75.6     8.53  10.216  -0.1069
   76.0     8.48  10.257  -0.1051
   76.4     8.49  10.298  -0.1042
   76.8     8.47  10.342  -0.1021
   77.2     8.47  10.385  -0.1053
   77.7     8.54  10.428  -0.1100
   78.1     8.54  10.469  -0.1111
   78.5     8.53  10.511  -0.1143
   79.0     8.48  10.553  -0.1118
   79.4     8.61  10.595  -0.1102
   79.8     8.56  10.635  -0.1115
   80.2     8.51  10.679  -0.1112
   80.6     8.49  10.719  -0.1079
   81.1     8.54  10.760  -0.1093
   81.4     8.56  10.802  -0.1085
   81.9     8.60  10.845  -0.1121
   82.3     8.57  10.883  -0.1116
   82.6     8.58  10.919  -0.1115
   83.0     8.58  10.960  -0.1034
   83.4     8.57  10.999  -0.1029
   83.8     8.61  11.039  -0.1031
   84.2     8.59  11.079  -0.1079
   84.6     8.62  11.119  -0.1069
   85.1     8.60  11.159  -0.1085
   85.4     8.59  11.200  -0.1071
   85.9     8.59  11.244  -0.1079
   86.2     8.62  11.286  -0.1084
   86.6     8.55  11.326  -0.1102
   87.1     8.63  11.369  -0.1086
   87.5     8.57  11.412  -0.1096
   88.0     8.65  11.455  -0.1093
   88.4     8.58  11.498  -0.1101
   88.8     8.59  11.540  -0.1137
   89.2     8.61  11.578  -0.1126
   89.6     8.48  11.620  -0.1142
   90.0     8.55  11.660  -0.1145
   90.4     8.58  11.698  -0.1135
   90.9     8.62  11.741  -0.1147
   91.2     8.56  11.781  -0.1141
   91.7     8.64  11.822  -0.1150
   92.0     8.59  11.860  -0.1216
   92.4     8.61  11.901  -0.1220
   92.8     8.60  11.943  -0.1278
   93.3     8.64  11.984  -0.1298
   93.6     8.64  12.023  -0.1416
   94.0     8.61  12.063  -0.1644
   94.3     8.61  12.101  -0.1411
   94.8     8.60  12.140  -0.1448
   95.2     8.67  12.182  -0.1567
   95.7     8.68  12.225  -0.1765
   96.1     8.69  12.265  -0.1815
   96.5     8.68  12.306  -0.1859
   96.9     8.66  12.349  -0.1828
   97.3     8.69  12.392  -0.1869
   97.7     8.68  12.437  -0.1922
   98.1     8.63  12.478  -0.2258
   98.5     8.67  12.517  -0.4303
   98.9     8.68  12.560  -0.4322
   99.4     8.68  12.600  -0.4262
   99.8     8.67  12.642  -0.4314
  100.2     8.70  12.684  -0.4309
  100.6     8.68  12.724  -0.4252
  101.0     8.67  12.765  -0.4265
  101.5     8.69  12.808  -0.4274
  101.9     8.66  12.847  -0.4300
  102.3     8.64  12.886  -0.4386
  102.7     8.65  12.927  -0.4442
  103.1     8.68  12.971  -0.4411
  103.5     8.64  13.012  -0.4443
  103.9     8.66  13.052  -0.4437
  104.2     8.67  13.091  -0.4384
  104.7     8.65  13.133  -0.4434
  105.1     8.69  13.171  -0.4420
  105.5     8.69  13.212  -0.4436
  105.9     8.63  13.254  -0.4446
  106.2     8.67  13.295  -0.4431
  106.7     8.63  13.337  -0.4410
  107.1     8.69  13.379  -0.4424
  107.6     8.73  13.422  -0.4443
  108.0     8.65  13.466  -0.4448
  108.4     8.70  13.508  -0.4394
  108.8     8.64  13.550  -0.4431
  109.2     8.63  13.592  -0.4440
  109.6     8.65  13.633  -0.4481
  110.0     8.66  13.674  -0.4473
  110.5     8.67  13.717  -0.4445
  110.9     8.64  13.756  -0.4436
  111.3     8.64  13.799  -0.4431
  111.7     8.63  13.841  -0.4428
  112.1     8.64  13.880  -0.4414
  112.5     8.64  13.921  -0.4442
  113.0     8.64  13.962  -0.4447
  113.4     8.63  14.007  -0.4418
  113.8     8.59  14.048  -0.4439
  114.2     8.54  14.088  -0.4448
  114.6     8.61  14.128  -0.4463
  115.0     8.57  14.166  -0.4449
  115.4     8.64  14.205  -0.4465
  115.8     8.59  14.247  -0.4487
  116.2     8.63  14.289  -0.4464
  116.6     8.54  14.329  -0.4504
  117.1     8.58  14.372  -0.4505
  117.5     8.63  14.415  -0.4542
  117.9     8.60  14.457  -0.4478
  118.4     8.58  14.499  -0.4497
  118.8     8.59  14.542  -0.4492
  119.2     8.61  14.582  -0.4507
  119.6     8.53  14.622  -0.4555
  120.0     8.59  14.665  -0.4515
  120.3     8.54  14.705  -0.4547
  120.9     8.63  14.747  -0.4548
  121.2     8.59  14.789  -0.4514
  121.7     8.59  14.831  -0.4520
  122.1     8.54  14.870  -0.4503
  122.4     8.52  14.907  -0.4507
  122.9     8.60  14.945  -0.4482
  123.3     8.59  14.986  -0.4486
  123.7     8.64  15.026  -0.4504
  124.2     8.62  15.066  -0.4504
  124.4     8.55  15.107  -0.4521
  124.9     8.60  15.147  -0.4520
  125.3     8.67  15.188  -0.4500
  125.7     8.60  15.230  -0.4510
  126.2     8.63  15.271  -0.4524
  126.5     8.56  15.310  -0.4516
  127.0     8.50  15.351  -0.4542
  127.4     8.55  15.392  -0.4559
  127.9     8.56  15.435  -0.4500
  128.3     8.59  15.479  -0.4494
  128.7     8.59  15.520  -0.4475
  129.1     8.57  15.558  -0.4482
  129.5     8.53  15.599  -0.4521
  130.0     8.59  15.640  -0.4539
  130.4     8.62  15.682  -0.4517
  130.8     8.59  15.722  -0.4505
  131.2     8.53  15.763  -0.4541
  131.6     8.64  15.804  -0.4550
  132.0     8.55  15.843  -0.4570
  132.4     8.55  15.885  -0.4597
  132.9     8.58  15.926  -0.4538
  133.3     8.58  15.966  -0.4559
  133.7     8.68  16.009  -0.4559
  134.1     8.62  16.050  -0.4609
  134.5     8.55  16.088  -0.4615
  134.9     8.59  16.129  -0.4572
  135.3     8.60  16.170  -0.4548
  135.8     8.59  16.207  -0.4571
  136.1     8.56  16.247  -0.4544
  136.6     8.54  16.287  -0.4559
  137.0     8.58  16.328  -0.4531
  137.4     8.55  16.369  -0.4543
  137.8     8.60  16.412  -0.4517
  138.3     8.60  16.455  -0.4581
  138.7     8.56  16.500  -0.4630
  139.2     8.57  16.540  -0.4585
  139.6     8.52  16.584  -0.4566
  140.0     8.52  16.625  -0.4575
  140.6     8.63  16.666  -0.4540
  140.9     8.59  16.708  -0.4571
  141.3     8.63  16.750  -0.4526
  141.7     8.58  16.790  -0.4543
  142.2     8.60  16.829  -0.4582
  142.5     8.54  16.868  -0.4604
  143.0     8.60  16.909  -0.4546
  143.4     8.54  16.949  -0.4553
  143.8     8.51  16.991  -0.4591
  144.3     8.56  17.031  -0.4562
  144.6     8.50  17.072  -0.4588
  145.1     8.58  17.113  -0.4589
  145.5     8.59  17.155  -0.4599
  146.0     8.53  17.195  -0.4582
  146.4     8.52  17.235  -0.4547
  146.8     8.58  17.277  -0.4594
  147.2     8.57  17.319  -0.4605
  147.7     8.56  17.362  -0.4562
  148.1     8.53  17.404  -0.4548
  148.6     8.64  17.448  -0.4566
  149.1     8.65  17.490  -0.4607
  149.6     8.81  17.534  -0.4570
  150.1     8.75  17.576  -0.4575
  150.5     8.68  17.615  -0.4579
  150.9     8.69  17.657  -0.4598
  151.3     8.65  17.698  -0.4605
  151.7     8.68  17.738  -0.4564
  152.2     8.72  17.780  -0.4567
  152.6     8.63  17.822  -0.4566
  153.1     8.71  17.864  -0.4513
  153.5     8.72  17.904  -0.4547
  153.9     8.74  17.943  -0.4546
  154.3     8.62  17.984  -0.4557
  154.7     8.66  18.026  -0.4540
  155.2     8.69  18.068  -0.4545
  155.6     8.64  18.110  -0.4521
  156.0     8.61  18.151  -0.4522
  156.4     8.66  18.193  -0.4512
  156.8     8.66  18.235  -0.4525
  157.3     8.54  18.277  -0.4528
  157.8     8.59  18.319  -0.4547
  158.2     8.61  18.361  -0.4514
  158.6     8.62  18.404  -0.4520
  159.1     8.58  18.447  -0.4513
  159.6     8.59  18.489  -0.4536
  160.0     8.66  18.533  -0.4513
  160.4     8.55  18.574  -0.4525
  160.8     8.64  18.615  -0.4568
  161.3     8.61  18.656  -0.4546
  161.8     8.65  18.695  -0.4579
  162.0     8.55  18.736  -0.4573
  162.5     8.46  18.777  -0.4552
  162.9     8.40  18.819  -0.4515
  163.3     8.45  18.859  -0.4493
  163.7     8.42  18.900  -0.4502
  164.2     8.47  18.939  -0.4520
  164.5     8.39  18.980  -0.4539
  165.0     8.36  19.021  -0.4525
  165.4     8.40  19.061  -0.4532
  165.9     8.38  19.102  -0.4494
  166.3     8.39  19.144  -0.4488
  166.7     8.37  19.185  -0.4504
  167.1     8.37  19.224  -0.4526
  167.5     8.33  19.265  -0.4522
  167.9     8.35  19.307  -0.4492
  168.4     8.32  19.347  -0.4498
  168.9     8.36  19.390  -0.4518
  169.2     8.37  19.432  -0.4533
  169.8     8.37  19.477  -0.4502
  170.2     8.37  19.520  -0.4506
  170.7     8.38  19.562  -0.4515
  171.1     8.34  19.604  -0.4530
  171.6     8.35  19.645  -0.4527
  171.9     8.29  19.685  -0.4483
  172.3     8.29  19.726  -0.4506
  172.8     8.37  19.769  -0.4520
  173.2     8.34  19.811  -0.4499
  173.7     8.35  19.853  -0.4569
  174.0     8.26  19.892  -0.4577
  174.5     8.24  19.932  -0.4531
  175.0     8.30  19.972  -0.4538
  175.4     8.38  20.012  -0.4527
  175.8     8.24  20.055  -0.4589
  176.3     8.25  20.095  -0.4567
  176.7     8.30  20.135  -0.4562
  177.1     8.29  20.178  -0.4572
  177.5     8.24  20.217  -0.4539
  177.9     8.26  20.256  -0.4526
  178.4     8.26  20.297  -0.4527
  178.8     8.23  20.338  -0.4490
  179.2     8.23  20.379  -0.4592
  179.7     8.28  20.421  -0.4638
  180.1     8.21  20.463  -0.4610
  180.5     8.22  20.504  -0.4586
  180.9     8.20  20.548  -0.4618
  181.4     8.14  20.589  -0.4656
  181.8     8.16  20.628  -0.4640
  182.2     8.19  20.669  -0.4628
  182.8     8.21  20.708  -0.4703
  183.1     8.15  20.747  -0.4650
  183.5     8.14  20.789  -0.4674
  184.0     8.19  20.830  -0.4697
  184.4     8.20  20.872  -0.4703
  184.8     8.19  20.914  -0.4685
  185.2     8.16  20.955  -0.4654
  185.7     8.12  20.996  -0.4688
  186.2     8.22  21.038  -0.4662
  186.6     8.12  21.079  -0.4633
  186.9     8.11  21.118  -0.4640
  187.4     8.09  21.159  -0.4620
  187.8     8.05  21.201  -0.4629
  188.2     8.08  21.242  -0.4627
  188.6     8.08  21.282  -0.4636
  189.1     8.04  21.325  -0.4650
  189.6     8.09  21.365  -0.4691
  190.0     8.00  21.406  -0.4642
  190.5     8.17  21.450  -0.4669
  190.9     8.07  21.494  -0.4663
  191.3     8.05  21.535  -0.4661
  191.7     7.98  21.577  -0.4665
  192.2     8.02  21.616  -0.4663
  192.6     8.00  21.656  -0.4655
  193.0     8.00  21.698  -0.4610
  193.4     8.01  21.738  -0.4594
  193.8     8.01  21.779  -0.4591
  194.4     7.99  21.822  -0.4618
  194.7     7.94  21.865  -0.4642
  195.1     7.93  21.904  -0.4628
  195.6     7.90  21.944  -0.4604
  195.9     7.89  21.981  -0.4604
  196.4     8.00  22.020  -0.4649
  196.8     7.89  22.059  -0.4622
  197.2     7.84  22.098  -0.4614
  197.6     7.90  22.142  -0.4558
  198.1     7.83  22.184  -0.4551
  198.5     7.83  22.224  -0.4573
  198.9     7.86  22.264  -0.4549
  199.3     7.85  22.304  -0.4587
  199.7     7.86  22.346  -0.4587
  200.2     7.84  22.388  -0.4620
  200.6     7.91  22.431  -0.4614
  201.1     7.79  22.473  -0.4650
  201.5     7.80  22.517  -0.4643
  201.9     7.83  22.559  -0.4622
  202.4     7.80  22.601  -0.4642
  202.8     7.79  22.641  -0.4660
  203.3     7.80  22.682  -0.4638
  203.6     7.78  22.722  -0.4605
  204.1     7.78  22.765  -0.4648
  204.5     7.73  22.806  -0.4624
  204.9     7.74  22.850  -0.4646
  205.4     7.78  22.893  -0.4658
  205.8     7.77  22.933  -0.4664
  206.3     7.72  22.972  -0.4647
  206.7     7.73  23.014  -0.4635
  207.1     7.79  23.054  -0.4644
  207.6     7.75  23.097  -0.4662
  207.9     7.70  23.137  -0.4620
  208.3     7.65  23.177  -0.4631
  208.8     7.69  23.216  -0.4624
  209.2     7.69  23.256  -0.4605
  209.6     7.67  23.298  -0.4615
  210.1     7.65  23.340  -0.4645
  210.5     7.70  23.382  -0.4630
  211.0     7.70  23.424  -0.4664
  211.4     7.68  23.467  -0.4635
  211.8     7.61  23.509  -0.4574
  212.2     7.62  23.553  -0.4580
  212.7     7.60  23.596  -0.4569
  213.1     7.59  23.635  -0.4572
  213.6     7.59  23.679  -0.4584
  214.0     7.63  23.719  -0.4603
  214.3     7.57  23.762  -0.4552
  214.9     7.56  23.806  -0.4578
  215.3     7.55  23.846  -0.4540
  215.7     7.52  23.887  -0.4591
  216.2     7.55  23.929  -0.4563
  216.5     7.51  23.967  -0.4556
  216.9     7.50  24.007  -0.4509
  217.4     7.51  24.046  -0.4552
  217.8     7.54  24.086  -0.4586
  218.2     7.50  24.126  -0.4556
  218.6     7.50  24.166  -0.4548
  219.0     7.49  24.206  -0.4533
  219.5     7.49  24.247  -0.4556
  219.8     7.50  24.290  -0.4547
  220.3     7.47  24.334  -0.4565
  220.7     7.45  24.378  -0.4564
  221.2     7.42  24.419  -0.4590
  221.7     7.44  24.461  -0.4615
  222.1     7.45  24.503  -0.4632
  222.5     7.39  24.546  -0.4590
  223.0     7.42  24.589  -0.4623
  223.3     7.44  24.630  -0.4592
  223.8     7.39  24.672  -0.4587
  224.2     7.39  24.713  -0.4617
  224.7     7.43  24.754  -0.4607
  225.0     7.33  24.794  -0.4579
  225.5     7.36  24.837  -0.4627
  226.0     7.35  24.879  -0.4619
  226.4     7.35  24.919  -0.4615
  226.7     7.34  24.959  -0.4605
  227.1     7.31  24.996  -0.4572
  227.5     7.30  25.038  -0.4580
  228.1     7.31  25.080  -0.4611
  228.5     7.27  25.122  -0.4554
  228.9     7.30  25.163  -0.4581
  229.3     7.29  25.205  -0.4612
  229.8     7.33  25.246  -0.4592
  230.1     7.29  25.288  -0.4541
  230.5     7.24  25.328  -0.4579
  231.0     7.23  25.370  -0.4557
  231.4     7.29  25.411  -0.4554
  231.9     7.23  25.453  -0.4607
  232.3     7.23  25.496  -0.4566
  232.8     7.28  25.539  -0.4580
  233.3     7.20  25.583  -0.4577
  233.6     7.23  25.624  -0.4624
  234.0     7.20  25.667  -0.4624
  234.5     7.22  25.705  -0.4587
  234.9     7.23  25.748  -0.4576
  235.4     7.18  25.789  -0.4525
  235.8     7.19  25.830  -0.4575
  236.2     7.20  25.871  -0.4580
  236.6     7.20  25.914  -0.4621
  237.0     7.23  25.953  -0.4623
  237.5     7.25  25.990  -0.4635
  238.0     7.41  26.029  -0.4650
  238.5     7.39  26.068  -0.4635
  238.7     7.28  26.109  -0.4580
  239.3     7.36  26.150  -0.4580
  239.8     7.32  26.192  -0.4625
  240.0     7.18  26.234  -0.4625
  240.6     7.37  26.273  -0.4575
  240.8     7.21  26.311  -0.4564
  241.3     7.25  26.353  -0.4571
  241.7     7.21  26.392  -0.4608
  242.2     7.30  26.435  -0.4640
  242.6     7.22  26.477  -0.4648
  242.9     7.08  26.520  -0.4662
  243.3     7.09  26.565  -0.4590
  243.8     7.01  26.608  -0.4559
  244.3     7.05  26.649  -0.4581
  244.6     7.00  26.691  -0.4585
  245.0     6.93  26.730  -0.4574
  245.5     7.00  26.770  -0.4552
  245.9     6.97  26.814  -0.4556
  246.3     6.96  26.856  -0.4565
  246.7     6.93  26.896  -0.4582
  247.1     6.91  26.934  -0.4581
  247.5     6.94  26.972  -0.4579
  247.9     6.93  27.012  -0.4573
  248.3     6.90  27.051  -0.4582
  248.8     6.94  27.093  -0.4601
  249.2     6.88  27.136  -0.4585
  249.6     6.91  27.176  -0.4598
  250.0     6.91  27.217  -0.4613
  250.4     6.83  27.258  -0.4579
  250.9     6.81  27.299  -0.4561
  251.3     6.85  27.339  -0.4560
  251.7     6.88  27.383  -0.4543
  252.2     6.85  27.425  -0.4588
  252.6     6.85  27.466  -0.4540
  253.0     6.82  27.510  -0.4572
  253.5     6.82  27.551  -0.4621
  253.9     6.81  27.593  -0.4590
  254.2     6.79  27.636  -0.4585
  254.8     6.75  27.680  -0.4575
  255.2     6.77  27.719  -0.4583
  255.6     6.79  27.759  -0.4566
  256.1     6.75  27.800  -0.4565
  256.4     6.73  27.844  -0.4581
  256.9     6.76  27.885  -0.4590
  257.2     6.72  27.929  -0.4573
  257.8     6.70  27.969  -0.4568
  258.1     6.70  28.008  -0.4593
  258.5     6.71  28.048  -0.4601
  258.9     6.72  28.089  -0.4612
  259.4     6.63  28.131  -0.4575
  259.8     6.64  28.172  -0.4617
  260.2     6.65  28.213  -0.4595
  260.6     6.57  28.253  -0.4611
  261.0     6.62  28.294  -0.4614
  261.4     6.56  28.335  -0.4612
  261.9     6.58  28.375  -0.4645
  262.3     6.53  28.418  -0.4630
  262.7     6.49  28.459  -0.4573
  263.1     6.54  28.502  -0.4585
  263.5     6.52  28.544  -0.4589
  263.9     6.48  28.587  -0.4604
  264.4     6.47  28.631  -0.4628
  264.9     6.48  28.672  -0.4593
  265.2     6.45  28.711  -0.4574
  265.6     6.43  28.751  -0.4607
  266.1     6.39  28.791  -0.4579
  266.5     6.40  28.832  -0.4582
  266.9     6.46  28.875  -0.4589
  267.3     6.36  28.917  -0.4626
  267.8     6.38  28.958  -0.4540
  268.3     6.38  28.997  -0.4534
  268.6     6.37  29.038  -0.4508
  269.1     6.37  29.079  -0.4538
  269.6     6.37  29.119  -0.4509
  270.0     6.41  29.160  -0.4531
  270.3     6.34  29.200  -0.4492
  270.7     6.33  29.242  -0.4484
  271.2     6.36  29.284  -0.4491
  271.6     6.34  29.326  -0.4528
  272.1     6.28  29.368  -0.4528
  272.5     6.32  29.409  -0.4558
  272.8     6.29  29.450  -0.4535
  273.4     6.31  29.495  -0.4506
  273.8     6.29  29.535  -0.4527
  274.2     6.28  29.579  -0.4596
  274.7     6.24  29.622  -0.4630
  275.1     6.19  29.663  -0.4613
  275.5     6.25  29.705  -0.4657
  275.9     6.21  29.744  -0.4635
  276.3     6.26  29.785  -0.4627
  276.8     6.17  29.827  -0.4605
  277.2     6.17  29.869  -0.4650
  277.6     6.16  29.912  -0.4657
  278.0     6.16  29.952  -0.4665
  278.4     6.13  29.990  -0.4651
  278.9     6.17  30.028  -0.4657
  279.3     6.16  30.066  -0.4623
  279.7     6.08  30.106  -0.4620
  280.1     6.13  30.147  -0.4625
  280.5     6.12  30.187  -0.4611
  281.0     6.16  30.227  -0.4613
  281.4     6.09  30.268  -0.4602
  281.8     6.11  30.308  -0.4615
  282.2     6.09  30.348  -0.4612
  282.7     6.08  30.390  -0.4572
  283.1     6.07  30.430  -0.4614
  283.5     6.10  30.471  -0.4586
  283.9     6.06  30.511  -0.4592
  284.3     6.05  30.554  -0.4593
  284.9     6.07  30.598  -0.4562
  285.3     6.12  30.645  -0.4601
  285.7     6.04  30.689  -0.4588
  286.2     6.10  30.734  -0.4590
  286.7     6.09  30.778  -0.4579
  287.1     6.02  30.821  -0.4554
  287.6     6.06  30.865  -0.4542
  288.0     6.02  30.908  -0.4558
  288.4     6.04  30.951  -0.4560
  289.0     6.00  30.994  -0.4565
  289.4     6.04  31.035  -0.4567
  289.7     6.00  31.079  -0.4592
  290.3     6.07  31.123  -0.4627
  290.8     6.05  31.164  -0.4589
  291.2     6.00  31.206  -0.4610
  291.6     6.03  31.251  -0.4597
  292.0     6.00  31.295  -0.4594
  292.5     6.00  31.338  -0.4569
  293.0     6.03  31.381  -0.4594
  293.5     6.02  31.424  -0.4579
  293.9     5.99  31.468  -0.4566
  294.3     5.99  31.511  -0.4588
  294.8     5.97  31.554  -0.4617
  295.2     5.99  31.597  -0.4604
  295.7     5.91  31.642  -0.4608
  296.2     5.93  31.684  -0.4613
  296.6     5.88  31.727  -0.4607
  297.1     5.93  31.771  -0.4579
  297.4     5.86  31.814  -0.4596
  297.9     5.96  31.858  -0.4572
  298.3     5.88  31.902  -0.4566
  298.8     5.90  31.946  -0.4610
  299.3     5.85  31.989  -0.4623
  299.7     5.83  32.031  -0.4647
  300.2     5.85  32.071  -0.4626
  300.6     5.86  32.114  -0.4641
  301.0     5.88  32.156  -0.4591
  301.4     5.78  32.201  -0.4588
  301.9     5.87  32.244  -0.4596
  302.4     5.79  32.289  -0.4596
  302.8     5.77  32.332  -0.4605
  303.4     5.79  32.376  -0.4610
  303.8     5.74  32.420  -0.4632
  304.2     5.79  32.462  -0.4599
  304.7     5.78  32.504  -0.4620
  305.1     5.73  32.545  -0.4593
  305.6     5.78  32.590  -0.4603
  305.9     5.66  32.632  -0.4600
  306.4     5.80  32.672  -0.4626
  306.8     5.78  32.712  -0.4589
  307.3     5.75  32.753  -0.4596
  307.7     5.74  32.793  -0.4624
  308.1     5.74  32.835  -0.4657
  308.5     5.77  32.875  -0.4640
  309.0     5.70  32.916  -0.4660
  309.5     5.70  32.961  -0.4665
  309.9     5.64  33.003  -0.4595
  310.4     5.71  33.044  -0.4638
  310.8     5.76  33.083  -0.4592
  311.2     5.73  33.123  -0.4608
  311.7     5.73  33.165  -0.4594
  312.0     5.71  33.204  -0.4606
  312.5     5.67  33.242  -0.4618
  312.9     5.70  33.284  -0.4590
  313.3     5.62  33.326  -0.4597
  313.7     5.71  33.364  -0.4584
  314.1     5.71  33.405  -0.4619
  314.6     5.61  33.446  -0.4593
  315.0     5.63  33.487  -0.4629
  315.5     5.63  33.531  -0.4579
  316.0     5.65  33.574  -0.4607
  316.4     5.66  33.617  -0.4575
  316.9     5.61  33.659  -0.4545
  317.3     5.64  33.699  -0.4587
  317.7     5.62  33.737  -0.4568
  318.0     5.67  33.778  -0.4606
  318.6     5.62  33.817  -0.4610
  319.0     5.55  33.860  -0.4596
  319.5     5.62  33.903  -0.4672
  319.9     5.61  33.944  -0.4608
  320.4     5.61  33.985  -0.4592
  320.8     5.62  34.028  -0.4577
  321.3     5.62  34.067  -0.4632
  321.6     5.53  34.110  -0.4610
  322.1     5.57  34.148  -0.4643
  322.5     5.58  34.190  -0.4652
  323.0     5.61  34.229  -0.4594
  323.4     5.58  34.269  -0.4589
  323.8     5.59  34.310  -0.4596
  324.2     5.55  34.350  -0.4578
  324.7     5.53  34.390  -0.4600
  325.2     5.54  34.431  -0.4612
  325.5     5.53  34.473  -0.4614
  326.0     5.52  34.514  -0.4600
  326.4     5.55  34.558  -0.4586
  326.9     5.48  34.601  -0.4603
  327.4     5.51  34.642  -0.4609
  327.8     5.50  34.685  -0.4613
  328.3     5.51  34.725  -0.4622
  328.7     5.48  34.767  -0.4599
  329.1     5.43  34.809  -0.4595
  329.5     5.44  34.850  -0.4632
  330.0     5.51  34.892  -0.4593
  330.5     5.44  34.935  -0.4566
  330.9     5.44  34.975  -0.4539
  331.3     5.44  35.016  -0.4549
  331.7     5.39  35.057  -0.4522
  332.2     5.39  35.096  -0.4549
  332.6     5.33  35.137  -0.4573
  333.1     5.41  35.176  -0.4517
  333.5     5.46  35.217  -0.4578
  333.9     5.41  35.258  -0.4559
  334.4     5.47  35.298  -0.4582
  334.8     5.45  35.338  -0.4555
  335.2     5.34  35.376  -0.4552
  335.6     5.46  35.418  -0.4550
  336.0     5.37  35.457  -0.4549
  336.5     5.32  35.499  -0.4529
  336.9     5.30  35.540  -0.4544
  337.4     5.37  35.583  -0.4544
  337.8     5.31  35.627  -0.4576
  338.2     5.42  35.669  -0.4563
  338.8     5.31  35.712  -0.4569
  339.3     5.30  35.756  -0.4547
  339.8     5.34  35.798  -0.4559
  340.2     5.29  35.838  -0.4561
  340.6     5.31  35.880  -0.4574
  341.1     5.25  35.923  -0.4545
  341.5     5.28  35.965  -0.4545
  342.0     5.24  36.007  -0.4561
  342.4     5.30  36.047  -0.4543
  342.8     5.29  36.087  -0.4525
  343.2     5.26  36.125  -0.4519
  343.7     5.26  36.164  -0.4507
  344.0     5.20  36.204  -0.4518
  344.4     5.20  36.243  -0.4506
  344.9     5.25  36.283  -0.4549
  345.3     5.21  36.325  -0.4537
  345.7     5.22  36.364  -0.4540
  346.2     5.21  36.405  -0.4556
  346.6     5.16  36.447  -0.4577
  347.0     5.10  36.488  -0.4584
  347.5     5.20  36.531  -0.4587
  347.9     5.11  36.575  -0.4598
  348.4     5.16  36.618  -0.4619
  348.9     5.16  36.661  -0.4617
  349.3     5.12  36.704  -0.4583
  349.7     5.08  36.743  -0.4597
  350.2     5.08  36.785  -0.4641
  350.5     5.14  36.825  -0.4595
  351.0     5.07  36.866  -0.4580
  351.4     5.11  36.908  -0.4584
  351.8     5.08  36.947  -0.4597
  352.3     5.08  36.987  -0.4600
  352.7     5.08  37.028  -0.4563
  353.1     5.06  37.067  -0.4521
  353.5     5.08  37.105  -0.4583
  353.9     5.05  37.144  -0.4599
  354.3     5.00  37.184  -0.4583
  354.7     5.03  37.226  -0.4571
  355.1     5.01  37.267  -0.4529
  355.6     5.03  37.307  -0.4529
  355.9     4.98  37.349  -0.4523
  356.4     4.97  37.389  -0.4563
  356.9     5.04  37.429  -0.4574
  357.3     4.97  37.471  -0.4571
  357.7     4.96  37.510  -0.4564
  358.1     5.00  37.552  -0.4534
  358.6     4.94  37.597  -0.4544
  359.0     4.97  37.639  -0.4525
  359.5     4.96  37.683  -0.4543
  359.9     4.95  37.725  -0.4550
  360.4     4.96  37.766  -0.4567
  360.7     4.90  37.807  -0.4528
  361.2     4.89  37.850  -0.4480
  361.7     4.94  37.892  -0.4535
  362.1     4.93  37.935  -0.4510
  362.6     4.90  37.976  -0.4532
  362.9     4.84  38.018  -0.4577
  363.4     4.90  38.060  -0.4568
  363.8     4.89  38.098  -0.4572
  364.3     4.93  38.136  -0.4590
  364.6     4.93  38.176  -0.4553
  365.0     4.87  38.215  -0.4546
  365.3     4.86  38.254  -0.4533
  365.8     4.87  38.293  -0.4557
  366.2     4.80  38.333  -0.4584
  366.6     4.81  38.374  -0.4558
  367.0     4.82  38.416  -0.4505
  367.5     4.83  38.456  -0.4512
  368.0     4.85  38.500  -0.4478
  368.4     4.84  38.541  -0.4507
  368.8     4.85  38.583  -0.4521
  369.3     4.80  38.627  -0.4542
  369.8     4.80  38.669  -0.4472
  370.1     4.79  38.709  -0.4444
  370.5     4.81  38.749  -0.4484
  371.0     4.79  38.791  -0.4491
  371.4     4.74  38.833  -0.4460
  371.9     4.77  38.875  -0.4482
  372.3     4.78  38.916  -0.4454
  372.7     4.74  38.957  -0.4478
  373.2     4.78  39.001  -0.4490
  373.6     4.73  39.042  -0.4449
  374.0     4.70  39.084  -0.4447
  374.4     4.67  39.123  -0.4471
  374.8     4.74  39.160  -0.4493
  375.3     4.73  39.201  -0.4502
  375.7     4.70  39.241  -0.4462
  376.0     4.69  39.281  -0.4470
  376.5     4.71  39.323  -0.4445
  376.9     4.71  39.363  -0.4469
  377.3     4.73  39.405  -0.4451
  377.7     4.67  39.447  -0.4495
  378.1     4.67  39.488  -0.4504
  378.6     4.71  39.529  -0.4494
  379.0     4.65  39.571  -0.4467
  379.5     4.68  39.615  -0.4428
  380.0     4.71  39.660  -0.4391
  380.4     4.69  39.703  -0.4453
  380.8     4.70  39.744  -0.4455
  381.2     4.65  39.784  -0.4388
  381.7     4.61  39.828  -0.4408
  382.0     4.66  39.867  -0.4353
  382.5     4.59  39.910  -0.4332
  382.9     4.65  39.951  -0.4261
  383.3     4.60  39.993  -0.4265
  383.8     4.63  40.035  -0.4240
  384.2     4.57  40.075  -0.4199
  384.7     4.69  40.114  -0.4193
  385.1     4.62  40.153  -0.4226
  385.4     4.55  40.193  -0.4349
  385.9     4.53  40.234  -0.4331
  386.3     4.49  40.274  -0.4288
  386.6     4.58  40.313  -0.3993
  387.1     4.57  40.355  -0.4088
  387.6     4.55  40.397  -0.4158
  388.0     4.56  40.436  -0.4191
  388.3     4.51  40.476  -0.4119
  388.8     4.52  40.517  -0.4204
  389.2     4.53  40.560  -0.4164
  389.7     4.61  40.603  -0.4240
  390.1     4.48  40.644  -0.4112
  390.6     4.52  40.687  -0.3898
  391.0     4.54  40.730  -0.3901
  391.4     4.53  40.770  -0.4151
  391.9     4.54  40.811  -0.4290
  392.3     4.46  40.853  -0.4266
  392.7     4.48  40.892  -0.4254
  393.1     4.44  40.935  -0.4181
  393.5     4.51  40.977  -0.4149
  394.0     4.55  41.016  -0.3729
  394.4     4.52  41.057  -0.3948
  394.7     4.48  41.096  -0.3878
  395.2     4.51  41.136  -0.3942
  395.6     4.47  41.176  -0.3906
  396.0     4.48  41.217  -0.3864
  396.4     4.48  41.260  -0.3875
  396.9     4.46  41.300  -0.4048
  397.3     4.46  41.341  -0.4131
  397.7     4.49  41.383  -0.4111
  398.1     4.41  41.423  -0.4113
  398.5     4.45  41.461  -0.4118
  398.9     4.45  41.502  -0.4098
  399.3     4.44  41.542  -0.4066
  399.8     4.47  41.583  -0.4130
  400.3     4.41  41.626  -0.4132
  400.6     4.41  41.670  -0.3821
  401.1     4.38  41.713  -0.3883
  401.4     4.39  41.753  -0.3882
  402.0     4.42  41.797  -0.3871
  402.4     4.43  41.839  -0.3838
  402.8     4.37  41.880  -0.3927
  403.3     4.41  41.920  -0.3963
  403.6     4.41  41.961  -0.4137
  404.1     4.41  42.004  -0.4148
  404.6     4.39  42.045  -0.4092
  404.8     4.35  42.084  -0.4043
  405.2     4.34  42.127  -0.4028
  405.7     4.30  42.167  -0.4009
  406.2     4.37  42.209  -0.3941
  406.6     4.39  42.248  -0.3949
  406.9     4.33  42.291  -0.4035
  407.4     4.31  42.333  -0.4082
  407.9     4.32  42.374  -0.4084
  408.2     4.30  42.415  -0.4082
  408.7     4.36  42.455  -0.4109
  409.1     4.36  42.497  -0.4080
  409.5     4.31  42.538  -0.4083
  409.9     4.27  42.580  -0.4086
  410.3     4.30  42.622  -0.4060
  410.8     4.32  42.665  -0.4039
  411.3     4.27  42.708  -0.3993
  411.6     4.27  42.749  -0.3952
  412.0     4.24  42.792  -0.3947
  412.5     4.26  42.832  -0.3973
  412.9     4.29  42.870  -0.4026
  413.3     4.24  42.911  -0.3984
  413.7     4.31  42.954  -0.3980
  414.2     4.25  42.995  -0.3993
  414.6     4.25  43.037  -0.4012
  415.1     4.21  43.080  -0.4019
  415.4     4.27  43.123  -0.4006
  415.9     4.23  43.164  -0.4002
  416.3     4.20  43.203  -0.3937
  416.7     4.28  43.244  -0.3916
  417.2     4.29  43.284  -0.3920
  417.5     4.24  43.324  -0.3926
  417.9     4.27  43.366  -0.3914
  418.3     4.21  43.407  -0.3992
  418.8     4.26  43.446  -0.4016
  419.3     4.25  43.488  -0.3978
  419.6     4.21  43.529  -0.4008
  420.0     4.17  43.571  -0.3847
  420.4     4.18  43.614  -0.3773
  420.9     4.16  43.657  -0.3818
  421.3     4.25  43.699  -0.3837
  421.7     4.17  43.744  -0.3916
  422.2     4.17  43.783  -0.3820
  422.6     4.20  43.825  -0.3830
  423.0     4.13  43.868  -0.3800
  423.4     4.18  43.909  -0.3832
  423.9     4.11  43.952  -0.3871
  424.2     4.14  43.994  -0.3842
  424.7     4.11  44.036  -0.3803
  425.2     4.15  44.078  -0.3877
  425.5     4.13  44.118  -0.3885
  426.0     4.16  44.158  -0.3900
  426.4     4.17  44.196  -0.3890
  426.8     4.11  44.234  -0.3869
  427.1     4.10  44.276  -0.3857
  427.6     4.14  44.317  -0.3880
  427.9     4.07  44.354  -0.3750
  428.5     4.10  44.395  -0.3645
  428.8     4.11  44.436  -0.3591
  429.2     4.12  44.473  -0.3681
  429.6     4.09  44.515  -0.3849
  430.0     4.14  44.555  -0.3847
  430.4     4.08  44.595  -0.3851
  430.9     4.10  44.637  -0.3799
  431.3     4.05  44.679  -0.3819
  431.8     4.07  44.721  -0.3821
  432.2     4.15  44.764  -0.3888
  432.7     4.04  44.808  -0.3925
  433.0     4.05  44.850  -0.3949
  433.5     4.08  44.891  -0.3938
  433.9     4.07  44.930  -0.3969
  434.3     4.08  44.971  -0.3961
  434.6     4.01  45.013  -0.3887
  435.2     4.05  45.054  -0.3872
  435.5     4.07  45.093  -0.3829
  435.9     4.05  45.133  -0.3811
  436.4     4.02  45.173  -0.3857
  436.8     4.03  45.213  -0.3927
  437.1     4.02  45.252  -0.3892
  437.6     4.03  45.294  -0.3904
  437.9     3.96  45.333  -0.3865
  438.4     3.96  45.373  -0.3858
  438.8     3.99  45.411  -0.3791
  439.2     4.02  45.452  -0.3754
  439.6     3.97  45.491  -0.3859
  439.9     3.92  45.533  -0.3872
  440.4     3.93  45.576  -0.3913
  440.8     3.92  45.618  -0.3884
  441.3     3.96  45.661  -0.3909
  441.8     3.92  45.705  -0.3871
  442.2     3.90  45.748  -0.3886
  442.6     3.95  45.790  -0.3887
  443.1     3.92  45.832  -0.3882
  443.4     3.90  45.872  -0.3844
  443.9     4.00  45.915  -0.3841
  444.3     3.94  45.954  -0.3829
  444.7     3.91  45.996  -0.3833
  445.1     3.93  46.038  -0.3846
  445.6     3.93  46.079  -0.3807
  446.0     3.93  46.119  -0.3867
  446.4     3.87  46.158  -0.3871
  446.7     3.89  46.198  -0.3878
  447.2     3.86  46.237  -0.3838
  447.5     3.88  46.280  -0.3829
  448.0     3.88  46.319  -0.3732
  448.4     3.90  46.358  -0.3657
  448.8     3.94  46.399  -0.3699
  449.2     3.85  46.440  -0.3660
  449.7     3.90  46.481  -0.3664
  450.1     3.91  46.522  -0.3620
  450.5     3.85  46.564  -0.3636
  450.9     3.83  46.605  -0.3779
  451.3     3.87  46.647  -0.3786
  451.7     3.83  46.688  -0.3761
  452.1     3.82  46.731  -0.3546
  452.6     3.87  46.775  -0.3833
  453.0     3.84  46.817  -0.3739
  453.4     3.84  46.857  -0.3446
  453.9     3.85  46.897  -0.3538
  454.3     3.93  46.938  -0.3660
  454.7     3.84  46.980  -0.3881
  455.1     3.84  47.022  -0.3831
  455.5     3.83  47.063  -0.3855
  456.0     3.80  47.104  -0.3872
  456.3     3.78  47.144  -0.3889
  456.7     3.78  47.183  -0.3843
  457.1     3.79  47.224  -0.3791
  457.5     3.79  47.263  -0.3822
  457.8     3.75  47.304  -0.3779
  458.4     3.79  47.344  -0.3814
  458.7     3.73  47.383  -0.3857
  459.1     3.75  47.425  -0.3912
  459.5     3.80  47.465  -0.3906
  459.9     3.76  47.506  -0.3942
  460.4     3.76  47.548  -0.3921
  460.7     3.84  47.591  -0.3903
  461.2     3.77  47.635  -0.3920
  461.5     3.73  47.677  -0.3944
  462.0     3.75  47.719  -0.3949
  462.4     3.69  47.762  -0.3964
  462.8     3.74  47.805  -0.3983
  463.2     3.61  47.848  -0.3937
  463.7     3.68  47.889  -0.3932
  464.0     3.67  47.929  -0.3888
  464.5     3.68  47.969  -0.3776
  464.8     3.64  48.013  -0.3788
  465.2     3.68  48.054  -0.3840
  465.7     3.67  48.095  -0.3944
  466.1     3.67  48.134  -0.3915
  466.4     3.65  48.175  -0.3965
  466.8     3.66  48.212  -0.3944
  467.2     3.67  48.251  -0.3919
  467.6     3.68  48.290  -0.3864
  467.9     3.63  48.331  -0.3915
  468.5     3.65  48.370  -0.4000
  468.8     3.66  48.409  -0.3964
  469.1     3.63  48.450  -0.3961
  469.6     3.67  48.491  -0.3948
  470.0     3.67  48.532  -0.3940
  470.4     3.66  48.575  -0.3961
  470.7     3.58  48.614  -0.3946
  471.2     3.60  48.656  -0.3899
  471.6     3.67  48.700  -0.3916
  472.0     3.58  48.742  -0.3885
  472.4     3.61  48.785  -0.3916
  472.9     3.63  48.826  -0.3889
  473.3     3.66  48.868  -0.3890
  473.7     3.64  48.909  -0.3900
  474.1     3.68  48.949  -0.3873
  474.5     3.62  48.989  -0.3857
  474.9     3.64  49.032  -0.3768
  475.3     3.60  49.074  -0.3778
  475.8     3.62  49.115  -0.3810
  476.2     3.65  49.155  -0.3814
  476.6     3.60  49.193  -0.3815
  476.9     3.59  49.232  -0.3836
  477.4     3.63  49.275  -0.3877
  477.8     3.65  49.314  -0.3850
  478.3     3.62  49.354  -0.3866
  478.6     3.65  49.395  -0.3863
  479.0     3.61  49.437  -0.3862
  479.4     3.57  49.478  -0.3882
  479.8     3.66  49.520  -0.3861
  480.2     3.55  49.563  -0.3849
  480.6     3.61  49.606  -0.3814
  481.1     3.57  49.649  -0.3847
  481.5     3.57  49.691  -0.3928
  482.0     3.54  49.734  -0.3864
  482.5     3.55  49.777  -0.3894
  482.8     3.58  49.818  -0.3856
  483.2     3.57  49.859  -0.3754
  483.7     3.57  49.900  -0.3826
  484.2     3.58  49.942  -0.3855
  484.5     3.62  49.985  -0.3834
  485.0     3.59  50.026  -0.3853
  485.4     3.47  50.067  -0.3852
  485.8     3.58  50.109  -0.3866
  486.2     3.55  50.151  -0.3894
  486.6     3.53  50.189  -0.3862
  487.0     3.55  50.228  -0.3835
  487.4     3.55  50.269  -0.3900
  487.9     3.55  50.311  -0.3898
  488.3     3.53  50.351  -0.3892
  488.7     3.51  50.389  -0.3873
  489.1     3.56  50.432  -0.3870
  489.6     3.59  50.473  -0.3831
  489.9     3.56  50.513  -0.3828
  490.3     3.50  50.553  -0.3875
  490.8     3.56  50.594  -0.3821
  491.2     3.64  50.634  -0.3759
  491.6     3.56  50.678  -0.3594
  492.0     3.57  50.720  -0.3647
  492.4     3.58  50.762  -0.3664
  492.9     3.55  50.807  -0.3705
  493.3     3.62  50.848  -0.3792
  493.8     3.55  50.890  -0.3770
  494.2     3.53  50.930  -0.3659
  494.6     3.59  50.972  -0.3663
  495.1     3.57  51.015  -0.3565
  495.4     3.57  51.058  -0.3615
  495.9     3.52  51.099  -0.3584
  496.4     3.57  51.139  -0.3551
  496.8     3.57  51.183  -0.3504
  497.2     3.58  51.223  -0.3485
  497.6     3.52  51.262  -0.3476
  498.0     3.59  51.304  -0.3498
  498.4     3.56  51.345  -0.3498
  498.9     3.52  51.387  -0.3492
  499.3     3.52  51.427  -0.3487
  499.7     3.58  51.467  -0.3516
  500.0     3.50  51.509  -0.3604
  500.5     3.48  51.548  -0.3655
  500.8     3.50  51.590  -0.3610
  501.2     3.51  51.631  -0.3601
  501.7     3.52  51.672  -0.3606
  502.1     3.51  51.714  -0.3615
  502.5     3.54  51.756  -0.3623
  503.0     3.54  51.797  -0.3662
  503.4     3.52  51.840  -0.3689
  503.8     3.55  51.882  -0.3663
  504.3     3.46  51.923  -0.3651
  504.6     3.49  51.964  -0.3681
  505.0     3.50  52.004  -0.3658
  505.4     3.58  52.047  -0.3665
  505.8     3.46  52.089  -0.3601
  506.3     3.47  52.132  -0.3696
  506.8     3.51  52.173  -0.3715
  507.1     3.49  52.214  -0.3612
  507.5     3.48  52.254  -0.3615
  507.8     3.49  52.297  -0.3675
  508.4     3.52  52.339  -0.3715
  508.8     3.48  52.380  -0.3591
  509.3     3.48  52.423  -0.3619
  509.6     3.49  52.463  -0.3705
  510.1     3.48  52.504  -0.3718
  510.4     3.43  52.545  -0.3754
  510.7     3.48  52.587  -0.3698
  511.3     3.46  52.629  -0.3636
  511.7     3.51  52.671  -0.3661
  512.1     3.43  52.713  -0.3640
  512.6     3.47  52.757  -0.3636
  513.0     3.47  52.800  -0.3618
  513.4     3.50  52.842  -0.3654
  513.8     3.43  52.882  -0.3651
  514.3     3.48  52.925  -0.3595
  514.7     3.42  52.966  -0.3614
  515.1     3.43  53.007  -0.3741
  515.5     3.40  53.047  -0.3716
  515.8     3.44  53.087  -0.3712
  516.3     3.44  53.132  -0.3746
  516.7     3.48  53.173  -0.3713
  517.1     3.41  53.215  -0.3704
  517.6     3.43  53.256  -0.3712
  518.0     3.49  53.295  -0.3753
  518.4     3.46  53.338  -0.3760
  518.9     3.50  53.378  -0.3739
  519.2     3.46  53.418  -0.3709
  519.7     3.41  53.458  -0.3718
  520.1     3.46  53.499  -0.3722
  520.4     3.45  53.538  -0.3717
  520.9     3.44  53.581  -0.3719
  521.3     3.37  53.622  -0.3687
  521.7     3.42  53.661  -0.3642
  522.1     3.41  53.701  -0.3659
  522.5     3.44  53.743  -0.3609
  522.9     3.40  53.786  -0.3592
  523.5     3.40  53.831  -0.3618
  523.8     3.43  53.874  -0.3650
  524.3     3.38  53.914  -0.3624
  524.7     3.39  53.956  -0.3604
  525.2     3.39  53.998  -0.3533
  525.5     3.35  54.041  -0.3539
  526.0     3.38  54.084  -0.3586
  526.4     3.38  54.123  -0.3611
  526.9     3.42  54.165  -0.3610
  527.2     3.43  54.204  -0.3620
  527.7     3.41  54.244  -0.3662
  528.0     3.41  54.281  -0.3665
  528.5     3.37  54.320  -0.3655
  528.8     3.41  54.361  -0.3693
  529.2     3.41  54.401  -0.3664
  529.5     3.41  54.441  -0.3625
  530.0     3.36  54.480  -0.3676
  530.4     3.39  54.523  -0.3668
  530.9     3.44  54.562  -0.3636
  531.2     3.40  54.605  -0.3657
  531.7     3.36  54.647  -0.3632
  532.1     3.44  54.686  -0.3639
  532.5     3.35  54.729  -0.3528
  533.0     3.46  54.773  -0.3511
  533.3     3.45  54.814  -0.3462
  533.7     3.39  54.857  -0.3511
  534.2     3.36  54.899  -0.3507
  534.7     3.39  54.939  -0.3477
  535.1     3.36  54.980  -0.3517
  535.5     3.44  55.022  -0.3572
  535.9     3.40  55.064  -0.3520
  536.3     3.36  55.105  -0.3557
  536.7     3.36  55.148  -0.3590
  537.3     3.41  55.190  -0.3570
  537.6     3.43  55.232  -0.3610
  537.9     3.36  55.271  -0.3570
  538.5     3.37  55.310  -0.3593
  538.8     3.43  55.348  -0.3606
  539.2     3.38  55.390  -0.3617
  539.6     3.38  55.433  -0.3624
  540.1     3.36  55.474  -0.3593
  540.5     3.37  55.514  -0.3615
  540.9     3.35  55.554  -0.3575
  541.3     3.35  55.594  -0.3616
  541.7     3.37  55.636  -0.3608
  542.1     3.36  55.678  -0.3627
  542.5     3.38  55.720  -0.3648
  542.9     3.37  55.766  -0.3627
  543.4     3.32  55.810  -0.3645
  543.9     3.35  55.852  -0.3636
  544.3     3.36  55.893  -0.3584
  544.7     3.32  55.935  -0.3399
  545.2     3.34  55.976  -0.3406
  545.6     3.39  56.017  -0.3473
  546.0     3.36  56.059  -0.3477
  546.5     3.36  56.102  -0.3417
  546.9     3.43  56.143  -0.3412
  547.3     3.37  56.182  -0.3444
  547.7     3.36  56.222  -0.3431
  548.1     3.34  56.262  -0.3433
  548.5     3.36  56.301  -0.3539
  548.9     3.36  56.340  -0.3552
  549.3     3.35  56.383  -0.3508
  549.7     3.33  56.424  -0.3559
  550.1     3.32  56.466  -0.3505
  550.6     3.35  56.506  -0.3196
  550.9     3.38  56.545  -0.3196
  551.3     3.32  56.585  -0.3181
  551.9     3.39  56.627  -0.3204
  552.2     3.36  56.668  -0.3227
  552.6     3.36  56.708  -0.3205
  553.0     3.39  56.751  -0.3184
  553.5     3.31  56.794  -0.3162
  553.9     3.39  56.838  -0.3183
  554.4     3.31  56.879  -0.3136
  554.8     3.38  56.921  -0.3096
  555.2     3.31  56.961  -0.3095
  555.6     3.36  57.001  -0.3106
  555.9     3.34  57.042  -0.3067
  556.4     3.28  57.081  -0.3180
  556.8     3.44  57.122  -0.3303
  557.1     3.32  57.165  -0.3439
  557.7     3.36  57.206  -0.3403
  558.0     3.28  57.247  -0.3350
  558.4     3.32  57.284  -0.3444
  558.9     3.32  57.326  -0.3357
  559.3     3.31  57.367  -0.3394
  559.7     3.30  57.410  -0.3575
  560.0     3.31  57.449  -0.3573
  560.4     3.28  57.489  -0.3529
  560.8     3.31  57.530  -0.3587
  561.3     3.28  57.569  -0.3480
  561.6     3.26  57.612  -0.3522
  562.0     3.25  57.655  -0.3567
  562.4     3.26  57.696  -0.3572
  563.0     3.27  57.738  -0.3596
  563.3     3.28  57.781  -0.3596
  563.7     3.33  57.822  -0.3365
  564.2     3.22  57.865  -0.3561
  564.5     3.28  57.907  -0.3584
  564.9     3.26  57.947  -0.3592
  565.3     3.27  57.985  -0.3581
  565.7     3.23  58.027  -0.3629
  566.1     3.27  58.069  -0.3593
  566.5     3.29  58.110  -0.3577
  566.9     3.23  58.153  -0.3581
  567.3     3.26  58.193  -0.3593
  567.6     3.26  58.235  -0.3594
  568.1     3.20  58.276  -0.3639
  568.5     3.23  58.315  -0.3569
  568.8     3.28  58.358  -0.3660
  569.2     3.25  58.399  -0.3606
  569.6     3.25  58.438  -0.3643
  569.9     3.21  58.478  -0.3639
  570.4     3.25  58.517  -0.3629
  570.8     3.15  58.559  -0.3586
  571.2     3.27  58.601  -0.3629
  571.6     3.20  58.644  -0.3589
  572.1     3.24  58.684  -0.3517
  572.4     3.26  58.727  -0.3545
  572.7     3.19  58.768  -0.3495
  573.2     3.16  58.812  -0.3484
  573.7     3.22  58.854  -0.3479
  574.0     3.11  58.898  -0.3519
  574.4     3.23  58.941  -0.3488
  574.9     3.24  58.979  -0.3449
  575.3     3.21  59.020  -0.3498
  575.7     3.24  59.062  -0.3489
  576.1     3.26  59.103  -0.3440
  576.6     3.22  59.144  -0.3476
  576.9     3.24  59.187  -0.3453
  577.3     3.25  59.227  -0.3452
  577.6     3.18  59.267  -0.3452
  578.1     3.19  59.306  -0.3435
  578.4     3.19  59.345  -0.3426
  578.8     3.18  59.386  -0.3472
  579.2     3.19  59.425  -0.3419
  579.6     3.22  59.466  -0.3454
  579.9     3.20  59.509  -0.3427
  580.4     3.18  59.550  -0.3419
  580.8     3.25  59.592  -0.3406
  581.3     3.27  59.632  -0.3448
  581.7     3.36  59.673  -0.3477
  582.1     3.27  59.713  -0.3426
  582.5     3.27  59.756  -0.3468
  582.8     3.20  59.798  -0.3478
  583.3     3.29  59.842  -0.3509
  583.7     3.20  59.885  -0.3514
  584.1     3.30  59.928  -0.3487
  584.4     3.18  59.969  -0.3521
  584.9     3.26  60.008  -0.3550
  585.3     3.23  60.047  -0.3479
  585.7     3.22  60.090  -0.3457
  586.1     3.23  60.129  -0.3444
  586.4     3.22  60.171  -0.3470
  586.9     3.23  60.215  -0.3465
  587.3     3.20  60.253  -0.3480
  587.7     3.23  60.294  -0.3480
  588.2     3.26  60.336  -0.3465
  588.7     3.21  60.376  -0.3523
  588.9     3.22  60.417  -0.3400
  589.3     3.26  60.458  -0.3295
  589.8     3.26  60.499  -0.3387
  590.1     3.22  60.541  -0.3379
  590.5     3.26  60.583  -0.3397
  590.9     3.21  60.623  -0.3381
  591.3     3.24  60.664  -0.3352
  591.8     3.24  60.706  -0.3385
  592.1     3.19  60.748  -0.3421
  592.6     3.30  60.790  -0.3383
  593.0     3.26  60.831  -0.3378
  593.4     3.28  60.875  -0.3368
  593.9     3.24  60.918  -0.3354
  594.2     3.18  60.961  -0.3305
  594.6     3.27  61.000  -0.3318
  595.0     3.25  61.040  -0.3321
  595.4     3.27  61.081  -0.3372
  595.8     3.25  61.123  -0.3362
  596.3     3.22  61.162  -0.3391
  596.6     3.24  61.202  -0.3420
  597.0     3.25  61.242  -0.3364
  597.4     3.24  61.283  -0.3334
  597.9     3.29  61.324  -0.3409
  598.2     3.24  61.365  -0.3346
  598.6     3.26  61.406  -0.3344
  599.0     3.21  61.447  -0.3344
  599.5     3.21  61.487  -0.3327
  599.9     3.27  61.524  -0.3350
  600.2     3.22  61.566  -0.3353
