   13.3     0.94   0.041   0.0009
   13.3     1.02   0.085  -0.0045
   13.3     1.03   0.127   0.0018
   13.4     1.05   0.167   0.0011
   13.4     1.02   0.211   0.0024
   13.5     1.07   0.252   0.0008
   13.4     1.04   0.294  -0.0027
   13.4     1.01   0.334  -0.0011
   13.5     1.10   0.373  -0.0016
   13.5     1.05   0.414  -0.0034
   13.4     1.01   0.456  -0.0002
   13.4     1.00   0.498  -0.0021
   13.4     0.95   0.537  -0.0005
   13.5     0.99   0.578   0.0016
   13.5     1.02   0.618  -0.0025
   13.5     1.01   0.660  -0.0014
   13.5     0.98   0.701  -0.0032
   13.5     0.91   0.742  -0.0014
   13.5     0.90   0.784  -0.0004
   13.5     0.85   0.826   0.0009
   13.5     0.92   0.867   0.0059
   13.5     0.95   0.910   0.0002
   13.5     0.88   0.954   0.0058
   13.5     0.91   0.997   0.0027
   13.6     0.91   1.040   0.0059
   13.6     0.90   1.082   0.0142
   13.6     0.87   1.122   0.0116
   13.5     0.89   1.164   0.0085
   13.7     0.97   1.205   0.0050
   13.7     0.99   1.250   0.0034
   13.8     0.97   1.288   0.0082
   13.7     1.11   1.329   0.0160
   13.7     0.98   1.372   0.0224
   13.9     1.08   1.415   0.0297
   14.0     1.11   1.455   0.0289
   13.9     1.09   1.497   0.0316
   13.9     1.02   1.541   0.0357
   13.9     1.02   1.583   0.0392
   14.0     1.07   1.625   0.0384
   14.1     1.04   1.665   0.0440
   14.0     1.04   1.705   0.0426
   14.0     1.03   1.748   0.0419
   14.1     1.05   1.788   0.0448
   14.1     0.96   1.830   0.0502
   14.2     0.97   1.870   0.0696
   14.2     1.07   1.910   0.0828
   14.3     1.07   1.950   0.0838
   14.4     1.18   1.992   0.0835
   14.4     1.08   2.032   0.0990
   14.5     1.07   2.072   0.0812
   14.6     1.12   2.113   0.1004
   14.6     1.16   2.156   0.0986
   14.7     1.14   2.201   0.0910
   14.8     1.17   2.243   0.0832
   14.8     1.15   2.287   0.0911
   15.0     1.26   2.329   0.1204
   15.1     1.25   2.368   0.1285
   15.2     1.25   2.409   0.1100
   15.2     1.25   2.449   0.1102
   15.3     1.28   2.488   0.1029
   15.4     1.31   2.532   0.1097
   15.6     1.36   2.572   0.1296
   15.7     1.47   2.612   0.1333
   15.8     1.39   2.656   0.1494
   15.8     1.33   2.697   0.1515
   15.9     1.39   2.738   0.1425
   16.1     1.41   2.781   0.1664
   16.2     1.43   2.821   0.1586
   16.3     1.41   2.863   0.1550
   16.5     1.46   2.903   0.1640
   16.6     1.55   2.942   0.1682
   16.8     1.56   2.983   0.1821
   17.0     1.63   3.022   0.1605
   17.1     1.67   3.061   0.1576
   17.3     1.61   3.103   0.1515
   17.4     1.63   3.143   0.1364
   17.7     1.71   3.184   0.1918
   17.7     1.75   3.225   0.1775
   17.9     1.75   3.265   0.1651
   18.2     1.80   3.306   0.1614
   18.3     1.86   3.347   0.0943
   18.4     1.74   3.387   0.0708
   18.6     1.78   3.428   0.0677
   18.8     1.87   3.473   0.0487
   19.0     1.92   3.515   0.0546
   19.3     1.90   3.558   0.0381
   19.5     1.94   3.600   0.0328
   19.7     1.93   3.641   0.0395
   19.9     1.96   3.682   0.0303
   20.1     2.01   3.720   0.0381
   20.3     2.05   3.760   0.0552
   20.7     2.13   3.803   0.0029
   20.8     2.10   3.843   0.0065
   21.0     2.14   3.884   0.0057
   21.3     2.20   3.928   0.0054
   21.6     2.26   3.968   0.0090
   21.8     2.21   4.008   0.0071
   22.0     2.34   4.047   0.0071
   22.2     2.29   4.088   0.0054
   22.6     2.31   4.129   0.0092
   22.8     2.36   4.169   0.0138
   23.1     2.42   4.209   0.0043
   23.2     2.41   4.251   0.0101
   23.6     2.44   4.288   0.0073
   23.8     2.47   4.328   0.0015
   24.1     2.49   4.369   0.0036
   24.3     2.50   4.410   0.0092
   24.6     2.55   4.451   0.0168
   25.0     2.59   4.493   0.0163
   25.2     2.57   4.533   0.0182
   25.5     2.60   4.573   0.0152
   25.8     2.68   4.613   0.0118
   26.0     2.69   4.654   0.0194
   26.4     2.69   4.697   0.0136
   26.7     2.71   4.742   0.0135
   27.0     2.72   4.783   0.0132
   27.3     2.78   4.824   0.0080
   27.6     2.84   4.866   0.0127
   28.0     2.99   4.907   0.0226
   28.2     2.86   4.946   0.0209
   28.5     2.93   4.988   0.0269
   28.9     2.94   5.028   0.0248
   29.1     2.98   5.069   0.0241
   29.4     2.95   5.110   0.0308
   29.7     2.93   5.151   0.0575
   30.0     2.96   5.194   0.0637
   30.5     3.07   5.237   0.0704
   30.9     3.04   5.276   0.0917
   31.1     3.14   5.316   0.0862
   31.4     3.10   5.357   0.1218
   31.8     3.21   5.399   0.1466
   32.1     3.19   5.438   0.1356
   32.4     3.20   5.478   0.1471
   32.8     3.21   5.517   0.1621
   33.1     3.24   5.557   0.1699
   33.5     3.27   5.598   0.1880
   33.8     3.34   5.638   0.2633
   34.1     3.29   5.679   0.1450
   34.5     3.42   5.717   0.1443
   34.9     3.38   5.759   0.1987
   35.3     3.40   5.800   0.1509
   35.6     3.47   5.838   0.1939
   35.9     3.41   5.877   0.2343
   36.2     3.51   5.917   0.2174
   36.6     3.47   5.958   0.1949
   36.9     3.49   6.003   0.1995
   37.4     3.50   6.048   0.2030
   37.7     3.52   6.090   0.2687
   38.1     3.61   6.132   0.3778
   38.4     3.55   6.171   0.3645
   38.9     3.66   6.210   0.3043
   39.1     3.63   6.249   0.2921
   39.5     3.68   6.289   0.2693
   39.9     3.70   6.331   0.3095
   40.3     3.68   6.368   0.3614
   40.6     3.73   6.408   0.3971
   41.0     3.78   6.450   0.3896
   41.4     3.78   6.493   0.4568
   41.8     3.79   6.533   0.4680
   42.2     3.82   6.574   0.4775
   42.5     3.84   6.615   0.4764
   42.7     3.84   6.654   0.4805
   43.2     3.83   6.694   0.4925
   43.6     3.90   6.733   0.5062
   44.0     3.89   6.773   0.5114
   44.3     3.92   6.812   0.5123
   44.6     3.94   6.851   0.5144
   45.0     4.02   6.891   0.5189
   45.4     4.02   6.932   0.5138
   45.8     4.05   6.972   0.5275
   46.1     4.04   7.012   0.5283
   46.5     4.04   7.053   0.5310
   46.9     4.00   7.094   0.5291
   47.3     4.13   7.135   0.5337
   47.6     4.06   7.177   0.5299
   48.0     4.02   7.218   0.5442
   48.5     4.11   7.262   0.5546
   48.9     4.13   7.306   0.5492
   49.3     4.11   7.346   0.5510
   49.7     4.17   7.390   0.5449
   50.2     4.25   7.433   0.5435
   50.6     4.27   7.471   0.5380
   50.9     4.25   7.510   0.5371
   51.3     4.29   7.551   0.5447
   51.7     4.25   7.591   0.5379
   52.1     4.30   7.632   0.5304
   52.4     4.31   7.674   0.5308
   52.8     4.34   7.715   0.5273
   53.3     4.41   7.758   0.5091
   53.7     4.43   7.796   0.4831
   54.1     4.34   7.838   0.4779
   54.4     4.42   7.879   0.4860
   54.8     4.40   7.919   0.4874
   55.2     4.50   7.961   0.4930
   55.7     4.45   8.000   0.4914
   56.0     4.47   8.041   0.4928
   56.4     4.51   8.079   0.4909
   56.8     4.58   8.118   0.4801
   57.2     4.52   8.159   0.4820
   57.5     4.52   8.199   0.4810
   57.9     4.62   8.240   0.4693
   58.3     4.65   8.280   0.4721
   58.7     4.59   8.320   0.4724
   59.2     4.64   8.360   0.4704
   59.5     4.65   8.399   0.4753
   59.8     4.70   8.442   0.4806
   60.3     4.66   8.484   0.4765
   60.8     4.73   8.526   0.4672
   61.2     4.74   8.569   0.4705
   61.6     4.75   8.610   0.4739
   61.9     4.71   8.650   0.4733
   62.3     4.66   8.692   0.4744
   62.7     4.73   8.730   0.4769
   63.1     4.80   8.771   0.4766
   63.5     4.81   8.812   0.4738
   64.0     4.82   8.855   0.4761
   64.4     4.83   8.896   0.4755
   64.8     4.81   8.936   0.4704
   65.1     4.88   8.977   0.4688
   65.7     4.96   9.019   0.4678
   66.0     4.91   9.062   0.4734
   66.4     4.91   9.102   0.4766
   66.8     4.86   9.144   0.4664
   67.2     4.95   9.184   0.4592
   67.6     4.90   9.224   0.4705
   68.1     5.01   9.265   0.4702
   68.4     4.95   9.305   0.4685
   68.8     4.99   9.345   0.4684
   69.2     5.03   9.385   0.4625
   69.6     4.97   9.424   0.4649
   70.0     5.09   9.464   0.4606
   70.5     5.15   9.505   0.4583
   70.8     5.09   9.545   0.4590
   71.3     5.17   9.586   0.4575
   71.6     5.15   9.627   0.4669
   72.1     5.17   9.667   0.4662
   72.4     5.16   9.709   0.4598
   73.0     5.30   9.751   0.4586
   73.3     5.18   9.795   0.4560
   73.8     5.16   9.839   0.4521
   74.2     5.27   9.881   0.4566
   74.7     5.27   9.923   0.4433
   75.0     5.13   9.965   0.4470
   75.4     5.24  10.005   0.4510
   75.8     5.21  10.044   0.4450
   76.2     5.28  10.084   0.4449
   76.6     5.29  10.126   0.4452
   77.0     5.22  10.166   0.4426
   77.4     5.19  10.209   0.4439
   77.9     5.23  10.248   0.4378
   78.2     5.28  10.291   0.4352
   78.6     5.27  10.333   0.4294
   79.1     5.32  10.374   0.4238
   79.4     5.18  10.415   0.3141
   79.9     5.29  10.455   0.1770
   80.3     5.27  10.495   0.1384
   80.6     5.25  10.536   0.0863
   81.0     5.31  10.576   0.0811
   81.5     5.28  10.616   0.0523
   81.9     5.33  10.655   0.0383
   82.3     5.28  10.694   0.0374
   82.7     5.29  10.736   0.0321
   83.1     5.36  10.780   0.0280
   83.5     5.37  10.822   0.0266
   84.0     5.38  10.862   0.0283
   84.3     5.43  10.904   0.0300
   84.8     5.43  10.945   0.0331
   85.2     5.45  10.986   0.0404
   85.6     5.41  11.029   0.0350
   86.1     5.54  11.073   0.0299
   86.5     5.44  11.117   0.0311
   86.9     5.47  11.158   0.0282
   87.4     5.58  11.199   0.0099
   87.7     5.45  11.241   0.0042
   88.1     5.48  11.280   0.0108
   88.6     5.56  11.321   0.0135
   89.0     5.53  11.362   0.0036
   89.3     5.51  11.404   0.0008
   89.9     5.49  11.447   0.0061
   90.3     5.48  11.490   0.0033
   90.6     5.38  11.531   0.0053
   91.1     5.44  11.572   0.0108
   91.5     5.46  11.614   0.0186
   91.9     5.43  11.657   0.0170
   92.2     5.50  11.699   0.0215
   92.8     5.46  11.739   0.0274
   93.2     5.54  11.781   0.0252
   93.7     5.49  11.822   0.0288
   94.0     5.48  11.861   0.0215
   94.4     5.52  11.902   0.0236
   94.8     5.59  11.942   0.0255
   95.2     5.51  11.982   0.0188
   95.6     5.55  12.024   0.0191
   95.9     5.46  12.066   0.0228
   96.4     5.46  12.108   0.0279
   96.8     5.53  12.149   0.0260
   97.3     5.54  12.190   0.0289
   97.6     5.54  12.230   0.0345
   98.0     5.58  12.271   0.0315
   98.4     5.55  12.314   0.0342
   98.9     5.47  12.359   0.0380
   99.3     5.58  12.402   0.0399
   99.6     5.52  12.444   0.0607
  100.2     5.54  12.485   0.0683
  100.6     5.56  12.525   0.0631
  101.0     5.59  12.565   0.0637
  101.4     5.53  12.606   0.0536
  101.7     5.50  12.647   0.0263
  102.1     5.60  12.686   0.0288
  102.6     5.57  12.728   0.0307
  103.0     5.60  12.770   0.0284
  103.4     5.55  12.812   0.0248
  103.9     5.60  12.853   0.0214
  104.1     5.56  12.893   0.0190
  104.6     5.60  12.935   0.0176
  105.0     5.61  12.975   0.0174
  105.5     5.66  13.016   0.0177
  105.9     5.56  13.056   0.0188
  106.2     5.63  13.097   0.0253
  106.7     5.64  13.136   0.0241
  107.1     5.68  13.177   0.0290
  107.5     5.72  13.217   0.0276
  107.9     5.70  13.259   0.0295
  108.4     5.67  13.301   0.0273
  108.8     5.68  13.344   0.0361
  109.2     5.68  13.384   0.0187
  109.7     5.77  13.424   0.0214
  110.0     5.73  13.466   0.0155
  110.4     5.67  13.507   0.0174
  110.9     5.74  13.550   0.0209
  111.3     5.68  13.593   0.0202
  111.7     5.74  13.634   0.0164
  112.1     5.73  13.678   0.0169
  112.6     5.71  13.719   0.0191
  112.8     5.79  13.759   0.0306
  113.2     5.63  13.799   0.0348
  113.7     5.68  13.841   0.0331
  114.2     5.74  13.884   0.0280
  114.6     5.71  13.925   0.0275
  115.0     5.77  13.963   0.0196
  115.3     5.65  14.003   0.0235
  115.8     5.75  14.047   0.0225
  116.2     5.76  14.089   0.0213
  116.7     5.78  14.129   0.0232
  117.1     5.86  14.169   0.0449
  117.5     5.77  14.211   0.0454
  117.9     5.78  14.250   0.0449
  118.3     5.80  14.290   0.0559
  118.9     5.88  14.332   0.0493
  119.2     5.82  14.374   0.0742
  119.5     5.79  14.412   0.0752
  120.0     5.84  14.453   0.0727
  120.3     5.83  14.494   0.0731
  120.7     5.85  14.535   0.0686
  121.2     5.88  14.577   0.0579
  121.6     5.89  14.618   0.0574
  122.0     5.89  14.658   0.0467
  122.4     5.86  14.700   0.0428
  122.8     5.86  14.740   0.0479
  123.5     6.04  14.781   0.0432
  123.7     6.02  14.824   0.0371
  124.2     5.92  14.868   0.0348
  124.5     5.86  14.911   0.0365
  125.0     5.83  14.952   0.0409
  125.4     5.86  14.992   0.0470
  125.8     5.89  15.034   0.0474
  126.1     5.83  15.075   0.0501
  126.5     5.79  15.116   0.0434
  127.0     5.84  15.158   0.0403
  127.4     5.84  15.198   0.0396
  127.8     5.86  15.238   0.0458
  128.2     5.76  15.282   0.0573
  128.7     5.77  15.324   0.0376
  129.1     5.79  15.367   0.0437
  129.5     5.76  15.412   0.0554
  130.0     5.81  15.452   0.0471
  130.3     5.73  15.495   0.0370
  130.7     5.82  15.536   0.0544
  131.2     5.82  15.575   0.0489
  131.5     5.79  15.617   0.0426
  132.0     5.77  15.658   0.0302
  132.4     5.76  15.697   0.0313
  132.8     5.75  15.736   0.0329
  133.2     5.76  15.775   0.0349
  133.6     5.76  15.814   0.0325
  134.0     5.75  15.855   0.0270
  134.3     5.72  15.896   0.0250
  134.7     5.75  15.937   0.0328
  135.2     5.78  15.977   0.0374
  135.6     5.74  16.017   0.0401
  135.9     5.78  16.057   0.0496
  136.4     5.77  16.099   0.0398
  136.8     5.81  16.143   0.0454
  137.3     5.74  16.185   0.0490
  137.7     5.80  16.229   0.0472
  138.2     5.84  16.268   0.0449
  138.6     5.77  16.310   0.0377
  138.9     5.82  16.352   0.0392
  139.4     5.89  16.392   0.0487
  139.9     5.90  16.436   0.0494
  140.3     5.87  16.475   0.0610
  140.7     5.87  16.514   0.0603
  141.0     5.85  16.555   0.0577
  141.4     5.93  16.599   0.0649
  141.9     5.91  16.640   0.0608
  142.3     5.91  16.679   0.0793
  142.7     5.85  16.721   0.0783
  143.1     5.93  16.761   0.0675
  143.5     5.86  16.804   0.0600
  143.9     5.88  16.844   0.0558
  144.4     5.86  16.886   0.0528
  144.8     5.96  16.927   0.0552
  145.2     5.91  16.966   0.0502
  145.6     5.84  17.005   0.0519
  146.0     5.93  17.047   0.0560
  146.5     5.95  17.088   0.0611
  147.0     5.96  17.131   0.0679
  147.5     6.01  17.171   0.0633
  147.9     5.99  17.210   0.0522
  148.3     5.92  17.251   0.0650
  148.7     6.03  17.293   0.0815
  149.0     5.96  17.334   0.0798
  149.5     6.00  17.378   0.0923
  149.9     6.00  17.421   0.1354
  150.4     5.97  17.465   0.1154
  150.9     5.96  17.505   0.0572
  151.3     6.06  17.546   0.0598
  151.8     6.03  17.587   0.0487
  152.2     6.02  17.626   0.0415
  152.5     6.05  17.666   0.0560
  153.0     6.12  17.709   0.0545
  153.4     6.05  17.750   0.0468
  153.8     6.04  17.791   0.0574
  154.3     6.04  17.833   0.0607
  154.7     6.14  17.874   0.0553
  155.1     6.08  17.915   0.0585
  155.6     6.03  17.959   0.0530
  156.0     6.04  18.000   0.0562
  156.4     6.08  18.039   0.0552
  156.9     6.04  18.080   0.0548
  157.3     6.06  18.121   0.0499
  157.8     6.10  18.161   0.0496
  158.1     6.04  18.200   0.0441
  158.6     5.96  18.243   0.0501
  159.0     6.04  18.285   0.0506
  159.4     6.04  18.328   0.0476
  159.9     6.09  18.368   0.0484
  160.3     6.07  18.411   0.0454
  160.8     6.10  18.454   0.0392
  161.2     6.08  18.496   0.0489
  161.7     6.15  18.536   0.0431
  162.1     6.05  18.577   0.0527
  162.5     6.08  18.618   0.0547
  162.9     6.15  18.663   0.0495
  163.4     6.07  18.704   0.0524
  163.9     6.15  18.747   0.0475
  164.2     6.11  18.789   0.0489
  164.7     6.10  18.829   0.0520
  165.1     6.07  18.871   0.0505
  165.5     6.09  18.911   0.0612
  165.9     6.11  18.951   0.0599
  166.4     6.09  18.991   0.0496
  166.8     6.09  19.032   0.0514
  167.2     6.07  19.071   0.0521
  167.6     6.15  19.116   0.0610
  168.1     6.14  19.157   0.0603
  168.6     6.15  19.199   0.0590
  169.0     6.12  19.239   0.0664
  169.3     6.07  19.280   0.0887
  169.8     6.07  19.321   0.0863
  170.2     6.07  19.363   0.0664
  170.6     6.04  19.402   0.0505
  171.0     6.07  19.444   0.0490
  171.5     6.07  19.485   0.0434
  171.8     6.04  19.525   0.0433
  172.3     6.01  19.566   0.0535
  172.7     6.00  19.605   0.0391
  173.1     5.93  19.647   0.0344
  173.5     5.97  19.689   0.0397
  174.0     6.01  19.728   0.0414
  174.4     6.03  19.770   0.0476
  174.8     6.00  19.811   0.0380
  175.2     6.01  19.852   0.0436
  175.7     6.04  19.896   0.0504
  176.2     6.04  19.942   0.0429
  176.5     6.01  19.982   0.0451
  177.0     6.02  20.023   0.0467
  177.4     6.06  20.066   0.0441
  177.8     6.01  20.104   0.0384
  178.3     5.98  20.145   0.0470
  178.7     6.03  20.184   0.0495
  179.1     5.98  20.225   0.0418
  179.5     6.03  20.268   0.0509
  180.0     6.09  20.308   0.0550
  180.3     6.00  20.348   0.0509
  180.8     6.02  20.390   0.0434
  181.2     6.03  20.430   0.0457
  181.7     5.95  20.472   0.0435
  182.1     6.01  20.513   0.0445
  182.4     6.04  20.553   0.0366
  183.0     6.08  20.594   0.0309
  183.4     5.99  20.635   0.0254
  183.8     5.91  20.675   0.0328
  184.2     6.08  20.716   0.0320
  184.7     6.05  20.756   0.0305
  185.1     6.07  20.797   0.0287
  185.5     6.02  20.838   0.0247
  186.0     6.03  20.878   0.0255
  186.4     6.04  20.918   0.0247
  186.8     6.05  20.959   0.0219
  187.2     5.99  21.000   0.0189
  187.7     5.97  21.041   0.0140
  188.1     6.06  21.082   0.0101
  188.5     6.04  21.125   0.0122
  189.1     6.05  21.169   0.0077
  189.5     6.06  21.214   0.0069
  189.9     6.05  21.253   0.0092
  190.3     6.02  21.297   0.0185
  190.8     6.03  21.340   0.0120
  191.2     6.00  21.378   0.0123
  191.6     6.06  21.418   0.0211
  192.1     6.02  21.458   0.0226
  192.5     6.01  21.500   0.0145
  192.8     5.90  21.544   0.0161
  193.2     6.00  21.585   0.0146
  193.7     5.97  21.626   0.0124
  194.2     6.02  21.669   0.0275
  194.6     5.93  21.711   0.0295
  195.1     5.98  21.751   0.0273
  195.5     5.98  21.793   0.0282
  195.9     5.82  21.833   0.0269
  196.2     5.94  21.877   0.0288
  196.7     6.04  21.916   0.0266
  197.1     5.99  21.957   0.0268
  197.6     5.99  21.997   0.0253
  198.0     6.04  22.037   0.0317
  198.4     5.98  22.079   0.0314
  198.9     6.00  22.120   0.0254
  199.3     6.01  22.162   0.0281
  199.7     6.16  22.203   0.0381
  200.2     6.04  22.246   0.0332
  200.6     5.97  22.287   0.0368
  201.0     6.01  22.329   0.0445
  201.5     6.08  22.371   0.0462
  201.9     6.02  22.415   0.0252
  202.4     5.99  22.461   0.0197
  202.9     6.03  22.505   0.0185
  203.3     6.01  22.547   0.0127
  203.7     6.03  22.589   0.0121
  204.1     6.06  22.630   0.0098
  204.6     6.02  22.670   0.0074
  205.1     6.06  22.708  -0.0006
  205.4     6.02  22.750   0.0023
  205.8     6.07  22.791   0.0021
  206.3     6.01  22.832   0.0027
  206.7     6.10  22.873   0.0077
  207.2     6.03  22.916   0.0101
  207.5     6.01  22.958   0.0109
  207.9     5.95  22.999   0.0127
  208.4     5.97  23.041   0.0107
  208.8     5.96  23.081   0.0083
  209.2     5.96  23.121   0.0063
  209.7     6.05  23.163   0.0087
  210.1     5.94  23.202   0.0159
  210.5     5.99  23.242   0.0095
  210.9     6.01  23.279   0.0146
  211.4     6.02  23.320   0.0219
  211.8     5.95  23.359   0.0250
  212.1     5.99  23.401   0.0167
  212.5     6.04  23.441   0.0081
  213.0     6.02  23.481   0.0124
  213.4     5.95  23.522   0.0066
  213.8     5.96  23.562   0.0042
  214.2     5.95  23.602   0.0038
  214.7     6.03  23.644   0.0057
  215.0     5.94  23.687   0.0055
  215.6     5.98  23.731   0.0026
  216.0     5.96  23.774   0.0057
  216.4     5.95  23.814   0.0128
  216.8     6.01  23.857   0.0069
  217.2     5.95  23.899   0.0084
  217.7     5.91  23.937   0.0042
  218.0     5.96  23.978   0.0100
  218.4     6.03  24.020   0.0200
  218.9     6.04  24.061   0.0115
  219.3     5.99  24.103   0.0133
  219.7     6.00  24.144   0.0121
  220.2     6.07  24.189   0.0170
  220.7     6.03  24.230   0.0115
  221.2     6.18  24.269   0.0224
  221.7     6.23  24.311   0.0279
  222.1     6.17  24.353   0.0284
  222.5     6.20  24.393   0.0253
  222.9     6.24  24.434   0.0281
  223.4     6.20  24.475   0.0419
  223.7     6.23  24.515   0.0396
  224.2     6.16  24.556   0.0408
  224.6     6.10  24.598   0.0573
  225.0     6.15  24.641   0.0399
  225.5     6.22  24.683   0.0490
  225.9     6.16  24.725   0.0484
  226.2     6.18  24.768   0.0483
  226.7     6.03  24.811   0.0976
  227.0     6.00  24.852   0.0845
  227.5     6.04  24.894   0.0819
  227.9     6.04  24.937   0.2172
  228.4     6.04  24.981   0.1988
  228.8     6.00  25.023   0.3116
  229.3     5.99  25.066   0.3505
  229.7     5.92  25.109   0.1945
  230.2     6.05  25.152   0.1540
  230.6     6.00  25.194   0.1516
  231.1     5.98  25.236   0.1384
  231.4     6.02  25.276   0.1460
  231.9     6.03  25.316   0.3174
  232.3     5.97  25.357   0.3743
  232.8     6.00  25.399   0.3809
  233.2     6.03  25.441   0.3160
  233.7     6.08  25.484   0.3237
  234.1     6.13  25.525   0.3765
  234.5     6.03  25.566   0.3625
  235.0     6.06  25.608   0.3509
  235.4     6.09  25.647   0.3100
  235.8     6.09  25.686   0.3065
  236.3     6.04  25.729   0.3741
  236.7     6.03  25.769   0.3597
  237.1     6.02  25.810   0.3912
  237.6     6.06  25.851   0.4172
  237.9     6.04  25.891   0.4095
  238.3     5.97  25.932   0.3919
  238.8     6.01  25.974   0.3823
  239.2     5.97  26.013   0.3639
  239.7     6.08  26.055   0.3608
  240.0     5.98  26.095   0.3313
  240.5     6.03  26.138   0.3377
  240.9     6.02  26.179   0.3440
  241.4     5.98  26.223   0.1100
  241.9     6.03  26.267   0.0160
  242.4     6.10  26.310   0.0093
  242.7     6.02  26.351   0.0011
  243.1     5.98  26.391   0.0010
  243.6     6.01  26.432   0.0051
  244.0     6.00  26.473   0.0075
  244.5     6.11  26.517   0.0052
  244.9     5.99  26.559   0.0207
  245.3     6.04  26.600   0.0208
  245.8     6.03  26.642   0.0390
  246.2     6.00  26.686   0.0427
  246.7     6.06  26.728   0.0352
  247.1     5.96  26.769   0.0250
  247.6     6.00  26.810   0.0544
  248.0     6.05  26.852   0.0180
  248.4     6.01  26.894   0.0012
  248.8     5.94  26.934   0.0053
  249.2     6.01  26.975   0.0263
  249.6     5.93  27.017   0.0287
  250.1     5.95  27.055  -0.0011
  250.5     5.95  27.095   0.0031
  250.9     5.95  27.135   0.0121
  251.3     5.95  27.176   0.0069
  251.8     5.93  27.216   0.0028
  252.1     5.92  27.257  -0.0016
  252.5     5.86  27.297  -0.0024
  253.0     5.90  27.338  -0.0006
  253.4     5.90  27.378  -0.0016
  253.8     5.88  27.418   0.0061
  254.2     5.91  27.459   0.0004
  254.7     5.91  27.502   0.0073
  255.1     5.89  27.544   0.0036
  255.5     5.85  27.586   0.0002
  255.9     5.84  27.627  -0.0066
  256.5     5.88  27.668  -0.0070
  256.7     5.84  27.708  -0.0040
  257.3     5.95  27.747  -0.0096
  257.6     5.86  27.790  -0.0077
  258.0     5.91  27.830  -0.0061
  258.5     5.89  27.870  -0.0056
  258.9     5.87  27.912  -0.0024
  259.4     5.88  27.956  -0.0032
  259.8     5.86  28.001   0.0033
  260.2     5.76  28.043   0.0022
  260.6     5.81  28.083   0.0022
  261.0     5.86  28.126   0.0034
  261.5     5.83  28.168  -0.0020
  262.0     5.80  28.209   0.0018
  262.3     5.84  28.249  -0.0013
  262.8     5.84  28.289   0.0014
  263.2     5.77  28.329   0.0040
  263.5     5.82  28.368   0.0010
  263.9     5.78  28.408   0.0092
  264.4     5.80  28.448   0.0054
  264.8     5.77  28.489   0.0006
  265.2     5.77  28.530   0.0026
  265.6     5.77  28.571   0.0058
  266.0     5.72  28.614   0.0052
  266.4     5.75  28.653   0.0054
  266.9     5.73  28.694   0.0057
  267.3     5.73  28.739   0.0030
  267.8     5.76  28.781  -0.0005
  268.3     5.71  28.823  -0.0019
  268.6     5.79  28.865   0.0015
  269.0     5.77  28.904  -0.0000
  269.5     5.77  28.947  -0.0031
  270.0     5.77  28.989  -0.0011
  270.3     5.70  29.030   0.0006
  270.8     5.71  29.073   0.0002
  271.2     5.73  29.114  -0.0006
  271.6     5.73  29.156  -0.0005
  272.1     5.70  29.197   0.0015
  272.5     5.77  29.240   0.0014
  272.9     5.70  29.283   0.0024
  273.3     5.70  29.324  -0.0026
  273.8     5.72  29.365  -0.0006
  274.2     5.63  29.409   0.0015
  274.7     5.69  29.449  -0.0040
  275.1     5.64  29.490  -0.0028
  275.5     5.77  29.532  -0.0042
  275.9     5.70  29.573  -0.0055
  276.2     5.73  29.613  -0.0047
  276.6     5.55  29.655  -0.0077
  277.1     5.63  29.696  -0.0056
  277.6     5.65  29.736  -0.0019
  278.0     5.72  29.777   0.0094
  278.4     5.65  29.817   0.0176
  278.8     5.67  29.858   0.0097
  279.2     5.66  29.898   0.0122
  279.7     5.77  29.939   0.0171
  280.2     5.71  29.982   0.0142
  280.6     5.75  30.026   0.0163
  281.0     5.67  30.068   0.0169
  281.6     5.66  30.112   0.0227
  281.8     5.73  30.153   0.0258
  282.3     5.68  30.194   0.0203
  282.8     5.70  30.236   0.0237
  283.2     5.70  30.276   0.0236
  283.6     5.63  30.317   0.0192
  284.0     5.68  30.358   0.0187
  284.4     5.64  30.398   0.0133
  284.8     5.62  30.440   0.0113
  285.2     5.65  30.483   0.0108
  285.7     5.61  30.526   0.0074
  286.1     5.59  30.569   0.0148
  286.7     5.72  30.611   0.0181
  287.0     5.64  30.651   0.0223
  287.4     5.68  30.691   0.0203
  287.9     5.67  30.733   0.0237
  288.3     5.66  30.774   0.0334
  288.7     5.71  30.815   0.0278
  289.2     5.65  30.855   0.0334
  289.6     5.65  30.898   0.0338
  290.0     5.57  30.939   0.0314
  290.5     5.73  30.981   0.0384
  290.9     5.71  31.022   0.0378
  291.3     5.55  31.064   0.0366
  291.7     5.61  31.103   0.0335
  292.3     5.69  31.145   0.0313
  292.7     5.65  31.185   0.0302
  293.0     5.74  31.225   0.0308
  293.5     5.65  31.269   0.0293
  294.0     5.70  31.314   0.0312
  294.4     5.75  31.355   0.0345
  294.9     5.69  31.396   0.0294
  295.2     5.67  31.438   0.0339
  295.7     5.70  31.478   0.0320
  296.0     5.59  31.519   0.0285
  296.5     5.71  31.559   0.0344
  297.0     5.67  31.601   0.0351
  297.4     5.64  31.643   0.0342
  297.8     5.61  31.682   0.0310
  298.2     5.70  31.722   0.0330
  298.5     5.61  31.763   0.0380
  299.0     5.70  31.803   0.0415
  299.3     5.59  31.846   0.0442
  299.9     5.59  31.888   0.0486
  300.3     5.60  31.927   0.0305
  300.7     5.60  31.970   0.0234
  301.0     5.63  32.010   0.0378
  301.4     5.52  32.051   0.0390
  301.9     5.53  32.092   0.0342
  302.4     5.57  32.133   0.0410
  302.8     5.53  32.174   0.0473
  303.2     5.68  32.216   0.0449
  303.6     5.64  32.257   0.0460
  304.1     5.66  32.298   0.0307
  304.5     5.75  32.338   0.0340
  304.9     5.73  32.378   0.0362
  305.3     5.75  32.419   0.0303
  305.8     5.70  32.460   0.0298
  306.2     5.75  32.502   0.0293
  306.7     5.73  32.548   0.0256
  307.1     5.71  32.594   0.0253
  307.6     5.70  32.633   0.0328
  308.0     5.64  32.678   0.0278
  308.4     5.69  32.719   0.0249
  308.9     5.72  32.759   0.0199
  309.2     5.63  32.800   0.0188
  309.7     5.66  32.839   0.0172
  310.1     5.65  32.881   0.0280
  310.4     5.56  32.923   0.0237
  311.0     5.64  32.963   0.0205
  311.5     5.62  33.003   0.0281
  311.9     5.57  33.045   0.0265
  312.3     5.66  33.085   0.0240
  312.7     5.65  33.127   0.0109
  313.1     5.61  33.168   0.0034
  313.5     5.61  33.209   0.0122
  314.0     5.61  33.250   0.0162
  314.4     5.54  33.291   0.0186
  314.8     5.67  33.331   0.0191
  315.3     5.67  33.374   0.0081
  315.8     5.65  33.415   0.0186
  316.1     5.68  33.457   0.0304
  316.6     5.66  33.497   0.0256
  317.1     5.70  33.536   0.0288
  317.6     5.83  33.579   0.0238
  318.0     5.70  33.620   0.0201
  318.4     5.80  33.661   0.0119
  318.9     5.78  33.702   0.0088
  319.2     5.68  33.743   0.0115
  319.5     5.75  33.784   0.0125
  320.1     5.67  33.829   0.0122
  320.6     5.70  33.872   0.0136
  321.1     5.77  33.912   0.0071
  321.5     5.68  33.958   0.0013
  321.9     5.65  33.999   0.0047
  322.3     5.56  34.038   0.0052
  322.8     5.53  34.079   0.0069
  323.2     5.58  34.121   0.0113
  323.6     5.60  34.163   0.0157
  324.0     5.55  34.205   0.0178
  324.4     5.54  34.244   0.0160
  324.9     5.58  34.285   0.0138
  325.3     5.58  34.328   0.0122
  325.8     5.60  34.368   0.0147
  326.2     5.66  34.410   0.0190
  326.6     5.66  34.450   0.0147
  327.0     5.59  34.493   0.0141
  327.6     5.66  34.535   0.0126
  328.0     5.67  34.575   0.0105
  328.4     5.70  34.616   0.0078
  328.8     5.64  34.656   0.0085
  329.3     5.64  34.695   0.0300
  329.7     5.68  34.738   0.0258
  330.1     5.59  34.777   0.0187
  330.5     5.63  34.818   0.0266
  330.9     5.63  34.859   0.0298
  331.3     5.57  34.899   0.0392
  331.8     5.62  34.941   0.0287
  332.3     5.66  34.983   0.0197
  332.7     5.63  35.024   0.0153
  333.1     5.57  35.068   0.0107
  333.6     5.59  35.113   0.0068
  334.1     5.62  35.156   0.0029
  334.5     5.57  35.199   0.0059
  334.9     5.67  35.240   0.0158
  335.5     5.57  35.279   0.0211
  335.8     5.60  35.320   0.0209
  336.2     5.56  35.360   0.0237
  336.6     5.54  35.403   0.0160
  337.1     5.61  35.442   0.0206
  337.5     5.61  35.483   0.0162
  337.9     5.60  35.523   0.0146
  338.4     5.59  35.566   0.0071
  338.8     5.57  35.608   0.0147
  339.3     5.57  35.649   0.0147
  339.7     5.57  35.690   0.0092
  340.2     5.61  35.732   0.0167
  340.6     5.62  35.771   0.0132
  341.0     5.51  35.810   0.0113
  341.5     5.59  35.851   0.0095
  341.9     5.60  35.892   0.0055
  342.3     5.63  35.931   0.0049
  342.7     5.56  35.973   0.0047
  343.2     5.57  36.014   0.0095
  343.7     5.61  36.056   0.0081
  344.1     5.62  36.098   0.0124
  344.5     5.56  36.138   0.0130
  344.9     5.46  36.179   0.0090
  345.3     5.54  36.220   0.0120
  345.8     5.65  36.262   0.0082
  346.2     5.64  36.303   0.0096
  346.7     5.59  36.349   0.0092
  347.1     5.58  36.393   0.0097
  347.6     5.57  36.434   0.0038
  348.0     5.60  36.477   0.0024
  348.4     5.54  36.519   0.0109
  348.9     5.55  36.558   0.0175
  349.3     5.56  36.597   0.0181
  349.7     5.55  36.637   0.0136
  350.1     5.59  36.679   0.0182
  350.5     5.57  36.719   0.0155
  351.1     5.54  36.762   0.0093
  351.4     5.56  36.801   0.0074
  351.9     5.50  36.846   0.0046
  352.4     5.60  36.889   0.0086
  352.7     5.51  36.928   0.0059
  353.2     5.53  36.968  -0.0046
  353.6     5.57  37.010  -0.0005
  354.1     5.52  37.054  -0.0014
  354.5     5.58  37.094   0.0076
  354.9     5.54  37.135   0.0051
  355.4     5.51  37.176   0.0083
  355.7     5.47  37.216   0.0047
  356.2     5.50  37.259   0.0049
  356.7     5.57  37.301   0.0049
  357.2     5.53  37.343   0.0059
  357.6     5.54  37.385   0.0039
  358.0     5.54  37.424   0.0054
  358.3     5.54  37.464   0.0086
  358.9     5.63  37.506   0.0041
  359.3     5.53  37.548   0.0015
  359.7     5.57  37.591   0.0053
  360.2     5.49  37.635   0.0031
  360.7     5.51  37.679   0.0063
  361.1     5.54  37.718   0.0011
  361.4     5.46  37.760   0.0043
  361.9     5.54  37.800   0.0040
  362.3     5.50  37.841   0.0037
  362.7     5.48  37.881   0.0058
  363.2     5.58  37.923  -0.0006
  363.6     5.49  37.966   0.0012
  364.0     5.47  38.009   0.0011
  364.6     5.52  38.052   0.0011
  365.0     5.47  38.095   0.0046
  365.5     5.56  38.140   0.0085
  365.9     5.58  38.182   0.0210
  366.5     5.55  38.228   0.0197
  366.9     5.55  38.275   0.0235
  367.3     5.58  38.318   0.0223
  367.8     5.58  38.362   0.0250
  368.2     5.60  38.405   0.0259
  368.7     5.57  38.448   0.0242
  369.1     5.42  38.491   0.0414
  369.5     5.52  38.534   0.0369
  370.1     5.55  38.580   0.0397
  370.5     5.56  38.622   0.0464
  370.9     5.50  38.664   0.0381
  371.5     5.57  38.707   0.0301
  371.9     5.57  38.749   0.0297
  372.3     5.52  38.793   0.0338
  372.8     5.55  38.839   0.0339
  373.3     5.59  38.884   0.0368
  373.7     5.53  38.930   0.0322
  374.2     5.55  38.973   0.0383
  374.6     5.44  39.018   0.0376
  375.0     5.37  39.062   0.0423
  375.4     5.49  39.105   0.0469
  376.0     5.53  39.147   0.0425
  376.4     5.46  39.191   0.0481
  376.7     5.49  39.235   0.0491
  377.2     5.41  39.279   0.0546
  377.6     5.43  39.322   0.0558
  378.1     5.38  39.365   0.0535
  378.6     5.45  39.407   0.0612
  379.0     5.28  39.450   0.0633
  379.4     5.29  39.493   0.0621
  379.8     5.36  39.538   0.0624
  380.2     5.30  39.581   0.0542
  380.7     5.37  39.624   0.0526
  381.2     5.39  39.669   0.0701
  381.6     5.39  39.712   0.0609
  382.1     5.34  39.756   0.0711
  382.6     5.34  39.800   0.0605
  383.0     5.30  39.845   0.0590
  383.5     5.25  39.889   0.0544
  383.9     5.34  39.931   0.0506
  384.3     5.40  39.973   0.0526
  384.7     5.32  40.012   0.0528
  385.1     5.25  40.051   0.0586
  385.5     5.35  40.092   0.0635
  385.9     5.27  40.137   0.0781
  386.5     5.35  40.182   0.0915
  386.9     5.28  40.225   0.1055
  387.3     5.30  40.266   0.1088
  387.7     5.29  40.309   0.0936
  388.1     5.28  40.351   0.0735
  388.6     5.21  40.393   0.0806
  389.0     5.26  40.434   0.0746
  389.4     5.32  40.477   0.0630
  389.8     5.27  40.517   0.0574
  390.3     5.26  40.558   0.0605
  390.7     5.28  40.600   0.0539
  391.1     5.23  40.641   0.0634
  391.5     5.26  40.682   0.0743
  391.9     5.29  40.722   0.0678
  392.4     5.23  40.764   0.0685
  392.8     5.24  40.806   0.0639
  393.2     5.22  40.846   0.0610
  393.6     5.21  40.886   0.0605
  394.0     5.13  40.927   0.0570
  394.4     5.22  40.969   0.0621
  394.9     5.24  41.009   0.0686
  395.2     5.24  41.049   0.0654
  395.7     5.26  41.091   0.0693
  396.1     5.21  41.133   0.0754
  396.5     5.22  41.175   0.0731
  397.0     5.24  41.215   0.0726
  397.4     5.20  41.256   0.0722
  397.8     5.21  41.296   0.0661
  398.2     5.23  41.338   0.0670
  398.6     5.25  41.381   0.0731
  399.2     5.27  41.424   0.0701
  399.6     5.27  41.469   0.0632
  400.0     5.15  41.512   0.0601
  400.5     5.22  41.553   0.0583
  400.9     5.26  41.595   0.0620
  401.3     5.16  41.638   0.0600
  401.8     5.21  41.680   0.0488
  402.2     5.18  41.720   0.0576
  402.6     5.21  41.762   0.0653
  403.0     5.19  41.805   0.0579
  403.5     5.22  41.846   0.0587
  404.0     5.23  41.888   0.0631
  404.4     5.26  41.929   0.0623
  404.7     5.22  41.972   0.0613
  405.3     5.25  42.014   0.0656
  405.7     5.23  42.054   0.0699
  406.1     5.16  42.097   0.0637
  406.5     5.21  42.136   0.0532
  406.9     5.20  42.176   0.0830
  407.5     5.18  42.217   0.0810
  407.7     5.22  42.256   0.0507
  408.3     5.25  42.298   0.0532
  408.7     5.23  42.339   0.0541
  409.1     5.25  42.379   0.0523
  409.5     5.22  42.420   0.0501
  410.0     5.27  42.460   0.0507
  410.4     5.22  42.503   0.0513
  410.8     5.22  42.542   0.0535
  411.3     5.23  42.585   0.0582
  411.6     5.16  42.627   0.0574
  412.2     5.20  42.670   0.0595
  412.6     5.22  42.714   0.0604
  413.0     5.20  42.759   0.0543
  413.5     5.16  42.800   0.0415
  414.0     5.23  42.842   0.0511
  414.3     5.21  42.881   0.0399
  414.7     5.21  42.920   0.0361
  415.1     5.20  42.964   0.0351
  415.6     5.17  43.007   0.0579
  416.1     5.25  43.048   0.0483
  416.5     5.12  43.087   0.0611
  416.8     5.17  43.129   0.0454
  417.3     5.18  43.171   0.0428
  417.7     5.19  43.214   0.0412
  418.2     5.23  43.256   0.0468
  418.6     5.18  43.296   0.0484
  419.0     5.20  43.340   0.1056
  419.5     5.21  43.382   0.1059
  419.9     5.18  43.423   0.0584
  420.3     5.19  43.466   0.0696
  420.7     5.27  43.506   0.0668
  421.2     5.17  43.547   0.0493
  421.6     5.15  43.586   0.0413
  421.9     5.13  43.629   0.0464
  422.3     5.21  43.672   0.0759
  422.8     5.16  43.715   0.0721
  423.2     5.10  43.757   0.0622
  423.7     5.19  43.799   0.0361
  424.2     5.15  43.841   0.0366
  424.6     5.19  43.884   0.0373
  425.0     5.21  43.927   0.0527
  425.5     5.14  43.971   0.0291
  425.8     5.14  44.014   0.0263
  426.3     5.22  44.056   0.0289
  426.7     5.19  44.098   0.0298
  427.2     5.17  44.140   0.0345
  427.6     5.24  44.179   0.0357
  428.0     5.20  44.220   0.0288
  428.5     5.15  44.263   0.0317
  428.9     5.24  44.305   0.0359
  429.3     5.21  44.346   0.0334
  429.8     5.18  44.392   0.0350
  430.1     5.14  44.433   0.0379
  430.6     5.22  44.475   0.0296
  430.9     5.20  44.518   0.0294
  431.5     5.22  44.559   0.0332
  431.8     5.17  44.601   0.0356
  432.3     5.14  44.642   0.0382
  432.7     5.16  44.681   0.0367
  433.1     5.18  44.722   0.0330
  433.5     5.18  44.761   0.0324
  433.9     5.14  44.801   0.0265
  434.3     5.22  44.844   0.0342
  434.8     5.20  44.887   0.0301
  435.2     5.14  44.927   0.0338
  435.6     5.22  44.967   0.0215
  436.0     5.23  45.007   0.0219
  436.5     5.20  45.050   0.0305
  436.9     5.17  45.090   0.0158
  437.3     5.25  45.129   0.0168
  437.7     5.23  45.173   0.0119
  438.2     5.22  45.218   0.0126
  438.6     5.29  45.261   0.0201
  439.1     5.24  45.306   0.0223
  439.6     5.30  45.347   0.0225
  439.9     5.24  45.389   0.0481
  440.4     5.32  45.429   0.0538
  440.8     5.28  45.469   0.0562
  441.2     5.25  45.511   0.0511
  441.7     5.26  45.555   0.0425
  442.0     5.20  45.594   0.0499
  442.5     5.19  45.637   0.0415
  442.9     5.27  45.679   0.0438
  443.3     5.31  45.721   0.0537
  443.9     5.26  45.764   0.0505
  444.2     5.25  45.803   0.0589
  444.6     5.34  45.845   0.0559
  445.1     5.29  45.887   0.0534
  445.5     5.36  45.927   0.0467
  445.8     5.25  45.966   0.0582
  446.2     5.21  46.008   0.0576
  446.6     5.20  46.048   0.0541
  447.0     5.21  46.090   0.0496
  447.5     5.24  46.130   0.0574
  447.9     5.26  46.171   0.0621
  448.3     5.29  46.212   0.0674
  448.8     5.36  46.253   0.0619
  449.2     5.31  46.295   0.0642
  449.6     5.31  46.336   0.0552
  450.1     5.31  46.378   0.0566
  450.5     5.35  46.419   0.0628
  451.0     5.37  46.463   0.0806
  451.4     5.36  46.507   0.0860
  451.9     5.35  46.549   0.0923
  452.3     5.38  46.590   0.0824
  452.7     5.34  46.632   0.0839
  453.1     5.37  46.673   0.0738
  453.5     5.33  46.712   0.0725
  453.9     5.41  46.753   0.1081
  454.3     5.35  46.796   0.0747
  454.8     5.40  46.837   0.0722
  455.2     5.39  46.877   0.0684
  455.7     5.47  46.921   0.0577
  456.1     5.45  46.966   0.0559
  456.6     5.44  47.007   0.0511
  457.0     5.41  47.048   0.0500
  457.4     5.40  47.089   0.0435
  457.8     5.46  47.130   0.0424
  458.2     5.43  47.171   0.0444
  458.6     5.42  47.210   0.0444
  459.0     5.48  47.251   0.0411
  459.4     5.42  47.292   0.0423
  459.8     5.43  47.333   0.0513
  460.2     5.51  47.376   0.0493
  460.6     5.50  47.415   0.0478
  461.1     5.50  47.456   0.0492
  461.5     5.52  47.497   0.0474
  462.1     5.51  47.537   0.0359
  462.3     5.51  47.578   0.0194
  462.7     5.50  47.618   0.0219
  463.1     5.51  47.660   0.0226
  463.6     5.49  47.703   0.0240
  464.0     5.52  47.747   0.0251
  464.4     5.46  47.788   0.0277
  464.8     5.52  47.830   0.0296
  465.3     5.52  47.871   0.0300
  465.7     5.56  47.913   0.0304
  466.2     5.64  47.955   0.0324
  466.5     5.58  47.998   0.0320
  467.0     5.59  48.040   0.0277
  467.4     5.53  48.083   0.0313
  467.9     5.59  48.125   0.0291
  468.2     5.59  48.166   0.0356
  468.7     5.68  48.210   0.0326
  469.1     5.58  48.250   0.0261
  469.5     5.63  48.293   0.0335
  470.0     5.62  48.335   0.0331
  470.4     5.69  48.375   0.0348
  470.8     5.62  48.417   0.0414
  471.3     5.68  48.458   0.0426
  471.6     5.65  48.499   0.0426
  472.0     5.68  48.539   0.0483
  472.4     5.65  48.581   0.0451
  472.8     5.69  48.622   0.0460
  473.2     5.69  48.665   0.0448
  473.7     5.81  48.706   0.0426
  474.1     5.69  48.746   0.0433
  474.5     5.69  48.788   0.0410
  474.9     5.70  48.828   0.0412
  475.3     5.71  48.869   0.0369
  475.7     5.67  48.911   0.0384
  476.1     5.73  48.951   0.0421
  476.5     5.76  48.995   0.0402
  476.9     5.77  49.038   0.0413
  477.4     5.76  49.079   0.0408
  477.8     5.80  49.123   0.0414
  478.2     5.92  49.164   0.0381
  478.6     5.72  49.204   0.0364
  479.1     5.82  49.245   0.0349
  479.5     5.91  49.284   0.0352
  479.8     5.84  49.327   0.0316
  480.3     5.95  49.371   0.0258
  480.7     5.96  49.412   0.0271
  481.2     6.02  49.452   0.0322
  481.7     5.97  49.495   0.0319
  482.0     6.00  49.535   0.0335
  482.5     5.98  49.575   0.0327
  482.9     6.07  49.616   0.0321
  483.3     6.16  49.657   0.0268
  483.6     6.08  49.697   0.0265
  484.0     6.04  49.739   0.0286
  484.6     6.16  49.780   0.0287
  484.9     6.16  49.820   0.0147
  485.4     6.09  49.860   0.0198
  485.8     6.17  49.901   0.0248
  486.1     6.06  49.941   0.0234
  486.6     6.12  49.983   0.0280
  487.0     6.16  50.025   0.0313
  487.4     6.16  50.065   0.0334
  487.7     6.15  50.106   0.0264
  488.2     6.15  50.147   0.0194
  488.6     6.16  50.189   0.0174
  488.9     6.12  50.233   0.0261
  489.4     6.17  50.279   0.0313
  489.8     6.20  50.321   0.0252
  490.3     6.20  50.363   0.0290
  490.8     6.16  50.407   0.0060
  491.1     6.26  50.449  -0.0003
  491.5     6.22  50.489   0.0241
  492.0     6.26  50.530   0.0337
  492.3     6.24  50.570   0.0310
  492.8     6.23  50.612   0.0345
  493.3     6.29  50.652   0.0379
  493.7     6.32  50.693   0.0338
  494.0     6.24  50.734   0.0319
  494.4     6.26  50.777   0.0349
  494.8     6.41  50.818   0.0301
  495.2     6.30  50.858   0.0261
  495.6     6.27  50.899   0.0304
  496.1     6.31  50.940   0.0357
  496.4     6.33  50.983   0.0396
  496.9     6.37  51.024   0.0343
  497.3     6.36  51.065   0.0330
  497.7     6.39  51.106   0.0308
  498.1     6.33  51.148   0.0311
  498.5     6.37  51.188   0.0335
  498.9     6.39  51.229   0.0324
  499.4     6.48  51.269   0.0293
  499.6     6.35  51.311   0.0340
  500.1     6.40  51.352   0.0329
  500.5     6.39  51.395   0.0336
  500.9     6.41  51.436   0.0292
  501.4     6.34  51.479   0.0321
  501.8     6.47  51.522   0.0340
  502.1     6.47  51.566   0.0419
  502.7     6.48  51.609   0.0424
  503.1     6.50  51.651   0.0411
  503.5     6.44  51.694   0.0390
  503.9     6.47  51.734   0.0393
  504.3     6.51  51.775   0.0453
  504.7     6.51  51.816   0.0422
  505.1     6.49  51.857   0.0422
  505.5     6.53  51.898   0.0461
  506.0     6.52  51.938   0.0438
  506.4     6.52  51.980   0.0446
  506.8     6.58  52.022   0.0420
  507.3     6.50  52.064   0.0435
  507.6     6.59  52.103   0.0480
  508.1     6.63  52.144   0.0469
  508.5     6.60  52.185   0.0441
  508.9     6.62  52.226   0.0365
  509.2     6.53  52.268   0.0314
  509.6     6.50  52.306   0.0309
  510.0     6.59  52.346   0.0349
  510.4     6.68  52.386   0.0347
  510.9     6.66  52.429   0.0348
  511.2     6.55  52.470   0.0347
  511.6     6.56  52.512   0.0318
  512.1     6.65  52.553   0.0142
  512.5     6.63  52.594   0.0298
  512.9     6.63  52.633   0.0344
  513.3     6.62  52.672   0.0435
  513.7     6.68  52.716   0.0339
  514.2     6.66  52.760   0.0495
  514.6     6.63  52.804   0.0502
  515.0     6.61  52.849   0.0566
  515.4     6.64  52.892   0.0504
  515.9     6.67  52.934   0.0443
  516.3     6.60  52.978   0.0475
  516.8     6.68  53.017   0.0463
  517.1     6.69  53.055   0.0496
  517.5     6.69  53.098   0.0486
  517.9     6.65  53.139   0.0438
  518.4     6.69  53.181   0.0453
  518.8     6.72  53.222   0.0471
  519.2     6.75  53.263   0.0479
  519.6     6.68  53.308   0.0434
  520.1     6.67  53.349   0.0389
  520.4     6.70  53.389   0.0311
  520.8     6.73  53.431   0.0378
  521.2     6.77  53.472   0.0350
  521.6     6.67  53.513   0.0459
  522.0     6.71  53.553   0.0425
  522.5     6.66  53.594   0.0431
  522.8     6.68  53.633   0.0436
  523.2     6.65  53.672   0.0499
  523.5     6.68  53.713   0.0519
  524.0     6.68  53.752   0.0462
  524.4     6.65  53.793   0.0503
  524.8     6.78  53.832   0.0505
  525.3     6.71  53.873   0.0418
  525.7     6.76  53.912   0.0482
  526.0     6.74  53.951   0.0462
  526.4     6.72  53.995   0.0421
  526.8     6.73  54.039   0.0471
  527.3     6.71  54.083   0.0357
  527.8     6.73  54.125   0.0370
  528.1     6.78  54.165   0.0346
  528.6     6.79  54.207   0.0397
  528.9     6.72  54.250   0.0464
  529.3     6.74  54.290   0.0446
  529.7     6.70  54.330   0.0441
  530.2     6.83  54.371   0.0495
  530.5     6.77  54.414   0.0490
  531.0     6.77  54.456   0.0524
  531.4     6.73  54.498   0.0535
  531.8     6.81  54.540   0.0528
  532.2     6.79  54.583   0.0599
  532.5     6.89  54.625   0.0608
  533.1     6.75  54.667   0.0589
  533.5     6.84  54.708   0.0607
  533.8     6.73  54.749   0.0633
  534.2     6.70  54.790   0.0606
  534.6     6.79  54.832   0.0601
  534.9     6.68  54.872   0.0566
  535.4     6.72  54.912   0.0521
  535.8     6.73  54.954   0.0561
  536.2     6.70  54.994   0.0623
  536.7     6.77  55.036   0.0615
  537.1     6.78  55.076   0.0545
  537.4     6.74  55.116   0.0658
  537.9     6.80  55.159   0.0593
  538.2     6.77  55.201   0.0589
  538.7     6.83  55.241   0.0567
  539.1     6.77  55.282   0.0519
  539.5     6.82  55.326   0.0528
  539.9     6.74  55.370   0.0431
  540.3     6.78  55.411   0.0465
  540.7     6.78  55.450   0.0493
  541.1     6.83  55.492   0.0450
  541.6     6.77  55.533   0.0449
  542.0     6.77  55.573   0.0478
  542.4     6.78  55.614   0.0499
  542.8     6.87  55.655   0.0542
  543.3     6.95  55.697   0.0576
  543.6     6.88  55.740   0.0606
  544.1     6.80  55.782   0.0666
  544.5     6.86  55.825   0.0692
  545.0     6.92  55.868   0.0664
  545.4     6.86  55.909   0.0667
  545.8     6.88  55.950   0.0690
  546.2     6.96  55.990   0.0668
  546.5     6.87  56.030   0.0683
  547.0     6.80  56.073   0.0666
  547.4     6.88  56.116   0.0643
  547.8     6.87  56.158   0.0660
  548.2     6.93  56.198   0.0637
  548.7     6.93  56.242   0.0662
  549.1     6.97  56.282   0.0660
  549.5     6.94  56.325   0.0688
  549.8     6.86  56.366   0.0611
  550.3     6.93  56.406   0.0569
  550.7     6.91  56.447   0.0617
  551.0     6.98  56.488   0.0721
  551.5     6.96  56.529   0.0775
  551.9     6.99  56.572   0.0774
  552.3     6.89  56.615   0.0739
  552.7     6.93  56.659   0.0750
  553.2     7.01  56.700   0.0733
  553.6     6.97  56.741   0.0691
  554.0     6.97  56.781   0.0723
  554.5     7.00  56.822   0.0784
  554.8     7.02  56.863   0.0804
  555.3     7.07  56.906   0.0784
  555.7     7.09  56.948   0.0846
  556.2     7.05  56.991   0.0786
  556.4     7.08  57.033   0.0803
  556.9     7.10  57.074   0.0831
  557.3     7.09  57.118   0.0852
  557.8     7.10  57.157   0.0890
  558.1     7.15  57.200   0.0860
  558.6     7.11  57.245   0.0849
  559.1     7.25  57.287   0.0857
  559.5     7.21  57.328   0.0823
  559.9     7.09  57.370   0.0885
  560.3     7.22  57.411   0.0906
  560.6     7.12  57.452   0.0902
  561.0     7.10  57.492   0.0885
  561.4     7.11  57.533   0.0886
  561.9     7.21  57.574   0.0878
  562.3     7.23  57.615   0.0834
  562.6     7.18  57.657   0.0833
  563.1     7.27  57.699   0.0770
  563.6     7.27  57.740   0.0731
  563.9     7.33  57.779   0.0646
  564.3     7.31  57.823   0.0748
  564.7     7.32  57.868   0.0707
  565.2     7.30  57.911   0.0748
  565.6     7.34  57.955   0.0725
  566.0     7.31  57.996   0.0812
  566.3     7.32  58.035   0.0868
  566.7     7.24  58.077   0.0906
  567.0     7.24  58.116   0.0876
  567.4     7.24  58.160   0.0886
  567.9     7.23  58.204   0.0877
  568.3     7.23  58.245   0.0854
  568.8     7.21  58.288   0.0799
  569.1     7.17  58.330   0.0809
  569.5     7.27  58.371   0.0835
  569.9     7.23  58.412   0.0839
  570.3     7.23  58.455   0.0856
  570.8     7.25  58.496   0.0814
  571.2     7.29  58.537   0.0840
  571.5     7.33  58.578   0.0771
  572.0     7.36  58.620   0.0649
  572.4     7.38  58.658   0.0759
  572.8     7.39  58.699   0.0759
  573.2     7.38  58.740   0.0770
  573.7     7.40  58.782   0.0752
  574.1     7.35  58.825   0.0829
  574.5     7.45  58.866   0.0700
  574.9     7.40  58.907   0.0681
  575.2     7.42  58.947   0.0682
  575.7     7.44  58.987   0.0716
  576.0     7.42  59.027   0.0673
  576.5     7.43  59.070   0.0598
  576.9     7.45  59.114   0.0724
  577.2     7.36  59.157   0.0768
  577.7     7.42  59.200   0.0850
  578.2     7.47  59.241   0.0713
  578.6     7.51  59.282   0.0709
  579.0     7.53  59.324   0.0688
  579.5     7.55  59.366   0.0735
  579.8     7.49  59.409   0.0821
  580.3     7.63  59.451   0.0855
  580.8     7.59  59.491   0.0847
  581.2     7.58  59.533   0.0839
  581.6     7.53  59.575   0.0948
  581.9     7.54  59.616   0.0869
  582.3     7.54  59.658   0.0929
  582.8     7.51  59.702   0.0907
  583.2     7.55  59.743   0.0911
  583.6     7.55  59.784   0.0907
  584.0     7.55  59.826   0.0827
  584.4     7.57  59.868   0.0791
  584.9     7.69  59.910   0.0898
  585.3     7.64  59.950   0.1019
  585.7     7.58  59.990   0.0998
  586.1     7.65  60.034   0.1022
  586.5     7.64  60.077   0.0987
  587.0     7.69  60.118   0.0924
  587.4     7.74  60.158   0.0963
  587.8     7.69  60.200   0.0970
  588.3     7.71  60.241   0.0902
  588.7     7.70  60.284   0.0834
  589.0     7.69  60.325   0.0833
  589.5     7.70  60.368   0.0779
  589.9     7.71  60.413   0.0872
  590.2     7.69  60.454   0.0938
  590.8     7.75  60.496   0.0848
  591.1     7.75  60.538   0.0835
  591.5     7.76  60.578   0.0845
  591.9     7.72  60.617   0.0883
  592.4     7.75  60.658   0.1060
  592.8     7.75  60.699   0.1037
  593.2     7.82  60.742   0.0947
  593.6     7.84  60.782   0.1078
  594.0     7.80  60.823   0.0987
  594.4     7.71  60.866   0.0985
  594.8     7.73  60.908   0.1001
  595.3     7.79  60.950   0.1034
  595.6     7.77  60.993   0.1016
  596.1     7.76  61.032   0.1045
  596.5     7.80  61.074   0.1079
  596.9     7.80  61.115   0.1059
  597.3     7.81  61.156   0.1004
  597.8     7.87  61.197   0.0930
  598.1     7.88  61.237   0.0899
  598.5     7.83  61.277   0.1084
  598.9     7.84  61.319   0.1098
  599.4     7.96  61.359   0.1151
  599.8     7.94  61.400   0.1174
  600.2     7.97  61.441   0.1222
