   12.3     2.92   0.039  -0.0080
   12.3     2.91   0.080  -0.0059
   12.4     2.94   0.121  -0.0040
   12.4     2.85   0.161  -0.0076
   12.4     2.80   0.199  -0.0096
   12.5     2.84   0.238  -0.0061
   12.5     2.85   0.279  -0.0079
   12.5     2.85   0.319  -0.0087
   12.4     2.75   0.359  -0.0103
   12.4     2.73   0.398  -0.0105
   12.4     2.65   0.439  -0.0110
   12.4     2.63   0.479  -0.0082
   12.4     2.64   0.518  -0.0140
   12.4     2.53   0.557  -0.0166
   12.5     2.54   0.597  -0.0153
   12.5     2.56   0.639  -0.0167
   12.6     2.59   0.678  -0.0144
   12.6     2.58   0.716  -0.0130
   12.6     2.57   0.757  -0.0193
   12.7     2.53   0.797  -0.0208
   12.7     2.65   0.839  -0.0177
   12.7     2.50   0.878  -0.0211
   12.7     2.49   0.918  -0.0168
   12.7     2.46   0.959  -0.0183
   12.8     2.44   0.998  -0.0185
   12.7     2.42   1.039  -0.0166
   12.8     2.42   1.078  -0.0193
   12.8     2.39   1.119  -0.0207
   12.7     2.38   1.161  -0.0206
   12.8     2.38   1.200  -0.0232
   12.9     2.40   1.237  -0.0235
   12.9     2.39   1.278  -0.0233
   12.9     2.30   1.317  -0.0227
   12.9     2.30   1.356  -0.0227
   13.0     2.32   1.398  -0.0253
   13.0     2.32   1.437  -0.0244
   13.1     2.39   1.477  -0.0231
   13.0     2.28   1.519  -0.0250
   13.1     2.29   1.560  -0.0244
   13.2     2.33   1.598  -0.0283
   13.2     2.27   1.637  -0.0335
   13.2     2.30   1.677  -0.0324
   13.2     2.27   1.716  -0.0288
   13.3     2.26   1.755  -0.0310
   13.3     2.25   1.793  -0.0304
   13.4     2.29   1.832  -0.0301
   13.4     2.24   1.873  -0.0306
   13.5     2.34   1.916  -0.0285
   13.6     2.30   1.957  -0.0300
   13.6     2.33   1.999  -0.0326
   13.7     2.30   2.040  -0.0295
   13.7     2.33   2.079  -0.0294
   13.9     2.36   2.119  -0.0301
   13.9     2.33   2.159  -0.0308
   14.0     2.31   2.200  -0.0295
   14.0     2.28   2.243  -0.0301
   14.1     2.30   2.283  -0.0300
   14.2     2.32   2.321  -0.0254
   14.4     2.34   2.362  -0.0290
   14.5     2.40   2.400  -0.0262
   14.5     2.40   2.440  -0.0270
   14.7     2.38   2.480  -0.0291
   14.7     2.42   2.519  -0.0316
   14.8     2.33   2.560  -0.0328
   15.0     2.41   2.601  -0.0339
   15.1     2.43   2.641  -0.0367
   15.2     2.44   2.681  -0.0375
   15.3     2.49   2.722  -0.0344
   15.4     2.50   2.761  -0.0346
   15.6     2.54   2.802  -0.0355
   15.7     2.52   2.843  -0.0361
   15.9     2.56   2.883  -0.0338
   16.0     2.53   2.927  -0.0326
   16.2     2.62   2.969  -0.0353
   16.4     2.58   3.010  -0.0303
   16.5     2.69   3.050  -0.0334
   16.7     2.67   3.087  -0.0320
   16.7     2.64   3.125  -0.0317
   17.0     2.69   3.165  -0.0283
   17.1     2.67   3.206  -0.0327
   17.3     2.69   3.247  -0.0290
   17.5     2.77   3.287  -0.0298
   17.6     2.73   3.328  -0.0286
   17.8     2.82   3.369  -0.0363
   18.1     2.80   3.410  -0.0365
   18.2     2.75   3.448  -0.0359
   18.5     2.94   3.488  -0.0338
   18.7     2.93   3.528  -0.0338
   18.9     3.00   3.567  -0.0328
   19.0     2.96   3.609  -0.0362
   19.2     3.00   3.652  -0.0326
   19.3     2.99   3.693  -0.0329
   19.7     3.01   3.734  -0.0341
   19.8     3.00   3.771  -0.0381
   20.2     3.04   3.812  -0.0349
   20.4     3.15   3.852  -0.0314
   20.6     3.04   3.894  -0.0392
   20.8     3.09   3.934  -0.0362
   21.0     3.16   3.973  -0.0371
   21.3     3.18   4.014  -0.0372
   21.6     3.22   4.057  -0.0318
   21.8     3.25   4.097  -0.0279
   22.1     3.23   4.137  -0.0275
   22.2     3.35   4.177  -0.0308
   22.7     3.36   4.217  -0.0296
   22.9     3.46   4.258  -0.0327
   23.1     3.40   4.299  -0.0293
   23.5     3.48   4.340  -0.0311
   23.8     3.43   4.380  -0.0408
   23.9     3.47   4.423  -0.0277
   24.2     3.51   4.462  -0.0251
   24.5     3.56   4.500  -0.0236
   24.8     3.57   4.543  -0.0212
   25.1     3.72   4.584  -0.0242
   25.5     3.79   4.623  -0.0288
   25.7     3.78   4.661  -0.0275
   26.0     3.72   4.700  -0.0275
   26.2     3.83   4.741  -0.0351
   26.6     3.79   4.783  -0.0352
   27.0     3.94   4.824  -0.0304
   27.4     4.20   4.864  -0.0365
   27.6     4.06   4.906  -0.0359
   27.9     4.11   4.946  -0.0367
   28.2     4.11   4.987  -0.0323
   28.6     4.23   5.026  -0.0365
   28.9     4.20   5.066  -0.0359
   29.1     4.29   5.109  -0.0341
   29.4     4.25   5.151  -0.0317
   29.8     4.29   5.189  -0.0331
   30.1     4.28   5.229  -0.0379
   30.4     4.17   5.269  -0.0393
   30.7     4.20   5.309  -0.0413
   31.1     4.33   5.346  -0.0430
   31.3     4.33   5.386  -0.0386
   31.6     4.27   5.426  -0.0411
   31.9     4.29   5.467  -0.0408
   32.2     4.28   5.508  -0.0463
   32.5     4.35   5.546  -0.0454
   32.9     4.35   5.586  -0.0434
   33.2     4.35   5.625  -0.0452
   33.5     4.49   5.666  -0.0441
   34.0     4.49   5.707  -0.0464
   34.3     4.47   5.748  -0.0517
   34.6     4.54   5.790  -0.0568
   35.1     4.57   5.831  -0.0594
   35.4     4.63   5.872  -0.0555
   35.8     4.64   5.911  -0.0553
   36.2     4.67   5.951  -0.0562
   36.3     4.75   5.988  -0.0509
   36.8     4.72   6.028  -0.0497
   37.2     4.76   6.067  -0.0509
   37.4     4.83   6.106  -0.0481
   37.9     4.85   6.145  -0.0562
   38.2     4.87   6.186  -0.0524
   38.4     4.93   6.224  -0.0537
   38.9     4.93   6.266  -0.0553
   39.2     4.86   6.304  -0.0571
   39.6     4.93   6.344  -0.0570
   40.0     4.90   6.384  -0.0668
   40.3     4.99   6.424  -0.0626
   40.7     4.92   6.464  -0.0567
   40.9     4.92   6.503  -0.0621
   41.2     4.93   6.544  -0.0623
   41.7     4.89   6.583  -0.0665
   42.1     5.03   6.623  -0.0651
   42.4     5.03   6.662  -0.0709
   42.7     5.02   6.701  -0.0720
   43.1     4.99   6.741  -0.0748
   43.4     5.07   6.781  -0.0708
   43.9     5.08   6.821  -0.0670
   44.3     5.12   6.862  -0.0686
   44.6     5.10   6.903  -0.0675
   45.0     5.11   6.943  -0.0652
   45.3     5.14   6.984  -0.0689
   45.8     5.18   7.025  -0.0659
   46.2     5.22   7.067  -0.0659
   46.5     5.32   7.107  -0.0612
   47.0     5.35   7.147  -0.0627
   47.3     5.21   7.188  -0.0622
   47.8     5.34   7.229  -0.0620
   48.1     5.30   7.271  -0.0604
   48.4     5.29   7.312  -0.0623
   48.8     5.39   7.349  -0.0579
   49.2     5.40   7.388  -0.0595
   49.6     5.39   7.428  -0.0619
   49.9     5.46   7.467  -0.0650
   50.3     5.54   7.506  -0.0653
   50.7     5.46   7.549  -0.0694
   51.1     5.52   7.590  -0.0643
   51.5     5.50   7.631  -0.0751
   51.9     5.53   7.670  -0.0727
   52.3     5.63   7.710  -0.0679
   52.7     5.68   7.749  -0.0638
   53.1     5.66   7.788  -0.0615
   53.6     5.71   7.830  -0.0617
   53.9     5.76   7.871  -0.0594
   54.3     5.73   7.912  -0.0659
   54.8     5.73   7.954  -0.0667
   55.1     5.71   7.994  -0.0657
   55.6     5.83   8.033  -0.0679
   55.9     5.81   8.071  -0.0670
   56.4     5.82   8.113  -0.0669
   56.7     5.89   8.152  -0.0656
   57.1     5.89   8.192  -0.0684
   57.4     5.91   8.231  -0.0684
   57.8     5.83   8.271  -0.0687
   58.2     5.92   8.312  -0.0722
   58.7     5.98   8.353  -0.0804
   59.0     6.04   8.394  -0.0803
   59.4     6.01   8.432  -0.0842
   59.8     6.09   8.471  -0.0797
   60.3     6.12   8.510  -0.0809
   60.6     6.13   8.548  -0.0758
   61.0     6.11   8.588  -0.0760
   61.4     6.22   8.630  -0.0714
   61.9     6.22   8.673  -0.0761
   62.3     6.27   8.713  -0.0791
   62.8     6.40   8.752  -0.0680
   63.1     6.39   8.792  -0.0712
   63.5     6.35   8.835  -0.0717
   63.9     6.31   8.874  -0.0722
   64.3     6.31   8.911  -0.0620
   64.6     6.35   8.950  -0.0623
   65.1     6.32   8.990  -0.0574
   65.3     6.36   9.030  -0.0592
   65.9     6.45   9.071  -0.0629
   66.3     6.38   9.110  -0.0644
   66.5     6.31   9.148  -0.0637
   66.9     6.34   9.189  -0.0650
   67.3     6.26   9.229  -0.0674
   67.7     6.41   9.269  -0.0697
   68.1     6.36   9.310  -0.0687
   68.6     6.43   9.349  -0.0719
   69.1     6.52   9.389  -0.0714
   69.4     6.51   9.431  -0.0733
   69.8     6.49   9.468  -0.0785
   70.2     6.53   9.507  -0.0782
   70.6     6.48   9.547  -0.0799
   71.0     6.59   9.588  -0.0732
   71.4     6.53   9.628  -0.0709
   71.8     6.56   9.668  -0.0740
   72.3     6.57   9.708  -0.0706
   72.6     6.50   9.749  -0.0706
   73.0     6.51   9.787  -0.0709
   73.4     6.57   9.827  -0.0660
   73.9     6.52   9.868  -0.0642
   74.4     6.65   9.907  -0.0706
   74.7     6.61   9.947  -0.0714
   75.0     6.52   9.984  -0.0711
   75.3     6.46  10.024  -0.0692
   75.7     6.41  10.066  -0.0725
   76.1     6.37  10.109  -0.0692
   76.5     6.33  10.149  -0.0658
   76.9     6.27  10.190  -0.0671
   77.3     6.24  10.231  -0.0689
   77.7     6.23  10.272  -0.0702
   78.2     6.17  10.313  -0.0704
   78.6     6.20  10.353  -0.0721
   79.0     6.06  10.391  -0.0725
   79.4     6.08  10.432  -0.0774
   79.9     6.14  10.473  -0.0795
   80.2     6.05  10.512  -0.0802
   80.5     6.03  10.552  -0.0758
   81.1     5.98  10.591  -0.0764
   81.4     5.93  10.631  -0.0811
   81.8     5.99  10.671  -0.0798
   82.1     5.80  10.711  -0.0753
   82.6     5.79  10.750  -0.0807
   82.9     5.75  10.791  -0.0776
   83.3     5.66  10.833  -0.0798
   83.8     5.64  10.873  -0.0799
   84.2     5.60  10.913  -0.0767
   84.6     5.68  10.952  -0.0735
   85.0     5.49  10.991  -0.0748
   85.4     5.38  11.031  -0.0742
   85.9     5.47  11.071  -0.0736
   86.2     5.44  11.109  -0.0759
   86.6     5.30  11.150  -0.0779
   87.0     5.20  11.191  -0.0782
   87.5     5.22  11.232  -0.0789
   87.7     5.14  11.272  -0.0721
   88.2     5.10  11.312  -0.0760
   88.6     5.06  11.352  -0.0774
   89.0     4.92  11.393  -0.0746
   89.4     4.85  11.432  -0.0780
   89.9     4.83  11.473  -0.0793
   90.2     4.67  11.514  -0.0844
   90.6     4.49  11.553  -0.0841
   91.1     4.38  11.594  -0.0808
   91.4     4.30  11.634  -0.0793
   91.8     4.23  11.675  -0.0785
   92.2     4.16  11.715  -0.0748
   92.6     4.04  11.756  -0.0700
   93.1     3.91  11.798  -0.0754
   93.4     3.70  11.838  -0.0775
   93.8     3.58  11.880  -0.0671
   94.2     3.38  11.920  -0.0679
   94.7     3.22  11.960  -0.0677
   95.1     3.01  12.002  -0.0721
   95.4     2.86  12.042  -0.0744
   95.9     2.69  12.083  -0.0730
   96.3     2.51  12.125  -0.0762
   96.7     2.32  12.166  -0.0811
   97.0     2.16  12.208  -0.0883
   97.4     1.88  12.249  -0.0823
   97.8     1.71  12.289  -0.0813
   98.3     1.51  12.330  -0.0858
   98.7     1.20  12.369  -0.0830
   99.1     1.20  12.409  -0.0828
   99.6     1.08  12.449  -0.0830
   99.9     0.72  12.489  -0.0850
  100.2     0.48  12.530  -0.0783
  100.7     0.28  12.571  -0.0820
  101.2     0.15  12.611  -0.0800
  101.6    -0.08  12.651  -0.0874
  101.9    -0.39  12.693  -0.0881
  102.3    -0.61  12.732  -0.0894
  102.6    -0.92  12.771  -0.0885
  103.1    -1.07  12.812  -0.0861
  103.5    -1.31  12.852  -0.0861
  103.9    -1.55  12.892  -0.0801
  104.3    -1.79  12.935  -0.0844
  104.6    -2.15  12.976  -0.0846
  105.0    -2.39  13.016  -0.0845
  105.3    -2.75  13.055  -0.0894
  105.9    -2.81  13.095  -0.0861
  106.2    -3.05  13.134  -0.0880
  106.5    -3.38  13.173  -0.0859
  106.9    -3.67  13.214  -0.0825
  107.3    -4.01  13.255  -0.0805
  107.7    -4.21  13.295  -0.0895
  108.1    -4.40  13.336  -0.0995
  108.5    -4.68  13.375  -0.0946
  108.9    -4.94  13.412  -0.0982
  109.2    -5.21  13.452  -0.1014
  109.7    -5.29  13.490  -0.1042
  110.1    -5.50  13.529  -0.1024
  110.4    -5.80  13.567  -0.1026
  110.8    -6.04  13.607  -0.1054
  111.2    -6.20  13.649  -0.1077
  111.6    -6.53  13.692  -0.1068
  112.0    -6.83  13.733  -0.1101
  112.4    -7.04  13.773  -0.1107
  112.8    -7.28  13.813  -0.1106
  113.1    -7.60  13.854  -0.1131
  113.6    -7.77  13.894  -0.1182
  114.0    -8.04  13.933  -0.1216
  114.4    -8.33  13.973  -0.1141
  114.8    -8.55  14.015  -0.1090
  115.1    -8.80  14.055  -0.1080
  115.5    -9.13  14.094  -0.1104
  115.9    -9.36  14.134  -0.1088
  116.3    -9.58  14.175  -0.1146
  116.7    -9.83  14.216  -0.1249
  117.1   -10.07  14.257  -0.1220
  117.6   -10.29  14.299  -0.1209
  117.9   -10.50  14.339  -0.1171
  118.3   -10.76  14.382  -0.1195
  118.8   -11.00  14.422  -0.1201
  119.2   -11.26  14.462  -0.1199
  119.4   -11.53  14.504  -0.1211
  120.0   -11.71  14.547  -0.1223
  120.3   -11.98  14.591  -0.1243
  120.8   -12.12  14.633  -0.1297
  121.2   -12.37  14.676  -0.1283
  121.6   -12.52  14.722  -0.1249
  122.1   -12.75  14.765  -0.1299
  122.4   -12.96  14.804  -0.1322
  122.9   -13.14  14.844  -0.1336
  123.3   -13.18  14.883  -0.1307
  123.7   -13.38  14.926  -0.1309
  124.1   -13.49  14.966  -0.1311
  124.4   -13.64  15.007  -0.1301
  124.8   -13.75  15.050  -0.1316
  125.3   -13.73  15.092  -0.1308
  125.7   -13.90  15.135  -0.1345
  126.0   -14.05  15.174  -0.1363
  126.5   -14.07  15.214  -0.1373
  126.8   -14.11  15.254  -0.1331
  127.2   -14.13  15.294  -0.1384
  127.6   -14.16  15.336  -0.1396
  128.0   -14.06  15.375  -0.1453
  128.4   -13.99  15.417  -0.1458
  128.7   -14.00  15.459  -0.1479
  129.2   -13.92  15.498  -0.1500
  129.6   -13.73  15.540  -0.1449
  130.0   -13.62  15.581  -0.1479
  130.4   -13.44  15.620  -0.1468
  130.8   -13.24  15.659  -0.1418
  131.2   -13.07  15.701  -0.1439
  131.7   -12.88  15.741  -0.1442
  132.0   -12.66  15.783  -0.1487
  132.3   -12.49  15.824  -0.1484
  132.7   -12.31  15.864  -0.1480
  133.1   -12.11  15.904  -0.1483
  133.5   -11.91  15.943  -0.1488
  133.9   -11.72  15.985  -0.1491
  134.4   -11.47  16.025  -0.1511
  134.8   -11.25  16.065  -0.1535
  135.3   -10.94  16.106  -0.1531
  135.6   -10.95  16.148  -0.1498
  136.0   -10.80  16.187  -0.1532
  136.4   -10.60  16.228  -0.1535
  136.8   -10.40  16.267  -0.1522
  137.2   -10.29  16.309  -0.1491
  137.6   -10.14  16.352  -0.1579
  138.0    -9.95  16.394  -0.1548
  138.4    -9.76  16.436  -0.1573
  138.8    -9.64  16.476  -0.1577
  139.1    -9.46  16.521  -0.1597
  139.7    -9.22  16.561  -0.1635
  140.1    -9.06  16.602  -0.1630
  140.5    -8.92  16.642  -0.1616
  140.9    -8.65  16.682  -0.1665
  141.3    -8.55  16.723  -0.1609
  141.7    -8.22  16.765  -0.1597
  142.2    -7.99  16.808  -0.1584
  142.6    -7.74  16.851  -0.1628
  143.0    -7.52  16.893  -0.1625
  143.5    -7.27  16.933  -0.1617
  143.9    -7.05  16.974  -0.1649
  144.2    -6.83  17.014  -0.1634
  144.7    -6.58  17.054  -0.1657
  145.1    -6.36  17.095  -0.1624
  145.6    -6.12  17.137  -0.1677
  146.0    -5.88  17.180  -0.1707
  146.3    -5.60  17.221  -0.1693
  146.8    -5.41  17.263  -0.1715
  147.2    -5.21  17.302  -0.1756
  147.6    -4.99  17.341  -0.1687
  148.0    -4.68  17.381  -0.1634
  148.4    -4.57  17.422  -0.1663
  148.8    -4.39  17.463  -0.1602
  149.3    -4.11  17.504  -0.1623
  149.6    -4.02  17.547  -0.1654
  150.2    -3.74  17.587  -0.1622
  150.6    -3.52  17.626  -0.1640
  151.0    -3.33  17.668  -0.1652
  151.4    -3.17  17.707  -0.1653
  151.8    -3.06  17.747  -0.1668
  152.2    -2.85  17.788  -0.1686
  152.7    -2.68  17.829  -0.1647
  153.1    -2.51  17.872  -0.1654
  153.5    -2.35  17.913  -0.1674
  154.0    -2.21  17.955  -0.1689
  154.3    -2.07  17.996  -0.1696
  154.8    -1.93  18.037  -0.1704
  155.2    -1.82  18.077  -0.1707
  155.8    -1.60  18.116  -0.1781
  156.1    -1.61  18.156  -0.1772
  156.4    -1.45  18.197  -0.1715
  157.0    -1.41  18.237  -0.1757
  157.4    -1.33  18.277  -0.1762
  157.7    -1.29  18.320  -0.1732
  158.3    -1.24  18.360  -0.1706
  158.6    -1.20  18.400  -0.1735
  159.0    -1.15  18.440  -0.1768
  159.5    -1.25  18.482  -0.1771
  160.0    -1.22  18.523  -0.1751
  160.5    -1.17  18.566  -0.1798
  160.7    -1.24  18.605  -0.1767
  161.2    -1.33  18.648  -0.1790
  161.7    -1.44  18.690  -0.1783
  162.2    -1.51  18.729  -0.1793
  162.5    -1.70  18.768  -0.1772
  163.0    -1.85  18.812  -0.1784
  163.4    -2.04  18.852  -0.1796
  164.0    -2.22  18.893  -0.1802
  164.3    -2.39  18.934  -0.1824
  164.6    -2.58  18.974  -0.1892
  165.1    -2.72  19.017  -0.1906
  165.6    -2.98  19.058  -0.1923
  165.9    -3.22  19.096  -0.1866
  166.3    -3.44  19.137  -0.1884
  166.8    -3.66  19.180  -0.1883
  167.3    -3.81  19.220  -0.1889
  167.7    -4.06  19.260  -0.1886
  168.0    -4.28  19.302  -0.1957
  168.6    -4.45  19.342  -0.1944
  168.9    -4.76  19.385  -0.1896
  169.4    -4.96  19.424  -0.1907
  169.7    -5.21  19.463  -0.1896
  170.1    -5.44  19.504  -0.2031
  170.6    -5.66  19.543  -0.2055
  171.0    -5.89  19.585  -0.2047
  171.4    -6.08  19.627  -0.2039
  171.8    -6.27  19.665  -0.2047
  172.4    -6.51  19.706  -0.2039
  172.8    -6.71  19.748  -0.2060
  173.1    -6.96  19.788  -0.2101
  173.6    -7.15  19.830  -0.2099
  174.0    -7.41  19.871  -0.2148
  174.5    -7.55  19.913  -0.2100
  174.8    -7.85  19.954  -0.2079
  175.3    -8.12  19.995  -0.2102
  175.7    -8.20  20.034  -0.2135
  176.2    -8.43  20.078  -0.2128
  176.6    -8.69  20.120  -0.2113
  177.0    -8.89  20.160  -0.2118
  177.6    -9.07  20.199  -0.2177
  177.8    -9.22  20.238  -0.2207
  178.4    -9.34  20.279  -0.2207
  178.8    -9.56  20.319  -0.2182
  179.0    -9.79  20.359  -0.2193
  179.5    -9.97  20.401  -0.2160
  180.1   -10.14  20.444  -0.2141
  180.4   -10.30  20.486  -0.2145
  180.8   -10.56  20.528  -0.2187
  181.3   -10.81  20.570  -0.2212
  181.7   -11.00  20.612  -0.2170
  182.1   -11.07  20.652  -0.2187
  182.4   -11.30  20.691  -0.2081
  182.9   -11.47  20.733  -0.2037
  183.4   -11.64  20.777  -0.2047
  183.8   -11.83  20.818  -0.2057
  184.3   -11.89  20.859  -0.2059
  184.7   -11.98  20.899  -0.2092
  185.2   -12.23  20.938  -0.2099
  185.4   -12.35  20.980  -0.2084
  186.0   -12.46  21.019  -0.2093
  186.4   -12.54  21.058  -0.2100
  186.8   -12.60  21.099  -0.2134
  187.2   -12.72  21.142  -0.2148
  187.6   -12.86  21.183  -0.2146
  188.1   -12.96  21.224  -0.2127
  188.5   -12.90  21.266  -0.2178
  188.9   -13.06  21.307  -0.2196
  189.3   -13.17  21.348  -0.2230
  189.7   -13.22  21.389  -0.2192
  190.0   -13.40  21.431  -0.2174
  190.5   -13.32  21.474  -0.2172
  190.9   -13.40  21.518  -0.2177
  191.4   -13.42  21.558  -0.2157
  191.7   -13.42  21.598  -0.2178
  192.1   -13.50  21.637  -0.2161
  192.7   -13.44  21.679  -0.2171
  193.1   -13.38  21.721  -0.2185
  193.4   -13.51  21.761  -0.2218
  193.9   -13.46  21.804  -0.2223
  194.3   -13.51  21.845  -0.2168
  194.6   -13.47  21.885  -0.2166
  195.2   -13.37  21.928  -0.2183
  195.6   -13.28  21.970  -0.2163
  196.0   -13.18  22.011  -0.2173
  196.4   -13.11  22.051  -0.2210
  196.8   -12.96  22.089  -0.2245
  197.2   -12.90  22.132  -0.2235
  197.7   -12.70  22.174  -0.2251
  198.1   -12.52  22.216  -0.2277
  198.4   -12.39  22.257  -0.2276
  198.9   -12.32  22.297  -0.2280
  199.4   -12.12  22.337  -0.2300
  199.8   -11.91  22.379  -0.2309
  200.3   -11.75  22.422  -0.2322
  200.7   -11.61  22.463  -0.2316
  201.1   -11.49  22.503  -0.2311
  201.5   -11.26  22.544  -0.2300
  201.9   -11.09  22.586  -0.2332
  202.3   -10.87  22.626  -0.2337
  202.8   -10.74  22.666  -0.2339
  203.2   -10.52  22.705  -0.2371
  203.6   -10.37  22.746  -0.2322
  204.1   -10.08  22.788  -0.2252
  204.4    -9.88  22.829  -0.2301
  204.9    -9.71  22.871  -0.2317
  205.5    -9.44  22.914  -0.2306
  205.8    -9.22  22.956  -0.2317
  206.2    -9.06  22.998  -0.2274
  206.7    -8.78  23.037  -0.2231
  207.1    -8.61  23.079  -0.2251
  207.5    -8.47  23.121  -0.2290
  207.9    -8.31  23.160  -0.2253
  208.3    -8.02  23.200  -0.2276
  208.8    -7.88  23.241  -0.2332
  209.2    -7.61  23.281  -0.2300
  209.6    -7.38  23.322  -0.2302
  210.1    -7.23  23.362  -0.2317
  210.4    -6.95  23.404  -0.2270
  210.8    -6.82  23.444  -0.2235
  211.4    -6.55  23.485  -0.2276
  211.8    -6.23  23.525  -0.2225
  212.2    -6.14  23.567  -0.2186
  212.7    -5.93  23.607  -0.2253
  213.1    -5.69  23.650  -0.2238
  213.5    -5.48  23.692  -0.2250
  213.9    -5.35  23.731  -0.2278
  214.3    -5.17  23.774  -0.2315
  214.9    -4.88  23.816  -0.2318
  215.3    -4.62  23.857  -0.2342
  215.7    -4.42  23.898  -0.2334
  216.1    -4.30  23.937  -0.2401
  216.5    -4.12  23.979  -0.2314
  217.0    -3.88  24.022  -0.2325
  217.5    -3.67  24.064  -0.2327
  217.9    -3.48  24.105  -0.2301
  218.4    -3.26  24.148  -0.2401
  218.8    -3.06  24.189  -0.2374
  219.3    -2.89  24.229  -0.2311
  219.7    -2.69  24.270  -0.2293
  220.1    -2.50  24.310  -0.2329
  220.5    -2.32  24.352  -0.2317
  220.9    -2.17  24.395  -0.2348
  221.4    -1.93  24.435  -0.2378
  221.7    -1.79  24.475  -0.2322
  222.3    -1.59  24.515  -0.2388
  222.6    -1.46  24.557  -0.2450
  223.2    -1.26  24.597  -0.2392
  223.4    -1.09  24.637  -0.2405
  223.9    -0.86  24.678  -0.2363
  224.4    -0.73  24.721  -0.2335
  224.9    -0.55  24.761  -0.2314
  225.3    -0.42  24.801  -0.2405
  225.7    -0.16  24.842  -0.2323
  226.2    -0.02  24.883  -0.2351
  226.6     0.11  24.924  -0.2365
  226.9     0.14  24.965  -0.2316
  227.3     0.32  25.005  -0.2395
  227.8     0.51  25.048  -0.2366
  228.2     0.59  25.090  -0.2386
  228.7     0.70  25.129  -0.2362
  229.1     0.90  25.170  -0.2357
  229.6     0.94  25.210  -0.2298
  230.1     1.12  25.250  -0.2274
  230.4     1.27  25.292  -0.2350
  230.9     1.36  25.332  -0.2442
  231.4     1.58  25.373  -0.2422
  231.8     1.60  25.416  -0.2409
  232.2     1.73  25.457  -0.2421
  232.5     1.80  25.500  -0.2306
  233.0     1.92  25.540  -0.2170
  233.5     2.01  25.580  -0.2177
  234.0     2.16  25.622  -0.2185
  234.5     2.23  25.664  -0.2169
  234.9     2.32  25.703  -0.2241
  235.3     2.40  25.746  -0.2228
  235.7     2.43  25.788  -0.2229
  236.2     2.61  25.829  -0.2138
  236.6     2.65  25.870  -0.2175
  237.1     2.70  25.910  -0.2175
  237.5     2.74  25.950  -0.2315
  237.8     2.84  25.992  -0.2436
  238.3     2.94  26.034  -0.2409
  238.8     3.04  26.076  -0.2417
  239.2     3.01  26.118  -0.2389
  239.6     3.08  26.158  -0.2374
  240.0     3.14  26.200  -0.2430
  240.4     3.27  26.241  -0.2449
  241.0     3.33  26.281  -0.2448
  241.4     3.45  26.322  -0.2377
  241.9     3.49  26.364  -0.2406
  242.3     3.48  26.404  -0.2467
  242.7     3.55  26.446  -0.2433
  243.2     3.64  26.491  -0.2373
  243.6     3.59  26.533  -0.2483
  244.1     3.73  26.573  -0.2437
  244.4     3.68  26.614  -0.2485
  244.8     3.73  26.656  -0.2463
  245.4     3.83  26.697  -0.2469
  245.8     3.84  26.738  -0.2472
  246.2     3.89  26.778  -0.2447
  246.7     3.95  26.820  -0.2443
  247.1     4.01  26.861  -0.2681
  247.5     4.16  26.904  -0.2555
  248.0     4.07  26.947  -0.2575
  248.4     4.15  26.989  -0.2557
  248.9     4.15  27.029  -0.3035
  249.4     4.13  27.070  -0.3136
  249.7     4.21  27.111  -0.2970
  250.2     4.20  27.151  -0.2797
  250.6     4.21  27.192  -0.2842
  251.0     4.37  27.235  -0.3038
  251.5     4.32  27.277  -0.3069
  252.0     4.35  27.317  -0.3064
  252.3     4.32  27.359  -0.3684
  252.8     4.36  27.399  -0.3400
  253.2     4.39  27.439  -0.3596
  253.6     4.43  27.479  -0.3796
  254.1     4.42  27.521  -0.3871
  254.4     4.40  27.563  -0.3822
  254.9     4.45  27.605  -0.3791
  255.3     4.47  27.647  -0.4030
  255.7     4.41  27.689  -0.3954
  256.2     4.54  27.731  -0.3927
  256.7     4.47  27.773  -0.3969
  257.0     4.52  27.813  -0.3942
  257.5     4.54  27.854  -0.3987
  257.9     4.55  27.896  -0.3849
  258.3     4.47  27.939  -0.3835
  258.8     4.54  27.981  -0.3721
  259.2     4.53  28.021  -0.3648
  259.7     4.63  28.063  -0.3732
  260.2     4.64  28.103  -0.3898
  260.6     4.76  28.142  -0.3903
  260.9     4.70  28.184  -0.4025
  261.5     4.78  28.226  -0.4050
  261.9     4.72  28.268  -0.3959
  262.4     4.82  28.309  -0.3793
  262.8     4.79  28.348  -0.3789
  263.3     4.82  28.389  -0.3779
  263.7     4.79  28.431  -0.3941
  264.2     4.89  28.473  -0.4450
  264.6     4.89  28.514  -0.4417
  265.1     4.98  28.557  -0.4383
  265.5     4.84  28.598  -0.4400
  266.0     4.96  28.639  -0.4328
  266.4     4.86  28.680  -0.4330
  266.9     4.89  28.719  -0.4346
  267.2     4.73  28.761  -0.4374
  267.6     4.80  28.802  -0.4312
  268.0     4.84  28.843  -0.4411
  268.5     4.84  28.885  -0.4496
  269.0     4.84  28.926  -0.4636
  269.5     4.88  28.966  -0.4683
  269.8     4.91  29.008  -0.4662
  270.3     4.90  29.048  -0.4591
  270.7     4.91  29.087  -0.4565
  271.1     4.85  29.127  -0.4727
  271.5     4.88  29.167  -0.4679
  272.0     4.87  29.207  -0.4532
  272.3     4.88  29.247  -0.4512
  272.9     4.94  29.288  -0.4520
  273.2     4.86  29.330  -0.4577
  273.7     4.84  29.372  -0.4725
  274.1     4.85  29.410  -0.4738
  274.6     4.91  29.451  -0.4750
  274.9     4.87  29.493  -0.4671
  275.4     4.90  29.534  -0.4651
  275.9     4.90  29.576  -0.4741
  276.3     4.82  29.615  -0.4709
  276.7     4.80  29.655  -0.4704
  277.1     4.81  29.696  -0.4625
  277.5     4.74  29.737  -0.4583
  277.9     4.72  29.777  -0.4505
  278.3     4.59  29.819  -0.4605
  278.8     4.64  29.859  -0.4546
  279.2     4.67  29.901  -0.4598
  279.6     4.64  29.941  -0.4635
  280.1     4.70  29.981  -0.4596
  280.5     4.60  30.024  -0.4628
  281.0     4.64  30.067  -0.4650
  281.4     4.65  30.107  -0.4716
  281.8     4.57  30.147  -0.4723
  282.2     4.69  30.188  -0.4803
  282.7     4.68  30.227  -0.4772
  283.1     4.63  30.268  -0.4768
  283.6     4.57  30.310  -0.4751
  284.0     4.68  30.352  -0.4645
  284.5     4.63  30.394  -0.4692
  284.8     4.63  30.435  -0.4502
  285.3     4.60  30.475  -0.4516
  285.6     4.56  30.519  -0.4608
  286.2     4.62  30.558  -0.4678
  286.6     4.70  30.601  -0.4738
  287.0     4.63  30.641  -0.4718
  287.5     4.63  30.680  -0.4686
  288.0     4.73  30.721  -0.4740
  288.5     4.72  30.764  -0.4763
  289.0     4.79  30.805  -0.4736
  289.3     4.66  30.848  -0.4785
  289.7     4.59  30.889  -0.4719
  290.3     4.74  30.928  -0.4851
  290.6     4.76  30.970  -0.4880
  291.1     4.72  31.010  -0.4856
  291.5     4.74  31.050  -0.4885
  291.9     4.69  31.091  -0.4945
  292.3     4.65  31.133  -0.4854
  292.8     4.62  31.172  -0.4868
  293.1     4.52  31.213  -0.4873
  293.5     4.56  31.253  -0.4863
  293.9     4.52  31.294  -0.4897
  294.2     4.46  31.335  -0.4952
  294.6     4.38  31.375  -0.4963
  295.0     4.33  31.417  -0.4941
  295.4     4.28  31.460  -0.4902
  295.9     4.30  31.505  -0.4802
  296.4     4.27  31.545  -0.4834
  296.7     4.21  31.587  -0.4963
  297.2     4.25  31.628  -0.4954
  297.6     4.17  31.670  -0.4944
  298.1     4.22  31.711  -0.4951
  298.5     4.26  31.753  -0.4909
  299.0     4.25  31.793  -0.4958
  299.3     4.26  31.834  -0.4954
  299.8     4.31  31.877  -0.4962
  300.3     4.31  31.920  -0.4966
  300.7     4.16  31.959  -0.5012
  301.0     4.19  32.000  -0.4955
  301.5     4.22  32.042  -0.4969
  301.9     4.17  32.083  -0.5006
  302.4     4.21  32.123  -0.5124
  302.9     4.20  32.165  -0.5100
  303.2     4.18  32.209  -0.5117
  303.8     4.24  32.249  -0.5129
  304.2     4.22  32.288  -0.5194
  304.6     4.27  32.328  -0.5306
  305.1     4.37  32.368  -0.5361
  305.5     4.29  32.410  -0.5421
  305.9     4.31  32.451  -0.5442
  306.4     4.30  32.489  -0.5448
  306.9     4.47  32.530  -0.5436
  307.3     4.48  32.572  -0.5500
  307.6     4.31  32.613  -0.5414
  308.1     4.27  32.654  -0.5490
  308.6     4.31  32.693  -0.5500
  309.0     4.19  32.732  -0.5447
  309.3     4.21  32.771  -0.5430
  309.7     4.09  32.812  -0.5467
  310.2     4.25  32.855  -0.5514
  310.4     4.19  32.897  -0.5462
  310.9     4.04  32.939  -0.5437
  311.3     4.08  32.980  -0.5395
  311.8     4.04  33.020  -0.5438
  312.1     4.01  33.063  -0.5428
  312.6     3.99  33.105  -0.5557
  313.0     3.99  33.146  -0.5601
  313.4     3.97  33.187  -0.5630
  313.8     4.01  33.228  -0.5689
  314.3     3.93  33.271  -0.5622
  314.8     3.98  33.312  -0.5605
  315.2     3.99  33.350  -0.5653
  315.6     3.91  33.393  -0.5716
  316.0     4.00  33.434  -0.5623
  316.5     3.98  33.475  -0.5723
  316.9     3.93  33.514  -0.5728
  317.3     3.94  33.556  -0.5780
  317.8     3.97  33.598  -0.5749
  318.3     3.93  33.642  -0.5685
  318.7     3.94  33.684  -0.5775
  319.2     3.96  33.725  -0.5832
  319.5     3.93  33.768  -0.5790
  320.0     3.96  33.807  -0.5803
  320.4     3.82  33.850  -0.5628
  320.8     3.83  33.891  -0.5651
  321.3     3.79  33.930  -0.5705
  321.7     3.87  33.972  -0.5550
  322.2     3.81  34.015  -0.5597
  322.6     3.87  34.056  -0.5572
  323.0     3.82  34.099  -0.5323
  323.5     3.89  34.143  -0.5318
  324.0     3.80  34.185  -0.5367
  324.4     3.77  34.229  -0.5341
  324.8     3.81  34.271  -0.5356
  325.3     3.72  34.316  -0.5416
  325.7     3.73  34.359  -0.5537
  326.2     3.78  34.399  -0.5531
  326.6     3.72  34.442  -0.5470
  327.2     3.75  34.484  -0.5517
  327.6     3.68  34.526  -0.5615
  328.0     3.70  34.567  -0.5611
  328.4     3.65  34.607  -0.5612
  328.8     3.68  34.648  -0.5465
  329.3     3.72  34.691  -0.5459
  329.6     3.64  34.732  -0.5482
  330.1     3.63  34.775  -0.5284
  330.6     3.74  34.817  -0.5509
  331.1     3.67  34.859  -0.5794
  331.6     3.73  34.901  -0.5938
  332.0     3.65  34.942  -0.5906
  332.3     3.66  34.985  -0.5711
  332.9     3.82  35.028  -0.5635
  333.4     3.70  35.069  -0.5725
  333.8     3.63  35.108  -0.5885
  334.2     3.73  35.150  -0.5771
  334.6     3.66  35.190  -0.5751
  335.1     3.67  35.230  -0.5742
  335.6     3.68  35.272  -0.5784
  335.9     3.64  35.312  -0.5667
  336.3     3.58  35.353  -0.5853
  336.8     3.55  35.395  -0.5881
  337.2     3.66  35.436  -0.5824
  337.6     3.54  35.478  -0.5798
  338.1     3.59  35.520  -0.5883
  338.5     3.57  35.559  -0.5741
  338.8     3.51  35.601  -0.5859
  339.4     3.47  35.642  -0.5909
  339.8     3.60  35.681  -0.5568
  340.3     3.58  35.726  -0.5512
  340.8     3.53  35.769  -0.5454
  341.2     3.53  35.809  -0.5520
  341.6     3.56  35.849  -0.5334
  342.2     3.50  35.890  -0.5397
  342.5     3.55  35.932  -0.5377
  342.9     3.53  35.972  -0.5379
  343.4     3.52  36.011  -0.5483
  343.9     3.54  36.053  -0.5876
  344.3     3.51  36.095  -0.5700
  344.7     3.54  36.136  -0.5703
  345.2     3.46  36.178  -0.5758
  345.5     3.49  36.220  -0.5684
  345.9     3.47  36.259  -0.5587
  346.3     3.53  36.300  -0.5678
  346.7     3.46  36.340  -0.5850
  347.3     3.43  36.381  -0.5887
  347.6     3.41  36.424  -0.5617
  348.1     3.44  36.466  -0.5563
  348.6     3.41  36.510  -0.5578
  348.9     3.40  36.548  -0.5654
  349.4     3.44  36.589  -0.5694
  349.8     3.39  36.630  -0.5707
  350.2     3.41  36.672  -0.5682
  350.6     3.36  36.714  -0.5676
  351.1     3.39  36.754  -0.5637
  351.5     3.38  36.795  -0.5600
  351.9     3.32  36.836  -0.5588
  352.3     3.30  36.878  -0.5534
  352.7     3.28  36.919  -0.5528
  353.2     3.32  36.959  -0.5618
  353.6     3.34  37.000  -0.5690
  353.9     3.28  37.040  -0.5752
  354.4     3.36  37.082  -0.5749
  354.9     3.34  37.126  -0.5521
  355.3     3.34  37.169  -0.5501
  355.7     3.31  37.212  -0.5366
  356.2     3.30  37.251  -0.5285
  356.6     3.31  37.291  -0.5325
  357.0     3.27  37.334  -0.5518
  357.5     3.26  37.374  -0.5601
  357.8     3.23  37.414  -0.5523
  358.2     3.24  37.455  -0.5448
  358.7     3.31  37.496  -0.5470
  359.1     3.21  37.539  -0.5533
  359.5     3.20  37.582  -0.5547
  359.9     3.14  37.622  -0.5562
  360.3     3.17  37.662  -0.5457
  360.8     3.20  37.703  -0.5393
  361.2     3.20  37.743  -0.5468
  361.5     3.18  37.783  -0.5469
  362.0     3.14  37.824  -0.5470
  362.3     3.11  37.867  -0.5500
  362.9     3.11  37.911  -0.5613
  363.3     3.14  37.952  -0.5810
  363.7     3.13  37.991  -0.5941
  364.2     3.12  38.032  -0.5854
  364.6     3.09  38.074  -0.5670
  365.2     3.14  38.117  -0.5581
  365.4     3.18  38.159  -0.5449
  365.8     3.05  38.200  -0.5483
  366.3     3.10  38.242  -0.6042
  366.8     3.04  38.283  -0.6139
  367.2     3.01  38.325  -0.6100
  367.6     3.06  38.366  -0.5986
  368.0     3.09  38.409  -0.5956
  368.6     3.07  38.450  -0.5850
  368.9     3.10  38.490  -0.5787
  369.3     3.11  38.531  -0.5714
  369.7     3.05  38.571  -0.5805
  370.1     3.14  38.613  -0.5884
  370.6     3.04  38.655  -0.5822
  371.1     3.05  38.696  -0.5483
  371.5     3.06  38.738  -0.5422
  371.9     3.01  38.779  -0.5525
  372.3     3.09  38.820  -0.5415
  372.8     2.98  38.861  -0.5472
  373.1     2.98  38.901  -0.5582
  373.6     2.97  38.943  -0.5542
  374.0     2.95  38.984  -0.5533
  374.4     2.97  39.024  -0.5915
  374.9     2.97  39.065  -0.5894
  375.2     2.94  39.105  -0.6026
  375.6     2.92  39.145  -0.5869
  376.1     2.99  39.187  -0.5647
  376.6     2.95  39.228  -0.5743
  376.8     2.96  39.268  -0.5568
  377.4     3.06  39.311  -0.5643
  377.8     2.97  39.352  -0.5878
  378.2     2.98  39.391  -0.6006
  378.6     2.90  39.431  -0.5635
  378.9     2.89  39.474  -0.5514
  379.4     2.94  39.512  -0.5576
  379.8     2.94  39.553  -0.5446
  380.3     2.87  39.592  -0.5481
  380.7     2.92  39.633  -0.5542
  381.1     2.87  39.675  -0.5701
  381.4     2.84  39.716  -0.5725
  381.9     2.82  39.757  -0.5685
  382.3     2.86  39.800  -0.5722
  382.8     2.89  39.839  -0.5625
  383.3     2.95  39.881  -0.5691
  383.6     2.84  39.922  -0.5855
  384.0     2.83  39.963  -0.5879
  384.5     2.89  40.006  -0.6021
  384.9     2.84  40.048  -0.5866
  385.3     2.83  40.091  -0.5484
  385.7     2.91  40.132  -0.5754
  386.2     2.79  40.173  -0.5783
  386.6     2.82  40.214  -0.5797
  387.1     2.82  40.255  -0.5807
  387.4     2.86  40.295  -0.5679
  387.9     2.83  40.337  -0.5626
  388.3     2.80  40.379  -0.5558
  388.7     2.83  40.420  -0.5300
  389.0     2.75  40.462  -0.5446
  389.5     2.83  40.504  -0.5594
  390.0     2.79  40.544  -0.5484
  390.3     2.83  40.587  -0.5512
  390.8     2.80  40.627  -0.5929
  391.1     2.79  40.668  -0.5995
  391.6     2.72  40.711  -0.5863
  392.1     2.78  40.756  -0.6039
  392.5     2.76  40.798  -0.6135
  392.9     2.70  40.839  -0.6056
  393.3     2.73  40.880  -0.5894
  393.8     2.70  40.924  -0.6031
  394.1     2.67  40.963  -0.6062
  394.6     2.69  41.001  -0.5867
  395.0     2.69  41.040  -0.5929
  395.4     2.64  41.081  -0.5888
  395.8     2.62  41.123  -0.5919
  396.2     2.66  41.164  -0.5986
  396.6     2.70  41.207  -0.6156
  396.9     2.62  41.245  -0.6152
  397.4     2.57  41.286  -0.6226
  397.9     2.61  41.328  -0.6463
  398.2     2.58  41.369  -0.6445
  398.7     2.63  41.410  -0.6410
  399.1     2.57  41.453  -0.6371
  399.6     2.72  41.495  -0.6297
  399.9     2.56  41.534  -0.6274
  400.3     2.60  41.573  -0.6289
  400.7     2.59  41.616  -0.6270
  401.2     2.61  41.656  -0.6290
  401.6     2.70  41.697  -0.6306
  402.1     2.65  41.738  -0.6279
  402.5     2.64  41.779  -0.6260
  402.9     2.56  41.819  -0.6257
  403.3     2.56  41.862  -0.6277
  403.8     2.62  41.902  -0.6307
  404.1     2.54  41.944  -0.6279
  404.6     2.57  41.987  -0.6187
  405.0     2.54  42.030  -0.6238
  405.4     2.55  42.073  -0.6217
  405.9     2.54  42.114  -0.6169
  406.4     2.52  42.156  -0.6162
  406.8     2.62  42.199  -0.6128
  407.4     2.56  42.240  -0.6278
  407.6     2.50  42.279  -0.6294
  408.0     2.60  42.322  -0.6282
  408.6     2.56  42.364  -0.6318
  409.0     2.54  42.405  -0.6292
  409.3     2.50  42.445  -0.6304
  409.7     2.55  42.486  -0.6374
  410.2     2.53  42.526  -0.6417
  410.6     2.49  42.569  -0.6427
  411.1     2.61  42.609  -0.6501
  411.5     2.57  42.650  -0.6471
  412.0     2.53  42.691  -0.6438
  412.3     2.49  42.732  -0.6354
  412.7     2.59  42.772  -0.6312
  413.2     2.53  42.813  -0.6361
  413.5     2.49  42.856  -0.6322
  414.0     2.48  42.898  -0.6328
  414.4     2.55  42.940  -0.6283
  414.8     2.50  42.981  -0.6206
  415.3     2.54  43.020  -0.6275
  415.8     2.53  43.061  -0.6254
  416.1     2.46  43.102  -0.6224
  416.5     2.41  43.143  -0.6335
  416.9     2.52  43.183  -0.6392
  417.4     2.49  43.223  -0.6389
  417.8     2.45  43.267  -0.6430
  418.2     2.51  43.307  -0.6448
  418.7     2.49  43.345  -0.6425
  419.0     2.51  43.386  -0.6432
  419.5     2.44  43.428  -0.6443
  419.8     2.44  43.470  -0.6389
  420.2     2.42  43.510  -0.6431
  420.7     2.42  43.553  -0.6461
  421.2     2.44  43.597  -0.6581
  421.7     2.53  43.640  -0.6605
  422.1     2.45  43.681  -0.6579
  422.5     2.41  43.722  -0.6547
  422.9     2.40  43.764  -0.6493
  423.2     2.38  43.804  -0.6443
  423.6     2.36  43.844  -0.6308
  424.1     2.36  43.885  -0.6424
  424.5     2.37  43.926  -0.6507
  425.0     2.36  43.967  -0.6469
  425.3     2.43  44.007  -0.6617
  425.8     2.38  44.052  -0.6622
  426.3     2.41  44.094  -0.6617
  426.6     2.41  44.135  -0.6577
  427.1     2.42  44.176  -0.6562
  427.5     2.37  44.218  -0.6486
  427.9     2.37  44.260  -0.6509
  428.4     2.31  44.303  -0.6420
  428.8     2.38  44.345  -0.6533
  429.3     2.42  44.385  -0.6554
  429.7     2.36  44.426  -0.6604
  430.1     2.37  44.466  -0.6675
  430.6     2.34  44.507  -0.6600
  430.9     2.41  44.548  -0.6478
  431.3     2.39  44.590  -0.6521
  431.9     2.40  44.633  -0.6518
  432.2     2.31  44.675  -0.6559
  432.6     2.36  44.715  -0.6596
  433.0     2.35  44.756  -0.5969
  433.5     2.36  44.798  -0.5598
  433.9     2.37  44.838  -0.5592
  434.3     2.37  44.880  -0.5445
  434.8     2.30  44.922  -0.5465
  435.2     2.32  44.964  -0.6550
  435.6     2.35  45.007  -0.6535
  436.1     2.41  45.050  -0.6257
  436.5     2.34  45.091  -0.6159
  436.9     2.33  45.129  -0.6283
  437.3     2.34  45.170  -0.6271
  437.7     2.35  45.210  -0.6233
  438.1     2.33  45.253  -0.6266
  438.6     2.35  45.294  -0.6248
  438.9     2.29  45.336  -0.6288
  439.3     2.28  45.376  -0.5998
  439.8     2.30  45.418  -0.5670
  440.2     2.31  45.460  -0.5654
  440.5     2.27  45.499  -0.6113
  440.9     2.25  45.538  -0.6355
  441.4     2.23  45.580  -0.6539
  441.8     2.21  45.620  -0.6603
  442.2     2.23  45.660  -0.6553
  442.6     2.33  45.703  -0.6610
  443.0     2.20  45.747  -0.6718
  443.5     2.21  45.788  -0.6706
  443.9     2.28  45.829  -0.6721
  444.3     2.28  45.868  -0.6677
  444.7     2.17  45.908  -0.6702
  445.1     2.18  45.949  -0.6743
  445.5     2.20  45.990  -0.6810
  446.0     2.31  46.031  -0.7016
  446.3     2.21  46.072  -0.7051
  446.8     2.15  46.113  -0.7077
  447.1     2.19  46.155  -0.7091
  447.6     2.14  46.195  -0.7030
  448.1     2.23  46.236  -0.6975
  448.4     2.18  46.276  -0.6980
  448.8     2.24  46.317  -0.6980
  449.2     2.17  46.357  -0.7041
  449.6     2.23  46.400  -0.6951
  450.1     2.22  46.442  -0.7006
  450.6     2.18  46.485  -0.7026
  450.9     2.17  46.524  -0.7025
  451.4     2.16  46.565  -0.6994
  451.8     2.29  46.606  -0.6946
  452.2     2.23  46.649  -0.6913
  452.6     2.17  46.690  -0.6798
  452.9     2.16  46.729  -0.6758
  453.4     2.17  46.770  -0.6773
  453.8     2.16  46.810  -0.6916
  454.3     2.18  46.852  -0.6954
  454.7     2.13  46.893  -0.6917
  455.0     2.12  46.933  -0.6983
  455.5     2.13  46.975  -0.6963
  455.8     2.10  47.015  -0.6974
  456.2     2.09  47.055  -0.6889
  456.6     2.09  47.097  -0.6924
  457.0     2.14  47.139  -0.6990
  457.6     2.04  47.182  -0.6938
  458.0     2.13  47.225  -0.6832
  458.4     2.13  47.264  -0.6917
  458.8     2.09  47.305  -0.6914
  459.2     2.06  47.346  -0.6817
  459.6     2.07  47.386  -0.6857
  460.0     2.03  47.426  -0.7012
  460.4     2.08  47.467  -0.7017
  460.8     2.09  47.507  -0.7011
  461.3     2.09  47.550  -0.7042
  461.7     2.14  47.590  -0.7097
  462.0     2.08  47.630  -0.7096
  462.4     2.13  47.670  -0.7102
  462.9     2.05  47.710  -0.7031
  463.4     2.14  47.750  -0.7027
  463.7     2.04  47.792  -0.7102
  464.1     2.09  47.833  -0.7206
  464.5     2.11  47.874  -0.7219
  465.0     2.09  47.919  -0.7228
  465.3     2.05  47.959  -0.7199
  465.8     2.08  48.000  -0.7152
  466.3     2.12  48.042  -0.6929
  466.7     2.09  48.082  -0.6971
  467.1     2.14  48.123  -0.6997
  467.5     2.09  48.164  -0.7050
  467.8     2.15  48.204  -0.7037
  468.3     2.08  48.246  -0.7132
  468.7     2.17  48.286  -0.7273
  469.0     2.08  48.327  -0.7279
  469.6     2.11  48.369  -0.7177
  469.9     2.04  48.411  -0.7169
  470.3     2.09  48.449  -0.7162
  470.8     2.11  48.491  -0.7231
  471.2     2.16  48.533  -0.7162
  471.5     2.09  48.574  -0.7171
  472.0     2.00  48.618  -0.7217
  472.5     2.02  48.659  -0.7204
  472.9     2.10  48.699  -0.7231
  473.3     2.10  48.740  -0.7183
  473.7     2.02  48.780  -0.7183
  474.1     2.01  48.820  -0.7211
  474.5     2.04  48.861  -0.7275
  474.8     2.02  48.901  -0.7269
  475.3     2.03  48.945  -0.7224
  475.7     2.02  48.986  -0.7239
  476.1     2.06  49.026  -0.7216
  476.6     2.00  49.068  -0.7185
  476.9     2.05  49.108  -0.7180
  477.3     2.01  49.150  -0.7186
  477.8     1.99  49.192  -0.7262
  478.2     2.04  49.233  -0.7207
  478.7     2.04  49.273  -0.7036
  479.0     1.98  49.316  -0.7073
  479.4     2.03  49.359  -0.7144
  479.9     2.06  49.398  -0.7046
  480.3     2.01  49.439  -0.7029
  480.7     2.03  49.480  -0.7027
  481.1     1.99  49.521  -0.6991
  481.5     2.00  49.562  -0.7014
  481.9     2.02  49.604  -0.7095
  482.4     2.04  49.646  -0.7107
  482.8     1.96  49.689  -0.7137
  483.2     1.95  49.731  -0.7132
  483.5     2.05  49.771  -0.7136
  484.0     1.90  49.811  -0.7174
  484.2     1.92  49.854  -0.7138
  484.5     1.89  49.896  -0.7097
  485.1     1.88  49.938  -0.7088
  485.5     1.87  49.984  -0.7124
  486.0     1.93  50.027  -0.7220
  486.5     1.94  50.072  -0.7192
  486.8     1.89  50.115  -0.7186
  487.4     1.89  50.159  -0.7194
  487.8     1.90  50.203  -0.7236
  488.2     1.86  50.247  -0.7183
  488.7     1.88  50.291  -0.7193
  489.2     1.90  50.336  -0.7111
  489.6     1.90  50.379  -0.7099
  490.0     1.89  50.423  -0.7051
  490.4     1.88  50.466  -0.7142
  490.8     1.92  50.508  -0.7136
  491.3     1.85  50.553  -0.7234
  491.7     1.88  50.597  -0.7206
  492.2     1.85  50.640  -0.7319
  492.6     1.89  50.684  -0.7247
  493.0     1.88  50.728  -0.7283
  493.5     1.84  50.771  -0.7242
  493.9     1.88  50.814  -0.7288
  494.3     1.89  50.856  -0.7229
  494.7     1.90  50.900  -0.7247
  495.2     1.86  50.944  -0.7177
  495.6     1.83  50.987  -0.7165
  496.1     1.90  51.032  -0.7295
  496.5     1.84  51.076  -0.7275
  497.0     1.92  51.120  -0.7314
  497.4     1.91  51.165  -0.7311
  497.8     1.91  51.208  -0.7290
  498.3     1.90  51.254  -0.7232
  498.8     1.95  51.300  -0.7016
  499.3     1.90  51.342  -0.6876
  499.7     1.91  51.387  -0.6985
  500.1     1.94  51.431  -0.7049
  500.5     1.93  51.476  -0.6872
  501.0     1.89  51.521  -0.6878
  501.3     1.96  51.564  -0.7066
  501.9     1.97  51.609  -0.7147
  502.3     1.87  51.654  -0.7167
  502.7     1.89  51.696  -0.7110
  503.2     1.83  51.740  -0.7180
  503.6     1.88  51.782  -0.7165
  504.0     1.82  51.825  -0.7101
  504.5     1.92  51.870  -0.7093
  504.9     1.92  51.912  -0.7102
  505.3     1.90  51.955  -0.7071
  505.7     1.88  51.996  -0.7112
  506.0     1.81  52.037  -0.7144
  506.4     1.75  52.077  -0.7102
  506.9     1.90  52.119  -0.7046
  507.3     1.81  52.164  -0.7061
  507.7     1.92  52.206  -0.7030
  508.2     1.83  52.245  -0.7133
  508.5     1.85  52.286  -0.7122
  508.9     1.85  52.327  -0.7133
  509.3     1.83  52.368  -0.7153
  509.7     1.83  52.409  -0.7177
  510.2     1.84  52.450  -0.7113
  510.5     1.81  52.489  -0.7119
  510.9     1.84  52.533  -0.7117
  511.4     1.87  52.575  -0.7088
  511.6     1.78  52.618  -0.7154
  512.2     1.79  52.658  -0.7186
  512.5     1.79  52.700  -0.7294
  512.9     1.70  52.740  -0.7250
  513.3     1.70  52.781  -0.7171
  513.8     1.73  52.821  -0.7207
  514.1     1.72  52.864  -0.7195
  514.6     1.71  52.906  -0.7253
  514.9     1.70  52.945  -0.7230
  515.4     1.70  52.985  -0.7261
  515.8     1.68  53.027  -0.7302
  516.2     1.75  53.067  -0.7250
  516.6     1.79  53.106  -0.7246
  517.0     1.77  53.147  -0.7276
  517.5     1.88  53.188  -0.7268
  518.1     1.92  53.231  -0.7294
  518.4     1.90  53.272  -0.7319
  518.7     1.88  53.313  -0.7341
  519.2     1.95  53.357  -0.7401
  519.6     1.84  53.396  -0.7385
  520.0     1.96  53.438  -0.7366
  520.5     2.00  53.479  -0.7368
  520.9     1.98  53.520  -0.7287
  521.2     1.94  53.563  -0.7356
  521.7     1.83  53.606  -0.7383
  522.1     1.94  53.646  -0.7353
  522.5     1.92  53.685  -0.7347
  522.9     1.88  53.726  -0.7373
  523.2     1.84  53.767  -0.7318
  523.8     1.86  53.808  -0.7297
  524.1     1.87  53.849  -0.7369
  524.4     1.83  53.891  -0.7368
  524.9     1.87  53.935  -0.7345
  525.2     1.77  53.976  -0.7303
  525.7     1.87  54.017  -0.7363
  526.3     1.85  54.058  -0.7330
  526.6     1.78  54.098  -0.7315
  527.0     1.83  54.140  -0.7360
  527.5     1.78  54.182  -0.7405
  527.9     1.80  54.223  -0.7393
  528.2     1.87  54.265  -0.7420
  528.6     1.80  54.307  -0.7447
  529.1     1.80  54.348  -0.7451
  529.5     1.73  54.388  -0.7370
  529.8     1.79  54.429  -0.7313
  530.3     1.81  54.471  -0.7379
  530.7     1.75  54.511  -0.7360
  531.1     1.83  54.553  -0.7349
  531.5     1.74  54.594  -0.7374
  531.9     1.71  54.637  -0.7469
  532.3     1.78  54.678  -0.7486
  532.7     1.81  54.718  -0.7415
  533.2     1.79  54.760  -0.7427
  533.5     1.77  54.800  -0.7485
  533.9     1.77  54.841  -0.7494
  534.2     1.72  54.880  -0.7428
  534.7     1.77  54.921  -0.7449
  535.2     1.77  54.964  -0.7458
  535.5     1.76  55.007  -0.7450
  535.9     1.76  55.048  -0.7412
  536.3     1.74  55.090  -0.7425
  536.7     1.74  55.130  -0.7387
  537.1     1.77  55.173  -0.7416
  537.6     1.71  55.213  -0.7463
  538.0     1.67  55.254  -0.7425
  538.2     1.67  55.294  -0.7455
  538.8     1.75  55.337  -0.7486
  539.1     1.71  55.379  -0.7469
  539.5     1.66  55.420  -0.7455
  540.0     1.72  55.461  -0.7464
  540.5     1.75  55.501  -0.7433
  540.7     1.68  55.544  -0.7419
  541.2     1.69  55.585  -0.7422
  541.6     1.68  55.626  -0.7459
  542.1     1.71  55.665  -0.7423
  542.5     1.76  55.708  -0.7402
  542.9     1.74  55.751  -0.7422
  543.3     1.73  55.792  -0.7420
  543.7     1.75  55.832  -0.7413
  544.2     1.70  55.876  -0.7403
  544.6     1.71  55.919  -0.7368
  545.0     1.71  55.959  -0.7310
  545.5     1.74  55.999  -0.7249
  545.8     1.68  56.041  -0.7245
  546.3     1.79  56.081  -0.7304
  546.6     1.67  56.123  -0.7296
  547.1     1.73  56.166  -0.7340
  547.6     1.63  56.207  -0.7303
  548.1     1.72  56.250  -0.7347
  548.4     1.73  56.290  -0.7370
  548.8     1.71  56.331  -0.7348
  549.2     1.74  56.371  -0.7401
  549.6     1.61  56.414  -0.7301
  550.0     1.68  56.456  -0.7381
  550.5     1.62  56.499  -0.7343
  550.9     1.72  56.539  -0.7326
  551.3     1.71  56.580  -0.7357
  551.7     1.69  56.621  -0.7262
  552.1     1.70  56.662  -0.7261
  552.6     1.74  56.703  -0.7311
  552.9     1.59  56.744  -0.7311
  553.4     1.73  56.784  -0.7301
  553.8     1.69  56.824  -0.7278
  554.2     1.70  56.865  -0.7189
  554.5     1.66  56.906  -0.7248
  555.0     1.70  56.949  -0.7348
  555.4     1.68  56.991  -0.7350
  555.9     1.67  57.031  -0.7345
  556.3     1.73  57.073  -0.7406
  556.6     1.70  57.115  -0.7390
  557.0     1.70  57.156  -0.7400
  557.5     1.66  57.198  -0.7429
  557.9     1.66  57.237  -0.7394
  558.3     1.64  57.277  -0.7386
  558.7     1.68  57.319  -0.7405
  559.1     1.69  57.360  -0.7429
  559.5     1.70  57.399  -0.7455
  559.9     1.72  57.439  -0.7470
  560.3     1.68  57.481  -0.7444
  560.6     1.75  57.524  -0.7404
  561.3     1.80  57.564  -0.7359
  561.5     1.69  57.603  -0.7366
  561.9     1.71  57.645  -0.7281
  562.2     1.59  57.685  -0.7265
  562.6     1.70  57.728  -0.7324
  563.1     1.65  57.768  -0.7373
  563.4     1.64  57.809  -0.7304
  564.0     1.72  57.852  -0.7274
  564.4     1.67  57.894  -0.7326
  564.7     1.74  57.935  -0.7344
  565.1     1.71  57.977  -0.7324
  565.7     1.69  58.019  -0.7337
  566.0     1.68  58.060  -0.7324
  566.4     1.66  58.102  -0.7305
  566.9     1.71  58.141  -0.7300
  567.3     1.68  58.183  -0.7319
  567.6     1.69  58.226  -0.7308
  568.0     1.69  58.267  -0.7311
  568.3     1.70  58.307  -0.7266
  568.8     1.66  58.348  -0.7320
  569.2     1.71  58.389  -0.7346
  569.6     1.80  58.429  -0.7310
  569.8     1.63  58.470  -0.7249
  570.3     1.72  58.510  -0.7298
  570.7     1.70  58.552  -0.7293
  571.1     1.67  58.595  -0.7327
  571.5     1.66  58.636  -0.7345
  571.9     1.70  58.676  -0.7348
  572.2     1.75  58.718  -0.7394
  572.7     1.71  58.758  -0.7343
  573.1     1.74  58.799  -0.7320
  573.5     1.61  58.840  -0.7312
  573.9     1.69  58.880  -0.7320
  574.3     1.64  58.924  -0.7381
  574.7     1.66  58.966  -0.7373
  575.2     1.68  59.009  -0.7398
  575.5     1.70  59.050  -0.7378
  575.9     1.71  59.089  -0.7356
  576.3     1.66  59.130  -0.7363
  576.6     1.61  59.170  -0.7410
  577.0     1.64  59.212  -0.7395
  577.5     1.66  59.255  -0.7353
  577.9     1.73  59.297  -0.7304
  578.3     1.63  59.339  -0.7351
  578.7     1.65  59.381  -0.7347
  579.2     1.61  59.423  -0.7390
  579.4     1.65  59.465  -0.7399
  579.9     1.63  59.506  -0.7330
  580.3     1.63  59.546  -0.7338
  580.7     1.66  59.588  -0.7317
  581.2     1.62  59.630  -0.7283
  581.6     1.61  59.670  -0.7302
  581.9     1.63  59.709  -0.7337
  582.3     1.60  59.751  -0.7355
  582.7     1.63  59.792  -0.7341
  583.2     1.74  59.836  -0.7367
  583.6     1.82  59.878  -0.7386
  584.0     1.70  59.920  -0.7398
  584.4     1.76  59.963  -0.7361
  584.9     1.68  60.007  -0.7362
  585.3     1.70  60.048  -0.7317
  585.6     1.74  60.089  -0.7357
  586.0     1.68  60.130  -0.7384
  586.4     1.71  60.172  -0.7452
  586.9     1.74  60.215  -0.7466
  587.3     1.73  60.253  -0.7413
  587.6     1.73  60.295  -0.7407
  587.9     1.67  60.337  -0.7378
  588.4     1.66  60.379  -0.7363
  588.8     1.67  60.422  -0.7381
  589.3     1.70  60.463  -0.7443
  589.6     1.71  60.505  -0.7460
  590.0     1.68  60.548  -0.7322
  590.3     1.59  60.586  -0.7316
  590.7     1.70  60.627  -0.7289
  591.2     1.73  60.669  -0.7286
  591.6     1.67  60.710  -0.7312
  591.9     1.62  60.754  -0.7317
  592.4     1.63  60.795  -0.7324
  592.8     1.65  60.838  -0.7336
  593.3     1.71  60.880  -0.7361
  593.7     1.66  60.922  -0.7340
  594.0     1.68  60.963  -0.7394
  594.4     1.68  61.004  -0.7360
  594.7     1.62  61.045  -0.7322
  595.2     1.57  61.087  -0.7352
  595.6     1.75  61.128  -0.7386
  596.0     1.66  61.167  -0.7387
  596.3     1.69  61.208  -0.7353
  596.8     1.70  61.251  -0.7393
  597.2     1.73  61.293  -0.7395
  597.5     1.70  61.332  -0.7391
  597.9     1.67  61.374  -0.7415
  598.3     1.66  61.416  -0.7421
  598.6     1.49  61.459  -0.7397
  599.1     1.66  61.498  -0.7342
  599.5     1.71  61.538  -0.7382
  600.0     1.73  61.579  -0.7352
